[160735.04683630526, 160735.04683630526, 62121.44302086052, 62121.44302086052, 62121.44302086052, 19352.020424897593, 19352.020424897593, 7345.555418110214, 7345.555418110214, 7345.555418110214, 7345.555418110214, 3428.859340516912, 3428.859340516912, 3428.859340516912, 318.22795343202915, 318.22795343202915, 318.22795343202915, 318.22795343202915, 318.22795343202915, 318.22795343202915], 
[55196.1960443394, 55196.1960443394, 55196.1960443394, 55196.1960443394, 55196.1960443394, 55196.1960443394, 55196.1960443394, 209.53177988418702, 209.53177988418702, 209.53177988418702, 209.53177988418702, 209.53177988418702, 209.53177988418702, 209.53177988418702, 209.53177988418702, 209.53177988418702, 209.53177988418702, 209.53177988418702, 209.53177988418702, -739.5285530629625], 
[15460.133247211877, 15460.133247211877, 15460.133247211877, 15460.133247211877, 15460.133247211877, 15460.133247211877, 15460.133247211877, 15460.133247211877, 6544.556595024153, 6544.556595024153, 6544.556595024153, 6544.556595024153, 6544.556595024153, 6544.556595024153, 6544.556595024153, 2393.9689522767994, 2393.9689522767994, 2393.9689522767994, -659.0965489896599, -659.0965489896599], 
[33154.77955668626, 33154.77955668626, 8174.844717442125, 2926.9117890599846, 2926.9117890599846, 2926.9117890599846, 2926.9117890599846, 2926.9117890599846, 2926.9117890599846, 2926.9117890599846, 2926.9117890599846, 2926.9117890599846, 2926.9117890599846, 1916.833452076707, 606.9289167357431, 606.9289167357431, 606.9289167357431, 606.9289167357431, 606.9289167357431, 606.9289167357431], 
[511671.52849352965, 82828.56534341868, 82828.56534341868, 82828.56534341868, 2571.726529978063, 2571.726529978063, 2571.726529978063, 2571.726529978063, 2571.726529978063, 2571.726529978063, 2571.726529978063, 2571.726529978063, 2540.537386836711, 2540.537386836711, 2540.537386836711, 2540.537386836711, 2540.537386836711, 2540.537386836711, 1113.8315168407958, 1113.8315168407958], 
[2515799.345005766, 434512.3444518869, 434512.3444518869, 316404.8738150018, 316404.8738150018, 44248.49177034515, 44248.49177034515, 4802.515745978642, 4802.515745978642, 2088.8442348569743, 2088.8442348569743, 2088.8442348569743, 2088.8442348569743, 2088.8442348569743, 2088.8442348569743, 999.2204917065528, 999.2204917065528, 999.2204917065528, 747.0668573503528, 747.0668573503528], 
[341137.4160824391, 13304.227807744443, 13304.227807744443, 11351.31879975429, 11351.31879975429, 11351.31879975429, 2252.1804460715653, 2252.1804460715653, 2252.1804460715653, 2252.1804460715653, 2252.1804460715653, 2252.1804460715653, 790.1972451934307, -588.6238248410918, -588.6238248410918, -588.6238248410918, -588.6238248410918, -789.0620119310535, -789.0620119310535, -789.0620119310535], 
[1688476.3724389412, 161246.89243134207, 161246.89243134207, 161246.89243134207, 10231.830415447133, 10231.830415447133, 10231.830415447133, 10231.830415447133, 10231.830415447133, 10231.830415447133, 10231.830415447133, -944.1368097019952, -944.1368097019952, -944.1368097019952, -944.1368097019952, -944.1368097019952, -944.1368097019952, -944.1368097019952, -944.1368097019952, -965.7599900428711], 
[14003.56322552141, 14003.56322552141, 1328.5326156533674, 1328.5326156533674, 1328.5326156533674, 1328.5326156533674, 1328.5326156533674, 1328.5326156533674, 1328.5326156533674, 1328.5326156533674, 1328.5326156533674, 1328.5326156533674, 413.15868414418037, 413.15868414418037, 413.15868414418037, 413.15868414418037, 413.15868414418037, 413.15868414418037, 413.15868414418037, 413.15868414418037], 
[2028641.7943302954, 2028641.7943302954, 2028641.7943302954, 824895.7936131675, 115783.26443078785, 41318.847607428695, 41318.847607428695, 41318.847607428695, 6864.467336537202, 6864.467336537202, 6864.467336537202, 6559.702152742733, 6559.702152742733, 6559.702152742733, 6559.702152742733, 1626.080085896655, 1626.080085896655, 1626.080085896655, 515.5473900394513, 515.5473900394513], 
[3026532.217639239, 602839.895962785, 602839.895962785, 602839.895962785, 75265.05627082183, 75265.05627082183, 4785.14063576932, 4785.14063576932, 4785.14063576932, 3874.544438904142, 3874.544438904142, 3874.544438904142, 3874.544438904142, 3874.544438904142, 3874.544438904142, 1536.9306968649653, 1536.9306968649653, 62.625595043507246, 62.625595043507246, -987.9553682303277], 
[2694.528476439622, 2694.528476439622, 2694.528476439622, 2694.528476439622, 2694.528476439622, 2694.528476439622, 2694.528476439622, 2694.528476439622, 2694.528476439622, 2694.528476439622, 2694.528476439622, 2694.528476439622, 2694.528476439622, 2694.528476439622, 1744.3357732157529, 199.21748320381334, 199.21748320381334, -316.0536834296406, -1143.5799425830396, -1143.5799425830396], 
[74146.81227050113, 74146.81227050113, 74146.81227050113, 74146.81227050113, 74146.81227050113, 74146.81227050113, 74146.81227050113, 74146.81227050113, 10826.876731468525, 10826.876731468525, 10826.876731468525, 974.7846698191383, 974.7846698191383, 974.7846698191383, -480.0523034312914, -480.0523034312914, -480.0523034312914, -480.0523034312914, -480.0523034312914, -855.7804585741753], 
[551673.9101450379, 551673.9101450379, 38948.53397185705, 38948.53397185705, 38948.53397185705, 38948.53397185705, 38948.53397185705, 38948.53397185705, 38948.53397185705, 9682.82560584032, 9682.82560584032, 9682.82560584032, 9682.82560584032, 9682.82560584032, 803.5565875323032, 803.5565875323032, 803.5565875323032, -924.242886582002, -924.242886582002, -924.242886582002], 
[274801.9575224534, 274801.9575224534, 11806.210218515109, 11806.210218515109, 11806.210218515109, 4872.250160215241, 4872.250160215241, 4872.250160215241, 4872.250160215241, -210.30195429806395, -210.30195429806395, -210.30195429806395, -210.30195429806395, -210.30195429806395, -210.30195429806395, -210.30195429806395, -210.30195429806395, -210.30195429806395, -210.30195429806395, -534.3687866603627], 
[9159363.108931158, 5088.238966843867, 5088.238966843867, 5088.238966843867, 5088.238966843867, 5088.238966843867, 5088.238966843867, 4233.725271987425, 4233.725271987425, 4233.725271987425, 4233.725271987425, 2838.497488697367, 2838.497488697367, -751.7244924649488, -751.7244924649488, -751.7244924649488, -751.7244924649488, -751.7244924649488, -751.7244924649488, -751.7244924649488], 
[1339855.1181100938, 19285.245911093, 1730.578178787904, 1730.578178787904, -103.80953454563041, -103.80953454563041, -103.80953454563041, -103.80953454563041, -103.80953454563041, -103.80953454563041, -103.80953454563041, -103.80953454563041, -103.80953454563041, -103.80953454563041, -103.80953454563041, -1038.3071181083044, -1038.3071181083044, -1038.3071181083044, -1038.3071181083044, -1038.3071181083044], 
[642764.001322833, 88539.47808580098, 88539.47808580098, 88539.47808580098, 88539.47808580098, 88539.47808580098, 88539.47808580098, 2678.4480308258317, 2678.4480308258317, 2678.4480308258317, 1406.8654580396114, 1406.8654580396114, 1406.8654580396114, 1406.8654580396114, 1406.8654580396114, 1406.8654580396114, 639.2268347678682, 639.2268347678682, 639.2268347678682, 639.2268347678682], 
[457777.8751442607, 457777.8751442607, 457777.8751442607, 311868.03895776434, 272568.9880979047, 53891.29891644776, 53891.29891644776, 53891.29891644776, 53891.29891644776, 53891.29891644776, 53891.29891644776, 20329.92288434169, 16826.7030685738, 16826.7030685738, -845.3104523908464, -845.3104523908464, -845.3104523908464, -845.3104523908464, -845.3104523908464, -845.3104523908464], 
[2085574.793345036, 2085574.793345036, 2085574.793345036, 511032.70521540934, 25667.953988320096, 25667.953988320096, 25667.953988320096, 25667.953988320096, 25667.953988320096, 25667.953988320096, 25667.953988320096, 25667.953988320096, 4826.451566116381, 4826.451566116381, 14.445944340129472, 14.445944340129472, 14.445944340129472, 14.445944340129472, 14.445944340129472, 14.445944340129472], 
[1347444.9872023892, 1347444.9872023892, 947842.0557428309, 662591.0327826106, 662591.0327826106, 586202.2792400216, 586202.2792400216, 78620.1774330517, 43071.620260016745, 23274.053044468146, 18444.664839202345, 1645.461908326426, 1645.461908326426, 1645.461908326426, 1645.461908326426, -318.1127303267498, -580.0641836826813, -580.0641836826813, -580.0641836826813, -580.0641836826813], 
[158690.04623804628, 158690.04623804628, 158690.04623804628, 158690.04623804628, 53705.940148048954, -1190.3385227481576, -1190.3385227481576, -1190.3385227481576, -1190.3385227481576, -1190.3385227481576, -1190.3385227481576, -1190.3385227481576, -1190.3385227481576, -1190.3385227481576, -1190.3385227481576, -1190.3385227481576, -1190.3385227481576, -1190.3385227481576, -1190.3385227481576, -1190.3385227481576], 
[488034.4518378752, 328208.4910132814, 69699.46053064281, 12009.961385861036, 12009.961385861036, 12009.961385861036, 12009.961385861036, 12009.961385861036, 12009.961385861036, 6059.136915919168, 1827.8574576495212, 1827.8574576495212, 1827.8574576495212, 1827.8574576495212, 1189.5734281376735, 513.2750674099007, 513.2750674099007, 513.2750674099007, 513.2750674099007, -674.3429380313823], 
[958056.093145879, 958056.093145879, 117108.73542060023, 117108.73542060023, 117108.73542060023, 19203.707704677112, 19203.707704677112, -1153.0748141755214, -1153.0748141755214, -1153.0748141755214, -1153.0748141755214, -1153.0748141755214, -1153.0748141755214, -1153.0748141755214, -1153.0748141755214, -1153.0748141755214, -1153.0748141755214, -1153.0748141755214, -1153.0748141755214, -1153.0748141755214], 
[3487097.4776090686, 479627.9114650835, 479627.9114650835, 216751.60654990198, 216751.60654990198, 216751.60654990198, 22807.800125370602, 22807.800125370602, 3541.5796036902975, -1209.2990953034366, -1209.2990953034366, -1209.2990953034366, -1209.2990953034366, -1209.2990953034366, -1209.2990953034366, -1209.2990953034366, -1209.2990953034366, -1209.2990953034366, -1209.2990953034366, -1209.2990953034366], 
[1457954.103351739, 1457954.103351739, 501139.45431334636, 501139.45431334636, 19560.190966722475, 1388.8305550549571, 1388.8305550549571, 1388.8305550549571, 1388.8305550549571, 1388.8305550549571, 1388.8305550549571, 1388.8305550549571, 1388.8305550549571, 1388.8305550549571, 1388.8305550549571, 1388.8305550549571, 1388.8305550549571, 1388.8305550549571, -297.8806575780442, -297.8806575780442], 
[8734.98095941493, 8734.98095941493, 8734.98095941493, 8734.98095941493, 8734.98095941493, 2484.5951972107237, 2484.5951972107237, 2484.5951972107237, 2484.5951972107237, 2484.5951972107237, 2484.5951972107237, 2484.5951972107237, 2484.5951972107237, 1197.3200314676615, 638.5408217909883, 638.5408217909883, 638.5408217909883, 638.5408217909883, 638.5408217909883, 638.5408217909883], 
[459033.5446395389, 62843.59874466678, 6837.941780070343, 6837.941780070343, 6837.941780070343, 6837.941780070343, 6837.941780070343, 6837.941780070343, 6837.941780070343, 6837.941780070343, 6837.941780070343, 6837.941780070343, 6837.941780070343, 6837.941780070343, 6837.941780070343, 545.1095404299253, -67.70357530451201, -522.311178200823, -522.311178200823, -522.311178200823], 
[11354.093370494214, 8194.678193393265, 8194.678193393265, 8194.678193393265, 1409.3133791640316, 1409.3133791640316, 1409.3133791640316, 1409.3133791640316, 1409.3133791640316, 1409.3133791640316, 1409.3133791640316, 1409.3133791640316, -97.76093089814185, -97.76093089814185, -97.76093089814185, -620.9003816756936, -620.9003816756936, -620.9003816756936, -620.9003816756936, -620.9003816756936], 
[872194.7060808041, 872194.7060808041, 872194.7060808041, 673040.0565693706, 180833.02260398507, 13037.103286233963, 13037.103286233963, 13037.103286233963, 13037.103286233963, 13037.103286233963, 13037.103286233963, 13037.103286233963, 1338.000267323354, 1338.000267323354, 1338.000267323354, 1338.000267323354, 1338.000267323354, 689.7635873511504, 689.7635873511504, 689.7635873511504], 
