[17.497643851420236, 10.421649356159625, 10.421649356159625, 7.747155391666034, 7.747155391666034, 0.9607116652105436, 0.9607116652105436, 0.9607116652105436, 0.9607116652105436, 0.9607116652105436, 0.9607116652105436, 0.9607116652105436, 0.9566302904645795, 0.9566302904645795, 0.9566302904645795, 0.9566302904645795, 0.9566302904645795, 0.9566302904645795, 0.93516840651423, 0.5601899688072839], 
[2.011776133902258, 2.011776133902258, 2.011776133902258, 2.011776133902258, 2.011776133902258, 2.011776133902258, 2.011776133902258, 2.011776133902258, 2.011776133902258, 2.011776133902258, 2.005915245577874, 1.9711380588270742, 1.9570863451660219, 0.6988729950076803, 0.6988729950076803, 0.5902176058501825, 0.5902176058501825, 0.319071389605759, 0.319071389605759, 0.319071389605759], 
[2.266941665963479, 2.266941665963479, 2.266941665963479, 2.266941665963479, 2.266941665963479, 1.7882409095821596, 1.7882409095821596, 1.715149433225707, 1.715149433225707, 1.715149433225707, 1.715149433225707, 1.4085764009645532, 1.4085764009645532, 1.4085764009645532, 1.4085764009645532, 1.4085764009645532, 0.6393098109311421, 0.6393098109311421, 0.5613736154557304, 0.5206408541706491], 
[1.7102764451082892, 1.7102764451082892, 1.7102764451082892, 1.7102764451082892, 1.7102764451082892, 1.7102764451082892, 1.7102764451082892, 1.7102764451082892, 1.7102764451082892, 1.7102764451082892, 1.7102764451082892, 1.7102764451082892, 1.7102764451082892, 1.7102764451082892, 1.3919564140748295, 1.3919564140748295, 0.21733890770068787, 0.21733890770068787, 0.21733890770068787, 0.21733890770068787], 
[27.609731173351083, 3.118730762735395, 3.118730762735395, 1.7223086749298482, 1.7223086749298482, 1.7223086749298482, 1.7223086749298482, 1.7223086749298482, 1.7223086749298482, 1.7223086749298482, 0.9221482280523583, 0.9221482280523583, 0.9221482280523583, 0.9221482280523583, 0.9221482280523583, 0.9221482280523583, 0.9221482280523583, 0.9221482280523583, 0.6601509137609262, 0.19870579745941586], 
[1.5629493831649532, 1.5629493831649532, 1.5629493831649532, 1.5629493831649532, 1.5629493831649532, 1.5629493831649532, 1.5629493831649532, 0.6332360426808, 0.6332360426808, 0.6332360426808, 0.6332360426808, 0.6332360426808, 0.6332360426808, 0.6332360426808, 0.6332360426808, 0.6332360426808, 0.5064645092365648, 0.5064645092365648, 0.5064645092365648, 0.5064645092365648], 
[51.03170007855379, 13.380798235815112, 2.3501957665452133, 2.3501957665452133, 2.3501957665452133, 2.3501957665452133, 2.3501957665452133, 0.7317433823948607, 0.7317433823948607, 0.7317433823948607, 0.7317433823948607, 0.7317433823948607, 0.7317433823948607, 0.7317433823948607, 0.5844480656323692, 0.5844480656323692, 0.5844480656323692, 0.45749197249652496, 0.45749197249652496, 0.45749197249652496], 
[3.6551724057331123, 3.6551724057331123, 3.6551724057331123, 3.6551724057331123, 3.6551724057331123, 3.6551724057331123, 2.6462995635387965, 2.6462995635387965, 2.6462995635387965, 0.1334871390311586, 0.1334871390311586, 0.1334871390311586, 0.1334871390311586, 0.1334871390311586, 0.1334871390311586, 0.1334871390311586, 0.1334871390311586, 0.1334871390311586, 0.1334871390311586, 0.1334871390311586], 
[9.172440159821827, 9.172440159821827, 9.172440159821827, 9.172440159821827, 9.172440159821827, 1.7094380232401603, 1.7094380232401603, 0.8127150893431196, 0.8127150893431196, 0.8127150893431196, 0.8127150893431196, 0.8127150893431196, 0.8127150893431196, 0.8127150893431196, 0.8127150893431196, 0.8127150893431196, 0.6032379883000308, 0.5194634506406367, 0.3026651871927838, 0.3026651871927838], 
[2.491803317360719, 2.491803317360719, 2.491803317360719, 2.491803317360719, 2.491803317360719, 2.491803317360719, 2.491803317360719, 2.3281166947126666, 2.3281166947126666, 1.7485665696431838, 1.7485665696431838, 1.5437185765225148, 0.9086535439957543, 0.9086535439957543, 0.9086535439957543, 0.9086535439957543, 0.9086535439957543, 0.9086535439957543, 0.9086535439957543, 0.9086535439957543], 
[5.261663164619717, 5.261663164619717, 2.171581165340257, 2.171581165340257, 2.171581165340257, 2.171581165340257, 2.171581165340257, 2.171581165340257, 2.171581165340257, 2.171581165340257, 0.5247908406504669, 0.5247908406504669, 0.5247908406504669, 0.5247908406504669, 0.5247908406504669, 0.5247908406504669, 0.5247908406504669, 0.5247908406504669, 0.5247908406504669, 0.5247908406504669], 
[25.731721455309774, 3.3926271545013527, 3.3926271545013527, 2.491884930523582, 2.491884930523582, 2.491884930523582, 2.491884930523582, 1.9782197042040028, 1.3454858243986623, 1.3454858243986623, 1.3454858243986623, 1.3454858243986623, 0.9936030080221027, 0.7464576191508775, 0.7464576191508775, 0.7464576191508775, 0.7006761115724714, 0.5402080660076303, 0.3069594416510285, 0.27474700221431936], 
[2.0965346357521604, 2.0965346357521604, 2.0965346357521604, 2.0965346357521604, 2.0965346357521604, 2.0965346357521604, 2.0965346357521604, 2.0965346357521604, 2.0965346357521604, 2.0965346357521604, 1.243562664067964, 1.243562664067964, 1.243562664067964, 1.243562664067964, 0.6870796089092172, 0.6870796089092172, 0.5414627162613623, 0.5414627162613623, 0.36225727310147515, 0.36225727310147515], 
[12.934252148631728, 7.896198497488444, 1.8159559667223912, 1.8159559667223912, 1.8159559667223912, 1.675236308907412, 1.675236308907412, 1.5937985433042967, 1.5937985433042967, 1.5937985433042967, 1.5937985433042967, 1.5937985433042967, 1.5937985433042967, 1.2832613203725927, 1.2832613203725927, 1.2832613203725927, 1.1818203450765425, 0.20389838523685233, 0.20389838523685233, 0.20389838523685233], 
[24.517972607550885, 8.010765613311232, 8.010765613311232, 5.510887485259883, 5.510887485259883, 3.1954234780699173, 1.4109347563621868, 1.4109347563621868, 1.4109347563621868, 1.4109347563621868, 1.4109347563621868, 1.4109347563621868, 0.7800615681854955, 0.7800615681854955, 0.7800615681854955, 0.48716088800240454, 0.48716088800240454, 0.48716088800240454, 0.4058618400087014, 0.4058618400087014], 
[7.378763733670983, 3.049295939602257, 3.049295939602257, 3.049295939602257, 3.049295939602257, 2.147053234375198, 2.147053234375198, 2.147053234375198, 2.147053234375198, 1.1499874247581832, 0.3562006750486041, 0.286258548435082, 0.286258548435082, 0.286258548435082, 0.286258548435082, 0.286258548435082, 0.286258548435082, 0.286258548435082, 0.286258548435082, 0.286258548435082], 
[13.148083395506317, 6.110476078136074, 5.388913870482404, 5.388913870482404, 5.001123152276377, 1.2727615323221722, 0.845072937665096, 0.845072937665096, 0.845072937665096, 0.845072937665096, 0.845072937665096, 0.48261190978900004, 0.48261190978900004, 0.48261190978900004, 0.48261190978900004, 0.48261190978900004, 0.48261190978900004, 0.48261190978900004, 0.48261190978900004, 0.48261190978900004], 
[9.158468171154484, 9.158468171154484, 9.158468171154484, 6.5344074505376195, 1.0079048270003659, 1.0079048270003659, 1.0079048270003659, 1.0079048270003659, 1.0079048270003659, 0.42020135736533526, 0.3662241102788246, 0.3662241102788246, 0.3662241102788246, 0.3662241102788246, 0.3662241102788246, 0.3662241102788246, 0.3662241102788246, 0.3662241102788246, 0.3662241102788246, 0.3662241102788246], 
[19.879830027186774, 19.879830027186774, 19.879830027186774, 9.96680638342894, 3.6317521815822618, 3.6317521815822618, 3.6317521815822618, 2.5604260183571417, 2.5604260183571417, 1.7459174567007256, 1.7263140580391754, 1.5584460000670775, 1.5584460000670775, 1.5584460000670775, 1.5490431598819108, 0.6814512011881833, 0.08511996193519233, 0.08511996193519233, 0.08511996193519233, 0.08511996193519233], 
[1.886175363854102, 1.886175363854102, 1.886175363854102, 1.886175363854102, 1.3812756220846172, 1.3812756220846172, 1.3812756220846172, 1.3812756220846172, 1.3812756220846172, 1.3812756220846172, 1.3812756220846172, 1.0635923414811839, 1.0635923414811839, 1.0068038144954103, 1.0068038144954103, 0.6696560267951258, 0.6696560267951258, 0.6696560267951258, 0.6696560267951258, 0.5563148025928892], 
[32.52615949069684, 5.674472948315842, 5.674472948315842, 5.674472948315842, 5.674472948315842, 3.1228133993708447, 3.1228133993708447, 2.2416705190299884, 2.2416705190299884, 2.2416705190299884, 2.2416705190299884, 2.2416705190299884, 0.9964590643805142, 0.9964590643805142, 0.9964590643805142, 0.6532348959039563, 0.6532348959039563, 0.6532348959039563, 0.6532348959039563, 0.6532348959039563], 
[1.9857424717427472, 1.9857424717427472, 1.9857424717427472, 1.9857424717427472, 1.9857424717427472, 1.3766798874740749, 1.3766798874740749, 1.3766798874740749, 1.3766798874740749, 1.3766798874740749, 1.3766798874740749, 1.3766798874740749, 1.3766798874740749, 1.3766798874740749, 1.3766798874740749, 0.43204636877435887, 0.43204636877435887, 0.43204636877435887, 0.43204636877435887, 0.43204636877435887], 
[3.4199870051673718, 3.4199870051673718, 3.4199870051673718, 3.4199870051673718, 3.4199870051673718, 3.4199870051673718, 0.7282737138405283, 0.7282737138405283, 0.7282737138405283, 0.7282737138405283, 0.7282737138405283, 0.271011332298541, 0.271011332298541, 0.271011332298541, 0.271011332298541, 0.271011332298541, 0.15747652492856234, 0.15747652492856234, 0.15747652492856234, 0.15747652492856234], 
[9.903021188364523, 9.71136342434023, 1.4805056176836406, 1.4805056176836406, 1.4805056176836406, 1.4805056176836406, 1.4805056176836406, 1.4805056176836406, 1.4805056176836406, 1.4805056176836406, 1.4805056176836406, 1.4805056176836406, 1.4805056176836406, 1.4805056176836406, 1.4805056176836406, 1.4805056176836406, 1.4805056176836406, 0.995372335962948, 0.9702495877896575, 0.9702495877896575], 
[7.363046309689761, 7.363046309689761, 7.363046309689761, 7.363046309689761, 5.976760468977373, 5.976760468977373, 3.18436030700061, 1.8563684917567744, 1.8563684917567744, 1.8563684917567744, 1.7250912350044347, 1.7250912350044347, 1.7250912350044347, 1.2729042071169367, 1.2729042071169367, 1.2508872279700187, 1.2508872279700187, 0.8797783043716253, 0.8797783043716253, 0.7571627924075746], 
[17.138429598970948, 3.7545003808385933, 3.7545003808385933, 2.31440477992092, 2.31440477992092, 2.31440477992092, 2.31440477992092, 0.8681393426796135, 0.8681393426796135, 0.8681393426796135, 0.8681393426796135, 0.8681393426796135, 0.8681393426796135, 0.8681393426796135, 0.8681393426796135, 0.8681393426796135, 0.8681393426796135, 0.8681393426796135, 0.8681393426796135, 0.8681393426796135], 
[5.5177500701020925, 5.5177500701020925, 5.5177500701020925, 5.5177500701020925, 5.5177500701020925, 5.5177500701020925, 4.000120055479056, 3.1145462179334413, 2.4153277519806604, 1.0994274041926042, 1.0994274041926042, 1.0994274041926042, 1.0994274041926042, 0.9525265856658738, 0.9525265856658738, 0.43155284765597135, 0.43155284765597135, 0.43155284765597135, 0.43155284765597135, 0.43155284765597135], 
[7.405479517862947, 7.405479517862947, 7.405479517862947, 5.571475831325163, 5.571475831325163, 5.416859931325929, 5.416859931325929, 5.416859931325929, 5.416859931325929, 0.9094725532477611, 0.9094725532477611, 0.9094725532477611, 0.9094725532477611, 0.9094725532477611, 0.6841847922003468, 0.6841847922003468, 0.17926846332416324, 0.17926846332416324, 0.17926846332416324, 0.17926846332416324], 
[8.46827985566479, 7.0224992628834055, 2.3053185323515266, 2.3053185323515266, 2.3053185323515266, 2.3053185323515266, 2.3053185323515266, 2.3053185323515266, 1.9311130100651726, 1.9311130100651726, 1.6530108173368285, 1.1878882406249076, 1.1396094337772809, 1.1396094337772809, 1.1396094337772809, 0.561346828814045, 0.561346828814045, 0.561346828814045, 0.561346828814045, 0.561346828814045], 
[12.608007080436591, 12.608007080436591, 0.6307222577424663, 0.6307222577424663, 0.6307222577424663, 0.6307222577424663, 0.6307222577424663, 0.6307222577424663, 0.6307222577424663, 0.6307222577424663, 0.6307222577424663, 0.6307222577424663, 0.6307222577424663, 0.47883676579983725, 0.47883676579983725, 0.47883676579983725, 0.47883676579983725, 0.47883676579983725, 0.47883676579983725, 0.24565566858003707], 
