[3.5449283160022578, 3.5449283160022578, 3.5449283160022578, 3.5449283160022578, 3.5449283160022578, 3.5449283160022578, 3.5449283160022578, 3.5449283160022578, 3.5449283160022578, 2.039731558129226, 2.039731558129226, 2.039731558129226, 2.039731558129226, 2.039731558129226, 1.2672155376784247, 1.2305722907876113, 1.2305722907876113, 1.2305722907876113, 1.2305722907876113, 1.2305722907876113], 
[9.899005571242585, 9.899005571242585, 8.674830788254457, 6.861885208539521, 6.861885208539521, 6.861885208539521, 4.968088923010229, 4.968088923010229, 3.0486449514031637, 3.0486449514031637, 3.0486449514031637, 3.0486449514031637, 3.0486449514031637, 3.0486449514031637, 3.0486449514031637, 3.0486449514031637, 3.0486449514031637, 1.016256138975013, 0.7163669258554446, 0.7163669258554446], 
[9.056950968004486, 9.056950968004486, 7.4575697129113365, 6.640497129875285, 6.640497129875285, 0.4900580956944367, 0.4900580956944367, 0.4900580956944367, 0.4900580956944367, 0.4900580956944367, 0.4900580956944367, 0.4900580956944367, 0.4900580956944367, 0.4900580956944367, 0.4900580956944367, 0.4900580956944367, 0.4900580956944367, 0.4900580956944367, 0.4900580956944367, 0.4900580956944367], 
[15.62094279454718, 15.62094279454718, 15.250707710962589, 4.036026119407977, 3.2716412785221394, 3.2716412785221394, 3.2716412785221394, 3.2716412785221394, 3.2716412785221394, 3.2716412785221394, 3.2716412785221394, 3.0000875131925557, 3.0000875131925557, 2.579483661663909, 2.579483661663909, 1.383245918421519, 1.2888904355890105, 1.2888904355890105, 1.2888904355890105, 1.2888904355890105], 
[12.068522388028267, 12.068522388028267, 8.556106271195311, 5.134462290421769, 5.134462290421769, 2.6472894506548155, 1.2267142693253188, 1.2267142693253188, 1.2267142693253188, 1.2267142693253188, 1.2267142693253188, 1.2267142693253188, 0.925031084177073, 0.925031084177073, 0.925031084177073, 0.925031084177073, 0.925031084177073, 0.925031084177073, 0.925031084177073, 0.925031084177073], 
[9.775909415246405, 9.775909415246405, 8.354106631048847, 5.134861064246123, 5.134861064246123, 5.134861064246123, 4.961384836372767, 4.961384836372767, 2.523015629565487, 2.523015629565487, 2.523015629565487, 2.523015629565487, 2.523015629565487, 2.523015629565487, 2.523015629565487, 2.523015629565487, 1.3206974076546913, 0.7500393507353564, 0.7500393507353564, 0.7500393507353564], 
[6.780398669084639, 3.2760624363408724, 3.2760624363408724, 3.0215019893814494, 3.0215019893814494, 3.0215019893814494, 2.6557840818789558, 2.6557840818789558, 2.6557840818789558, 2.6557840818789558, 2.6557840818789558, 1.294900319095687, 1.0611734717865744, 1.0611734717865744, 1.0611734717865744, 1.0611734717865744, 1.0611734717865744, 1.0611734717865744, 0.9148960523681353, 0.9148960523681353], 
[11.65360842887231, 11.65360842887231, 11.314026447664874, 10.580218693070082, 1.7781589144907244, 1.7781589144907244, 1.7781589144907244, 1.7781589144907244, 1.7781589144907244, 1.1248779556020096, 1.1248779556020096, 1.1248779556020096, 1.1248779556020096, 1.1248779556020096, 1.1248779556020096, 1.1248779556020096, 1.1248779556020096, 1.1248779556020096, 1.1248779556020096, 1.1248779556020096], 
[9.983811260191985, 9.983811260191985, 9.096386641681095, 9.096386641681095, 3.037566625075794, 3.037566625075794, 3.037566625075794, 3.037566625075794, 3.037566625075794, 3.037566625075794, 3.037566625075794, 3.037566625075794, 3.037566625075794, 1.8595750261335429, 1.8595750261335429, 1.8595750261335429, 1.7517346647128704, 1.6168580084395376, 1.3141194944225756, 1.3141194944225756], 
[6.341946550529386, 6.341946550529386, 6.341946550529386, 6.341946550529386, 3.2683175235410395, 2.924356927086734, 0.22002003464240083, 0.22002003464240083, 0.22002003464240083, 0.22002003464240083, 0.22002003464240083, 0.22002003464240083, 0.22002003464240083, 0.22002003464240083, 0.22002003464240083, 0.22002003464240083, 0.22002003464240083, 0.22002003464240083, 0.22002003464240083, 0.22002003464240083], 
[1.4968626449234943, 1.4968626449234943, 1.4968626449234943, 1.4968626449234943, 1.4968626449234943, 1.4968626449234943, 1.4968626449234943, 1.4968626449234943, 1.4968626449234943, 1.4968626449234943, 1.4968626449234943, 1.4968626449234943, 1.4968626449234943, 1.4968626449234943, 1.0312590475234114, 1.0312590475234114, 1.0312590475234114, 1.0312590475234114, 1.0312590475234114, 0.27707915870657907], 
[22.87587709401313, 4.802014271265882, 4.643118169889616, 4.643118169889616, 4.643118169889616, 4.643118169889616, 4.643118169889616, 4.643118169889616, 4.643118169889616, 4.643118169889616, 3.1684238956679778, 2.223356766921885, 2.223356766921885, 2.223356766921885, 2.223356766921885, 1.8498904522867523, 1.8498904522867523, 1.8498904522867523, 1.2111878691389588, 1.2111878691389588], 
[7.070449266165704, 7.070449266165704, 6.269076188522586, 6.269076188522586, 6.269076188522586, 4.981953233080736, 2.2631603480256857, 1.8372299721608307, 1.8372299721608307, 1.8372299721608307, 1.8372299721608307, 1.8372299721608307, 1.8372299721608307, 1.8372299721608307, 1.8372299721608307, 1.8372299721608307, 1.8372299721608307, 1.8372299721608307, 1.8372299721608307, 0.9977294595026791], 
[7.959420980574073, 7.959420980574073, 6.184975211065159, 6.184975211065159, 6.184975211065159, 6.184975211065159, 6.184975211065159, 5.089682378459659, 5.089682378459659, 5.089682378459659, 5.089682378459659, 2.4721575688877184, 2.4721575688877184, 2.4721575688877184, 2.4721575688877184, 2.4721575688877184, 2.4721575688877184, 2.429992361123615, 2.429992361123615, 1.8254917773110755], 
[2.005889751038538, 2.005889751038538, 2.005889751038538, 2.005889751038538, 2.005889751038538, 2.005889751038538, 2.005889751038538, 2.005889751038538, 2.005889751038538, 2.005889751038538, 2.005889751038538, 2.005889751038538, 2.005889751038538, 2.005889751038538, 2.005889751038538, 1.3272803860715996, 1.3272803860715996, 1.3272803860715996, 1.3272803860715996, 1.3272803860715996], 
[1.0788661733883291, 1.0788661733883291, 1.0788661733883291, 1.0788661733883291, 1.0788661733883291, 1.0788661733883291, 1.0788661733883291, 1.0788661733883291, 1.0788661733883291, 1.0788661733883291, 1.0788661733883291, 1.0788661733883291, 1.0788661733883291, 1.0788661733883291, 1.0788661733883291, 1.0788661733883291, 1.0788661733883291, 1.0788661733883291, 1.0788661733883291, 1.0788661733883291], 
[16.095727257759776, 16.095727257759776, 12.01199695195664, 7.108543366059585, 7.108543366059585, 7.108543366059585, 5.8215549217045055, 3.095004399212862, 3.095004399212862, 3.095004399212862, 2.1109927840901648, 2.1109927840901648, 2.1109927840901648, 2.1109927840901648, 2.1109927840901648, 2.1109927840901648, 2.1109927840901648, 1.5143681485043956, 1.5143681485043956, 1.5143681485043956], 
[2.254243809669087, 2.254243809669087, 2.254243809669087, 2.254243809669087, 2.254243809669087, 2.254243809669087, 2.254243809669087, 2.254243809669087, 2.254243809669087, 1.3606807873451423, 0.9987868259754364, 0.9987868259754364, 0.9987868259754364, 0.9987868259754364, 0.9987868259754364, 0.9987868259754364, 0.9987868259754364, 0.9987868259754364, 0.9987868259754364, 0.9987868259754364], 
[5.191034024873181, 5.191034024873181, 5.191034024873181, 4.775532177351365, 4.775532177351365, 4.775532177351365, 4.775532177351365, 4.775532177351365, 4.775532177351365, 4.025259998752301, 3.6648488337036964, 3.6648488337036964, 3.6648488337036964, 3.3253376841791837, 3.3253376841791837, 3.3253376841791837, 3.3253376841791837, 1.7415784682801778, 0.7285996865951354, 0.7285996865951354], 
[5.556825529264846, 2.579925367734573, 2.579925367734573, 2.579925367734573, 2.579925367734573, 2.579925367734573, 2.3930812739738183, 2.3930812739738183, 1.8286917675181176, 1.8286917675181176, 1.8286917675181176, 1.3137693238550714, 1.3137693238550714, 1.3137693238550714, 1.3137693238550714, 0.10976778427263234, 0.10976778427263234, 0.10976778427263234, 0.10976778427263234, 0.10976778427263234], 
[8.37004529060081, 8.37004529060081, 6.20030190368346, 6.20030190368346, 1.8240272891724896, 1.8240272891724896, 1.8240272891724896, 1.8240272891724896, 1.8240272891724896, 1.8240272891724896, 1.8240272891724896, 1.3044197033373894, 1.3044197033373894, 1.3044197033373894, 1.0172604173328565, 1.0172604173328565, 1.0172604173328565, 1.0172604173328565, 1.0172604173328565, 1.0067720208411224], 
[7.400810995131149, 6.958924744126636, 3.001547766502018, 3.001547766502018, 3.001547766502018, 3.001547766502018, 2.921888449730453, 2.921888449730453, 1.0738779642965746, 1.0738779642965746, 1.0738779642965746, 1.0738779642965746, 1.0738779642965746, 1.0738779642965746, 1.0738779642965746, 1.0738779642965746, 1.0738779642965746, 1.0738779642965746, 1.0738779642965746, 1.0738779642965746], 
[4.737168864175697, 4.737168864175697, 4.737168864175697, 4.737168864175697, 4.737168864175697, 4.737168864175697, 4.737168864175697, 2.0060459689178103, 1.4941091972796148, 1.4941091972796148, 1.4941091972796148, 1.4941091972796148, 1.4941091972796148, 1.4941091972796148, 1.4941091972796148, 1.4941091972796148, 1.4941091972796148, 1.4941091972796148, 1.4941091972796148, 1.1100156518771112], 
[19.305170138095733, 11.008417981148494, 2.28367509489968, 2.28367509489968, 2.28367509489968, 1.6424928974645265, 1.6424928974645265, 1.6424928974645265, 1.6424928974645265, 1.6424928974645265, 1.6424928974645265, 1.6424928974645265, 1.6424928974645265, 1.6424928974645265, 1.6424928974645265, 1.6424928974645265, 1.3044603518790723, 1.3044603518790723, 1.3044603518790723, 1.3044603518790723], 
[2.765928349316251, 2.765928349316251, 2.765928349316251, 2.765928349316251, 2.360932879169358, 2.360932879169358, 2.360932879169358, 2.360932879169358, 2.360932879169358, 2.360932879169358, 2.360932879169358, 2.360932879169358, 2.360932879169358, 2.360932879169358, 2.360932879169358, 2.360932879169358, 1.1994873266854658, 1.1994873266854658, 1.1994873266854658, 1.079238941121524], 
[8.631091800331095, 4.676783836652174, 4.676783836652174, 4.676783836652174, 4.676783836652174, 4.676783836652174, 4.676783836652174, 4.6525179384856905, 0.34055322184375925, 0.34055322184375925, 0.34055322184375925, 0.34055322184375925, 0.34055322184375925, 0.34055322184375925, 0.34055322184375925, 0.34055322184375925, 0.34055322184375925, 0.34055322184375925, 0.247440964032263, 0.247440964032263], 
[3.3110290043604165, 3.3110290043604165, 3.3110290043604165, 3.3110290043604165, 3.3110290043604165, 1.0580122523320998, 1.0580122523320998, 1.0580122523320998, 1.0580122523320998, 1.0580122523320998, 1.0580122523320998, 1.0580122523320998, 1.0580122523320998, 1.0580122523320998, 1.0580122523320998, 1.0580122523320998, 1.0580122523320998, 1.023826775076179, 1.023826775076179, 1.023826775076179], 
[5.359630921213641, 5.193576631595067, 5.193576631595067, 5.193576631595067, 5.193576631595067, 4.357629232035247, 4.002248611438958, 4.002248611438958, 3.4696188691309615, 2.200939723603197, 2.200939723603197, 2.200939723603197, 2.200939723603197, 2.200939723603197, 1.0207085287047377, 1.0207085287047377, 1.0207085287047377, 1.0207085287047377, 1.0207085287047377, 1.0207085287047377], 
[20.915848458990876, 14.787015865385817, 11.006020590144846, 8.816104503207121, 7.974935298753372, 6.065038702294842, 5.059675564364265, 5.059675564364265, 2.7176358281855695, 2.7176358281855695, 0.18374682612730986, 0.18374682612730986, 0.18374682612730986, 0.18374682612730986, 0.18374682612730986, 0.18374682612730986, 0.18374682612730986, 0.18374682612730986, 0.18374682612730986, 0.18374682612730986], 
[11.546882513300027, 5.84720603259559, 5.84720603259559, 5.84720603259559, 5.461138253253456, 5.461138253253456, 3.307937155101751, 3.307937155101751, 3.307937155101751, 1.4687697250872116, 1.4687697250872116, 1.1678492211190203, 1.1678492211190203, 1.1678492211190203, 1.1678492211190203, 1.1678492211190203, 1.1678492211190203, 1.1678492211190203, 1.1678492211190203, 1.1678492211190203], 
