[6.6475529845390415, 5.174887211487682, 5.174887211487682, 4.56174665976748, 4.56174665976748, 4.56174665976748, 4.56174665976748, 3.3862382639317348, 3.3862382639317348, 3.3862382639317348, 3.3862382639317348, 2.02753358016348, 2.02753358016348, 2.02753358016348, 2.02753358016348, 1.2250529527962275, 1.2250529527962275, 1.2250529527962275, 1.2250529527962275, 1.2250529527962275], 
[12.117776287977556, 12.117776287977556, 6.52069726049581, 6.263380325911063, 0.7168385734361724, 0.7168385734361724, 0.7168385734361724, 0.7168385734361724, 0.7168385734361724, 0.7168385734361724, 0.7168385734361724, 0.7168385734361724, 0.7168385734361724, 0.7168385734361724, 0.7168385734361724, 0.5523693622867842, 0.5523693622867842, 0.5523693622867842, 0.5523693622867842, 0.5523693622867842], 
[23.259273005540546, 5.746837111924035, 5.746837111924035, 1.6833163092995047, 1.6833163092995047, 1.1779016061208925, 1.1779016061208925, 1.1779016061208925, 1.1779016061208925, 1.1779016061208925, 1.1779016061208925, 1.1779016061208925, 1.1779016061208925, 1.1779016061208925, 0.6213754449820783, 0.6213754449820783, 0.6213754449820783, 0.6213754449820783, 0.6213754449820783, 0.6213754449820783], 
[6.514600394834885, 5.232605418079386, 5.232605418079386, 5.232605418079386, 5.232605418079386, 4.707141005023127, 4.707141005023127, 4.707141005023127, 4.60905239186004, 1.830754379142224, 1.830754379142224, 1.05145519936098, 1.05145519936098, 1.05145519936098, 1.05145519936098, 1.05145519936098, 1.0364492977224078, 1.0364492977224078, 1.0364492977224078, 1.0364492977224078], 
[9.97374060161803, 1.6399703394292242, 1.6399703394292242, 1.6399703394292242, 1.6399703394292242, 1.6399703394292242, 1.6399703394292242, 1.6399703394292242, 1.324714959843579, 1.324714959843579, 1.324714959843579, 1.324714959843579, 1.324714959843579, 1.324714959843579, 1.324714959843579, 1.324714959843579, 1.0074304382331238, 1.0074304382331238, 1.0074304382331238, 1.0074304382331238], 
[10.932293188849496, 7.624015097264876, 7.624015097264876, 7.420408469786749, 7.420408469786749, 7.420408469786749, 6.895857025520413, 5.050759825256142, 5.050759825256142, 4.902465000424344, 4.902465000424344, 4.201845826724235, 2.703841078277012, 2.703841078277012, 2.353183758649788, 2.353183758649788, 1.5077816563162383, 0.6006398741448837, 0.6006398741448837, 0.6006398741448837], 
[11.278678501745192, 6.598539418236774, 6.598539418236774, 6.598539418236774, 6.598539418236774, 2.1611499456473293, 2.1611499456473293, 1.5733326075562157, 1.5733326075562157, 1.5733326075562157, 1.5733326075562157, 1.5733326075562157, 1.5733326075562157, 0.9762628001809048, 0.9762628001809048, 0.9762628001809048, 0.9762628001809048, 0.9762628001809048, 0.9762628001809048, 0.9752127171162748], 
[3.580822884445043, 3.580822884445043, 3.580822884445043, 3.580822884445043, 3.580822884445043, 3.580822884445043, 3.580822884445043, 3.580822884445043, 2.4312205914483886, 2.4312205914483886, 2.4312205914483886, 2.4312205914483886, 2.4312205914483886, 2.4312205914483886, 2.4312205914483886, 2.4312205914483886, 2.4312205914483886, 1.7204846454419584, 1.4707882467446112, 1.0115020244217803], 
[11.928731694730843, 10.113601778170105, 10.113601778170105, 10.113601778170105, 10.113601778170105, 5.544407090460007, 5.544407090460007, 2.519402152966551, 2.519402152966551, 0.7839367643390212, 0.7839367643390212, 0.7839367643390212, 0.7839367643390212, 0.7839367643390212, 0.7839367643390212, 0.7839367643390212, 0.7839367643390212, 0.7839367643390212, 0.7839367643390212, 0.7839367643390212], 
[12.691186491311859, 8.282580817369663, 1.4072867721878488, 1.4072867721878488, 1.4072867721878488, 1.4072867721878488, 1.4072867721878488, 1.4072867721878488, 1.4072867721878488, 1.4072867721878488, 1.4072867721878488, 1.4072867721878488, 1.4072867721878488, 1.4072867721878488, 1.124221564159047, 1.124221564159047, 1.124221564159047, 1.124221564159047, 1.124221564159047, 1.124221564159047], 
[5.782291993031623, 5.782291993031623, 3.342240001160241, 3.342240001160241, 3.342240001160241, 3.342240001160241, 3.342240001160241, 3.342240001160241, 3.342240001160241, 3.342240001160241, 3.342240001160241, 2.562805317189535, 2.562805317189535, 2.562805317189535, 2.562805317189535, 2.525151862299566, 2.525151862299566, 2.525151862299566, 2.525151862299566, 0.2907096548660384], 
[11.992043993565694, 7.055591926618781, 7.055591926618781, 7.055591926618781, 2.5808863396558532, 2.5808863396558532, 2.5808863396558532, 2.5808863396558532, 0.7398225328226449, 0.7398225328226449, 0.7398225328226449, 0.7398225328226449, 0.7398225328226449, 0.7398225328226449, 0.7398225328226449, 0.1898426441156449, 0.1898426441156449, 0.1898426441156449, 0.1898426441156449, 0.1898426441156449], 
[4.922203091659587, 4.922203091659587, 4.922203091659587, 4.922203091659587, 4.922203091659587, 4.922203091659587, 4.922203091659587, 4.922203091659587, 4.050562196710586, 4.050562196710586, 4.050562196710586, 4.050562196710586, 3.3985508101373245, 3.3985508101373245, 2.651085858805848, 2.651085858805848, 1.4937590197571176, 1.4937590197571176, 1.4937590197571176, 1.3433422575731218], 
[8.457325968044184, 8.457325968044184, 8.457325968044184, 8.457325968044184, 8.457325968044184, 7.350574355274889, 7.350574355274889, 7.350574355274889, 7.350574355274889, 1.2935085770181658, 1.2935085770181658, 1.2935085770181658, 1.2935085770181658, 1.2935085770181658, 1.2935085770181658, 1.2935085770181658, 1.2935085770181658, 1.2935085770181658, 1.2935085770181658, 1.0830514689090673], 
[12.79350489321692, 12.79350489321692, 4.021128766882362, 4.021128766882362, 4.021128766882362, 4.021128766882362, 2.3223973125799926, 1.3396990301029614, 1.3396990301029614, 1.3396990301029614, 1.3396990301029614, 1.3396990301029614, 1.3396990301029614, 1.3396990301029614, 1.3396990301029614, 1.3396990301029614, 1.3396990301029614, 1.3396990301029614, 1.3396990301029614, 1.185336288789557], 
[5.765978122613238, 5.765978122613238, 5.765978122613238, 5.765978122613238, 2.516714693108222, 2.516714693108222, 2.516714693108222, 2.516714693108222, 2.516714693108222, 2.516714693108222, 2.516714693108222, 1.7860060306692311, 1.7860060306692311, 1.7860060306692311, 1.7860060306692311, 1.0556166168168186, 1.0556166168168186, 1.0556166168168186, 1.0556166168168186, 0.9410504637886348], 
[5.944966929247475, 5.944966929247475, 5.944966929247475, 4.086515759555022, 4.086515759555022, 4.086515759555022, 3.6495908422554493, 3.6495908422554493, 3.4743113192601633, 2.4823532470779544, 2.4823532470779544, 2.4823532470779544, 2.4823532470779544, 2.4823532470779544, 2.4823532470779544, 0.8748027337953364, 0.8748027337953364, 0.8748027337953364, 0.8748027337953364, 0.17203888644821674], 
[10.080533468467895, 5.732264410296634, 5.732264410296634, 5.732264410296634, 4.237259023072335, 4.237259023072335, 4.106841346062648, 4.106841346062648, 2.622619964057204, 2.622619964057204, 2.622619964057204, 2.622619964057204, 2.622619964057204, 2.3615259558337076, 2.3615259558337076, 2.3615259558337076, 2.3615259558337076, 1.5223809013295746, 1.5223809013295746, 1.5223809013295746], 
[15.086772946532689, 5.980426904890388, 5.980426904890388, 5.980426904890388, 5.980426904890388, 5.980426904890388, 5.980426904890388, 5.980426904890388, 5.980426904890388, 5.391206343137441, 5.391206343137441, 5.103398889516942, 2.7167782877656066, 2.1896041568163387, 2.1896041568163387, 0.34250802177321304, 0.34250802177321304, 0.34250802177321304, 0.34250802177321304, 0.34250802177321304], 
[15.450245365394814, 6.649372038287991, 6.649372038287991, 6.649372038287991, 6.649372038287991, 6.649372038287991, 6.649372038287991, 3.3325855426836553, 3.3325855426836553, 3.3325855426836553, 1.213358657305875, 1.213358657305875, 1.213358657305875, 1.213358657305875, 1.213358657305875, 1.213358657305875, 1.213358657305875, 1.213358657305875, 0.05480429624276262, 0.05480429624276262], 
[7.159919689249419, 0.21836745794356993, 0.21836745794356993, 0.21836745794356993, 0.21836745794356993, 0.21836745794356993, 0.21836745794356993, 0.21836745794356993, 0.21836745794356993, 0.21836745794356993, 0.21836745794356993, 0.21836745794356993, 0.21836745794356993, 0.21836745794356993, 0.21836745794356993, 0.21836745794356993, 0.21836745794356993, 0.21836745794356993, 0.21836745794356993, 0.21836745794356993], 
[3.9042286272874076, 1.1409258361001626, 1.1409258361001626, 1.1409258361001626, 1.1409258361001626, 1.1409258361001626, 1.1409258361001626, 1.1409258361001626, 1.1409258361001626, 1.1409258361001626, 1.1409258361001626, 1.1409258361001626, 0.8674658696927064, 0.8674658696927064, 0.8674658696927064, 0.8674658696927064, 0.8674658696927064, 0.8674658696927064, 0.8674658696927064, 0.8674658696927064], 
[11.759506806860307, 11.759506806860307, 11.078055717195728, 11.078055717195728, 6.25029523357993, 6.25029523357993, 6.25029523357993, 5.337441271910418, 5.337441271910418, 5.337441271910418, 4.945118402931636, 4.945118402931636, 3.097999749251059, 3.097999749251059, 3.097999749251059, 2.344211104821298, 2.3168035018832267, 2.3168035018832267, 2.3168035018832267, 1.5353961616049592], 
[17.292497348128848, 12.810197510209907, 12.810197510209907, 12.810197510209907, 5.653030939407182, 5.653030939407182, 4.578897838057875, 4.578897838057875, 4.578897838057875, 4.578897838057875, 2.791425891626915, 2.791425891626915, 2.791425891626915, 2.022357840799266, 2.022357840799266, 2.022357840799266, 2.022357840799266, 2.022357840799266, 2.022357840799266, 1.7504898601035492], 
[4.191302027858068, 4.191302027858068, 4.191302027858068, 4.191302027858068, 4.191302027858068, 4.191302027858068, 4.191302027858068, 4.191302027858068, 3.8535630974770205, 3.8535630974770205, 3.8535630974770205, 0.32284994560888336, 0.32284994560888336, 0.32284994560888336, 0.32284994560888336, 0.32284994560888336, 0.32284994560888336, 0.32284994560888336, 0.32284994560888336, 0.32284994560888336], 
[10.208176552141438, 1.8589771532498212, 1.8589771532498212, 1.8589771532498212, 1.8589771532498212, 1.8589771532498212, 1.4441768572660827, 1.4441768572660827, 1.4441768572660827, 1.4441768572660827, 1.4441768572660827, 1.4441768572660827, 1.4441768572660827, 1.4441768572660827, 1.4441768572660827, 1.4441768572660827, 1.4441768572660827, 1.4441768572660827, 1.4441768572660827, 1.4441768572660827], 
[20.29458575457835, 2.4808763734066304, 2.4808763734066304, 2.4808763734066304, 2.4808763734066304, 2.4808763734066304, 2.0602554812614873, 2.0602554812614873, 2.0602554812614873, 2.0602554812614873, 2.0602554812614873, 2.0602554812614873, 1.167091758527274, 1.167091758527274, 1.167091758527274, 0.36583927163204244, 0.36583927163204244, 0.36583927163204244, 0.36583927163204244, 0.36583927163204244], 
[8.971492434106139, 7.327401488573122, 4.989887147706366, 4.989887147706366, 2.1012635508778423, 2.1012635508778423, 2.1012635508778423, 2.1012635508778423, 1.765832983355505, 1.765832983355505, 1.765832983355505, 1.5757614910919848, 1.5757614910919848, 1.5757614910919848, 1.2297849981125353, 1.2297849981125353, 1.2297849981125353, 1.2297849981125353, 1.2297849981125353, 1.2297849981125353], 
[4.640197490623234, 4.640197490623234, 4.640197490623234, 4.640197490623234, 3.030121065757154, 3.030121065757154, 3.030121065757154, 3.030121065757154, 3.030121065757154, 2.297448378554545, 2.297448378554545, 2.297448378554545, 2.2627198260983477, 2.2627198260983477, 2.2627198260983477, 2.2627198260983477, 1.5557872120143657, 1.5557872120143657, 1.3430021706666917, 1.3430021706666917], 
[13.075604258526088, 12.451621056487948, 3.421064638875264, 3.421064638875264, 3.421064638875264, 3.421064638875264, 3.421064638875264, 3.421064638875264, 0.8946007064292374, 0.8946007064292374, 0.8946007064292374, 0.8946007064292374, 0.67130966801607, 0.67130966801607, 0.67130966801607, 0.67130966801607, 0.67130966801607, 0.67130966801607, 0.67130966801607, 0.67130966801607], 
