[14.20451986574495, 8.86612655996101, 8.86612655996101, 3.548410321527384, 2.5839589342350635, 2.5839589342350635, 2.5839589342350635, 2.5839589342350635, 2.5839589342350635, 2.5839589342350635, 2.5839589342350635, 2.5839589342350635, 2.5839589342350635, 2.5839589342350635, 2.5839589342350635, 2.5839589342350635, 2.5839589342350635, 2.5839589342350635, 2.5839589342350635, 2.5839589342350635], 
[7.9452714896464185, 3.4246637131265727, 3.4246637131265727, 3.4246637131265727, 3.4246637131265727, 3.4246637131265727, 3.4246637131265727, 3.4246637131265727, 3.4246637131265727, 3.4246637131265727, 3.4246637131265727, 3.4246637131265727, 2.7874356271002974, 2.7874356271002974, 2.7874356271002974, 2.7874356271002974, 2.7874356271002974, 2.7874356271002974, 2.1188802441223427, 2.1188802441223427], 
[6.765907436680253, 6.765907436680253, 6.765907436680253, 6.565544716511362, 3.548410321527384, 3.4246637131265727, 3.4246637131265727, 3.4246637131265727, 2.261533642771407, 2.261533642771407, 2.261533642771407, 2.261533642771407, 2.261533642771407, 2.261533642771407, 2.261533642771407, 2.261533642771407, 2.261533642771407, 2.261533642771407, 2.1816909248334824, 2.1816909248334824], 
[16.315736742893318, 6.8899487182128505, 6.8899487182128505, 6.8899487182128505, 4.750793835633852, 4.750793835633852, 4.750793835633852, 4.750793835633852, 4.750793835633852, 4.750793835633852, 3.4246637131265727, 3.4246637131265727, 2.178978669796317, 2.178978669796317, 2.178978669796317, 2.178978669796317, 2.178978669796317, 2.178978669796317, 1.0202974606563089, 1.0202974606563089], 
[6.765907436680253, 6.765907436680253, 6.765907436680253, 3.3445904932663133, 3.3445904932663133, 3.3445904932663133, 3.3445904932663133, 3.3445904932663133, 3.3445904932663133, 3.3445904932663133, 2.9650466723590636, 2.9650466723590636, 2.9650466723590636, 2.9650466723590636, 2.9650466723590636, 2.9650466723590636, 2.760793097110886, 1.2938275890189104, 1.2938275890189104, 0.441207884800912], 
[17.311893316626794, 17.311893316626794, 3.548410321527384, 3.548410321527384, 3.548410321527384, 3.4094878654891136, 2.7606634224103814, 2.7606634224103814, 2.7606634224103814, 2.7606634224103814, 2.7606634224103814, 2.7606634224103814, 2.7606634224103814, 2.7606634224103814, 2.7606634224103814, 2.7606634224103814, 2.7606634224103814, 2.148417904725081, 2.148417904725081, 2.148417904725081], 
[13.350055448230389, 2.1315392404034874, 2.1315392404034874, 2.1315392404034874, 2.1315392404034874, 2.1315392404034874, 2.1315392404034874, 2.1315392404034874, 2.1315392404034874, 0.48797345763114564, 0.48797345763114564, 0.48797345763114564, 0.48797345763114564, 0.48797345763114564, 0.48797345763114564, 0.48797345763114564, 0.48797345763114564, 0.48797345763114564, 0.48797345763114564, 0.48797345763114564], 
[6.8899487182128505, 5.710013847077488, 5.710013847077488, 3.548410321527384, 2.285282592529194, 2.285282592529194, 2.285282592529194, 2.285282592529194, 0.6004353756945253, 0.6004353756945253, 0.34449715715338236, 0.34449715715338236, 0.34449715715338236, 0.34449715715338236, 0.34449715715338236, 0.34449715715338236, 0.34449715715338236, 0.34449715715338236, 0.2530051346290261, 0.2530051346290261], 
[5.780301846534582, 5.780301846534582, 5.780301846534582, 3.548410321527384, 3.548410321527384, 3.548410321527384, 3.4246637131265727, 3.4246637131265727, 3.4246637131265727, 3.084425730919641, 3.084425730919641, 3.084425730919641, 3.084425730919641, 2.560834448666016, 2.560834448666016, 2.560834448666016, 2.4420194518712695, 0.35640876381415154, 0.35640876381415154, 0.35640876381415154], 
[13.501930288196087, 13.160206742286176, 6.765907436680253, 6.765907436680253, 6.765907436680253, 4.0973024204785755, 4.0973024204785755, 2.629232489703356, 2.629232489703356, 2.629232489703356, 2.629232489703356, 2.629232489703356, 2.629232489703356, 2.629232489703356, 2.629232489703356, 2.5674859464008506, 2.5674859464008506, 2.5674859464008506, 2.157520245666987, 1.1859132452707755], 
[6.765907436680253, 3.548410321527384, 3.548410321527384, 3.548410321527384, 3.548410321527384, 3.548410321527384, 3.548410321527384, 2.743515189701755, 2.743515189701755, 2.743515189701755, 2.743515189701755, 2.743515189701755, 2.743515189701755, 2.562375516799543, 2.562375516799543, 2.562375516799543, 2.562375516799543, 2.2689975083466756, 2.0584242205763204, 2.0584242205763204], 
[10.721858252637878, 3.5551539962580048, 3.4246637131265727, 3.4246637131265727, 3.4246637131265727, 3.4246637131265727, 2.72531935455655, 2.3401484174347917, 2.3401484174347917, 2.3401484174347917, 2.3401484174347917, 2.3401484174347917, 2.3401484174347917, 2.156526050402725, 0.7232554529157333, 0.7232554529157333, 0.7232554529157333, 0.7232554529157333, 0.7232554529157333, 0.7232554529157333], 
[6.765907436680253, 3.548410321527384, 3.548410321527384, 3.548410321527384, 2.1090333551840263, 2.1090333551840263, 2.1090333551840263, 2.1090333551840263, 2.1090333551840263, 2.1090333551840263, 2.1090333551840263, 2.1090333551840263, 2.1090333551840263, 2.1090333551840263, 2.1090333551840263, 2.1090333551840263, 2.1090333551840263, 2.1090333551840263, 2.1090333551840263, 2.1090333551840263], 
[8.793704723107293, 8.793704723107293, 8.793704723107293, 3.5728148701780533, 3.5728148701780533, 3.5728148701780533, 3.5728148701780533, 3.5728148701780533, 3.5728148701780533, 3.4246637131265727, 3.4246637131265727, 3.4246637131265727, 3.4246637131265727, 3.108696327108108, 2.4411887197423088, 2.4411887197423088, 2.4411887197423088, 2.4411887197423088, 2.4411887197423088, 2.1360005704290437], 
[2.1602083968945145, 2.1602083968945145, 2.1602083968945145, 2.1602083968945145, 2.1602083968945145, 2.1602083968945145, 2.1602083968945145, 2.1602083968945145, 2.1602083968945145, 2.1602083968945145, 2.1602083968945145, 2.1602083968945145, 2.0616389639348007, 2.0616389639348007, 2.0616389639348007, 2.0616389639348007, 2.0616389639348007, 2.0616389639348007, 2.0616389639348007, 1.208811991743035], 
[8.38693156785928, 8.38693156785928, 8.38693156785928, 8.38693156785928, 0.320291617166232, 0.320291617166232, 0.320291617166232, 0.320291617166232, 0.320291617166232, 0.320291617166232, 0.320291617166232, 0.320291617166232, 0.320291617166232, 0.320291617166232, 0.320291617166232, 0.320291617166232, 0.320291617166232, 0.15563747277704998, 0.15563747277704998, 0.15563747277704998], 
[10.069979406232989, 10.069979406232989, 5.8791132346701165, 5.8791132346701165, 5.8791132346701165, 5.8791132346701165, 4.013139535925461, 2.7596101270908253, 2.58363880749223, 2.58363880749223, 0.6207715135479948, 0.6207715135479948, 0.6207715135479948, 0.6207715135479948, 0.6207715135479948, 0.6207715135479948, 0.6207715135479948, 0.6207715135479948, 0.6207715135479948, 0.5748531402648744], 
[8.16759400422125, 8.16759400422125, 3.4246637131265727, 3.4246637131265727, 3.4246637131265727, 3.4246637131265727, 3.4246637131265727, 3.4246637131265727, 3.4246637131265727, 3.4246637131265727, 3.4246637131265727, 2.847373732963584, 2.4444081551553927, 1.0211370763767444, 1.0211370763767444, 1.0211370763767444, 1.0211370763767444, 1.0211370763767444, 1.0211370763767444, 1.0211370763767444], 
[2.3832841960458797, 2.3832841960458797, 2.3832841960458797, 2.3832841960458797, 2.3832841960458797, 2.3832841960458797, 2.3832841960458797, 2.3832841960458797, 2.3832841960458797, 1.942842789471504, 1.942842789471504, 1.942842789471504, 1.942842789471504, 1.942842789471504, 1.942842789471504, 1.942842789471504, 1.942842789471504, 0.7279333250994426, 0.7279333250994426, 0.7279333250994426], 
[6.765907436680253, 6.765907436680253, 6.765907436680253, 6.765907436680253, 6.765907436680253, 2.791766620925065, 2.791766620925065, 2.791766620925065, 2.791766620925065, 2.791766620925065, 2.791766620925065, 2.2016614015181073, 2.2016614015181073, 2.2016614015181073, 2.2016614015181073, 2.2016614015181073, 2.0461663855408645, 2.0461663855408645, 2.0461663855408645, 2.0415232580900717], 
[1.984435948753978, 1.984435948753978, 1.984435948753978, 1.984435948753978, 1.984435948753978, 1.984435948753978, 1.984435948753978, 1.984435948753978, 1.984435948753978, 1.984435948753978, 1.984435948753978, 1.984435948753978, 1.984435948753978, 1.984435948753978, 1.984435948753978, 1.984435948753978, 1.984435948753978, 0.9243015788837852, 0.9243015788837852, 0.5714316292529134], 
[3.4246637131265727, 3.4246637131265727, 3.4246637131265727, 3.4246637131265727, 0.7930530232569843, 0.7930530232569843, 0.7930530232569843, 0.7930530232569843, 0.7930530232569843, 0.7930530232569843, 0.7930530232569843, 0.7930530232569843, 0.7930530232569843, 0.7930530232569843, 0.7930530232569843, 0.1945289792067726, 0.1945289792067726, 0.1945289792067726, 0.1945289792067726, 0.1945289792067726], 
[9.287909006775852, 6.575576768028001, 6.575576768028001, 3.4246637131265727, 3.4246637131265727, 3.4246637131265727, 3.4246637131265727, 3.4246637131265727, 3.4246637131265727, 2.959620915619608, 2.959620915619608, 2.959620915619608, 2.959620915619608, 2.959620915619608, 2.466653251474389, 2.466653251474389, 2.466653251474389, 2.466653251474389, 1.2655623957510311, 1.2655623957510311], 
[13.160206742286176, 13.160206742286176, 6.466294063277978, 6.466294063277978, 3.736243480262587, 3.0836776899875353, 3.0836776899875353, 3.0836776899875353, 0.009216836472619505, 0.009216836472619505, 0.009216836472619505, 0.009216836472619505, 0.009216836472619505, 0.009216836472619505, 0.009216836472619505, 0.009216836472619505, 0.009216836472619505, 0.009216836472619505, 0.009216836472619505, 0.009216836472619505], 
[7.444762100767777, 7.444762100767777, 3.548410321527384, 3.548410321527384, 3.548410321527384, 3.548410321527384, 3.548410321527384, 3.4246637131265727, 2.711719251863954, 2.711719251863954, 1.5920642080632508, 1.5920642080632508, 1.5920642080632508, 0.6764314357288015, 0.6764314357288015, 0.6764314357288015, 0.6764314357288015, 0.6764314357288015, 0.6764314357288015, 0.6764314357288015], 
[13.160206742286176, 3.4246637131265727, 3.4246637131265727, 3.4246637131265727, 2.9391877784611182, 2.9391877784611182, 2.9391877784611182, 2.9391877784611182, 2.9391877784611182, 2.9391877784611182, 2.9391877784611182, 2.9391877784611182, 2.9391877784611182, 2.9391877784611182, 2.9391877784611182, 2.9391877784611182, 2.9391877784611182, 2.9391877784611182, 2.9391877784611182, 2.9391877784611182], 
[3.4246637131265727, 3.4246637131265727, 2.0453627596671673, 2.0453627596671673, 2.0453627596671673, 2.0453627596671673, 2.0453627596671673, 2.0453627596671673, 2.0453627596671673, 2.0453627596671673, 2.0453627596671673, 0.9575622813154023, 0.9575622813154023, 0.9575622813154023, 0.9575622813154023, 0.9575622813154023, 0.9575622813154023, 0.9575622813154023, 0.9575622813154023, 0.9575622813154023], 
[7.625190414880309, 7.625190414880309, 6.765907436680253, 6.765907436680253, 3.548410321527384, 3.548410321527384, 3.548410321527384, 3.548410321527384, 3.4246637131265727, 3.4246637131265727, 3.4246637131265727, 3.4246637131265727, 3.4246637131265727, 3.4246637131265727, 3.291693601557175, 3.291693601557175, 3.291693601557175, 2.9734829303146357, 2.946312475871549, 2.3240804312112147], 
[6.5962658129093334, 6.5962658129093334, 6.40631774286398, 6.40631774286398, 6.40631774286398, 3.548410321527384, 3.548410321527384, 2.2997160103988126, 2.2997160103988126, 2.2997160103988126, 2.2997160103988126, 2.2997160103988126, 2.2997160103988126, 2.2997160103988126, 2.2997160103988126, 2.2997160103988126, 2.2997160103988126, 2.2997160103988126, 2.2291276846264747, 1.1495337510114219], 
[10.686326521244666, 6.8899487182128505, 3.4246637131265727, 3.4246637131265727, 3.4246637131265727, 3.4246637131265727, 3.4246637131265727, 2.9411832138560605, 2.9411832138560605, 2.9411832138560605, 2.9411832138560605, 2.9411832138560605, 2.9411832138560605, 2.9411832138560605, 2.9411832138560605, 2.9411832138560605, 2.9411832138560605, 2.9411832138560605, 2.201838025762047, 2.201838025762047], 
