[13.560740772258924, 4.3505448843017405, 4.3505448843017405, 4.3505448843017405, 4.3505448843017405, 4.3505448843017405, 4.3505448843017405, 3.8754724837246246, 3.8754724837246246, 3.8754724837246246, 2.409846838203103, 2.409846838203103, 2.409846838203103, 2.409846838203103, 2.409846838203103, 2.409846838203103, 2.192954368964327, 2.192954368964327, 2.192954368964327, 2.192954368964327], 
[5.406051242066542, 5.406051242066542, 5.406051242066542, 5.406051242066542, 5.406051242066542, 2.8708403008727643, 1.180867887083171, 1.180867887083171, 1.180867887083171, 1.180867887083171, 1.180867887083171, 1.180867887083171, 1.180867887083171, 1.180867887083171, 1.180867887083171, 1.180867887083171, 1.180867887083171, 1.180867887083171, 1.180867887083171, 1.180867887083171], 
[3.520428145524373, 3.520428145524373, 3.520428145524373, 3.520428145524373, 3.520428145524373, 3.520428145524373, 3.520428145524373, 3.520428145524373, 3.520428145524373, 3.520428145524373, 3.520428145524373, 3.520428145524373, 3.520428145524373, 3.520428145524373, 3.520428145524373, 3.108516311269681, 3.108516311269681, 3.108516311269681, 3.108516311269681, 3.108516311269681], 
[4.525163911241219, 4.525163911241219, 4.525163911241219, 4.525163911241219, 4.525163911241219, 0.8653013660774455, 0.8653013660774455, 0.8653013660774455, 0.8653013660774455, 0.8653013660774455, 0.8653013660774455, 0.8653013660774455, 0.8653013660774455, 0.8653013660774455, 0.8653013660774455, 0.8653013660774455, 0.8653013660774455, 0.8653013660774455, 0.8653013660774455, 0.8653013660774455], 
[3.5903930363816308, 3.5903930363816308, 3.5903930363816308, 3.5903930363816308, 3.5903930363816308, 3.5903930363816308, 3.5903930363816308, 3.5903930363816308, 3.5903930363816308, 3.5903930363816308, 3.5903930363816308, 3.5903930363816308, 3.5903930363816308, 3.5903930363816308, 3.5903930363816308, 3.5903930363816308, 2.305202146952201, 2.017508532120948, 2.017508532120948, 2.017508532120948], 
[14.875034847498371, 7.905274742303993, 7.361780099505809, 7.361780099505809, 7.361780099505809, 7.361780099505809, 7.361780099505809, 7.361780099505809, 4.7984809962791175, 4.7984809962791175, 4.7984809962791175, 4.7984809962791175, 3.479323231186301, 1.1209277357457563, 1.1209277357457563, 1.1209277357457563, 1.1209277357457563, 1.1209277357457563, 1.1209277357457563, 1.1209277357457563], 
[7.381148895122093, 4.149945069413293, 2.568493222879189, 2.568493222879189, 2.568493222879189, 2.568493222879189, 2.568493222879189, 2.568493222879189, 2.568493222879189, 2.568493222879189, 2.568493222879189, 2.568493222879189, 2.568493222879189, 2.568493222879189, 2.568493222879189, 2.568493222879189, 2.568493222879189, 2.568493222879189, 2.568493222879189, 2.568493222879189], 
[11.89091743840211, 5.347005837051933, 5.347005837051933, 2.8784880569195326, 2.8784880569195326, 2.8784880569195326, 2.8784880569195326, 2.8784880569195326, 2.8784880569195326, 2.8784880569195326, 2.8784880569195326, 2.8784880569195326, 2.8784880569195326, 2.8784880569195326, 2.8784880569195326, 2.8784880569195326, 2.8784880569195326, 2.8784880569195326, 2.8784880569195326, 2.8784880569195326], 
[4.353032026001756, 4.353032026001756, 4.353032026001756, 4.353032026001756, 4.353032026001756, 4.353032026001756, 4.353032026001756, 4.353032026001756, 4.353032026001756, 4.353032026001756, 4.353032026001756, 4.353032026001756, 3.5256517138345944, 3.5256517138345944, 3.5256517138345944, 2.7813522813491085, 2.7813522813491085, 2.7813522813491085, 2.7813522813491085, 2.7813522813491085], 
[6.5073308687932725, 6.5073308687932725, 6.224578268872188, 1.8325811735040336, 1.8325811735040336, 1.8325811735040336, 1.8325811735040336, 1.8325811735040336, 1.8325811735040336, 0.9028258223849186, 0.9028258223849186, 0.9028258223849186, 0.9028258223849186, 0.9028258223849186, 0.9028258223849186, 0.9028258223849186, 0.9028258223849186, 0.9028258223849186, 0.9028258223849186, 0.9028258223849186], 
[7.213069983755882, 7.213069983755882, 7.213069983755882, 7.213069983755882, 7.213069983755882, 5.370779725215241, 4.9568696493325, 4.9568696493325, 4.9568696493325, 1.1399566725728227, 1.1399566725728227, 1.1399566725728227, 1.1399566725728227, 1.1399566725728227, 1.1399566725728227, 1.1399566725728227, 1.1399566725728227, 1.1399566725728227, 1.1399566725728227, 1.1399566725728227], 
[10.7330975564232, 10.7330975564232, 9.399817409097091, 7.950875380368348, 3.2256282965285976, 3.2256282965285976, 3.2256282965285976, 3.2256282965285976, 3.2256282965285976, 2.9367815921487477, 2.9367815921487477, 2.9367815921487477, 2.9367815921487477, 2.2831777704822875, 2.2831777704822875, 2.2831777704822875, 2.2831777704822875, 2.2831777704822875, 2.2831777704822875, 2.2831777704822875], 
[11.710154559741182, 11.326020218510148, 7.40351664448411, 7.40351664448411, 5.873855062850956, 5.873855062850956, 5.873855062850956, 5.873855062850956, 5.725440457602236, 5.725440457602236, 5.725440457602236, 4.257512552520689, 4.257512552520689, 4.257512552520689, 0.9554456907426017, 0.9554456907426017, 0.9554456907426017, 0.9554456907426017, 0.9554456907426017, 0.9554456907426017], 
[13.545743421961665, 8.522170127378521, 8.522170127378521, 8.522170127378521, 8.522170127378521, 4.945285161904824, 4.945285161904824, 4.945285161904824, 4.945285161904824, 1.652487059092683, 1.652487059092683, 1.652487059092683, 1.652487059092683, 1.652487059092683, 1.652487059092683, 1.652487059092683, 1.652487059092683, 1.652487059092683, 1.652487059092683, 1.652487059092683], 
[12.373474011270304, 12.102925470959411, 6.506076251303785, 3.276879512950214, 3.276879512950214, 3.276879512950214, 3.276879512950214, 1.9582748529266136, 1.9582748529266136, 1.9582748529266136, 1.9582748529266136, 1.9582748529266136, 1.4695000296087288, 1.4695000296087288, 1.4695000296087288, 1.4695000296087288, 1.4695000296087288, 1.4695000296087288, 1.4695000296087288, 1.4695000296087288], 
[8.764663995743025, 8.764663995743025, 8.764663995743025, 5.7845277168892455, 5.7845277168892455, 4.3517000150125105, 4.3517000150125105, 4.3517000150125105, 3.570313796694996, 3.570313796694996, 3.570313796694996, 3.570313796694996, 3.570313796694996, 3.570313796694996, 3.570313796694996, 3.570313796694996, 3.570313796694996, 3.570313796694996, 3.570313796694996, 3.570313796694996], 
[4.447474302835207, 4.447474302835207, 4.447474302835207, 4.447474302835207, 4.447474302835207, 0.6079991984172854, 0.6079991984172854, 0.6079991984172854, 0.6079991984172854, 0.6079991984172854, 0.6079991984172854, 0.6079991984172854, 0.6079991984172854, 0.6079991984172854, 0.6079991984172854, 0.6079991984172854, 0.6079991984172854, 0.6079991984172854, 0.6079991984172854, 0.6079991984172854], 
[5.8988098610250965, 5.8988098610250965, 5.8988098610250965, 5.8988098610250965, 2.4410915737497656, 2.4410915737497656, 2.4410915737497656, 2.4410915737497656, 2.4410915737497656, 2.4410915737497656, 2.4410915737497656, 2.4410915737497656, 2.4410915737497656, 2.4410915737497656, 2.4410915737497656, 2.4410915737497656, 2.4410915737497656, 2.4410915737497656, 2.4410915737497656, 2.4410915737497656], 
[11.007031493528764, 5.283172601524162, 5.283172601524162, 4.911428140745212, 4.911428140745212, 4.911428140745212, 4.911428140745212, 4.911428140745212, 4.911428140745212, 4.911428140745212, 1.522376880187142, 1.522376880187142, 1.522376880187142, 1.522376880187142, 1.522376880187142, 1.522376880187142, 1.522376880187142, 1.522376880187142, 1.522376880187142, 1.522376880187142], 
[11.511603704118544, 6.671146049621283, 1.2163018410008206, 1.2163018410008206, 1.2163018410008206, 1.2163018410008206, 1.2163018410008206, 1.2163018410008206, 1.2163018410008206, 1.2163018410008206, 1.2163018410008206, 1.2163018410008206, 1.2163018410008206, 1.2163018410008206, 1.2163018410008206, 1.2163018410008206, 1.2163018410008206, 1.2163018410008206, 1.2163018410008206, 1.2163018410008206], 
[4.531379213483575, 4.531379213483575, 3.8591387717834715, 3.8591387717834715, 3.8591387717834715, 3.8591387717834715, 3.8591387717834715, 3.8591387717834715, 3.8591387717834715, 3.8591387717834715, 3.8591387717834715, 3.8591387717834715, 3.8591387717834715, 3.8591387717834715, 3.341777010156344, 3.341777010156344, 3.341777010156344, 3.341777010156344, 3.341777010156344, 1.9054749149301353], 
[5.791610479992271, 5.791610479992271, 5.791610479992271, 5.791610479992271, 5.791610479992271, 4.759789426555698, 3.976247629319334, 3.976247629319334, 3.976247629319334, 3.976247629319334, 3.976247629319334, 3.976247629319334, 3.976247629319334, 3.976247629319334, 3.976247629319334, 3.976247629319334, 3.976247629319334, 2.3461051724679063, 2.3461051724679063, 2.3461051724679063], 
[14.503901186963537, 4.133171344364387, 4.133171344364387, 4.133171344364387, 4.133171344364387, 4.133171344364387, 2.475415868159139, 2.475415868159139, 2.475415868159139, 2.475415868159139, 2.475415868159139, 2.475415868159139, 2.475415868159139, 2.475415868159139, 2.475415868159139, 1.9284385190450073, 1.5735896461337957, 1.5735896461337957, 1.5735896461337957, 1.5735896461337957], 
[8.439545611706627, 8.439545611706627, 7.164556395149392, 3.751193958136654, 3.751193958136654, 3.751193958136654, 3.751193958136654, 3.751193958136654, 3.751193958136654, 3.751193958136654, 3.751193958136654, 3.751193958136654, 3.751193958136654, 3.6064068106640494, 3.6064068106640494, 3.6064068106640494, 3.6064068106640494, 3.0801195820330025, 3.0801195820330025, 2.0200106862989538], 
[7.920173850432002, 7.920173850432002, 3.4066294919216578, 3.4066294919216578, 3.4066294919216578, 2.212724214170085, 2.212724214170085, 2.212724214170085, 2.212724214170085, 2.212724214170085, 2.212724214170085, 2.212724214170085, 2.212724214170085, 2.212724214170085, 2.212724214170085, 2.212724214170085, 1.6784096165650508, 1.6784096165650508, 1.6784096165650508, 1.6784096165650508], 
[6.479243040772822, 6.479243040772822, 6.479243040772822, 3.605537412228327, 3.605537412228327, 3.605537412228327, 3.605537412228327, 3.605537412228327, 3.605537412228327, 3.605537412228327, 3.247293103076025, 3.247293103076025, 2.7758522786914614, 2.7758522786914614, 2.7758522786914614, 2.7758522786914614, 2.7758522786914614, 2.7758522786914614, 2.7758522786914614, 2.7758522786914614], 
[6.553254311670105, 6.553254311670105, 6.553254311670105, 4.908624412665965, 3.7736467015785014, 3.7736467015785014, 3.7736467015785014, 3.7736467015785014, 2.6532117222138627, 2.6532117222138627, 2.6532117222138627, 2.6532117222138627, 2.6532117222138627, 2.6532117222138627, 2.6532117222138627, 2.6532117222138627, 2.6532117222138627, 2.3089775856032295, 2.3089775856032295, 2.3089775856032295], 
[1.459424749039529, 1.459424749039529, 1.459424749039529, 1.459424749039529, 1.459424749039529, 1.459424749039529, 1.459424749039529, 1.459424749039529, 1.459424749039529, 1.459424749039529, 1.459424749039529, 1.459424749039529, 1.459424749039529, 1.459424749039529, 1.459424749039529, 1.459424749039529, 1.459424749039529, 1.459424749039529, 1.459424749039529, 1.459424749039529], 
[6.20990147070985, 6.20990147070985, 6.20990147070985, 4.992333810201828, 4.992333810201828, 4.992333810201828, 4.907691183160157, 4.907691183160157, 4.907691183160157, 2.2225059692317615, 2.2225059692317615, 2.2225059692317615, 2.2225059692317615, 2.2225059692317615, 2.2225059692317615, 2.2225059692317615, 2.2225059692317615, 2.2225059692317615, 2.2225059692317615, 1.4466150376139466], 
[13.037374783673682, 10.722564875096106, 10.722564875096106, 10.169101280522556, 4.707393012570922, 4.707393012570922, 4.707393012570922, 4.707393012570922, 4.707393012570922, 4.707393012570922, 4.707393012570922, 4.707393012570922, 4.707393012570922, 4.707393012570922, 4.389004366540181, 3.6088356058377293, 3.6088356058377293, 3.6088356058377293, 2.562117759718638, 2.562117759718638], 
