[1.7345158359686916, 1.7345158359686916, 1.7345158359686916, 1.7345158359686916, 0.21376643647201365, 0.21376643647201365, 0.21376643647201365, 0.15224853216208312, 0.15224853216208312, 0.15224853216208312, 0.15224853216208312, 0.15224853216208312, 0.14712192327801, 0.14712192327801, 0.12943644173389401, 0.12943644173389401, 0.05099119464044144, 0.05099119464044144, 0.05099119464044144, 0.05099119464044144], 
[1.2766852887341589, 1.2766852887341589, 1.2766852887341589, 0.4595046927019327, 0.417483214393241, 0.417483214393241, 0.417483214393241, 0.417483214393241, 0.417483214393241, 0.417483214393241, 0.2790386935317938, 0.023662114941700563, 0.023662114941700563, 0.023662114941700563, 0.023662114941700563, 0.023662114941700563, 0.023662114941700563, 0.023662114941700563, 0.023662114941700563, 0.023662114941700563], 
[0.5032405346478017, 0.5032405346478017, 0.5032405346478017, 0.21748336140330615, 0.17536198060906338, 0.17536198060906338, 0.17536198060906338, 0.17536198060906338, 0.17536198060906338, 0.17536198060906338, 0.15554696854371008, 0.15554696854371008, 0.02793715414471476, 0.02793715414471476, 0.02793715414471476, 0.02793715414471476, 0.02793715414471476, 0.02793715414471476, 0.008826410833533194, 0.008826410833533194], 
[2.22878545949869, 1.3409367394177867, 0.599026661500509, 0.11210551669131708, 0.11210551669131708, 0.11210551669131708, 0.11210551669131708, 0.11210551669131708, 0.11210551669131708, 0.11210551669131708, 0.11210551669131708, 0.11210551669131708, 0.11210551669131708, 0.11210551669131708, 0.11210551669131708, 0.11210551669131708, 0.10172542595965473, 0.10172542595965473, 0.10172542595965473, 0.10172542595965473], 
[2.1226223454534994, 2.1226223454534994, 0.8061433158342668, 0.8061433158342668, 0.8061433158342668, 0.8061433158342668, 0.012700627056250968, 0.012700627056250968, 0.012700627056250968, 0.012700627056250968, 0.012700627056250968, 0.012700627056250968, 0.012700627056250968, 0.012700627056250968, 0.012700627056250968, 0.012700627056250968, 0.012700627056250968, 0.012700627056250968, 0.012700627056250968, 0.012700627056250968], 
[0.1804344087544335, 0.1804344087544335, 0.1804344087544335, 0.07680711300520471, 0.07680711300520471, 0.07680711300520471, 0.07680711300520471, 0.07680711300520471, 0.07680711300520471, 0.07680711300520471, 0.07680711300520471, 0.07680711300520471, 0.07680711300520471, 0.07680711300520471, 0.016550879721586198, 0.016550879721586198, 0.016550879721586198, 9.66826672660348e-05, 9.66826672660348e-05, 9.66826672660348e-05], 
[2.240443689961319, 0.3335523136951122, 0.3335523136951122, 0.3335523136951122, 0.3335523136951122, 0.3335523136951122, 0.21575218730080137, 0.21575218730080137, 0.1056876879094979, 0.1056876879094979, 0.006053585015592278, 0.006053585015592278, 0.006053585015592278, 0.006053585015592278, 0.006053585015592278, 0.006053585015592278, 0.006053585015592278, 0.006053585015592278, 0.006053585015592278, 0.006053585015592278], 
[1.4518868752320921, 1.4518868752320921, 0.8510093387847665, 0.8510093387847665, 0.8510093387847665, 0.21735545417966629, 0.21735545417966629, 0.21735545417966629, 0.21735545417966629, 0.21735545417966629, 0.21735545417966629, 0.21735545417966629, 0.1577572835418245, 0.1577572835418245, 0.10951866580912373, 0.10951866580912373, 0.10951866580912373, 0.038715486861649384, 0.038715486861649384, 0.038715486861649384], 
[0.252430867022008, 0.252430867022008, 0.1660670669232045, 0.1660670669232045, 0.1660670669232045, 0.1660670669232045, 0.14958763740432557, 0.07562358878753273, 0.07562358878753273, 0.07562358878753273, 0.07562358878753273, 0.07562358878753273, 0.059246845210628285, 0.059246845210628285, 0.059246845210628285, 0.059246845210628285, 0.059246845210628285, 0.059246845210628285, 0.007594486237387343, 0.007594486237387343], 
[0.6238934471391085, 0.6238934471391085, 0.6238934471391085, 0.6238934471391085, 0.6238934471391085, 0.4622836371737271, 0.4622836371737271, 0.1085622393438932, 0.1085622393438932, 0.1085622393438932, 0.1085622393438932, 0.1085622393438932, 0.05549375733637507, 0.05549375733637507, 0.05549375733637507, 0.05549375733637507, 0.05549375733637507, 0.05549375733637507, 0.05549375733637507, 0.05549375733637507], 
[2.49718893304974, 0.9651065867656492, 0.9651065867656492, 0.9651065867656492, 0.9651065867656492, 0.620878290313246, 0.620878290313246, 0.620878290313246, 0.13172190350448088, 0.13172190350448088, 0.13172190350448088, 0.13172190350448088, 0.10171187756712641, 0.10171187756712641, 0.10171187756712641, 0.10171187756712641, 0.10171187756712641, 0.08057240643515029, 0.08057240643515029, 0.08057240643515029], 
[1.4589337212571496, 1.4589337212571496, 0.3349076619609902, 0.3349076619609902, 0.3349076619609902, 0.3349076619609902, 0.3349076619609902, 0.3349076619609902, 0.3349076619609902, 0.3349076619609902, 0.3349076619609902, 0.3349076619609902, 0.0016677218812486405, 0.0016677218812486405, 0.0016677218812486405, 0.0016677218812486405, 0.0016677218812486405, 0.0016677218812486405, 0.0016677218812486405, 0.0016677218812486405], 
[0.8610637530978121, 0.8610637530978121, 0.4819553917822149, 0.3378161125891641, 0.3378161125891641, 0.3378161125891641, 0.3378161125891641, 0.021173927300476625, 0.021173927300476625, 0.021173927300476625, 0.021173927300476625, 0.021173927300476625, 0.021173927300476625, 0.021173927300476625, 0.014464666506045942, 0.014464666506045942, 0.014464666506045942, 0.014464666506045942, 0.014464666506045942, 0.014464666506045942], 
[0.28697042682611973, 0.28697042682611973, 0.28697042682611973, 0.2093120932139667, 0.2093120932139667, 0.2093120932139667, 0.2093120932139667, 0.2093120932139667, 0.2093120932139667, 0.17103200008010655, 0.17103200008010655, 0.17030912363745243, 0.17030912363745243, 0.17030912363745243, 0.1223757710776332, 0.1223757710776332, 0.009012114566500862, 0.009012114566500862, 0.009012114566500862, 0.009012114566500862], 
[3.854581321719004, 1.6403574637693108, 1.1462239906825338, 0.16985930138123395, 0.16985930138123395, 0.16985930138123395, 0.16985930138123395, 0.16985930138123395, 0.16985930138123395, 0.16985930138123395, 0.16985930138123395, 0.16985930138123395, 0.056612745267301645, 0.056612745267301645, 0.056612745267301645, 0.056612745267301645, 0.03131847623763684, 0.024923133107347728, 0.024923133107347728, 0.024923133107347728], 
[2.342381360057364, 1.157343094049848, 1.157343094049848, 1.157343094049848, 1.157343094049848, 1.0037562589250508, 1.0037562589250508, 0.12823849834343626, 0.12823849834343626, 0.12823849834343626, 0.12823849834343626, 0.1216842608031935, 0.1216842608031935, 0.1216842608031935, 0.1216842608031935, 0.1216842608031935, 0.012465429694730523, 0.012465429694730523, 0.012465429694730523, 0.012465429694730523], 
[1.9238742807536011, 1.6607803222353157, 1.044664746728246, 0.15663886951564154, 0.15663886951564154, 0.15663886951564154, 0.15663886951564154, 0.15663886951564154, 0.15663886951564154, 0.15663886951564154, 0.15663886951564154, 0.15663886951564154, 0.14398242916030446, 0.14398242916030446, 0.14398242916030446, 0.051730216339967994, 0.051730216339967994, 0.051730216339967994, 0.051730216339967994, 0.051730216339967994], 
[0.8211673540367596, 0.8211673540367596, 0.5090003779099027, 0.3193214049361329, 0.3193214049361329, 0.3193214049361329, 0.3193214049361329, 0.18797908996894275, 0.18797908996894275, 0.18797908996894275, 0.18797908996894275, 0.18797908996894275, 0.18797908996894275, 0.1700098875927767, 0.12504737378629005, 0.024272619673879503, 0.024272619673879503, 0.024272619673879503, 0.00397098980508348, 0.00397098980508348], 
[2.5635370422512334, 1.667037466482381, 1.667037466482381, 0.13704115257168248, 0.13704115257168248, 0.13704115257168248, 0.13704115257168248, 0.13704115257168248, 0.13704115257168248, 0.13704115257168248, 0.13704115257168248, 0.13704115257168248, 0.13704115257168248, 0.13704115257168248, 0.13704115257168248, 0.13704115257168248, 0.13704115257168248, 0.13704115257168248, 0.07986425762793403, 0.07986425762793403], 
[2.545611683302382, 2.545611683302382, 0.8100543238247478, 0.8100543238247478, 0.8100543238247478, 0.22454562056636673, 0.22454562056636673, 0.22454562056636673, 0.22454562056636673, 0.22454562056636673, 0.22454562056636673, 0.22454562056636673, 0.22454562056636673, 0.22454562056636673, 0.032691613829419874, 0.032691613829419874, 0.032691613829419874, 0.032691613829419874, 0.032691613829419874, 0.032691613829419874], 
[0.8682179551482565, 0.8682179551482565, 0.8682179551482565, 0.5943163405063553, 0.23834464615830497, 0.23834464615830497, 0.23834464615830497, 0.23834464615830497, 0.07025080127721017, 0.07025080127721017, 0.07025080127721017, 0.058234833496283556, 0.058234833496283556, 0.058234833496283556, 0.058234833496283556, 0.058234833496283556, 0.058234833496283556, 0.058234833496283556, 0.0014202972125870739, 0.0014202972125870739], 
[2.439501606549676, 0.46339516882314014, 0.46339516882314014, 0.46339516882314014, 0.19547490514282417, 0.19547490514282417, 0.19547490514282417, 0.19547490514282417, 0.19547490514282417, 0.19547490514282417, 0.19547490514282417, 0.0466580615230896, 0.0466580615230896, 0.0466580615230896, 0.0466580615230896, 0.0019015069707486454, 0.0019015069707486454, 0.0019015069707486454, 0.0019015069707486454, 0.0019015069707486454], 
[1.765741645207969, 1.2101441566556437, 1.0722698828921677, 1.0722698828921677, 0.731073509035027, 0.5580923458439392, 0.5580923458439392, 0.5580923458439392, 0.03245157982137448, 0.03245157982137448, 0.03245157982137448, 0.03245157982137448, 0.03245157982137448, 0.03245157982137448, 0.03245157982137448, 0.03245157982137448, 0.03245157982137448, 0.03245157982137448, 0.03245157982137448, 0.03245157982137448], 
[0.346892050323127, 0.346892050323127, 0.346892050323127, 0.346892050323127, 0.346892050323127, 0.346892050323127, 0.32060127264743976, 0.32060127264743976, 0.32060127264743976, 0.19198240593710902, 0.19198240593710902, 0.13712763027931696, 0.13712763027931696, 0.13712763027931696, 0.13712763027931696, 0.13712763027931696, 0.10097459075058202, 0.10097459075058202, 0.10097459075058202, 0.10097459075058202], 
[2.8028762202397655, 0.4928729103487318, 0.4928729103487318, 0.4928729103487318, 0.12183510809123044, 0.12183510809123044, 0.12183510809123044, 0.12183510809123044, 0.12183510809123044, 0.12183510809123044, 0.12183510809123044, 0.12183510809123044, 0.11793989882279221, 0.04416115740409776, 0.04416115740409776, 0.04416115740409776, 0.023005242208978816, 0.0183569386410386, 0.0183569386410386, 0.0183569386410386], 
[3.1138092499366734, 1.8935121195341968, 1.8935121195341968, 0.7290587153369998, 0.3533887015022128, 0.3533887015022128, 0.036576685387221475, 0.036576685387221475, 0.036576685387221475, 0.036576685387221475, 0.036576685387221475, 0.036576685387221475, 0.036576685387221475, 0.036576685387221475, 0.0005380756692546784, 0.0005380756692546784, 0.0005380756692546784, 0.0005380756692546784, 0.0005380756692546784, 0.0005380756692546784], 
[0.8039802911284101, 0.8039802911284101, 0.8039802911284101, 0.43117022037445696, 0.43117022037445696, 0.3065370097064468, 0.3065370097064468, 0.3065370097064468, 0.11890203035251967, 0.11890203035251967, 0.11890203035251967, 0.11890203035251967, 0.11890203035251967, 0.05719503620634647, 0.05719503620634647, 0.05719503620634647, 0.05719503620634647, 0.05719503620634647, 0.04446194472988996, 0.04446194472988996], 
[0.1415040185982701, 0.1415040185982701, 0.1415040185982701, 0.1415040185982701, 0.1415040185982701, 0.1415040185982701, 0.1415040185982701, 0.1415040185982701, 0.1415040185982701, 0.1415040185982701, 0.1415040185982701, 0.1415040185982701, 0.1415040185982701, 0.1415040185982701, 0.1415040185982701, 0.06724587957951489, 0.06724587957951489, 0.06724587957951489, 0.0025104374019611075, 0.0025104374019611075], 
[0.5444166028858257, 0.4959343385998145, 0.3653197204387062, 0.3653197204387062, 0.3653197204387062, 0.3653197204387062, 0.2513441424642294, 0.2513441424642294, 0.2513441424642294, 0.2513441424642294, 0.12050051832336117, 0.12050051832336117, 0.12050051832336117, 0.03048373714249142, 0.03048373714249142, 0.03048373714249142, 0.03048373714249142, 0.03048373714249142, 0.03048373714249142, 0.03048373714249142], 
[1.6803286561211401, 1.6803286561211401, 1.4583785903568818, 1.4583785903568818, 0.35522701154287506, 0.35522701154287506, 0.35522701154287506, 0.3081568595832518, 0.3081568595832518, 0.0724570286134747, 0.0724570286134747, 0.0724570286134747, 0.0724570286134747, 0.0724570286134747, 0.0724570286134747, 0.0724570286134747, 0.0724570286134747, 0.0724570286134747, 0.025526711374755928, 0.025526711374755928], 
