[221.84242879765696, 24.575949902635262, 24.575949902635262, 24.575949902635262, 24.575949902635262, 24.575949902635262, 24.575949902635262, 24.575949902635262, 24.575949902635262, 24.575949902635262, 24.575949902635262, 24.575949902635262, 24.575949902635262, 24.575949902635262, 24.575949902635262, 11.990252475450255, 11.990252475450255, 7.813837935789225, 7.813837935789225, 7.813837935789225], 
[234.02063561549124, 221.51800992437884, 137.19823313415813, 137.19823313415813, 137.19823313415813, 93.72796474195212, 90.45059732296012, 90.45059732296012, 90.45059732296012, 59.74511066215399, 59.74511066215399, 59.74511066215399, 52.35494641483378, 52.35494641483378, 47.92179325756297, 47.92179325756297, 47.92179325756297, 36.06294478277801, 33.8977838698349, 8.522854465907768], 
[112.19208561240829, 112.19208561240829, 112.19208561240829, 112.19208561240829, 18.415734946439297, 18.415734946439297, 18.415734946439297, 18.415734946439297, 18.415734946439297, 18.415734946439297, 18.415734946439297, 18.415734946439297, 18.415734946439297, 18.415734946439297, 18.415734946439297, 18.415734946439297, 18.415734946439297, 18.415734946439297, 18.415734946439297, 18.415734946439297], 
[54.878554458457366, 48.481190119154256, 48.481190119154256, 47.7390615941098, 47.7390615941098, 47.7390615941098, 32.661663412259024, 32.661663412259024, 32.661663412259024, 32.661663412259024, 6.797747981555798, 6.797747981555798, 6.797747981555798, 6.797747981555798, 6.797747981555798, 6.797747981555798, 6.797747981555798, 6.797747981555798, 6.797747981555798, 6.797747981555798], 
[252.49293355420582, 215.0474838905095, 203.00295048565974, 203.00295048565974, 203.00295048565974, 179.1564747069115, 179.1564747069115, 96.75923216228918, 70.8154501724168, 22.81939657508893, 22.81939657508893, 22.81939657508893, 21.819380671317703, 21.819380671317703, 21.819380671317703, 4.256444777853146, 4.256444777853146, 4.256444777853146, 4.256444777853146, 4.256444777853146], 
[258.8232309225989, 127.0554476424461, 127.0554476424461, 108.94526144121248, 108.94526144121248, 108.94526144121248, 39.572001230880375, 39.572001230880375, 39.572001230880375, 14.673831808957324, 14.673831808957324, 14.673831808957324, 14.673831808957324, 14.673831808957324, 14.673831808957324, 14.673831808957324, 14.673831808957324, 14.673831808957324, 14.673831808957324, 7.205354716581789], 
[41.379832581467966, 41.379832581467966, 41.379832581467966, 41.379832581467966, 41.379832581467966, 41.379832581467966, 41.379832581467966, 41.379832581467966, 41.379832581467966, 32.29583638372801, 32.29583638372801, 32.29583638372801, 32.29583638372801, 32.29583638372801, 5.9505801349691305, 5.9505801349691305, 5.9505801349691305, 5.9505801349691305, 5.9505801349691305, 5.9505801349691305], 
[266.5891772267922, 76.77989062232814, 76.77989062232814, 76.77989062232814, 76.77989062232814, 76.77989062232814, 76.77989062232814, 29.48633585596086, 29.48633585596086, 29.48633585596086, 29.48633585596086, 29.48633585596086, 29.48633585596086, 20.63661580982825, 6.69519914622527, 6.69519914622527, 6.69519914622527, 6.69519914622527, 6.69519914622527, 6.69519914622527], 
[89.62225314810803, 89.62225314810803, 89.62225314810803, 38.36815578370468, 38.36815578370468, 38.36815578370468, 38.36815578370468, 38.36815578370468, 38.36815578370468, 38.36815578370468, 38.36815578370468, 17.436727458483368, 17.436727458483368, 17.436727458483368, 9.134607045334342, 2.7172741368961892, 2.7172741368961892, 2.7172741368961892, 2.7172741368961892, 2.7172741368961892], 
[226.9704513575304, 226.9704513575304, 85.50996177229844, 85.50996177229844, 85.50996177229844, 85.50996177229844, 85.50996177229844, 75.24031412810633, 75.24031412810633, 75.24031412810633, 62.986012805193184, 62.937257511637725, 52.42407373102917, 52.42407373102917, 52.42407373102917, 25.00012839137669, 25.00012839137669, 14.357200992472734, 14.357200992472734, 13.55914276677399], 
[35.74218442808275, 35.74218442808275, 35.74218442808275, 35.74218442808275, 35.74218442808275, 35.74218442808275, 35.74218442808275, 35.74218442808275, 35.74218442808275, 35.74218442808275, 35.74218442808275, 10.073293718729815, 10.073293718729815, 10.073293718729815, 10.073293718729815, 10.073293718729815, 10.073293718729815, 10.073293718729815, 9.667463920559308, 9.667463920559308], 
[52.138623182342975, 52.138623182342975, 52.138623182342975, 52.138623182342975, 52.138623182342975, 52.138623182342975, 52.138623182342975, 52.138623182342975, 52.138623182342975, 42.43332909163948, 42.43332909163948, 42.43332909163948, 30.769681853489455, 20.82436787695083, 20.82436787695083, 20.82436787695083, 3.846756636040981, 3.846756636040981, 3.846756636040981, 3.846756636040981], 
[256.6954511748052, 145.6587751111468, 145.6587751111468, 145.6587751111468, 73.62092063007935, 73.62092063007935, 73.62092063007935, 73.62092063007935, 73.62092063007935, 50.64313455612728, 50.64313455612728, 44.63122265069946, 44.63122265069946, 22.08299751442127, 17.78083370256188, 17.78083370256188, 17.78083370256188, 17.78083370256188, 17.78083370256188, 12.612144672034113], 
[158.68315961472882, 158.68315961472882, 158.68315961472882, 63.37461262224477, 63.37461262224477, 63.37461262224477, 63.37461262224477, 63.37461262224477, 63.37461262224477, 63.37461262224477, 60.41300906641976, 60.41300906641976, 60.41300906641976, 27.033103914458263, 27.033103914458263, 27.033103914458263, 27.033103914458263, 27.033103914458263, 27.033103914458263, 19.357511649412814], 
[9.314466741670348, 9.314466741670348, 9.314466741670348, 9.314466741670348, 9.314466741670348, 9.314466741670348, 9.314466741670348, 9.314466741670348, 9.314466741670348, 9.314466741670348, 9.314466741670348, 9.314466741670348, 9.314466741670348, 9.314466741670348, 9.314466741670348, 9.314466741670348, 9.314466741670348, 5.471785588938785, 5.471785588938785, 5.471785588938785], 
[60.903867225946854, 60.903867225946854, 60.903867225946854, 60.903867225946854, 60.903867225946854, 60.903867225946854, 60.903867225946854, 60.903867225946854, 60.903867225946854, 60.903867225946854, 60.903867225946854, 12.567179838915465, 12.567179838915465, 12.567179838915465, 12.567179838915465, 12.567179838915465, 12.567179838915465, 12.567179838915465, 12.567179838915465, 12.567179838915465], 
[61.67785139194487, 61.67785139194487, 61.67785139194487, 61.67785139194487, 61.67785139194487, 61.67785139194487, 61.67785139194487, 61.67785139194487, 15.636580828371208, 15.636580828371208, 15.636580828371208, 15.636580828371208, 15.636580828371208, 15.636580828371208, 7.3685340568616455, 7.3685340568616455, 7.3685340568616455, 7.3685340568616455, 7.3685340568616455, 3.4911681969787236], 
[86.00198071332791, 86.00198071332791, 86.00198071332791, 86.00198071332791, 86.00198071332791, 86.00198071332791, 68.67689859954618, 40.35939765124634, 40.35939765124634, 40.35939765124634, 40.35939765124634, 40.35939765124634, 40.35939765124634, 31.590081392371268, 31.590081392371268, 18.373023282751028, 18.373023282751028, 18.373023282751028, 14.086767063643345, 14.086767063643345], 
[113.22259585144924, 47.27672921654568, 47.27672921654568, 47.27672921654568, 47.27672921654568, 47.27672921654568, 47.27672921654568, 11.585634038152355, 11.585634038152355, 11.585634038152355, 11.585634038152355, 11.585634038152355, 11.585634038152355, 11.585634038152355, 11.585634038152355, 5.781394243350023, 5.781394243350023, 5.781394243350023, 5.781394243350023, 5.781394243350023], 
[136.12616875886334, 136.12616875886334, 136.12616875886334, 136.12616875886334, 136.12616875886334, 136.12616875886334, 136.12616875886334, 136.12616875886334, 136.12616875886334, 83.18504292633828, 83.18504292633828, 83.18504292633828, 47.06423934982334, 47.06423934982334, 34.991891186881375, 23.762287735692805, 18.778353265503775, 18.778353265503775, 18.778353265503775, 18.778353265503775], 
[123.79878399092821, 123.79878399092821, 123.79878399092821, 123.79878399092821, 123.79878399092821, 123.79878399092821, 87.20170610255092, 87.20170610255092, 32.90006553984483, 32.90006553984483, 32.90006553984483, 32.90006553984483, 32.90006553984483, 22.27235623281356, 22.27235623281356, 22.27235623281356, 22.27235623281356, 22.27235623281356, 19.168735562263944, 19.168735562263944], 
[239.13957885069044, 185.96053777813955, 36.874397883570424, 36.874397883570424, 36.874397883570424, 36.874397883570424, 36.874397883570424, 36.874397883570424, 36.874397883570424, 36.874397883570424, 36.874397883570424, 36.874397883570424, 36.874397883570424, 31.818260698173308, 4.096032289119805, 4.096032289119805, 4.096032289119805, 4.096032289119805, 4.096032289119805, 4.096032289119805], 
[122.5958501146962, 122.5958501146962, 122.5958501146962, 122.5958501146962, 122.5958501146962, 122.5958501146962, 122.5958501146962, 17.354307399385963, 17.354307399385963, 17.354307399385963, 17.354307399385963, 17.354307399385963, 17.354307399385963, 17.354307399385963, 12.89149624263501, 12.89149624263501, 9.488526991969714, 9.488526991969714, 9.488526991969714, 9.488526991969714], 
[187.85673391702386, 98.63091730686261, 98.63091730686261, 98.63091730686261, 98.63091730686261, 61.767164358018036, 61.767164358018036, 61.767164358018036, 61.767164358018036, 61.767164358018036, 8.179209619889406, 8.179209619889406, 8.179209619889406, 8.179209619889406, 8.179209619889406, 8.179209619889406, 8.179209619889406, 8.179209619889406, 8.179209619889406, 8.179209619889406], 
[211.34233251573983, 207.27024530105757, 142.03304725130877, 142.03304725130877, 142.03304725130877, 114.90528500397905, 114.90528500397905, 114.90528500397905, 114.90528500397905, 38.99221211490187, 38.99221211490187, 38.99221211490187, 38.99221211490187, 38.99221211490187, 18.85632951383409, 18.85632951383409, 18.85632951383409, 9.968573252832424, 9.968573252832424, 9.968573252832424], 
[193.5637646711654, 193.5637646711654, 193.5637646711654, 147.20273281871582, 110.49548751702164, 110.49548751702164, 110.49548751702164, 63.196684072093134, 63.196684072093134, 45.71573039553369, 45.71573039553369, 45.71573039553369, 45.71573039553369, 45.71573039553369, 45.71573039553369, 40.891230671864164, 26.424785254962423, 21.69339566606027, 21.69339566606027, 21.69339566606027], 
[36.38665168618108, 36.38665168618108, 36.38665168618108, 36.38665168618108, 36.38665168618108, 36.38665168618108, 18.273562449120558, 18.273562449120558, 18.273562449120558, 18.273562449120558, 18.273562449120558, 18.273562449120558, 18.273562449120558, 18.273562449120558, 18.273562449120558, 18.273562449120558, 18.273562449120558, 18.273562449120558, 5.808661732961632, 5.808661732961632], 
[172.01969049060122, 172.01969049060122, 172.01969049060122, 29.06785455733367, 29.06785455733367, 29.06785455733367, 29.06785455733367, 19.486329383109336, 19.486329383109336, 19.486329383109336, 19.486329383109336, 19.486329383109336, 19.486329383109336, 19.486329383109336, 19.486329383109336, 19.486329383109336, 19.486329383109336, 19.486329383109336, 14.533868961531077, 11.959479709097222], 
[216.55176227891639, 74.24011053978347, 74.24011053978347, 74.24011053978347, 74.24011053978347, 74.24011053978347, 49.19171566284696, 49.19171566284696, 49.19171566284696, 49.19171566284696, 37.947870586902226, 37.947870586902226, 13.25669875884055, 13.25669875884055, 13.25669875884055, 13.25669875884055, 13.25669875884055, 10.931238842601662, 10.931238842601662, 10.931238842601662], 
[176.7701137520915, 176.7701137520915, 176.7701137520915, 176.7701137520915, 173.71736640709668, 109.6693962835781, 47.05267311037078, 47.05267311037078, 47.05267311037078, 47.05267311037078, 47.05267311037078, 47.05267311037078, 47.05267311037078, 47.05267311037078, 12.046868879645528, 12.046868879645528, 12.046868879645528, 8.419941528754151, 8.419941528754151, 8.419941528754151], 
