[201.6756143436726, 201.6756143436726, 201.6756143436726, 201.6756143436726, 201.6756143436726, 142.69181518522245, 142.69181518522245, 142.69181518522245, 142.69181518522245, 142.69181518522245, 142.69181518522245, 142.69181518522245, 142.69181518522245, 142.69181518522245, 79.68252883695843, 76.73896388625006, 76.73896388625006, 76.73896388625006, 14.741975001719101, 14.741975001719101], 
[216.68358526739797, 82.5985234044242, 82.5985234044242, 82.5985234044242, 82.5985234044242, 82.5985234044242, 82.5985234044242, 82.5985234044242, 82.5985234044242, 82.5985234044242, 82.5985234044242, 82.5985234044242, 82.5985234044242, 78.90896958460543, 70.37464313233325, 70.37464313233325, 70.37464313233325, 70.37464313233325, 59.601224107696, 53.796943089928426], 
[213.2063263659926, 187.53929396951216, 187.53929396951216, 102.07259966219102, 102.07259966219102, 102.07259966219102, 102.07259966219102, 102.07259966219102, 102.07259966219102, 102.07259966219102, 102.07259966219102, 102.07259966219102, 102.07259966219102, 102.07259966219102, 102.07259966219102, 102.07259966219102, 98.42988943195729, 58.048206116036766, 58.048206116036766, 58.048206116036766], 
[285.5694442057681, 260.3733342253111, 68.8550753515241, 68.8550753515241, 68.8550753515241, 68.8550753515241, 68.8550753515241, 68.8550753515241, 68.8550753515241, 68.8550753515241, 68.8550753515241, 68.8550753515241, 68.8550753515241, 68.8550753515241, 68.8550753515241, 49.95544677798705, 49.95544677798705, 47.67711244344386, 36.75315761892309, 36.75315761892309], 
[78.41265741902336, 73.71945816955892, 73.71945816955892, 73.71945816955892, 73.71945816955892, 73.71945816955892, 73.71945816955892, 73.71945816955892, 37.8636786204456, 37.8636786204456, 37.8636786204456, 37.8636786204456, 37.8636786204456, 37.8636786204456, 37.8636786204456, 26.574082756508766, 26.574082756508766, 23.179990018966798, 23.179990018966798, 23.179990018966798], 
[334.7867672785548, 245.25180013862206, 245.25180013862206, 245.25180013862206, 245.25180013862206, 229.6715406562967, 207.4386503257122, 45.88493208493939, 45.88493208493939, 45.88493208493939, 45.88493208493939, 45.88493208493939, 45.88493208493939, 45.88493208493939, 45.88493208493939, 12.982852368076783, 12.982852368076783, 12.982852368076783, 12.982852368076783, 12.982852368076783], 
[343.69442134758305, 103.8625135430108, 103.8625135430108, 103.8625135430108, 103.8625135430108, 103.8625135430108, 103.8625135430108, 103.8625135430108, 103.8625135430108, 103.8625135430108, 103.8625135430108, 103.8625135430108, 52.236713061621344, 52.236713061621344, 52.236713061621344, 52.236713061621344, 52.236713061621344, 19.0888019096673, 19.0888019096673, 19.0888019096673], 
[397.2875858109753, 289.8360954606027, 160.31071752512355, 26.256959935206208, 26.256959935206208, 26.256959935206208, 26.256959935206208, 26.256959935206208, 26.256959935206208, 26.256959935206208, 26.256959935206208, 26.256959935206208, 17.687549540367254, 17.687549540367254, 17.687549540367254, 17.687549540367254, 17.687549540367254, 17.687549540367254, 17.687549540367254, 17.687549540367254], 
[285.5587151719505, 228.5156231127388, 121.1822134104599, 121.1822134104599, 121.1822134104599, 121.1822134104599, 121.1822134104599, 113.05182793473432, 113.05182793473432, 113.05182793473432, 113.05182793473432, 113.05182793473432, 73.55289928770509, 73.55289928770509, 73.55289928770509, 73.49010622320746, 73.49010622320746, 61.11253053965625, 61.11253053965625, 61.11253053965625], 
[178.56600879017742, 178.56600879017742, 178.56600879017742, 178.56600879017742, 178.56600879017742, 178.56600879017742, 178.56600879017742, 67.6921930675234, 67.6921930675234, 67.6921930675234, 67.6921930675234, 61.28054917574446, 61.28054917574446, 61.28054917574446, 61.28054917574446, 47.677279857607296, 42.55741588719904, 42.55741588719904, 18.782751073323592, 18.782751073323592], 
[388.1614372518235, 296.11913892697464, 268.98916409526646, 268.98916409526646, 268.98916409526646, 268.98916409526646, 268.98916409526646, 128.79326310842822, 75.84856694557513, 75.84856694557513, 75.84856694557513, 75.84856694557513, 75.84856694557513, 75.84856694557513, 75.84856694557513, 41.374259519515256, 41.374259519515256, 41.374259519515256, 11.169993489401051, 11.169993489401051], 
[378.6529137153323, 119.38153998454504, 119.38153998454504, 119.38153998454504, 43.25244516604451, 43.25244516604451, 43.25244516604451, 43.25244516604451, 43.25244516604451, 43.25244516604451, 43.25244516604451, 43.25244516604451, 43.25244516604451, 43.25244516604451, 43.25244516604451, 20.79220256748883, 20.79220256748883, 20.79220256748883, 20.79220256748883, 20.79220256748883], 
[304.79180036643567, 304.79180036643567, 304.79180036643567, 49.39529115364315, 49.39529115364315, 49.39529115364315, 49.39529115364315, 49.39529115364315, 49.39529115364315, 49.39529115364315, 49.39529115364315, 49.39529115364315, 49.39529115364315, 49.39529115364315, 11.849438304033344, 11.849438304033344, 11.849438304033344, 11.849438304033344, 11.849438304033344, 11.849438304033344], 
[287.14438681370075, 287.14438681370075, 287.14438681370075, 185.632277775732, 185.632277775732, 185.632277775732, 185.632277775732, 185.632277775732, 126.38817068703769, 126.38817068703769, 71.91849593660461, 71.91849593660461, 71.91849593660461, 71.91849593660461, 71.91849593660461, 71.91849593660461, 71.91849593660461, 71.91849593660461, 71.91849593660461, 71.91849593660461], 
[78.67486055095324, 78.67486055095324, 78.67486055095324, 78.67486055095324, 63.35614621847907, 63.35614621847907, 63.35614621847907, 63.35614621847907, 63.35614621847907, 63.35614621847907, 38.71085966616154, 38.71085966616154, 38.71085966616154, 38.71085966616154, 38.71085966616154, 38.71085966616154, 38.71085966616154, 38.71085966616154, 38.71085966616154, 29.828586590577043], 
[241.96025838090097, 241.96025838090097, 241.96025838090097, 200.43848269047032, 200.43848269047032, 200.43848269047032, 200.43848269047032, 200.43848269047032, 162.57946415829858, 71.46906660432106, 71.46906660432106, 71.46906660432106, 71.46906660432106, 71.46906660432106, 71.46906660432106, 71.46906660432106, 71.46906660432106, 71.46906660432106, 67.04999443449549, 67.04999443449549], 
[298.58500148691815, 293.21965744836893, 269.89019403740394, 86.94610346686488, 86.94610346686488, 86.94610346686488, 86.94610346686488, 86.94610346686488, 86.94610346686488, 86.94610346686488, 86.94610346686488, 86.94610346686488, 86.94610346686488, 86.94610346686488, 86.94610346686488, 86.94610346686488, 86.94610346686488, 86.94610346686488, 86.94610346686488, 86.94610346686488], 
[171.24769301606517, 171.24769301606517, 77.96171853400568, 77.96171853400568, 77.96171853400568, 77.96171853400568, 77.96171853400568, 77.96171853400568, 77.96171853400568, 72.10087051385085, 33.250595705542054, 33.250595705542054, 33.250595705542054, 33.250595705542054, 33.250595705542054, 6.185903772750769, 6.185903772750769, 6.185903772750769, 6.185903772750769, 6.185903772750769], 
[77.85319737373045, 14.249423996361184, 14.249423996361184, 14.249423996361184, 14.249423996361184, 14.249423996361184, 14.249423996361184, 14.249423996361184, 14.249423996361184, 14.249423996361184, 14.249423996361184, 14.249423996361184, 14.249423996361184, 14.249423996361184, 14.249423996361184, 14.249423996361184, 14.249423996361184, 14.249423996361184, 14.249423996361184, 14.249423996361184], 
[300.94161154344243, 300.94161154344243, 294.5587319188265, 294.5587319188265, 184.894540361324, 184.894540361324, 139.55662425193015, 139.55662425193015, 79.83463202660066, 79.83463202660066, 79.83463202660066, 65.94691352944963, 65.94691352944963, 65.94691352944963, 65.94691352944963, 61.62169764576448, 61.62169764576448, 25.662041002416757, 25.662041002416757, 25.662041002416757], 
[108.93508822219073, 108.93508822219073, 108.93508822219073, 108.93508822219073, 108.93508822219073, 108.93508822219073, 108.93508822219073, 52.4881237229358, 52.4881237229358, 52.4881237229358, 52.4881237229358, 4.787208318307081, 4.787208318307081, 4.787208318307081, 4.787208318307081, 4.787208318307081, 4.787208318307081, 4.787208318307081, 4.787208318307081, 4.787208318307081], 
[241.06637169463525, 241.06637169463525, 241.06637169463525, 241.06637169463525, 228.74382416674842, 228.74382416674842, 228.74382416674842, 228.74382416674842, 165.94949618833562, 165.94949618833562, 138.3810170459221, 138.3810170459221, 117.90344849871637, 117.90344849871637, 52.9648303902551, 33.52700223880125, 33.52700223880125, 33.52700223880125, 33.52700223880125, 33.52700223880125], 
[341.0575833712656, 341.0575833712656, 341.0575833712656, 341.0575833712656, 136.69545368953592, 136.69545368953592, 136.69545368953592, 136.69545368953592, 136.69545368953592, 136.69545368953592, 136.69545368953592, 91.63743204953353, 91.63743204953353, 91.63743204953353, 70.38561143048345, 70.38561143048345, 70.38561143048345, 40.057839460444846, 40.057839460444846, 40.057839460444846], 
[69.07593030339166, 69.07593030339166, 69.07593030339166, 69.07593030339166, 69.07593030339166, 69.07593030339166, 69.07593030339166, 69.07593030339166, 69.07593030339166, 69.07593030339166, 69.07593030339166, 69.07593030339166, 69.07593030339166, 69.07593030339166, 69.07593030339166, 69.07593030339166, 11.38118344918706, 11.38118344918706, 11.38118344918706, 1.8733446344122293], 
[366.1424561393417, 305.62680500665755, 292.85295009887204, 281.20597707766643, 74.54095970858012, 74.54095970858012, 74.54095970858012, 74.54095970858012, 74.54095970858012, 74.54095970858012, 74.54095970858012, 68.39139793297552, 68.39139793297552, 68.39139793297552, 68.39139793297552, 14.35384928509625, 14.35384928509625, 14.35384928509625, 14.35384928509625, 14.35384928509625], 
[381.4422417904944, 293.8706599821834, 287.5323396725101, 280.8371757120983, 244.9919040093892, 172.36953161972974, 172.36953161972974, 172.36953161972974, 150.8943239449304, 150.8943239449304, 150.8943239449304, 134.04121526051705, 134.04121526051705, 134.04121526051705, 134.04121526051705, 65.04710286728282, 65.04710286728282, 48.23636373156029, 48.23636373156029, 43.49500661409219], 
[417.18287227808116, 321.58819666246325, 220.5528366146069, 220.5528366146069, 220.5528366146069, 208.94031416712096, 208.94031416712096, 208.94031416712096, 208.94031416712096, 208.94031416712096, 208.94031416712096, 175.02020512157515, 175.02020512157515, 175.02020512157515, 175.02020512157515, 106.65992426937237, 106.65992426937237, 106.65992426937237, 106.65992426937237, 106.65992426937237], 
[179.38115729438326, 179.38115729438326, 179.38115729438326, 179.38115729438326, 123.83408346934108, 123.83408346934108, 123.83408346934108, 111.29950548212062, 109.30019367221551, 109.30019367221551, 109.30019367221551, 109.30019367221551, 109.30019367221551, 109.30019367221551, 104.29178151550275, 46.733287625341575, 14.933294056910318, 14.933294056910318, 14.933294056910318, 14.933294056910318], 
[133.37042684952686, 133.37042684952686, 133.37042684952686, 133.37042684952686, 133.37042684952686, 133.37042684952686, 133.37042684952686, 34.79610722372568, 34.79610722372568, 34.79610722372568, 34.79610722372568, 34.79610722372568, 26.904405933549214, 26.904405933549214, 26.904405933549214, 26.904405933549214, 26.904405933549214, 26.904405933549214, 26.904405933549214, 26.904405933549214], 
[235.56578742342393, 235.56578742342393, 235.56578742342393, 163.21725286383221, 163.21725286383221, 19.82579593388771, 19.82579593388771, 19.82579593388771, 19.82579593388771, 19.195392033333608, 19.195392033333608, 19.195392033333608, 19.195392033333608, 19.195392033333608, 19.195392033333608, 19.195392033333608, 16.702119923585983, 16.702119923585983, 16.702119923585983, 16.702119923585983], 
