[107.31432681250956, 71.89914686798535, 71.89914686798535, 64.1359365487544, 64.1359365487544, 64.1359365487544, 64.1359365487544, 40.29668085585723, 40.29668085585723, 40.29668085585723, 40.29668085585723, 40.29668085585723, 40.29668085585723, 40.29668085585723, 11.760674260229102, 11.760674260229102, 11.760674260229102, 11.760674260229102, 11.760674260229102, 11.760674260229102], 
[101.86745376430802, 66.27347791221347, 66.27347791221347, 32.947598344507924, 24.48576559441869, 24.48576559441869, 24.48576559441869, 24.48576559441869, 24.48576559441869, 24.48576559441869, 24.48576559441869, 24.48576559441869, 24.48576559441869, 24.48576559441869, 24.48576559441869, 24.48576559441869, 24.48576559441869, 24.48576559441869, 24.48576559441869, 23.202088586114662], 
[119.15318891522337, 75.3065928746768, 75.3065928746768, 75.3065928746768, 36.9777610791763, 36.9777610791763, 36.9777610791763, 36.9777610791763, 36.9777610791763, 36.9777610791763, 36.9777610791763, 22.781273463150196, 18.304810809395565, 18.304810809395565, 13.926796226961562, 13.926796226961562, 13.926796226961562, 13.926796226961562, 8.741396691883695, 8.741396691883695], 
[112.71186281255542, 103.43965396301299, 100.22487069366869, 82.7435138468259, 62.12890091326097, 62.12890091326097, 62.12890091326097, 62.12890091326097, 62.12890091326097, 29.1853298958732, 29.1853298958732, 29.1853298958732, 8.955923512086743, 8.955923512086743, 8.955923512086743, 8.955923512086743, 8.955923512086743, 8.955923512086743, 4.028398373333481, 4.028398373333481], 
[31.70726181542574, 31.70726181542574, 31.70726181542574, 31.70726181542574, 31.70726181542574, 31.70726181542574, 31.70726181542574, 31.70726181542574, 31.70726181542574, 31.70726181542574, 14.342247805971075, 14.342247805971075, 14.342247805971075, 14.342247805971075, 14.342247805971075, 14.342247805971075, 14.342247805971075, 14.342247805971075, 13.71061876265507, 13.71061876265507], 
[114.92732507283681, 108.74767569851893, 95.35291057208624, 95.35291057208624, 88.0312842982821, 44.67980378257985, 44.67980378257985, 44.67980378257985, 44.67980378257985, 44.67980378257985, 12.27956713896985, 12.27956713896985, 12.27956713896985, 12.27956713896985, 5.2157320160457825, 5.2157320160457825, 5.2157320160457825, 5.2157320160457825, 5.2157320160457825, 4.281690629144437], 
[85.72672617611879, 74.31614187968725, 74.31614187968725, 74.31614187968725, 23.025917554953992, 23.025917554953992, 23.025917554953992, 23.025917554953992, 23.025917554953992, 23.025917554953992, 23.025917554953992, 23.025917554953992, 23.025917554953992, 23.025917554953992, 23.025917554953992, 8.604476797846909, 8.604476797846909, 8.604476797846909, 8.604476797846909, 8.604476797846909], 
[58.97037961136, 58.97037961136, 58.97037961136, 58.97037961136, 18.796815488177078, 18.796815488177078, 18.796815488177078, 18.796815488177078, 13.723830366483734, 13.723830366483734, 13.723830366483734, 13.723830366483734, 13.723830366483734, 13.723830366483734, 13.723830366483734, 9.069376149286507, 9.069376149286507, 9.069376149286507, 7.886049285525612, 7.886049285525612], 
[61.32493531838075, 61.32493531838075, 61.32493531838075, 61.32493531838075, 61.32493531838075, 61.32493531838075, 60.535475886786045, 60.535475886786045, 60.535475886786045, 56.73139196461911, 56.73139196461911, 56.73139196461911, 29.31446398624669, 7.3437140533630405, 4.952056023360889, 4.952056023360889, 4.952056023360889, 4.952056023360889, 4.952056023360889, 4.952056023360889], 
[103.81046156935598, 103.4191527346041, 29.348670277264766, 29.348670277264766, 29.348670277264766, 29.348670277264766, 29.348670277264766, 29.348670277264766, 29.348670277264766, 29.348670277264766, 26.565802420699693, 26.565802420699693, 20.770659075027588, 20.770659075027588, 20.770659075027588, 20.770659075027588, 20.770659075027588, 20.770659075027588, 20.770659075027588, 20.50754694773692], 
[74.12400784497532, 74.12400784497532, 74.12400784497532, 74.12400784497532, 74.12400784497532, 68.38987025841352, 38.42819379393619, 30.42147140384968, 30.42147140384968, 30.42147140384968, 30.42147140384968, 6.480127178407497, 6.480127178407497, 6.480127178407497, 6.480127178407497, 6.480127178407497, 6.076702484670319, 6.076702484670319, 6.076702484670319, 6.076702484670319], 
[77.0118298369876, 57.82567589926484, 57.82567589926484, 57.82567589926484, 57.82567589926484, 57.82567589926484, 30.467958321303197, 30.467958321303197, 30.467958321303197, 30.467958321303197, 30.467958321303197, 25.668742388167544, 9.665861552839447, 9.665861552839447, 9.665861552839447, 9.665861552839447, 9.665861552839447, 9.665861552839447, 9.665861552839447, 9.665861552839447], 
[110.27254292776314, 99.45635035124862, 99.45635035124862, 48.576974682215564, 48.576974682215564, 38.951420383196044, 38.951420383196044, 38.951420383196044, 38.951420383196044, 21.55667782805069, 21.55667782805069, 21.55667782805069, 21.55667782805069, 21.55667782805069, 21.55667782805069, 4.004794519989171, 4.004794519989171, 4.004794519989171, 4.004794519989171, 4.004794519989171], 
[69.55863027651908, 69.55863027651908, 69.55863027651908, 69.55863027651908, 69.55863027651908, 59.09472153343621, 57.00932020545535, 57.00932020545535, 20.50759980090553, 20.50759980090553, 20.50759980090553, 20.50759980090553, 20.50759980090553, 1.4607432011964097, 1.4607432011964097, 1.4607432011964097, 1.4607432011964097, 1.4607432011964097, 1.4607432011964097, 1.4607432011964097], 
[84.01181787053962, 84.01181787053962, 84.01181787053962, 84.01181787053962, 84.01181787053962, 51.77727683706347, 51.77727683706347, 51.77727683706347, 51.77727683706347, 51.77727683706347, 51.77727683706347, 51.77727683706347, 51.77727683706347, 51.77727683706347, 51.77727683706347, 51.77727683706347, 51.77727683706347, 51.77727683706347, 51.77727683706347, 51.77727683706347], 
[66.99703416430887, 18.939861641096588, 18.939861641096588, 18.939861641096588, 18.939861641096588, 18.939861641096588, 18.939861641096588, 18.939861641096588, 18.939861641096588, 8.580383083897692, 8.580383083897692, 8.580383083897692, 8.580383083897692, 8.580383083897692, 8.580383083897692, 8.580383083897692, 8.580383083897692, 8.580383083897692, 8.580383083897692, 8.580383083897692], 
[79.46320374908366, 79.46320374908366, 79.46320374908366, 50.53842303007015, 45.47244798497963, 45.47244798497963, 45.47244798497963, 45.47244798497963, 45.47244798497963, 45.47244798497963, 10.877801968832342, 10.877801968832342, 10.877801968832342, 10.877801968832342, 10.877801968832342, 10.877801968832342, 10.877801968832342, 10.877801968832342, 10.877801968832342, 9.28026343322174], 
[52.367622096317376, 52.367622096317376, 52.367622096317376, 52.367622096317376, 52.367622096317376, 52.367622096317376, 35.033256576481804, 35.033256576481804, 35.033256576481804, 33.37348007996322, 33.37348007996322, 33.37348007996322, 33.37348007996322, 33.37348007996322, 23.416705430648182, 23.416705430648182, 23.416705430648182, 23.416705430648182, 23.416705430648182, 23.416705430648182], 
[66.36286382678892, 66.36286382678892, 66.36286382678892, 62.685984567780096, 62.685984567780096, 62.685984567780096, 49.49372635670278, 49.49372635670278, 49.49372635670278, 49.49372635670278, 29.295435936581587, 29.295435936581587, 29.295435936581587, 29.295435936581587, 29.295435936581587, 29.295435936581587, 29.295435936581587, 24.302908673004133, 5.846950401065413, 5.846950401065413], 
[69.85091309329403, 69.85091309329403, 69.85091309329403, 69.85091309329403, 69.85091309329403, 27.99258483729482, 27.99258483729482, 3.3378335962857943, 3.3378335962857943, 3.3378335962857943, 3.3378335962857943, 3.3378335962857943, 3.3378335962857943, 3.3378335962857943, 3.3378335962857943, 3.3378335962857943, 3.3378335962857943, 3.3378335962857943, 3.3378335962857943, 3.3378335962857943], 
[70.45050979831534, 70.45050979831534, 70.45050979831534, 70.45050979831534, 70.45050979831534, 34.25642197898692, 34.25642197898692, 16.73632803843165, 16.73632803843165, 16.73632803843165, 16.73632803843165, 16.73632803843165, 16.73632803843165, 11.496141738528626, 11.496141738528626, 4.118314763403906, 4.118314763403906, 4.118314763403906, 4.118314763403906, 4.118314763403906], 
[85.35270190854867, 85.35270190854867, 85.35270190854867, 17.793576947680698, 17.793576947680698, 17.793576947680698, 17.793576947680698, 17.793576947680698, 14.944274014855047, 14.944274014855047, 14.944274014855047, 14.944274014855047, 14.944274014855047, 14.944274014855047, 6.364261846086935, 6.364261846086935, 6.364261846086935, 6.364261846086935, 6.364261846086935, 6.364261846086935], 
[112.6740451136818, 68.12750514183192, 52.11524155937417, 52.11524155937417, 52.11524155937417, 52.11524155937417, 52.11524155937417, 52.11524155937417, 52.11524155937417, 51.5613541473326, 19.204759365290947, 19.204759365290947, 19.204759365290947, 19.204759365290947, 19.204759365290947, 19.204759365290947, 19.204759365290947, 19.204759365290947, 19.204759365290947, 19.204759365290947], 
[32.69475514222759, 20.832706777411303, 20.832706777411303, 20.832706777411303, 20.832706777411303, 20.832706777411303, 20.832706777411303, 13.076864543145918, 13.076864543145918, 13.076864543145918, 13.076864543145918, 13.076864543145918, 13.076864543145918, 12.809783582001446, 12.809783582001446, 4.675563697128723, 4.675563697128723, 4.675563697128723, 4.675563697128723, 4.675563697128723], 
[77.67190767649676, 39.52875235261586, 39.52875235261586, 39.52875235261586, 39.52875235261586, 39.52875235261586, 39.52875235261586, 39.52875235261586, 39.52875235261586, 39.52875235261586, 39.52875235261586, 39.52875235261586, 30.33468375539627, 30.33468375539627, 22.347150100221654, 22.347150100221654, 19.721058431391384, 19.721058431391384, 19.721058431391384, 19.30805809613615], 
[49.376993146922686, 49.376993146922686, 49.376993146922686, 23.554563373702564, 23.554563373702564, 23.554563373702564, 23.554563373702564, 23.554563373702564, 23.554563373702564, 23.554563373702564, 23.554563373702564, 23.554563373702564, 23.554563373702564, 23.554563373702564, 23.554563373702564, 23.554563373702564, 16.339083208459762, 16.339083208459762, 16.339083208459762, 7.741972104088522], 
[115.27925800960554, 83.36740419519462, 56.95924441703822, 56.95924441703822, 56.95924441703822, 56.95924441703822, 56.95924441703822, 56.95924441703822, 56.95924441703822, 56.95924441703822, 56.95924441703822, 50.83528520539426, 50.83528520539426, 20.315271317124875, 20.315271317124875, 20.315271317124875, 20.315271317124875, 20.315271317124875, 20.315271317124875, 20.315271317124875], 
[62.703030998830336, 50.475808196083996, 50.475808196083996, 50.475808196083996, 50.475808196083996, 50.475808196083996, 50.475808196083996, 50.475808196083996, 50.475808196083996, 50.475808196083996, 50.475808196083996, 26.909146918727533, 17.87137479251704, 17.87137479251704, 6.2499107945059045, 2.409240295310937, 2.409240295310937, 2.409240295310937, 2.409240295310937, 2.409240295310937], 
[73.47068589737341, 65.13408083171704, 65.13408083171704, 65.13408083171704, 49.87251525044442, 49.87251525044442, 49.87251525044442, 49.87251525044442, 49.87251525044442, 49.87251525044442, 5.609189698758992, 5.609189698758992, 5.609189698758992, 5.609189698758992, 5.609189698758992, 5.609189698758992, 5.609189698758992, 5.609189698758992, 5.609189698758992, 5.609189698758992], 
[60.71529893705713, 51.446742934928935, 51.446742934928935, 51.446742934928935, 38.13871548268599, 38.13871548268599, 38.13871548268599, 38.13871548268599, 38.13871548268599, 38.13871548268599, 38.13871548268599, 38.13871548268599, 38.13871548268599, 38.13871548268599, 38.13871548268599, 38.13871548268599, 38.13871548268599, 29.631105956394286, 29.631105956394286, 26.198970592727136], 
