[81.75933448103305, 52.973796145250404, 52.973796145250404, 52.973796145250404, 32.86907615771267, 32.86907615771267, 32.86907615771267, 32.86907615771267, 32.86907615771267, 27.686681387346834, 27.686681387346834, 27.686681387346834, 7.829354205438442, 7.829354205438442, 7.829354205438442, 7.829354205438442, 5.48507553298126, 3.549129702736366, 2.1550031313019513, 0.3191016629958628], 
[109.82109714665114, 42.55361769877233, 42.55361769877233, 42.55361769877233, 42.55361769877233, 42.55361769877233, 42.55361769877233, 42.55361769877233, 29.998187529085527, 29.998187529085527, 29.998187529085527, 29.998187529085527, 29.998187529085527, 29.998187529085527, 7.205673782741954, 7.205673782741954, 7.205673782741954, 7.205673782741954, 7.205673782741954, 7.205673782741954], 
[70.8464623420068, 70.8464623420068, 70.8464623420068, 57.77219303448438, 57.77219303448438, 57.77219303448438, 57.77219303448438, 57.77219303448438, 44.06399625186057, 44.06399625186057, 15.471470225085529, 15.471470225085529, 15.471470225085529, 15.471470225085529, 2.607412219490255, 2.607412219490255, 2.607412219490255, 2.607412219490255, 2.607412219490255, 2.607412219490255], 
[95.56198981256564, 69.95050042960625, 69.95050042960625, 69.95050042960625, 28.83325082070917, 28.83325082070917, 28.83325082070917, 28.83325082070917, 28.83325082070917, 28.83325082070917, 28.83325082070917, 1.1583450097904107, 1.1583450097904107, 1.1583450097904107, 1.1583450097904107, 1.1583450097904107, 1.1583450097904107, 1.1583450097904107, 1.1583450097904107, 1.1583450097904107], 
[6.697556126770062, 6.697556126770062, 6.697556126770062, 6.697556126770062, 6.697556126770062, 0.7962412471226702, 0.7962412471226702, 0.7962412471226702, 0.7962412471226702, 0.7962412471226702, 0.7962412471226702, 0.7962412471226702, 0.7962412471226702, 0.7962412471226702, 0.7962412471226702, 0.7962412471226702, 0.7962412471226702, 0.7962412471226702, 0.7962412471226702, 0.7962412471226702], 
[41.702381209988296, 37.99668260324219, 37.99668260324219, 36.29646046441647, 36.29646046441647, 36.29646046441647, 34.32524913510664, 34.32524913510664, 34.32524913510664, 34.32524913510664, 34.32524913510664, 34.32524913510664, 5.801481088136271, 2.0288895418392294, 2.0288895418392294, 2.0288895418392294, 2.0288895418392294, 2.0288895418392294, 2.0288895418392294, 2.0288895418392294], 
[78.32270542723035, 78.32270542723035, 78.32270542723035, 78.32270542723035, 78.32270542723035, 4.104645085416613, 4.104645085416613, 4.104645085416613, 4.104645085416613, 4.104645085416613, 4.104645085416613, 4.104645085416613, 4.104645085416613, 4.104645085416613, 4.104645085416613, 2.7163840585285595, 2.7163840585285595, 2.7163840585285595, 2.7163840585285595, 2.7163840585285595], 
[35.193626396491965, 11.46430859470063, 11.46430859470063, 11.46430859470063, 11.46430859470063, 11.46430859470063, 11.46430859470063, 11.46430859470063, 11.46430859470063, 11.46430859470063, 1.7042410561975756, 1.7042410561975756, 1.7042410561975756, 1.7042410561975756, 1.7042410561975756, 1.7042410561975756, 1.7042410561975756, 1.7042410561975756, 1.7042410561975756, 0.0011087306462949165], 
[83.0540861025748, 5.710304366211554, 5.710304366211554, 5.710304366211554, 5.710304366211554, 5.710304366211554, 5.710304366211554, 5.710304366211554, 5.710304366211554, 5.710304366211554, 5.710304366211554, 5.710304366211554, 5.710304366211554, 5.710304366211554, 5.710304366211554, 5.710304366211554, 5.710304366211554, 5.190405859185771, 5.190405859185771, 5.190405859185771], 
[76.6194994687186, 76.6194994687186, 76.6194994687186, 76.6194994687186, 76.6194994687186, 57.8842411698896, 8.241067544159563, 8.241067544159563, 8.241067544159563, 8.241067544159563, 8.241067544159563, 5.42960674078605, 5.42960674078605, 5.42960674078605, 5.42960674078605, 5.42960674078605, 3.815012809115373, 3.213806025332521, 0.6072708174952125, 0.6072708174952125], 
[71.55542956169269, 34.0625577383233, 34.0625577383233, 34.0625577383233, 34.0625577383233, 27.04830189802987, 15.910822177358385, 15.910822177358385, 15.910822177358385, 15.910822177358385, 15.910822177358385, 15.910822177358385, 15.910822177358385, 15.910822177358385, 15.910822177358385, 15.910822177358385, 8.251833500012237, 8.251833500012237, 8.251833500012237, 8.251833500012237], 
[110.61645903722656, 67.77312563562106, 67.77312563562106, 52.39013606841535, 52.39013606841535, 52.39013606841535, 52.39013606841535, 14.911752387861272, 14.911752387861272, 14.911752387861272, 14.911752387861272, 11.91991220163319, 11.91991220163319, 11.91991220163319, 11.91991220163319, 11.91991220163319, 11.91991220163319, 11.91991220163319, 11.91991220163319, 1.3879434086141698], 
[26.907023915893674, 26.907023915893674, 0.550073594705609, 0.550073594705609, 0.550073594705609, 0.550073594705609, 0.550073594705609, 0.550073594705609, 0.550073594705609, 0.550073594705609, 0.550073594705609, 0.550073594705609, 0.550073594705609, 0.550073594705609, 0.550073594705609, 0.550073594705609, 0.550073594705609, 0.550073594705609, 0.550073594705609, 0.550073594705609], 
[81.73943925223912, 81.73943925223912, 81.73943925223912, 50.40821685195282, 45.515216030829286, 45.515216030829286, 45.515216030829286, 45.515216030829286, 10.0375849231194, 10.0375849231194, 10.0375849231194, 10.0375849231194, 10.0375849231194, 10.0375849231194, 10.0375849231194, 10.0375849231194, 10.0375849231194, 3.3322138259821186, 3.3322138259821186, 3.3322138259821186], 
[78.57815549636304, 78.57815549636304, 12.518868991062297, 12.518868991062297, 12.518868991062297, 12.518868991062297, 12.518868991062297, 12.518868991062297, 12.518868991062297, 1.445347145010428, 1.445347145010428, 1.445347145010428, 1.445347145010428, 1.445347145010428, 1.445347145010428, 1.445347145010428, 1.445347145010428, 1.445347145010428, 1.445347145010428, 1.445347145010428], 
[77.95412484626911, 77.95412484626911, 67.26599189291436, 63.34911906932249, 51.895759426880915, 51.895759426880915, 51.895759426880915, 13.037947269017602, 13.037947269017602, 13.037947269017602, 13.037947269017602, 13.037947269017602, 13.037947269017602, 13.037947269017602, 1.9945063594593624, 1.9945063594593624, 1.9945063594593624, 1.9049772936173148, 1.9049772936173148, 1.9049772936173148], 
[68.06762502400913, 68.06762502400913, 68.06762502400913, 19.24559270269102, 19.24559270269102, 19.24559270269102, 19.24559270269102, 19.24559270269102, 19.24559270269102, 19.24559270269102, 12.273304598932407, 12.273304598932407, 12.273304598932407, 12.273304598932407, 12.273304598932407, 12.273304598932407, 7.632083253805523, 3.9518417211757644, 3.9518417211757644, 3.9518417211757644], 
[49.668521928272504, 26.996624439381687, 26.996624439381687, 26.996624439381687, 26.996624439381687, 26.996624439381687, 16.328215178305665, 16.328215178305665, 16.328215178305665, 16.328215178305665, 16.328215178305665, 16.328215178305665, 16.328215178305665, 16.328215178305665, 16.328215178305665, 16.328215178305665, 16.328215178305665, 7.2203221947063625, 4.917635647011017, 4.917635647011017], 
[72.74112212323962, 61.98886776117857, 61.98886776117857, 61.98886776117857, 61.98886776117857, 61.98886776117857, 57.13085507118226, 57.13085507118226, 57.13085507118226, 36.53927108190548, 36.53927108190548, 36.53927108190548, 36.53927108190548, 25.24844255543379, 24.223498695660652, 5.704619370322554, 5.704619370322554, 5.704619370322554, 5.704619370322554, 5.588022295871859], 
[95.37492465580566, 84.79368148687631, 84.79368148687631, 84.79368148687631, 38.24362322483463, 26.331715862328526, 26.331715862328526, 26.331715862328526, 26.331715862328526, 26.331715862328526, 14.459791917046877, 14.459791917046877, 14.459791917046877, 5.931624866796429, 5.931624866796429, 5.931624866796429, 5.931624866796429, 5.931624866796429, 5.931624866796429, 5.931624866796429], 
[42.07350934917043, 42.07350934917043, 42.07350934917043, 42.07350934917043, 42.07350934917043, 42.07350934917043, 42.07350934917043, 21.975809086760673, 21.975809086760673, 21.975809086760673, 21.975809086760673, 14.189586986701823, 14.189586986701823, 0.7297962328746019, 0.7297962328746019, 0.7297962328746019, 0.7297962328746019, 0.7297962328746019, 0.7297962328746019, 0.7297962328746019], 
[110.26294367324181, 44.11809361691, 44.11809361691, 44.11809361691, 9.488198834894941, 9.488198834894941, 9.488198834894941, 9.488198834894941, 9.488198834894941, 9.488198834894941, 9.10116146392532, 9.10116146392532, 9.10116146392532, 4.351432811331283, 4.351432811331283, 4.351432811331283, 1.1732986549035198, 1.1732986549035198, 1.1732986549035198, 1.1732986549035198], 
[32.60812324300011, 32.60812324300011, 32.60812324300011, 32.60812324300011, 32.60812324300011, 32.60812324300011, 32.60812324300011, 32.60812324300011, 32.60812324300011, 32.60812324300011, 5.439260778121254, 5.439260778121254, 5.439260778121254, 5.439260778121254, 5.439260778121254, 5.439260778121254, 5.247296106622167, 5.247296106622167, 2.1307524522352663, 2.1307524522352663], 
[102.44614510317173, 93.32259438082897, 51.49171628562014, 51.49171628562014, 34.30134960544411, 34.30134960544411, 34.30134960544411, 6.570442431419677, 6.570442431419677, 6.570442431419677, 6.570442431419677, 6.570442431419677, 6.570442431419677, 6.570442431419677, 6.570442431419677, 5.047013635972927, 5.047013635972927, 5.047013635972927, 5.047013635972927, 2.1071538158300624], 
[106.66325169886936, 106.66325169886936, 96.92664671152015, 96.92664671152015, 96.92664671152015, 74.83860559493309, 74.83860559493309, 74.83860559493309, 74.83860559493309, 20.507284605932462, 20.507284605932462, 20.507284605932462, 20.507284605932462, 20.507284605932462, 20.507284605932462, 20.507284605932462, 6.254626950671773, 6.254626950671773, 6.254626950671773, 6.254626950671773], 
[58.566000578464546, 58.566000578464546, 58.566000578464546, 58.566000578464546, 56.15598809227078, 56.15598809227078, 33.94902591467739, 33.94902591467739, 18.39235028392085, 18.39235028392085, 18.39235028392085, 17.415118072936203, 15.549129190640679, 7.897699834880572, 7.897699834880572, 7.897699834880572, 3.035220412301965, 3.035220412301965, 3.035220412301965, 3.035220412301965], 
[88.11046525044092, 84.00289303681434, 67.01028744396234, 67.01028744396234, 67.01028744396234, 67.01028744396234, 66.9229383936808, 31.058095592268415, 5.448425285192106, 5.448425285192106, 5.448425285192106, 5.448425285192106, 5.448425285192106, 5.448425285192106, 5.448425285192106, 5.448425285192106, 5.448425285192106, 5.448425285192106, 5.448425285192106, 5.433378262234158], 
[105.09038098721463, 105.09038098721463, 62.290680003769594, 62.290680003769594, 62.290680003769594, 62.290680003769594, 62.290680003769594, 62.290680003769594, 52.79151563263638, 52.79151563263638, 19.470631846415674, 19.470631846415674, 1.1725848438694733, 1.1725848438694733, 1.1725848438694733, 1.1725848438694733, 1.1725848438694733, 1.1725848438694733, 1.1725848438694733, 1.1725848438694733], 
[50.17995419537289, 29.200616921411687, 4.446007231299213, 4.446007231299213, 4.446007231299213, 4.446007231299213, 4.446007231299213, 4.446007231299213, 2.589492061226074, 2.589492061226074, 2.589492061226074, 2.589492061226074, 2.589492061226074, 2.589492061226074, 2.589492061226074, 2.589492061226074, 2.589492061226074, 2.589492061226074, 2.589492061226074, 2.3189593558051738], 
[44.310684723925334, 44.310684723925334, 44.310684723925334, 44.310684723925334, 44.310684723925334, 44.310684723925334, 39.66180491003679, 39.66180491003679, 23.720881396136512, 17.273768522599752, 17.273768522599752, 4.580225223103177, 4.580225223103177, 1.6931727556510723, 1.6931727556510723, 1.6931727556510723, 1.6931727556510723, 1.6931727556510723, 1.6931727556510723, 1.6931727556510723], 
