[110.57306068782984, 110.57306068782984, 110.57306068782984, 110.57306068782984, 23.49478857746379, 23.49478857746379, 23.49478857746379, 23.49478857746379, 23.49478857746379, 23.49478857746379, 23.49478857746379, 23.49478857746379, 23.49478857746379, 23.49478857746379, 23.49478857746379, 15.511808357458607, 15.511808357458607, 15.511808357458607, 13.825453203808271, 13.825453203808271], 
[102.42341701076174, 102.42341701076174, 102.42341701076174, 102.42341701076174, 102.42341701076174, 102.42341701076174, 82.78237362227844, 82.78237362227844, 34.02037909668268, 34.02037909668268, 34.02037909668268, 34.02037909668268, 34.02037909668268, 8.464147099759796, 8.464147099759796, 8.464147099759796, 8.464147099759796, 8.464147099759796, 8.464147099759796, 8.464147099759796], 
[123.85797612636887, 36.30730450350534, 36.30730450350534, 36.30730450350534, 36.30730450350534, 36.30730450350534, 36.30730450350534, 36.30730450350534, 36.30730450350534, 19.242384766049003, 19.242384766049003, 19.242384766049003, 19.242384766049003, 19.137010106366166, 15.254944547966009, 10.133140593730172, 10.133140593730172, 10.133140593730172, 10.133140593730172, 10.133140593730172], 
[92.24173172996026, 92.24173172996026, 92.24173172996026, 92.24173172996026, 92.24173172996026, 92.24173172996026, 92.24173172996026, 92.24173172996026, 76.18957374742571, 55.63984885664031, 55.63984885664031, 42.85587590173787, 42.85587590173787, 42.85587590173787, 42.34522795574553, 22.883547432988923, 22.883547432988923, 12.525454383608047, 12.525454383608047, 12.525454383608047], 
[130.67917683930494, 130.67917683930494, 130.67917683930494, 99.704179099081, 90.1781383005259, 90.1781383005259, 90.1781383005259, 90.1781383005259, 90.1781383005259, 90.1781383005259, 90.1781383005259, 33.93237635049233, 33.93237635049233, 33.93237635049233, 8.418810638685477, 8.418810638685477, 8.418810638685477, 8.418810638685477, 8.418810638685477, 8.418810638685477], 
[108.20809133522529, 108.20809133522529, 108.20809133522529, 105.95414576248949, 88.00279712425328, 88.00279712425328, 88.00279712425328, 19.018989987614724, 19.018989987614724, 19.018989987614724, 19.018989987614724, 19.018989987614724, 19.018989987614724, 19.018989987614724, 19.018989987614724, 19.018989987614724, 18.04658295596613, 18.04658295596613, 18.04658295596613, 18.04658295596613], 
[86.50580834051121, 86.50580834051121, 86.50580834051121, 86.50580834051121, 86.50580834051121, 86.50580834051121, 19.61489152319217, 19.61489152319217, 19.61489152319217, 19.61489152319217, 19.61489152319217, 19.61489152319217, 19.61489152319217, 19.61489152319217, 19.61489152319217, 19.61489152319217, 19.61489152319217, 19.61489152319217, 6.580464435867446, 6.580464435867446], 
[99.06824178607857, 99.06824178607857, 99.06824178607857, 59.247944266458774, 59.247944266458774, 59.247944266458774, 32.54292642003323, 32.54292642003323, 32.54292642003323, 32.54292642003323, 32.54292642003323, 32.54292642003323, 32.54292642003323, 32.54292642003323, 10.353888648038955, 10.353888648038955, 10.353888648038955, 10.353888648038955, 10.353888648038955, 10.353888648038955], 
[116.94574778040976, 116.94574778040976, 116.94574778040976, 116.94574778040976, 116.94574778040976, 42.629867666928426, 42.629867666928426, 42.629867666928426, 42.629867666928426, 42.629867666928426, 31.51769294188959, 31.51769294188959, 31.51769294188959, 31.51769294188959, 31.51769294188959, 31.51769294188959, 11.193949922541455, 11.193949922541455, 11.193949922541455, 6.09934917874504], 
[113.31167347695688, 113.31167347695688, 113.31167347695688, 113.31167347695688, 113.31167347695688, 113.31167347695688, 105.62286008247062, 44.90253861958573, 44.90253861958573, 44.90253861958573, 13.834597502709862, 13.834597502709862, 13.834597502709862, 13.834597502709862, 13.834597502709862, 13.834597502709862, 11.477212057372103, 11.477212057372103, 6.070086307415073, 6.070086307415073], 
[115.8355566042472, 115.8355566042472, 115.8355566042472, 115.8355566042472, 88.12204862614361, 88.12204862614361, 88.12204862614361, 88.12204862614361, 37.41112735560649, 37.41112735560649, 37.41112735560649, 37.41112735560649, 31.973364220745246, 30.14639240966073, 27.967577591232768, 3.7321463100070966, 3.7321463100070966, 3.7321463100070966, 3.7321463100070966, 3.7321463100070966], 
[131.8242095455713, 131.8242095455713, 131.8242095455713, 66.37648324196624, 66.37648324196624, 58.633958868911165, 58.633958868911165, 58.633958868911165, 58.633958868911165, 58.633958868911165, 58.633958868911165, 58.633958868911165, 58.633958868911165, 58.633958868911165, 8.199116132656599, 8.199116132656599, 8.199116132656599, 8.199116132656599, 8.199116132656599, 8.199116132656599], 
[134.9186034789813, 98.17985381549295, 98.17985381549295, 98.17985381549295, 93.47496252817729, 93.47496252817729, 93.47496252817729, 49.34885030568051, 49.34885030568051, 26.698739867876064, 26.698739867876064, 26.698739867876064, 11.93457850786815, 11.93457850786815, 11.93457850786815, 11.93457850786815, 11.93457850786815, 10.584199579992024, 10.584199579992024, 10.584199579992024], 
[127.5375713932118, 110.69730957987177, 48.454338608236, 33.70051115027513, 33.70051115027513, 33.70051115027513, 33.70051115027513, 33.70051115027513, 33.70051115027513, 33.70051115027513, 33.70051115027513, 33.70051115027513, 33.70051115027513, 33.70051115027513, 17.81449586491445, 17.81449586491445, 17.81449586491445, 17.81449586491445, 17.81449586491445, 17.81449586491445], 
[135.66811329606378, 133.61640402549213, 133.61640402549213, 125.11522192826557, 125.11522192826557, 114.7591540942212, 114.7591540942212, 109.77489978429595, 109.77489978429595, 98.99038489098506, 83.27535117921217, 83.27535117921217, 78.8088546857195, 62.14262948422004, 47.832912358590704, 47.832912358590704, 35.14705295304194, 9.777793985020564, 9.777793985020564, 9.777793985020564], 
[75.04904354128084, 75.04904354128084, 75.04904354128084, 75.04904354128084, 75.04904354128084, 75.04904354128084, 75.04904354128084, 73.02548280021868, 59.751034034467196, 59.751034034467196, 59.751034034467196, 47.67752322952555, 47.67752322952555, 45.21287890241727, 45.21287890241727, 43.76899069294722, 12.869242639584314, 12.869242639584314, 12.869242639584314, 12.869242639584314], 
[90.16510905674329, 90.16510905674329, 90.16510905674329, 76.39478375249719, 76.39478375249719, 76.39478375249719, 76.39478375249719, 69.34841081015159, 69.34841081015159, 69.34841081015159, 66.29607209456928, 32.0349203551988, 32.0349203551988, 32.0349203551988, 4.419397294204751, 4.419397294204751, 4.419397294204751, 4.419397294204751, 4.419397294204751, 4.419397294204751], 
[137.69740639072842, 137.69740639072842, 67.83402948447132, 67.83402948447132, 67.83402948447132, 67.83402948447132, 67.83402948447132, 67.83402948447132, 67.83402948447132, 67.83402948447132, 37.74690319258063, 37.74690319258063, 37.74690319258063, 37.74690319258063, 37.74690319258063, 37.74690319258063, 37.74690319258063, 17.78309841963825, 17.78309841963825, 4.898779445688041], 
[84.44278303165723, 84.44278303165723, 84.44278303165723, 84.44278303165723, 84.44278303165723, 84.44278303165723, 84.44278303165723, 84.44278303165723, 84.44278303165723, 12.701614016432124, 12.701614016432124, 12.701614016432124, 12.701614016432124, 12.701614016432124, 12.701614016432124, 12.701614016432124, 12.701614016432124, 1.1017082640804006, 1.1017082640804006, 1.1017082640804006], 
[163.26163508866478, 119.39381274409021, 82.84922981215792, 82.84922981215792, 82.84922981215792, 82.84922981215792, 22.518587770439602, 22.518587770439602, 22.518587770439602, 22.518587770439602, 22.518587770439602, 22.518587770439602, 12.702391997809162, 12.702391997809162, 12.702391997809162, 8.624852974534278, 8.624852974534278, 8.624852974534278, 8.624852974534278, 8.624852974534278], 
[81.55411063993677, 81.55411063993677, 81.55411063993677, 81.32005822501932, 81.32005822501932, 13.761574079983212, 13.761574079983212, 13.761574079983212, 13.761574079983212, 13.761574079983212, 13.761574079983212, 13.761574079983212, 13.761574079983212, 13.761574079983212, 13.761574079983212, 13.761574079983212, 13.761574079983212, 13.761574079983212, 13.761574079983212, 13.761574079983212], 
[135.98113357571066, 120.84561236972723, 120.84561236972723, 76.3757688930298, 76.3757688930298, 76.3757688930298, 54.78247228155648, 54.78247228155648, 54.78247228155648, 54.78247228155648, 41.32628219950837, 41.32628219950837, 41.32628219950837, 41.32628219950837, 41.32628219950837, 41.32628219950837, 30.266299457219766, 30.266299457219766, 30.266299457219766, 24.228005863562096], 
[120.78168990701785, 120.78168990701785, 120.78168990701785, 43.35288031369159, 43.35288031369159, 43.35288031369159, 43.35288031369159, 43.35288031369159, 43.35288031369159, 32.96044584525421, 32.96044584525421, 32.96044584525421, 32.96044584525421, 23.20582175222937, 23.20582175222937, 23.20582175222937, 12.327826067338698, 12.327826067338698, 2.8483543676350678, 2.8483543676350678], 
[67.38377368469882, 67.38377368469882, 51.967129150637575, 51.967129150637575, 51.967129150637575, 3.660597355888095, 3.660597355888095, 3.660597355888095, 3.660597355888095, 3.660597355888095, 3.660597355888095, 3.660597355888095, 3.660597355888095, 2.224612479259344, 2.224612479259344, 2.224612479259344, 2.224612479259344, 2.224612479259344, 2.224612479259344, 2.224612479259344], 
[87.11409706394326, 87.11409706394326, 87.11409706394326, 87.11409706394326, 87.11409706394326, 87.11409706394326, 87.11409706394326, 48.79131796741638, 48.79131796741638, 48.79131796741638, 18.15285485263102, 18.15285485263102, 18.15285485263102, 18.15285485263102, 4.463284417538652, 4.463284417538652, 4.463284417538652, 4.463284417538652, 4.463284417538652, 4.463284417538652], 
[141.2410917042721, 141.2410917042721, 60.11588675992435, 60.11588675992435, 60.11588675992435, 60.11588675992435, 60.11588675992435, 60.11588675992435, 60.11588675992435, 60.11588675992435, 44.00624712339598, 31.873850540997736, 31.873850540997736, 31.873850540997736, 31.873850540997736, 24.212869995469465, 24.212869995469465, 24.212869995469465, 14.483326266414199, 8.286565102817002], 
[138.19151426328327, 130.30575742702402, 120.15173386024664, 120.15173386024664, 120.15173386024664, 27.390150200569607, 27.390150200569607, 27.390150200569607, 27.390150200569607, 27.390150200569607, 27.390150200569607, 27.390150200569607, 27.390150200569607, 27.390150200569607, 27.390150200569607, 27.390150200569607, 27.390150200569607, 27.390150200569607, 27.390150200569607, 27.390150200569607], 
[166.99971672233644, 121.96705555805272, 121.96705555805272, 121.96705555805272, 114.42426905618709, 114.42426905618709, 114.42426905618709, 110.8303446540762, 66.70764666788966, 66.70764666788966, 66.70764666788966, 66.70764666788966, 66.70764666788966, 56.52717694619235, 56.52717694619235, 39.965676057847176, 39.965676057847176, 15.993774244822523, 15.993774244822523, 9.82794773665908], 
[103.38236792610734, 20.075959239490942, 20.075959239490942, 20.075959239490942, 20.075959239490942, 20.075959239490942, 20.075959239490942, 20.075959239490942, 20.075959239490942, 20.075959239490942, 20.075959239490942, 20.075959239490942, 20.075959239490942, 20.075959239490942, 20.075959239490942, 20.075959239490942, 20.075959239490942, 20.075959239490942, 20.075959239490942, 20.075959239490942], 
[145.52415237669695, 97.48060917599007, 97.48060917599007, 93.8007499065568, 93.8007499065568, 93.8007499065568, 90.64016639342944, 83.1533093164079, 83.1533093164079, 83.1533093164079, 23.70708694106751, 23.70708694106751, 23.70708694106751, 23.70708694106751, 19.76937464394789, 19.76937464394789, 19.76937464394789, 19.76937464394789, 19.76937464394789, 19.76937464394789], 
