[9035.015452396283, 9035.015452396283, 9035.015452396283, 9035.015452396283, 9035.015452396283, 9035.015452396283, 9035.015452396283, 9035.015452396283, 9035.015452396283, 9035.015452396283, 9035.015452396283, 9035.015452396283, 9035.015452396283, 8769.73793344415, 2546.824301322771, 419.29943686239994, 419.29943686239994, 228.08646746962745, -320.2766472276405, -320.2766472276405], 
[75584.76728673071, 75584.76728673071, 30236.72396180521, 17239.066238731997, 17239.066238731997, 17239.066238731997, 17239.066238731997, 17239.066238731997, 17239.066238731997, 17239.066238731997, 17239.066238731997, -231.0297120761329, -231.0297120761329, -231.0297120761329, -1236.3439526815548, -1236.3439526815548, -1236.3439526815548, -1236.3439526815548, -1236.3439526815548, -1236.3439526815548], 
[2303278.5079162614, 133412.68251493308, 10947.211271912603, 10947.211271912603, 3223.5740113967213, 3223.5740113967213, 1697.3656593276673, 1697.3656593276673, 1697.3656593276673, 1697.3656593276673, 1697.3656593276673, -37.625997289200086, -37.625997289200086, -37.625997289200086, -37.625997289200086, -37.625997289200086, -37.625997289200086, -774.3521374539548, -774.3521374539548, -774.3521374539548], 
[3746857.095571558, 3746857.095571558, 15979.121741156978, 15979.121741156978, 15979.121741156978, 15979.121741156978, 2860.73836401865, 2845.81936420705, 2845.81936420705, 1526.9965306527297, 1526.9965306527297, 482.8807461746344, 482.8807461746344, 482.8807461746344, 482.8807461746344, -168.28133260857908, -224.93832058909652, -224.93832058909652, -224.93832058909652, -224.93832058909652], 
[442006.46462191216, 3609.845942610078, 3609.845942610078, 3609.845942610078, 3609.845942610078, 3609.845942610078, 3609.845942610078, 3609.845942610078, 3609.845942610078, 3609.845942610078, 2527.5384769785833, 2527.5384769785833, 2527.5384769785833, 2527.5384769785833, 2527.5384769785833, 2527.5384769785833, 2527.5384769785833, 2527.5384769785833, 2527.5384769785833, 2527.5384769785833], 
[86781.22299066544, 86781.22299066544, 45516.2687005384, -955.7092916438264, -955.7092916438264, -955.7092916438264, -955.7092916438264, -955.7092916438264, -955.7092916438264, -955.7092916438264, -955.7092916438264, -955.7092916438264, -955.7092916438264, -955.7092916438264, -955.7092916438264, -955.7092916438264, -955.7092916438264, -955.7092916438264, -1026.387366696, -1026.387366696], 
[1801838.7933539972, 328055.0185139529, 68040.31314545289, 68040.31314545289, 68040.31314545289, -1103.283571218838, -1103.283571218838, -1103.283571218838, -1103.283571218838, -1103.283571218838, -1103.283571218838, -1103.283571218838, -1103.283571218838, -1103.283571218838, -1103.283571218838, -1103.283571218838, -1103.283571218838, -1103.283571218838, -1103.283571218838, -1103.283571218838], 
[2314.1520077834084, 2314.1520077834084, 2314.1520077834084, 2314.1520077834084, 2314.1520077834084, -98.76778833623848, -98.76778833623848, -98.76778833623848, -98.76778833623848, -98.76778833623848, -98.76778833623848, -98.76778833623848, -98.76778833623848, -324.7340590473675, -324.7340590473675, -960.8732320158035, -960.8732320158035, -960.8732320158035, -960.8732320158035, -960.8732320158035], 
[7101.506340211734, 7101.506340211734, 7101.506340211734, 7101.506340211734, 2431.8956158459423, 2431.8956158459423, 2431.8956158459423, 2431.8956158459423, 2431.8956158459423, 2431.8956158459423, 2431.8956158459423, 2431.8956158459423, 2431.8956158459423, 2211.1381529896416, 2211.1381529896416, 912.4627911001808, 912.4627911001808, -525.4148807730351, -525.4148807730351, -976.4750433216553], 
[9386672.997906385, 10047.7827846717, 10047.7827846717, 1915.751196547556, -967.7161723545639, -967.7161723545639, -967.7161723545639, -967.7161723545639, -967.7161723545639, -967.7161723545639, -967.7161723545639, -967.7161723545639, -967.7161723545639, -967.7161723545639, -967.7161723545639, -967.7161723545639, -1145.3591720278841, -1145.3591720278841, -1145.3591720278841, -1233.3342637556477], 
[1847390.4925095614, 1847390.4925095614, 14660.523503208815, 14660.523503208815, 14660.523503208815, 11494.674274091149, 11494.674274091149, 11494.674274091149, 11494.674274091149, 11494.674274091149, -458.2755128568075, -458.2755128568075, -458.2755128568075, -458.2755128568075, -458.2755128568075, -458.2755128568075, -458.2755128568075, -458.2755128568075, -458.2755128568075, -458.2755128568075], 
[101639.30748335332, 74995.20071055858, 33991.70436788641, 33991.70436788641, 13862.660050053899, 13862.660050053899, 13862.660050053899, 13862.660050053899, 13862.660050053899, 13862.660050053899, 8324.37085402973, 1368.035500950301, 1368.035500950301, 1368.035500950301, 1368.035500950301, 1368.035500950301, 1368.035500950301, 1368.035500950301, 1368.035500950301, 1368.035500950301], 
[5760303.388512107, 12846.65936493436, 12846.65936493436, 12846.65936493436, 12846.65936493436, 12846.65936493436, 12846.65936493436, 12846.65936493436, 12846.65936493436, 1649.7274208415479, 1649.7274208415479, 1649.7274208415479, 1649.7274208415479, 1649.7274208415479, 1649.7274208415479, -1095.902777376345, -1095.902777376345, -1095.902777376345, -1095.902777376345, -1095.902777376345], 
[571895.6798274998, 571895.6798274998, 14969.7468333727, 14969.7468333727, 14969.7468333727, 14969.7468333727, 10977.4301129083, 10977.4301129083, 7226.674781623207, 7226.674781623207, 3663.4892954607158, 3663.4892954607158, 3663.4892954607158, 3203.9640856502556, 3203.9640856502556, 3203.9640856502556, -616.7174532930704, -616.7174532930704, -616.7174532930704, -616.7174532930704], 
[11848.755636097114, 11848.755636097114, 11848.755636097114, 4593.871691131316, 4593.871691131316, 4593.871691131316, 4593.871691131316, 4593.871691131316, -463.7729805396069, -463.7729805396069, -463.7729805396069, -463.7729805396069, -463.7729805396069, -463.7729805396069, -463.7729805396069, -463.7729805396069, -463.7729805396069, -463.7729805396069, -463.7729805396069, -463.7729805396069], 
[247248.37078662892, 247248.37078662892, 247248.37078662892, 63656.11398654443, 26058.723011609396, 26058.723011609396, 26058.723011609396, 21268.87392244679, 21268.87392244679, 2447.746421044229, 2447.746421044229, 2447.746421044229, 2447.746421044229, -139.16938658759204, -139.16938658759204, -139.16938658759204, -1061.983716817271, -1061.983716817271, -1061.983716817271, -1061.983716817271], 
[44114.454499354135, 28879.705895815798, 28879.705895815798, 28879.705895815798, 13919.6497951913, 8576.698147943578, 8576.698147943578, 8576.698147943578, 8576.698147943578, 8576.698147943578, 8576.698147943578, 7588.140404636539, -1074.4362623342952, -1074.4362623342952, -1074.4362623342952, -1074.4362623342952, -1074.4362623342952, -1074.4362623342952, -1074.4362623342952, -1074.4362623342952], 
[1881751.6726125358, 1881751.6726125358, 5986.422978029397, 5986.422978029397, 5986.422978029397, 5986.422978029397, 5986.422978029397, 5986.422978029397, 5986.422978029397, 3220.6256425992815, 3220.6256425992815, 3220.6256425992815, 3220.6256425992815, 3220.6256425992815, 3220.6256425992815, 2712.977413660078, 2712.977413660078, 2712.977413660078, 2712.977413660078, 2712.977413660078], 
[2315994.694128231, 1927107.1192121753, 91916.19447713086, 2688.268145160972, 2688.268145160972, 2688.268145160972, 2688.268145160972, 2688.268145160972, 2688.268145160972, 2688.268145160972, 2688.268145160972, 2688.268145160972, 2688.268145160972, 2688.268145160972, 2688.268145160972, 2688.268145160972, 2688.268145160972, 922.9012594678543, 922.9012594678543, 922.9012594678543], 
[148736.29210823157, 148736.29210823157, 148736.29210823157, 18963.094437780495, 18963.094437780495, 18963.094437780495, 18963.094437780495, 18963.094437780495, 13813.396848857683, 13813.396848857683, 4207.171660682477, -730.1563674444735, -730.1563674444735, -730.1563674444735, -730.1563674444735, -730.1563674444735, -730.1563674444735, -730.1563674444735, -730.1563674444735, -730.1563674444735], 
[26302.32659238827, 26302.32659238827, 18275.907649216926, 7989.267513588862, 7989.267513588862, 7989.267513588862, 7989.267513588862, 7989.267513588862, 7989.267513588862, 7989.267513588862, -340.93331173490606, -340.93331173490606, -340.93331173490606, -340.93331173490606, -340.93331173490606, -340.93331173490606, -340.93331173490606, -340.93331173490606, -340.93331173490606, -340.93331173490606], 
[1147608.5874904364, 1147608.5874904364, 863957.2614833224, -163.62591185893052, -163.62591185893052, -163.62591185893052, -163.62591185893052, -163.62591185893052, -163.62591185893052, -163.62591185893052, -163.62591185893052, -163.62591185893052, -163.62591185893052, -163.62591185893052, -163.62591185893052, -163.62591185893052, -163.62591185893052, -163.62591185893052, -163.62591185893052, -163.62591185893052], 
[89509.75397710335, 89509.75397710335, 89509.75397710335, 55023.83380869541, 30459.000521235877, 30459.000521235877, 20910.94600716274, 2169.5041595113053, 2169.5041595113053, 2169.5041595113053, 2169.5041595113053, 2169.5041595113053, 2169.5041595113053, -795.3383690725559, -795.3383690725559, -795.3383690725559, -795.3383690725559, -795.3383690725559, -795.3383690725559, -795.3383690725559], 
[4083293.6496821614, 1905653.6471412478, 113437.60460508153, 113437.60460508153, 10946.288332913318, 10946.288332913318, 10946.288332913318, 10946.288332913318, 10946.288332913318, 10946.288332913318, 10946.288332913318, 10946.288332913318, 3177.77977857499, 875.3238089717261, 190.38878754494795, 190.38878754494795, 190.38878754494795, 190.38878754494795, -78.94682768678354, -96.84887203624407], 
[538319.9380358726, 8026.693530054243, 8026.693530054243, 8026.693530054243, 8026.693530054243, 8026.693530054243, 8026.693530054243, 8026.693530054243, 8026.693530054243, 8026.693530054243, 1001.2873530418206, 1001.2873530418206, 1001.2873530418206, 1001.2873530418206, -1050.3187441315501, -1050.3187441315501, -1050.3187441315501, -1050.3187441315501, -1050.3187441315501, -1050.3187441315501], 
[3034557.656698807, 758812.1306930914, 178278.28339149308, 6452.862589849676, 6452.862589849676, 6452.862589849676, 2640.5448098411835, 2640.5448098411835, 2640.5448098411835, 2640.5448098411835, -424.92700786505884, -424.92700786505884, -424.92700786505884, -424.92700786505884, -424.92700786505884, -958.2931539003486, -958.2931539003486, -958.2931539003486, -958.2931539003486, -958.2931539003486], 
[150993.05925503728, 97005.5882697176, 97005.5882697176, 97005.5882697176, 97005.5882697176, 43634.94115365071, 43634.94115365071, 5584.79386282049, 5584.79386282049, 4914.222334058536, 4914.222334058536, 4914.222334058536, 1241.6251126300294, -451.97782488949645, -451.97782488949645, -451.97782488949645, -451.97782488949645, -451.97782488949645, -451.97782488949645, -451.97782488949645], 
[341582.5300307244, 18537.248331004015, 18537.248331004015, 18537.248331004015, 18537.248331004015, 18537.248331004015, 15086.991811328535, 15086.991811328535, 8176.411459161025, 8176.411459161025, 8176.411459161025, 8072.280465612921, 8072.280465612921, 8072.280465612921, 8072.280465612921, 2258.3369669861204, 302.51076579509095, 302.51076579509095, 302.51076579509095, 302.51076579509095], 
[115787.75440920399, 115787.75440920399, 20064.89503487714, 20064.89503487714, 20064.89503487714, 20064.89503487714, 20064.89503487714, 3343.3954679582375, 3343.3954679582375, 3343.3954679582375, 3343.3954679582375, 3343.3954679582375, 3343.3954679582375, 1719.240637933031, -256.60544092853866, -256.60544092853866, -256.60544092853866, -256.60544092853866, -256.60544092853866, -256.60544092853866], 
[1501018.4158357647, 12434.809884173612, 12434.809884173612, 12434.809884173612, 12434.809884173612, 12434.809884173612, 12434.809884173612, 2458.9204990968315, 2458.9204990968315, 190.06516912251436, 190.06516912251436, 190.06516912251436, 190.06516912251436, 190.06516912251436, 190.06516912251436, 190.06516912251436, 190.06516912251436, 190.06516912251436, 190.06516912251436, 190.06516912251436], 
