[1564705.177901538, 180745.463749179, 19006.708463490424, 19006.708463490424, 19006.708463490424, 19006.708463490424, 19006.708463490424, 9084.72959861663, 9084.72959861663, 9084.72959861663, 1538.1313619245343, 1538.1313619245343, 1538.1313619245343, 833.929865916321, 833.929865916321, 182.88704757819778, 182.88704757819778, 182.88704757819778, 182.88704757819778, 182.88704757819778], 
[12971.599349497632, 12971.599349497632, 12971.599349497632, 12971.599349497632, 12971.599349497632, 12971.599349497632, 12971.599349497632, -830.6367813089348, -830.6367813089348, -830.6367813089348, -830.6367813089348, -830.6367813089348, -830.6367813089348, -830.6367813089348, -830.6367813089348, -830.6367813089348, -830.6367813089348, -1269.3168159802328, -1269.3168159802328, -1269.3168159802328], 
[528257.9024447356, 528257.9024447356, 33900.992548681286, 33900.992548681286, 33900.992548681286, 33900.992548681286, 13704.081327532425, 13704.081327532425, 13704.081327532425, 5824.163607779794, 5824.163607779794, 5824.163607779794, 5824.163607779794, 5824.163607779794, 5824.163607779794, 5824.163607779794, -971.3787968413753, -971.3787968413753, -971.3787968413753, -971.3787968413753], 
[377311.1775671861, 2763.8566868286243, 2763.8566868286243, 2763.8566868286243, 2763.8566868286243, 148.89413155789362, 148.89413155789362, 148.89413155789362, 148.89413155789362, -528.3574915475886, -528.3574915475886, -528.3574915475886, -528.3574915475886, -839.5236656359027, -839.5236656359027, -839.5236656359027, -839.5236656359027, -1250.8122558741945, -1250.8122558741945, -1250.8122558741945], 
[52821.30326086093, 52821.30326086093, 52821.30326086093, 52821.30326086093, 52821.30326086093, 15225.872568157662, 15225.872568157662, 15225.872568157662, 12873.466175359223, 12873.466175359223, 12873.466175359223, -873.0174566411739, -873.0174566411739, -873.0174566411739, -873.0174566411739, -873.0174566411739, -873.0174566411739, -873.0174566411739, -873.0174566411739, -873.0174566411739], 
[21279590.005268164, 9215645.10280655, 21289.428327864087, 21289.428327864087, 21289.428327864087, 21289.428327864087, 21289.428327864087, 12661.716133005628, 12661.716133005628, 12661.716133005628, 12370.571127471127, 12370.571127471127, 895.1479970498717, 895.1479970498717, -409.10620323638386, -409.10620323638386, -409.10620323638386, -409.10620323638386, -1291.2976123108747, -1291.2976123108747], 
[9328269.306282388, 75061.64078018516, 75061.64078018516, 75061.64078018516, 75061.64078018516, 1075.56312879513, 1075.56312879513, 1075.56312879513, 1075.56312879513, 1075.56312879513, 1075.56312879513, 1075.56312879513, 1075.56312879513, -253.67598157062616, -253.67598157062616, -253.67598157062616, -253.67598157062616, -253.67598157062616, -253.67598157062616, -253.67598157062616], 
[657810.0688064164, 553142.8712214903, 553142.8712214903, 553142.8712214903, 508639.969333263, 11699.838442597224, 11699.838442597224, 11699.838442597224, 6726.024870192019, 6726.024870192019, 6726.024870192019, 6726.024870192019, 6662.721819806301, 6662.721819806301, -351.0555071082091, -351.0555071082091, -351.0555071082091, -351.0555071082091, -351.0555071082091, -351.0555071082091], 
[47605.57778213175, 14560.151236658186, 14560.151236658186, 14560.151236658186, 10862.084684161662, 10862.084684161662, 10862.084684161662, 2514.0571033241004, 2514.0571033241004, 2514.0571033241004, 2514.0571033241004, 2514.0571033241004, 2514.0571033241004, 2514.0571033241004, 2514.0571033241004, 2514.0571033241004, 2514.0571033241004, -680.7406370466022, -680.7406370466022, -680.7406370466022], 
[495386.9386753325, 270617.95814645546, 26236.56070717347, 13069.984444948708, 13069.984444948708, 13069.984444948708, 35.18640586698575, 35.18640586698575, 35.18640586698575, 35.18640586698575, 35.18640586698575, -873.3685443693303, -873.3685443693303, -873.3685443693303, -873.3685443693303, -873.3685443693303, -873.3685443693303, -873.3685443693303, -873.3685443693303, -873.3685443693303], 
[1324685.782738346, 1324685.782738346, 658240.9117530584, 363290.4145285078, 242126.41161653513, 242126.41161653513, 134531.24432320512, 58323.60421769351, 37980.812944389705, 37980.812944389705, 37980.812944389705, -995.5395834157576, -995.5395834157576, -995.5395834157576, -995.5395834157576, -995.5395834157576, -995.5395834157576, -995.5395834157576, -995.5395834157576, -995.5395834157576], 
[715851.9318753527, 21297.64296146744, 21297.64296146744, 21297.64296146744, 21297.64296146744, 21297.64296146744, 21297.64296146744, -749.6581790579662, -749.6581790579662, -749.6581790579662, -749.6581790579662, -749.6581790579662, -749.6581790579662, -749.6581790579662, -749.6581790579662, -749.6581790579662, -749.6581790579662, -749.6581790579662, -749.6581790579662, -749.6581790579662], 
[1167537.9054502156, 81291.86517994967, 81291.86517994967, 81291.86517994967, 81291.86517994967, 81291.86517994967, 19277.293725034287, 19277.293725034287, 19277.293725034287, 19277.293725034287, 19277.293725034287, 1534.4251878874006, 1534.4251878874006, 1534.4251878874006, 1534.4251878874006, 1534.4251878874006, 1534.4251878874006, 1534.4251878874006, 1534.4251878874006, 180.35950598370823], 
[24180.84445739615, 1495.926518862313, 1495.926518862313, 1495.926518862313, 1495.926518862313, 1495.926518862313, 1495.926518862313, 1495.926518862313, 1495.926518862313, 1495.926518862313, 1495.926518862313, 1495.926518862313, 1495.926518862313, 1495.926518862313, 1495.926518862313, 1495.926518862313, 1495.926518862313, 1495.926518862313, -69.54812663985172, -69.54812663985172], 
[17310.256479342235, 17310.256479342235, 17310.256479342235, 17310.256479342235, 17310.256479342235, 17310.256479342235, 17310.256479342235, 17310.256479342235, 17310.256479342235, 17310.256479342235, 17310.256479342235, 6349.053346734416, 6349.053346734416, 6349.053346734416, 375.45095950938094, 375.45095950938094, 375.45095950938094, -251.25930748260157, -251.25930748260157, -251.25930748260157], 
[6680871.449667555, 1142.601777017749, 1142.601777017749, 1142.601777017749, 1142.601777017749, 1142.601777017749, 1142.601777017749, 1142.601777017749, 1142.601777017749, 1142.601777017749, 1142.601777017749, 1142.601777017749, 1142.601777017749, 1142.601777017749, 1142.601777017749, 1142.601777017749, -7.423181696232859, -7.423181696232859, -7.423181696232859, -7.423181696232859], 
[101030.46881175751, 45893.26716898415, 45893.26716898415, 45893.26716898415, 10220.707020624952, 10220.707020624952, 1875.9043422966338, 1875.9043422966338, 1875.9043422966338, 1875.9043422966338, 1875.9043422966338, 1875.9043422966338, 1875.9043422966338, 1875.9043422966338, 1875.9043422966338, 1875.9043422966338, 1875.9043422966338, 1382.9326471841778, 1382.9326471841778, 1382.9326471841778], 
[2676873.348932035, 169945.70238893162, 169945.70238893162, 169945.70238893162, 169945.70238893162, 169945.70238893162, 135746.19959790198, 22107.31008218482, 22107.31008218482, 2632.106125372091, 2632.106125372091, 2632.106125372091, 2632.106125372091, 2632.106125372091, 63.19456002179368, -113.49799218943781, -782.3948811522724, -782.3948811522724, -782.3948811522724, -782.3948811522724], 
[305562.0364098207, 226571.39387425198, 226571.39387425198, 226571.39387425198, 226571.39387425198, 77795.00539737337, 77795.00539737337, 23292.87461141104, 23292.87461141104, 13111.18460769699, 10621.814407767215, 222.22697008682553, 222.22697008682553, 222.22697008682553, 222.22697008682553, 222.22697008682553, 222.22697008682553, 222.22697008682553, 222.22697008682553, 114.77735223656282], 
[1419971.864375412, 40581.80867228515, 15199.017373548384, 15199.017373548384, 15199.017373548384, 15199.017373548384, 15199.017373548384, 15199.017373548384, 4467.606028752274, 4467.606028752274, 4467.606028752274, 4467.606028752274, 4467.606028752274, 4467.606028752274, -1131.3427255691222, -1131.3427255691222, -1131.3427255691222, -1131.3427255691222, -1131.3427255691222, -1131.3427255691222], 
[56541.375288153264, 56541.375288153264, 56541.375288153264, 1381.5032167713093, -239.25782601258607, -239.25782601258607, -239.25782601258607, -239.25782601258607, -239.25782601258607, -239.25782601258607, -239.25782601258607, -239.25782601258607, -239.25782601258607, -239.25782601258607, -239.25782601258607, -941.4943568409227, -941.4943568409227, -941.4943568409227, -1072.3350950034546, -1072.3350950034546], 
[1722930.4967364457, 25390.51351969436, 25390.51351969436, 25390.51351969436, 25390.51351969436, 25390.51351969436, 25390.51351969436, 25390.51351969436, 25390.51351969436, 25390.51351969436, 6786.041124776376, 6786.041124776376, 6786.041124776376, 6786.041124776376, -841.9961605740463, -841.9961605740463, -841.9961605740463, -841.9961605740463, -841.9961605740463, -841.9961605740463], 
[412874.65577365004, 209562.388830546, 195080.99998469674, 195080.99998469674, 195080.99998469674, 158047.12576926162, 127358.56057293144, 5951.3351229093305, 5951.3351229093305, 5951.3351229093305, 5951.3351229093305, 5951.3351229093305, 2292.69822618714, 2292.69822618714, 2292.69822618714, 2292.69822618714, 2292.69822618714, -873.6656689649883, -873.6656689649883, -873.6656689649883], 
[165035.75160566787, 165035.75160566787, 165035.75160566787, 165035.75160566787, 165035.75160566787, 15097.207728617861, -1155.0513418542141, -1155.0513418542141, -1155.0513418542141, -1155.0513418542141, -1155.0513418542141, -1155.0513418542141, -1155.0513418542141, -1155.0513418542141, -1155.0513418542141, -1155.0513418542141, -1155.0513418542141, -1155.0513418542141, -1155.0513418542141, -1155.0513418542141], 
[254416.9686835516, 254416.9686835516, 173942.07765509578, 173942.07765509578, 173942.07765509578, 168859.4257286261, 168859.4257286261, 168859.4257286261, 68257.62593671586, 68257.62593671586, 29228.60387305352, 29228.60387305352, 642.4046623555739, 642.4046623555739, 642.4046623555739, 642.4046623555739, -672.5530719897038, -672.5530719897038, -672.5530719897038, -672.5530719897038], 
[2450360.521541868, 2450360.521541868, 1464372.2894901372, 1464372.2894901372, 1456283.1908205773, 323986.26434662455, 13941.006343642977, 13941.006343642977, 13941.006343642977, 13941.006343642977, 13941.006343642977, 1885.110754895436, 1885.110754895436, 1885.110754895436, 1587.631015399736, 1513.8237550091972, 1513.8237550091972, -357.8092469250123, -1000.6229775759489, -1000.6229775759489], 
[2115439.8285290617, 612666.5853580293, 612666.5853580293, 612666.5853580293, 9519.152614879735, 9519.152614879735, 9519.152614879735, 8094.186964303402, 2450.041670727364, 2450.041670727364, 2450.041670727364, 2450.041670727364, 2450.041670727364, 2450.041670727364, 2450.041670727364, 2450.041670727364, 1655.356706895263, 1655.356706895263, 1655.356706895263, -185.33882329499875], 
[501743.7029117862, 1996.2206653145176, 1996.2206653145176, 1996.2206653145176, 1996.2206653145176, 1996.2206653145176, 1996.2206653145176, 1996.2206653145176, 1996.2206653145176, 1996.2206653145176, 1996.2206653145176, 1996.2206653145176, 1996.2206653145176, 1996.2206653145176, 1996.2206653145176, 1090.2864468772236, 1090.2864468772236, 1090.2864468772236, 335.1978382456823, 220.11645073064324], 
[286264.0254773706, 286264.0254773706, 115317.70372576242, 24189.245551344262, 13529.9521661572, 2589.6604789403377, 2589.6604789403377, 2589.6604789403377, 2589.6604789403377, 2589.6604789403377, 159.66336022579844, 159.66336022579844, -384.8860703089483, -663.4288412399504, -663.4288412399504, -663.4288412399504, -663.4288412399504, -663.4288412399504, -663.4288412399504, -663.4288412399504], 
[121427.78610589875, 121427.78610589875, 58862.78976766615, 58862.78976766615, 58862.78976766615, 58862.78976766615, 58862.78976766615, 3077.236137301399, 3077.236137301399, 31.27085819846252, 31.27085819846252, 31.27085819846252, 31.27085819846252, 31.27085819846252, 31.27085819846252, 31.27085819846252, 31.27085819846252, -502.53921059037964, -502.53921059037964, -502.53921059037964], 
