[0.29263530819192285, 0.18436473963591377, 0.18436473963591377, 0.18436473963591377, 0.1660248422302525, 0.017582694000664638, 0.017582694000664638, 0.017582694000664638, 0.017582694000664638, 0.017582694000664638, 0.017582694000664638, 0.0009363306339713087, 0.0009363306339713087, 0.0009363306339713087, 0.0009363306339713087, 0.0009363306339713087, 0.0009363306339713087, 0.0009363306339713087, 0.0009363306339713087, 0.0009363306339713087], 
[0.13911506030940676, 0.13911506030940676, 0.13911506030940676, 0.13911506030940676, 0.13911506030940676, 0.07812227489306986, 0.07812227489306986, 0.07812227489306986, 0.07812227489306986, 0.07812227489306986, 0.07812227489306986, 0.07812227489306986, 0.0033399462117421072, 0.0033399462117421072, 0.0033399462117421072, 0.0033399462117421072, 0.0033399462117421072, 0.0033399462117421072, 0.0033399462117421072, 0.0033399462117421072], 
[0.5724202550035407, 0.37210693708330383, 0.37210693708330383, 0.37210693708330383, 0.37210693708330383, 0.37210693708330383, 0.37210693708330383, 0.37210693708330383, 0.07528595019738475, 0.0642402323964034, 0.0642402323964034, 0.0642402323964034, 0.0642402323964034, 0.0642402323964034, 0.0597944037951924, 0.02036211392894004, 0.008789362101824625, 0.008789362101824625, 0.008789362101824625, 0.008789362101824625], 
[0.7327825215089856, 0.0315976099295236, 0.0315976099295236, 0.0315976099295236, 0.0315976099295236, 0.0315976099295236, 0.0315976099295236, 0.0315976099295236, 0.007472637962340363, 0.007472637962340363, 0.007472637962340363, 0.007472637962340363, 0.007472637962340363, 0.007472637962340363, 0.007472637962340363, 0.007472637962340363, 0.007472637962340363, 0.0023561730189182273, 0.0023561730189182273, 0.0023561730189182273], 
[0.02265375565033808, 0.02265375565033808, 0.02265375565033808, 0.02265375565033808, 0.02265375565033808, 0.02265375565033808, 0.003603000234254288, 0.003603000234254288, 0.003603000234254288, 0.003603000234254288, 0.003603000234254288, 0.003603000234254288, 0.003603000234254288, 0.003603000234254288, 0.003603000234254288, 0.003603000234254288, 0.003603000234254288, 0.003603000234254288, 0.0032506720726096497, 0.0032506720726096497], 
[0.9512816256366117, 0.9512816256366117, 0.04938522110203049, 0.04938522110203049, 0.04938522110203049, 0.04938522110203049, 0.04938522110203049, 0.04938522110203049, 0.04938522110203049, 0.045575733287804746, 0.020112916107270524, 0.020112916107270524, 0.020112916107270524, 0.005211486636837032, 0.005211486636837032, 0.005211486636837032, 0.005211486636837032, 0.005211486636837032, 0.0037194064460199646, 0.0037194064460199646], 
[0.019710665553035474, 0.019710665553035474, 0.019710665553035474, 0.019710665553035474, 0.019710665553035474, 0.019710665553035474, 0.019710665553035474, 0.019710665553035474, 0.019710665553035474, 0.009367136694403312, 0.008182654351622956, 0.008182654351622956, 0.008182654351622956, 0.008182654351622956, 0.008182654351622956, 0.008182654351622956, 0.008182654351622956, 0.008182654351622956, 0.008182654351622956, 0.008182654351622956], 
[0.2326136568029718, 0.2326136568029718, 0.20771684541276536, 0.20771684541276536, 0.20771684541276536, 0.20771684541276536, 0.08577849281569212, 0.08577849281569212, 0.08577849281569212, 0.06547686782879157, 0.04467032694841344, 0.04467032694841344, 0.04467032694841344, 0.0224653379558846, 0.007843223047473109, 0.0008043840020179971, 0.0008043840020179971, 0.0008043840020179971, 0.0008043840020179971, 0.0008043840020179971], 
[2.8152981993826978, 0.1996678976748926, 0.1996678976748926, 0.1996678976748926, 0.1996678976748926, 0.10964565806829364, 0.011417672343622336, 0.011417672343622336, 0.011417672343622336, 0.011417672343622336, 0.011417672343622336, 0.011417672343622336, 0.011417672343622336, 0.011417672343622336, 0.011417672343622336, 0.011417672343622336, 0.011417672343622336, 0.011417672343622336, 0.006929044459944306, 0.006929044459944306], 
[0.5325797661106375, 0.5325797661106375, 0.36719734523906244, 0.36719734523906244, 0.36719734523906244, 0.36719734523906244, 0.34325852190735406, 0.3286388938860634, 0.11704528671186253, 0.07187757191527991, 0.07187757191527991, 0.07187757191527991, 0.0442486880259642, 0.0442486880259642, 0.0442486880259642, 0.017748096757038846, 0.009170772830620413, 0.00043151632823819434, 0.00043151632823819434, 0.00043151632823819434], 
[0.4764394150799224, 0.4764394150799224, 0.4764394150799224, 0.21670872968596722, 0.19996687796562884, 0.08383060465989133, 0.08383060465989133, 0.08383060465989133, 0.08383060465989133, 0.05614340522965526, 0.05614340522965526, 0.011683394813637308, 0.011683394813637308, 0.011683394813637308, 0.011683394813637308, 0.011683394813637308, 0.011683394813637308, 0.011683394813637308, 0.011683394813637308, 0.011683394813637308], 
[0.08043474805700002, 0.07948643546253864, 0.07948643546253864, 0.07948643546253864, 0.07948643546253864, 0.07948643546253864, 0.07948643546253864, 0.07948643546253864, 0.07948643546253864, 0.07948643546253864, 0.07948643546253864, 0.02611895520817187, 0.012352908843250927, 0.012352908843250927, 0.012352908843250927, 0.0010468764157751424, 0.0010468764157751424, 0.0010468764157751424, 0.0010468764157751424, 0.0010468764157751424], 
[0.4365756783571568, 0.4365756783571568, 0.4365756783571568, 0.21175559117072978, 0.05403987486565375, 0.05403987486565375, 0.05403987486565375, 0.05403987486565375, 0.04307191224939317, 0.04307191224939317, 0.04307191224939317, 0.04307191224939317, 0.04307191224939317, 0.04307191224939317, 0.03476814324816563, 0.03476814324816563, 0.03425381254704107, 0.006461372514746586, 0.004050088185164953, 0.004050088185164953], 
[0.19800873647820627, 0.19800873647820627, 0.06855491461535429, 0.06855491461535429, 0.06855491461535429, 0.06855491461535429, 0.06855491461535429, 0.06855491461535429, 0.024752486022795554, 0.024752486022795554, 0.024752486022795554, 0.024752486022795554, 0.024752486022795554, 0.020463906997116983, 0.014052107545495417, 0.004352722148334718, 0.004352722148334718, 0.002468968189364529, 0.002468968189364529, 0.002468968189364529], 
[0.18530232629481186, 0.09661985751485513, 0.06982973433415543, 0.06982973433415543, 0.06982973433415543, 0.06982973433415543, 0.06982973433415543, 0.06982973433415543, 0.06982973433415543, 0.06982973433415543, 0.06982973433415543, 0.06982973433415543, 0.06663152969604459, 0.06663152969604459, 0.06388577351154184, 0.06388577351154184, 0.05644101585684778, 0.024380192350557637, 0.024380192350557637, 0.006297673082841386], 
[0.02653464491849637, 0.02653464491849637, 0.02653464491849637, 0.02653464491849637, 0.02653464491849637, 0.02653464491849637, 0.02653464491849637, 0.02653464491849637, 0.022365815372739357, 0.022365815372739357, 0.022365815372739357, 0.022365815372739357, 0.022365815372739357, 0.022365815372739357, 0.002153138579685226, 0.002153138579685226, 0.002153138579685226, 0.002153138579685226, 0.002153138579685226, 0.002153138579685226], 
[0.9792868805490911, 0.9792868805490911, 0.6828124259003999, 0.06201819350629213, 0.05015415602071459, 0.05015415602071459, 0.05015415602071459, 0.004459489608473723, 0.004459489608473723, 0.004459489608473723, 0.004459489608473723, 0.004459489608473723, 0.004459489608473723, 0.004459489608473723, 0.004459489608473723, 0.004459489608473723, 0.004459489608473723, 0.004459489608473723, 0.004459489608473723, 0.004459489608473723], 
[0.012783940757415485, 0.012783940757415485, 0.012783940757415485, 0.012783940757415485, 0.012783940757415485, 0.012783940757415485, 0.012783940757415485, 0.012783940757415485, 0.012783940757415485, 0.0014526555676208606, 0.0014526555676208606, 0.0014526555676208606, 0.0014526555676208606, 0.0014526555676208606, 0.0014526555676208606, 0.0014526555676208606, 0.0014526555676208606, 0.0014526555676208606, 0.0014526555676208606, 0.0014526555676208606], 
[0.49608620975147205, 0.49608620975147205, 0.49608620975147205, 0.49608620975147205, 0.1768544838219178, 0.1768544838219178, 0.09220730654540467, 0.09220730654540467, 0.04767166686909295, 0.04767166686909295, 0.04767166686909295, 0.04767166686909295, 0.04767166686909295, 0.025181608677317443, 0.025181608677317443, 0.025181608677317443, 0.025181608677317443, 0.0009892438675546626, 0.0009892438675546626, 0.0009892438675546626], 
[0.7587026926847706, 0.18681292158736107, 0.18681292158736107, 0.18681292158736107, 0.1611472279492715, 0.12291429154089176, 0.007993612597394336, 0.007993612597394336, 0.007993612597394336, 0.007993612597394336, 0.007993612597394336, 0.007993612597394336, 0.00747891974052907, 0.00747891974052907, 0.00747891974052907, 0.00747891974052907, 0.00081329850290926, 0.00081329850290926, 0.00081329850290926, 0.00081329850290926], 
[0.43555174990398854, 0.2246123698124876, 0.2246123698124876, 0.2246123698124876, 0.0736638826040328, 0.020863053036327784, 0.020863053036327784, 0.020863053036327784, 0.020863053036327784, 0.012496574542394293, 0.012496574542394293, 0.012496574542394293, 0.012496574542394293, 0.012496574542394293, 0.009782730096366871, 0.009782730096366871, 0.009782730096366871, 0.009782730096366871, 0.009782730096366871, 0.009782730096366871], 
[0.1579237161580065, 0.1579237161580065, 0.1579237161580065, 0.1579237161580065, 0.001100844136909395, 0.001100844136909395, 0.001100844136909395, 0.001100844136909395, 0.001100844136909395, 0.001100844136909395, 0.001100844136909395, 0.001100844136909395, 0.001100844136909395, 0.001100844136909395, 0.001100844136909395, 0.001100844136909395, 0.001100844136909395, 0.001100844136909395, 0.001100844136909395, 0.001100844136909395], 
[0.6382454248401692, 0.6382454248401692, 0.16571201548957729, 0.16571201548957729, 0.005247997381398908, 0.005247997381398908, 0.005247997381398908, 0.005247997381398908, 0.005247997381398908, 0.005247997381398908, 0.00430659050242182, 0.00430659050242182, 0.00430659050242182, 0.00430659050242182, 0.0020364321054341015, 0.0020364321054341015, 0.0020364321054341015, 0.0002530609265117525, 0.0002530609265117525, 0.0002530609265117525], 
[1.3964035186023525, 0.07059511439480283, 0.07059511439480283, 0.07059511439480283, 0.07059511439480283, 0.07059511439480283, 0.07059511439480283, 0.07059511439480283, 0.07059511439480283, 0.07059511439480283, 0.019067871484410838, 0.019067871484410838, 0.019067871484410838, 0.019067871484410838, 0.019067871484410838, 0.019067871484410838, 0.019067871484410838, 0.019067871484410838, 0.019067871484410838, 0.004638811902924833], 
[0.12879167998144975, 0.12879167998144975, 0.12879167998144975, 0.04806716713858797, 0.04806716713858797, 0.04806716713858797, 0.04806716713858797, 0.04806716713858797, 0.016824674137931525, 0.008332383965676236, 0.008332383965676236, 0.008332383965676236, 0.008332383965676236, 0.008332383965676236, 0.008332383965676236, 0.008332383965676236, 0.004846465359910961, 0.002206477496407252, 0.002206477496407252, 0.002206477496407252], 
[0.13434176958191035, 0.021363462308000125, 0.021363462308000125, 0.021363462308000125, 0.021363462308000125, 0.021363462308000125, 0.021363462308000125, 0.021363462308000125, 0.021363462308000125, 0.017152036395358537, 0.017152036395358537, 0.017152036395358537, 0.017152036395358537, 0.012181981632824149, 0.012181981632824149, 0.004871274455836966, 0.004871274455836966, 0.004871274455836966, 0.004871274455836966, 0.004871274455836966], 
[0.037453444377533764, 0.037453444377533764, 0.037453444377533764, 0.03564287973349926, 0.03564287973349926, 0.020717145611035312, 0.020717145611035312, 0.020717145611035312, 0.020717145611035312, 0.020717145611035312, 0.020717145611035312, 0.020717145611035312, 0.020717145611035312, 0.020717145611035312, 0.020717145611035312, 0.009500760096331655, 0.009500760096331655, 0.009500760096331655, 0.009500760096331655, 0.009500760096331655], 
[0.3501937657585514, 0.3501937657585514, 0.3501937657585514, 0.3212022829399091, 0.3212022829399091, 0.3212022829399091, 0.3212022829399091, 0.020829952894037565, 0.020829952894037565, 0.020829952894037565, 0.020829952894037565, 0.002799908831504644, 0.002799908831504644, 0.002799908831504644, 0.002799908831504644, 0.002799908831504644, 0.002799908831504644, 0.002799908831504644, 0.002799908831504644, 0.002799908831504644], 
[0.6103407934955514, 0.29644095325325776, 0.16103503645457598, 0.02618535789620955, 0.02618535789620955, 0.02618535789620955, 0.02618535789620955, 0.02618535789620955, 0.02618535789620955, 0.02618535789620955, 0.02618535789620955, 0.02618535789620955, 0.02618535789620955, 0.02618535789620955, 0.013437848281684477, 0.013437848281684477, 0.007569723002213258, 0.0004463407307412361, 0.0004463407307412361, 0.0004463407307412361], 
[0.10883502350596808, 0.10883502350596808, 0.036884840112389274, 0.036884840112389274, 0.036884840112389274, 0.036884840112389274, 0.036884840112389274, 0.036884840112389274, 0.036884840112389274, 0.036884840112389274, 0.036884840112389274, 0.036884840112389274, 0.011218171143131894, 0.011218171143131894, 0.011218171143131894, 0.0079515122732358, 0.0079515122732358, 0.0059693482577555905, 0.0059693482577555905, 0.0059693482577555905], 
