[29.540712652035243, 29.540712652035243, 20.1373717448969, 20.1373717448969, 10.313149522815278, 10.313149522815278, 10.313149522815278, 10.313149522815278, 10.313149522815278, 10.210541326507238, 7.962208853998403, 4.101020516894709, 4.101020516894709, 4.101020516894709, 4.048626005378976, 1.000403465946311, 1.000403465946311, 1.000403465946311, 1.000403465946311, 1.000403465946311], 
[6.333288379763238, 6.333288379763238, 3.745856032923445, 3.745856032923445, 3.745856032923445, 3.745856032923445, 3.745856032923445, 3.745856032923445, 3.745856032923445, 3.745856032923445, 3.745856032923445, 3.745856032923445, 3.745856032923445, 3.745856032923445, 3.745856032923445, 3.745856032923445, 1.948796241508636, 1.3935313331779817, 1.3935313331779817, 1.3935313331779817], 
[40.88525294439928, 31.440772408273656, 31.440772408273656, 31.440772408273656, 16.846698498393863, 16.846698498393863, 16.846698498393863, 3.338217760335125, 3.338217760335125, 3.338217760335125, 3.338217760335125, 2.5637190963736702, 2.5637190963736702, 2.5637190963736702, 2.5637190963736702, 2.5637190963736702, 2.5637190963736702, 2.5188658780087416, 2.5188658780087416, 2.5188658780087416], 
[46.661962264409865, 28.043499033433555, 12.215140013513762, 12.215140013513762, 12.215140013513762, 12.215140013513762, 12.215140013513762, 12.215140013513762, 12.215140013513762, 5.407713443551089, 3.144555774957249, 3.144555774957249, 3.144555774957249, 3.144555774957249, 1.0328131395552018, 1.0328131395552018, 1.0328131395552018, 1.0328131395552018, 1.0328131395552018, 1.0328131395552018], 
[41.141110920653404, 14.646018126220541, 14.646018126220541, 14.646018126220541, 14.646018126220541, 14.646018126220541, 14.646018126220541, 14.646018126220541, 10.87250346780466, 10.87250346780466, 9.412556991443001, 9.412556991443001, 5.178714938279818, 5.178714938279818, 5.178714938279818, 5.1199454291474655, 0.6112646523788017, 0.6112646523788017, 0.6112646523788017, 0.6112646523788017], 
[44.909449789562196, 22.489317848913483, 7.740766596588327, 6.304093587252471, 6.304093587252471, 6.304093587252471, 6.304093587252471, 5.04603253823764, 5.04603253823764, 5.04603253823764, 5.04603253823764, 5.04603253823764, 4.520226454178015, 4.520226454178015, 4.520226454178015, 4.520226454178015, 4.520226454178015, 4.520226454178015, 2.4578358227280006, 2.4578358227280006], 
[57.93264010189824, 17.568234881978388, 17.568234881978388, 17.568234881978388, 14.124574326760586, 5.712218275336998, 5.712218275336998, 5.712218275336998, 5.712218275336998, 5.712218275336998, 4.456412232671382, 4.456412232671382, 3.7447815803383153, 3.7447815803383153, 3.7447815803383153, 3.7447815803383153, 3.7447815803383153, 3.7447815803383153, 3.7063624682911414, 2.438844623062021], 
[23.5926049978575, 23.5926049978575, 9.734511416909621, 9.734511416909621, 9.734511416909621, 9.734511416909621, 9.734511416909621, 9.734511416909621, 9.734511416909621, 3.3314949096060302, 3.3314949096060302, 3.3314949096060302, 2.604052003251813, 2.604052003251813, 2.604052003251813, 2.604052003251813, 2.604052003251813, 2.604052003251813, 2.4250489231978247, 2.1270318612272434], 
[22.368913721488696, 22.368913721488696, 20.19293248772651, 20.084666761019882, 20.084666761019882, 14.083413409329506, 9.759576639795931, 3.45790142926686, 3.45790142926686, 3.45790142926686, 3.45790142926686, 3.45790142926686, 3.45790142926686, 2.50999439865106, 2.50999439865106, 2.50999439865106, 2.50999439865106, 2.50999439865106, 2.489918541726123, 2.489918541726123], 
[7.656944248968556, 7.656944248968556, 7.656944248968556, 7.656944248968556, 7.656944248968556, 7.656944248968556, 7.656944248968556, 7.656944248968556, 7.656944248968556, 7.656944248968556, 7.656944248968556, 7.656944248968556, 7.656944248968556, 7.656944248968556, 7.656944248968556, 7.431128899028892, 4.232345604336446, 4.059060771639198, 4.059060771639198, 1.8485886426321918], 
[29.622725260633505, 3.365540681403133, 3.365540681403133, 3.365540681403133, 3.365540681403133, 3.365540681403133, 3.365540681403133, 3.365540681403133, 3.365540681403133, 2.4832935704797436, 2.4832935704797436, 2.4832935704797436, 2.4832935704797436, 2.4832935704797436, 2.4832935704797436, 2.4832935704797436, 0.5307665682411866, 0.5307665682411866, 0.5307665682411866, 0.5307665682411866], 
[25.270280858248015, 22.44211270462263, 19.400241435996566, 2.9014525136631586, 2.9014525136631586, 2.9014525136631586, 2.9014525136631586, 2.9014525136631586, 2.9014525136631586, 2.9014525136631586, 2.9014525136631586, 2.9014525136631586, 2.9014525136631586, 2.9014525136631586, 2.9014525136631586, 2.9014525136631586, 2.9014525136631586, 2.9014525136631586, 2.9014525136631586, 2.9014525136631586], 
[27.084593740167758, 27.084593740167758, 5.206671267604409, 5.206671267604409, 5.206671267604409, 5.206671267604409, 5.206671267604409, 5.206671267604409, 5.206671267604409, 5.206671267604409, 5.206671267604409, 2.18732700059647, 2.18732700059647, 2.18732700059647, 2.18732700059647, 2.18732700059647, 2.18732700059647, 2.18732700059647, 0.9011812511794423, 0.9011812511794423], 
[20.53614360197923, 14.18236934412109, 14.18236934412109, 14.18236934412109, 14.18236934412109, 8.576280249732497, 8.576280249732497, 8.576280249732497, 8.576280249732497, 8.576280249732497, 3.5567147079652495, 3.5567147079652495, 3.5567147079652495, 3.286654914108627, 3.286654914108627, 1.362607311022969, 1.362607311022969, 1.362607311022969, 1.362607311022969, 1.362607311022969], 
[30.36966387435133, 14.276130776902045, 4.590470099357783, 4.590470099357783, 4.590470099357783, 4.590470099357783, 4.590470099357783, 4.590470099357783, 4.590470099357783, 4.590470099357783, 4.590470099357783, 4.590470099357783, 4.590470099357783, 1.3891875757185155, 1.3891875757185155, 1.3891875757185155, 1.3891875757185155, 1.3891875757185155, 1.3891875757185155, 1.3891875757185155], 
[19.580171534805945, 19.580171534805945, 7.908542488953465, 7.79350104985377, 7.79350104985377, 7.79350104985377, 7.79350104985377, 7.79350104985377, 7.79350104985377, 7.79350104985377, 7.79350104985377, 6.413715435112683, 6.413715435112683, 6.413715435112683, 6.413715435112683, 6.413715435112683, 3.498524247518076, 3.498524247518076, 3.498524247518076, 3.498524247518076], 
[56.94086199981271, 2.8290996564366675, 2.8290996564366675, 2.8290996564366675, 2.8290996564366675, 2.8290996564366675, 2.8290996564366675, 2.8290996564366675, 2.8290996564366675, 2.8290996564366675, 2.8290996564366675, 2.8290996564366675, 2.8290996564366675, 1.39537360373783, 1.39537360373783, 1.39537360373783, 1.39537360373783, 1.39537360373783, 1.39537360373783, 1.39537360373783], 
[23.577571253998308, 23.577571253998308, 23.577571253998308, 9.56032016449759, 9.56032016449759, 9.56032016449759, 9.56032016449759, 9.56032016449759, 9.56032016449759, 7.7690975081825036, 7.7690975081825036, 7.7690975081825036, 1.8550736604878022, 1.8550736604878022, 1.8550736604878022, 1.8550736604878022, 1.4650433799055713, 1.4650433799055713, 1.4650433799055713, 1.4650433799055713], 
[42.47621298159785, 20.083422836116693, 2.59925481203912, 2.59925481203912, 2.59925481203912, 2.59925481203912, 2.59925481203912, 2.59925481203912, 2.59925481203912, 2.59925481203912, 2.59925481203912, 2.59925481203912, 2.59925481203912, 2.59925481203912, 2.59925481203912, 2.59925481203912, 0.7463010342171827, 0.7463010342171827, 0.7463010342171827, 0.5022916264878265], 
[28.401133065047173, 28.401133065047173, 15.590639752334589, 15.590639752334589, 15.590639752334589, 15.590639752334589, 9.014896755549566, 9.014896755549566, 9.014896755549566, 9.014896755549566, 9.014896755549566, 9.014896755549566, 9.014896755549566, 9.014896755549566, 9.014896755549566, 9.014896755549566, 9.014896755549566, 2.7344256889247975, 2.7344256889247975, 2.7344256889247975], 
[38.59315288463094, 6.368427248025357, 6.368427248025357, 6.368427248025357, 6.368427248025357, 6.368427248025357, 6.368427248025357, 6.368427248025357, 6.368427248025357, 6.368427248025357, 6.368427248025357, 6.368427248025357, 5.172412007997261, 5.172412007997261, 4.13921467884073, 4.13921467884073, 4.13921467884073, 4.13921467884073, 3.4401907953584168, 3.4401907953584168], 
[55.20875593264716, 24.45572926957199, 14.242542803960156, 14.242542803960156, 14.242542803960156, 14.242542803960156, 5.0827340316984415, 5.0827340316984415, 5.0827340316984415, 5.0827340316984415, 2.4298032671983876, 0.370894887764576, 0.370894887764576, 0.370894887764576, 0.370894887764576, 0.370894887764576, 0.370894887764576, 0.370894887764576, 0.370894887764576, 0.370894887764576], 
[32.27272214350561, 32.27272214350561, 20.47982206486986, 20.47982206486986, 20.47982206486986, 6.701506915410317, 6.701506915410317, 6.701506915410317, 6.701506915410317, 2.7019979570710757, 2.7019979570710757, 2.7019979570710757, 2.7019979570710757, 2.7019979570710757, 2.7019979570710757, 2.7019979570710757, 2.7019979570710757, 2.7019979570710757, 2.7019979570710757, 2.7019979570710757], 
[6.123035090519281, 6.123035090519281, 0.7507894070910972, 0.7507894070910972, 0.7507894070910972, 0.7507894070910972, 0.7507894070910972, 0.7507894070910972, 0.7507894070910972, 0.7507894070910972, 0.7507894070910972, 0.7507894070910972, 0.7507894070910972, 0.7507894070910972, 0.7507894070910972, 0.7507894070910972, 0.7507894070910972, 0.7507894070910972, 0.7507894070910972, 0.7507894070910972], 
[38.31271945953286, 35.008149513386385, 8.058900364052034, 8.058900364052034, 8.058900364052034, 8.058900364052034, 8.058900364052034, 8.058900364052034, 8.058900364052034, 7.609887569157678, 7.609887569157678, 7.609887569157678, 7.609887569157678, 7.609887569157678, 7.609887569157678, 2.1758884922553388, 2.1758884922553388, 2.1758884922553388, 1.448717076131697, 1.448717076131697], 
[41.398379343757696, 41.398379343757696, 41.398379343757696, 28.317059428534133, 7.129839547953227, 7.129839547953227, 7.129839547953227, 7.129839547953227, 7.129839547953227, 4.935250503412541, 4.935250503412541, 4.935250503412541, 4.935250503412541, 4.935250503412541, 4.017648270783167, 4.017648270783167, 3.1410601722019655, 3.1410601722019655, 1.9180174633348546, 1.9180174633348546], 
[8.625980890182378, 8.625980890182378, 8.625980890182378, 8.625980890182378, 8.585513561099575, 8.585513561099575, 6.875114967627983, 6.875114967627983, 6.875114967627983, 6.875114967627983, 6.875114967627983, 6.875114967627983, 6.875114967627983, 6.875114967627983, 6.875114967627983, 6.875114967627983, 4.9547616695235925, 2.04119686210982, 2.04119686210982, 2.04119686210982], 
[32.728626805524755, 32.728626805524755, 32.728626805524755, 32.728626805524755, 24.936314386042795, 24.936314386042795, 12.897543511572934, 11.681470955939107, 1.4061243697260255, 1.4061243697260255, 1.4061243697260255, 1.4061243697260255, 1.4061243697260255, 1.4061243697260255, 1.4061243697260255, 1.4061243697260255, 1.4061243697260255, 1.4061243697260255, 1.4061243697260255, 1.4061243697260255], 
[11.64156122558765, 11.64156122558765, 11.64156122558765, 11.64156122558765, 11.64156122558765, 11.64156122558765, 11.64156122558765, 11.64156122558765, 11.64156122558765, 9.90126019038641, 7.220034444932781, 7.220034444932781, 7.220034444932781, 7.220034444932781, 7.220034444932781, 7.220034444932781, 7.220034444932781, 7.220034444932781, 6.8626832093821495, 4.675120055159903], 
[37.51626704369165, 20.078251557958787, 20.078251557958787, 5.067604266303866, 5.067604266303866, 4.783411415580236, 4.783411415580236, 4.783411415580236, 3.410675799865818, 3.410675799865818, 3.410675799865818, 3.410675799865818, 3.410675799865818, 3.410675799865818, 3.410675799865818, 3.410675799865818, 3.410675799865818, 2.1019357014977524, 2.1019357014977524, 1.1058111884183264], 
