[0.8780099875077481, 0.8780099875077481, 0.8780099875077481, 0.7239617017181725, 0.7239617017181725, 0.7239617017181725, 0.7239617017181725, 0.7239617017181725, 0.39930582783130486, 0.39930582783130486, 0.39930582783130486, 0.39930582783130486, 0.39930582783130486, 0.39930582783130486, 0.39930582783130486, 0.14287669240618506, 0.14287669240618506, 0.14287669240618506, 0.14287669240618506, 0.14287669240618506], 
[1.121738643915286, 1.121738643915286, 1.04563208516244, 1.04563208516244, 0.8974935939210233, 0.8974935939210233, 0.8974935939210233, 0.30173226487126215, 0.30173226487126215, 0.30173226487126215, 0.30173226487126215, 0.30173226487126215, 0.30173226487126215, 0.30173226487126215, 0.30173226487126215, 0.30173226487126215, 0.19797418683593815, 0.19797418683593815, 0.19797418683593815, 0.19797418683593815], 
[1.5838125065000224, 0.6669898158260192, 0.6669898158260192, 0.6669898158260192, 0.4404948362007932, 0.4404948362007932, 0.4404948362007932, 0.4404948362007932, 0.4404948362007932, 0.4404948362007932, 0.4404948362007932, 0.4404948362007932, 0.4404948362007932, 0.4404948362007932, 0.4404948362007932, 0.4404948362007932, 0.4404948362007932, 0.25359164053482797, 0.25359164053482797, 0.25359164053482797], 
[0.9811828990344402, 0.9811828990344402, 0.9811828990344402, 0.8475209720577483, 0.8475209720577483, 0.8475209720577483, 0.8475209720577483, 0.766281181538444, 0.6235781217248793, 0.4767418991873642, 0.4767418991873642, 0.4767418991873642, 0.4190204793360244, 0.4190204793360244, 0.4190204793360244, 0.4190204793360244, 0.26864269509863004, 0.17238214626573978, 0.17238214626573978, 0.14818814822071236], 
[0.37908695109088697, 0.37908695109088697, 0.37908695109088697, 0.37908695109088697, 0.37908695109088697, 0.37908695109088697, 0.37908695109088697, 0.37908695109088697, 0.37908695109088697, 0.37908695109088697, 0.37908695109088697, 0.37908695109088697, 0.37908695109088697, 0.37908695109088697, 0.37908695109088697, 0.37908695109088697, 0.3599521694385057, 0.2676996206465305, 0.18166546049417276, 0.18166546049417276], 
[1.1895699016729724, 1.1895699016729724, 1.1737568389175737, 0.7423012329437721, 0.7423012329437721, 0.5457525081482757, 0.5457525081482757, 0.16489217157858338, 0.16489217157858338, 0.16489217157858338, 0.16489217157858338, 0.16489217157858338, 0.16489217157858338, 0.16489217157858338, 0.16489217157858338, 0.16489217157858338, 0.16489217157858338, 0.16489217157858338, 0.16489217157858338, 0.16489217157858338], 
[1.3114683675726293, 1.134479204444781, 1.134479204444781, 0.7796035470882661, 0.7796035470882661, 0.7796035470882661, 0.7796035470882661, 0.7796035470882661, 0.7796035470882661, 0.7796035470882661, 0.690564574731789, 0.690564574731789, 0.690564574731789, 0.40465123283891424, 0.3902699971670427, 0.3902699971670427, 0.3902699971670427, 0.30213927080378067, 0.30213927080378067, 0.2536628376859795], 
[0.7674179171306266, 0.7674179171306266, 0.7674179171306266, 0.7674179171306266, 0.7674179171306266, 0.7674179171306266, 0.7674179171306266, 0.7674179171306266, 0.6821329786782848, 0.6821329786782848, 0.6821329786782848, 0.6821329786782848, 0.3898093223707382, 0.3898093223707382, 0.3898093223707382, 0.25831834008605403, 0.25831834008605403, 0.25831834008605403, 0.25831834008605403, 0.19166665865995647], 
[1.2834758746517476, 0.5720606220548508, 0.5720606220548508, 0.5720606220548508, 0.3794783449428989, 0.3794783449428989, 0.3794783449428989, 0.3794783449428989, 0.3794783449428989, 0.3794783449428989, 0.3794783449428989, 0.3794783449428989, 0.3794783449428989, 0.21677826115661425, 0.21677826115661425, 0.21677826115661425, 0.21677826115661425, 0.21677826115661425, 0.21677826115661425, 0.20658894594290578], 
[0.5918332853553814, 0.5918332853553814, 0.44754177008793494, 0.44754177008793494, 0.44754177008793494, 0.44754177008793494, 0.44754177008793494, 0.44754177008793494, 0.44754177008793494, 0.44754177008793494, 0.44754177008793494, 0.44754177008793494, 0.44754177008793494, 0.44754177008793494, 0.2994536626063007, 0.2994536626063007, 0.2994536626063007, 0.2994536626063007, 0.2994536626063007, 0.2994536626063007], 
[2.0859964853136654, 1.1714177941642263, 1.0884217879279943, 0.8536412096850015, 0.7082821393060712, 0.7082821393060712, 0.7082821393060712, 0.7082821393060712, 0.5021302565687411, 0.5021302565687411, 0.4728365749231429, 0.4728365749231429, 0.4728365749231429, 0.30969831033209516, 0.30969831033209516, 0.20521426742001792, 0.20521426742001792, 0.20521426742001792, 0.20521426742001792, 0.20521426742001792], 
[1.0496466689710129, 0.35836215830672735, 0.35836215830672735, 0.35836215830672735, 0.35836215830672735, 0.35836215830672735, 0.35836215830672735, 0.35836215830672735, 0.35836215830672735, 0.35836215830672735, 0.35836215830672735, 0.35836215830672735, 0.23466949083007993, 0.14885647930822987, 0.14885647930822987, 0.14885647930822987, 0.14885647930822987, 0.14885647930822987, 0.14885647930822987, 0.14885647930822987], 
[1.4090134893161146, 1.4090134893161146, 1.3273893003621628, 1.3273893003621628, 1.1518611178838687, 0.6682794521017357, 0.5862515739738825, 0.5862515739738825, 0.5862515739738825, 0.5862515739738825, 0.5862515739738825, 0.31661217694177246, 0.31661217694177246, 0.31661217694177246, 0.31661217694177246, 0.31661217694177246, 0.2877598936640329, 0.2877598936640329, 0.2877598936640329, 0.2877598936640329], 
[0.465442902734273, 0.2059598900061541, 0.2059598900061541, 0.2059598900061541, 0.2059598900061541, 0.2059598900061541, 0.2059598900061541, 0.2059598900061541, 0.2059598900061541, 0.2059598900061541, 0.2059598900061541, 0.2059598900061541, 0.2059598900061541, 0.2059598900061541, 0.2059598900061541, 0.2059598900061541, 0.2059598900061541, 0.2059598900061541, 0.2059598900061541, 0.1560266140410791], 
[1.5361267666590357, 1.1105155000056737, 1.0204906694995097, 0.656960680693909, 0.656960680693909, 0.656960680693909, 0.656960680693909, 0.4873412561508923, 0.4873412561508923, 0.4873412561508923, 0.4873412561508923, 0.4873412561508923, 0.26717992805247626, 0.26717992805247626, 0.26717992805247626, 0.26717992805247626, 0.26717992805247626, 0.09910289289185892, 0.09910289289185892, 0.09910289289185892], 
[1.0933144865098452, 1.0933144865098452, 0.41994251538231, 0.41994251538231, 0.41994251538231, 0.31195495804059004, 0.31195495804059004, 0.31195495804059004, 0.31195495804059004, 0.31195495804059004, 0.31195495804059004, 0.31195495804059004, 0.31195495804059004, 0.31195495804059004, 0.31195495804059004, 0.31195495804059004, 0.30480509236903286, 0.10629330126387337, 0.10629330126387337, 0.10629330126387337], 
[1.008782445383833, 0.7259342998067115, 0.7259342998067115, 0.7259342998067115, 0.7259342998067115, 0.5005235106774562, 0.5005235106774562, 0.5005235106774562, 0.5005235106774562, 0.5005235106774562, 0.5005235106774562, 0.5005235106774562, 0.5005235106774562, 0.5005235106774562, 0.5005235106774562, 0.5005235106774562, 0.3339837864588766, 0.3339837864588766, 0.3339837864588766, 0.3339837864588766], 
[1.2745304219669524, 1.1318745351743797, 1.1318745351743797, 1.1318745351743797, 0.6298566893817363, 0.6298566893817363, 0.6298566893817363, 0.6298566893817363, 0.3862567399650869, 0.3862567399650869, 0.3862567399650869, 0.3862567399650869, 0.3862567399650869, 0.3862567399650869, 0.3862567399650869, 0.3862567399650869, 0.37096537251292316, 0.37096537251292316, 0.1236657762632718, 0.1236657762632718], 
[1.2278297946449799, 1.2278297946449799, 0.87709572840902, 0.87709572840902, 0.7794376752583156, 0.7794376752583156, 0.3381754359946161, 0.3381754359946161, 0.3381754359946161, 0.3381754359946161, 0.3381754359946161, 0.3381754359946161, 0.3381754359946161, 0.3381754359946161, 0.3381754359946161, 0.3381754359946161, 0.3381754359946161, 0.3381754359946161, 0.17787734131585609, 0.11822862837702086], 
[1.2077794684933902, 0.8911916991744739, 0.8911916991744739, 0.8911916991744739, 0.8911916991744739, 0.8911916991744739, 0.8911916991744739, 0.8560743106536237, 0.8560743106536237, 0.8015294107300539, 0.6167618979904153, 0.6167618979904153, 0.21805224913916676, 0.17745521952463061, 0.17745521952463061, 0.17745521952463061, 0.17745521952463061, 0.17745521952463061, 0.16253392187387616, 0.16253392187387616], 
[1.6856074415266513, 0.465067979561371, 0.465067979561371, 0.465067979561371, 0.465067979561371, 0.465067979561371, 0.465067979561371, 0.2183603822745228, 0.2183603822745228, 0.2183603822745228, 0.2183603822745228, 0.2183603822745228, 0.2183603822745228, 0.2183603822745228, 0.2183603822745228, 0.12147080149625777, 0.12147080149625777, 0.12147080149625777, 0.12147080149625777, 0.12147080149625777], 
[1.2347752148135638, 0.8367369673594585, 0.8367369673594585, 0.8367369673594585, 0.8367369673594585, 0.6786103211327363, 0.6786103211327363, 0.6786103211327363, 0.6786103211327363, 0.6786103211327363, 0.6786103211327363, 0.5872301014970485, 0.3634970001418707, 0.3634970001418707, 0.3634970001418707, 0.19493085494994666, 0.19493085494994666, 0.19493085494994666, 0.1840541438729204, 0.1840541438729204], 
[1.2985500725510617, 0.9118502516470541, 0.9118502516470541, 0.7868433234480738, 0.7868433234480738, 0.5936169904385364, 0.5936169904385364, 0.49616551310545276, 0.49616551310545276, 0.49616551310545276, 0.3690943561308404, 0.3690943561308404, 0.3690943561308404, 0.2347326816542603, 0.1424523434514544, 0.1424523434514544, 0.1424523434514544, 0.1424523434514544, 0.1424523434514544, 0.1424523434514544], 
[1.2733901697420489, 0.9680251518422991, 0.7405470545725166, 0.7379532674820264, 0.7379532674820264, 0.7379532674820264, 0.7379532674820264, 0.7379532674820264, 0.7379532674820264, 0.43191831116969936, 0.43191831116969936, 0.43191831116969936, 0.43191831116969936, 0.15158265341777355, 0.15158265341777355, 0.15158265341777355, 0.15158265341777355, 0.15158265341777355, 0.09726895290938486, 0.09726895290938486], 
[1.3612952249918413, 0.9851705111752018, 0.9584402173003781, 0.9584402173003781, 0.9584402173003781, 0.8414980505541796, 0.8414980505541796, 0.4669906177547185, 0.4669906177547185, 0.4669906177547185, 0.4669906177547185, 0.4669906177547185, 0.36897397389221354, 0.36897397389221354, 0.36897397389221354, 0.36897397389221354, 0.36897397389221354, 0.36897397389221354, 0.36897397389221354, 0.36897397389221354], 
[0.7147200711257278, 0.7147200711257278, 0.7147200711257278, 0.7147200711257278, 0.7147200711257278, 0.7147200711257278, 0.7147200711257278, 0.7147200711257278, 0.7147200711257278, 0.43973483972166516, 0.43973483972166516, 0.431818389897789, 0.431818389897789, 0.431818389897789, 0.3988342815389103, 0.3988342815389103, 0.3921032416880825, 0.3921032416880825, 0.11611463421310475, 0.11611463421310475], 
[1.2630887380801727, 0.48123661147327557, 0.48123661147327557, 0.48123661147327557, 0.35731730138401296, 0.35731730138401296, 0.35731730138401296, 0.35731730138401296, 0.35731730138401296, 0.35731730138401296, 0.27659078082433997, 0.27659078082433997, 0.27659078082433997, 0.27659078082433997, 0.27659078082433997, 0.08366699192716576, 0.08366699192716576, 0.08366699192716576, 0.08366699192716576, 0.08366699192716576], 
[0.8454027202851204, 0.8454027202851204, 0.8454027202851204, 0.8454027202851204, 0.8424552835578583, 0.8424552835578583, 0.6935074038484079, 0.6935074038484079, 0.6935074038484079, 0.6935074038484079, 0.4212325091264173, 0.4212325091264173, 0.4212325091264173, 0.4212325091264173, 0.4212325091264173, 0.4212325091264173, 0.33336550611321414, 0.08560942100653612, 0.08560942100653612, 0.08560942100653612], 
[0.9291997995068408, 0.6340053060293691, 0.6340053060293691, 0.6340053060293691, 0.6340053060293691, 0.6340053060293691, 0.6340053060293691, 0.6340053060293691, 0.43988904193998035, 0.3207702798058909, 0.3207702798058909, 0.3207702798058909, 0.3044901484373841, 0.3044901484373841, 0.3044901484373841, 0.2007311087173531, 0.2007311087173531, 0.2007311087173531, 0.2007311087173531, 0.2007311087173531], 
[0.9385707037763007, 0.9385707037763007, 0.9385707037763007, 0.9385707037763007, 0.690682073888762, 0.690682073888762, 0.690682073888762, 0.5820528279233881, 0.5820528279233881, 0.5820528279233881, 0.5820528279233881, 0.5820528279233881, 0.5820528279233881, 0.5820528279233881, 0.4548058018712027, 0.27884378942246, 0.27884378942246, 0.27884378942246, 0.17775568145095422, 0.17775568145095422], 
