[1350.1867645581988, 1350.1867645581988, 1350.1867645581988, 459.9350581486567, 459.9350581486567, 459.9350581486567, 459.9350581486567, 459.9350581486567, 459.9350581486567, 459.9350581486567, 459.9350581486567, 459.9350581486567, 459.9350581486567, 459.9350581486567, 459.9350581486567, 459.9350581486567, 459.9350581486567, 459.9350581486567, 459.9350581486567, 459.9350581486567], 
[1758.5882176977211, 1758.5882176977211, 30.043829796917066, 30.043829796917066, 30.043829796917066, 30.043829796917066, 30.043829796917066, 30.043829796917066, 30.043829796917066, 30.043829796917066, 30.043829796917066, 30.043829796917066, 30.043829796917066, 30.043829796917066, 30.043829796917066, 30.043829796917066, 30.043829796917066, 30.043829796917066, 30.043829796917066, 30.043829796917066], 
[784.9987545695255, 784.9987545695255, 784.9987545695255, 784.9987545695255, 784.9987545695255, 87.65500101443001, 87.65500101443001, 87.65500101443001, 87.65500101443001, 87.65500101443001, 87.65500101443001, 87.65500101443001, 87.65500101443001, 87.65500101443001, 87.65500101443001, 87.65500101443001, 87.65500101443001, 87.65500101443001, 87.65500101443001, 87.65500101443001], 
[1695.1935852801676, 684.7130539100544, 684.7130539100544, 684.7130539100544, 684.7130539100544, 684.7130539100544, 684.7130539100544, 395.9770438741381, 395.9770438741381, 395.9770438741381, 395.9770438741381, 395.9770438741381, 395.9770438741381, 395.9770438741381, 395.9770438741381, 395.9770438741381, 395.9770438741381, 395.9770438741381, 395.9770438741381, 395.9770438741381], 
[685.1204189331975, 108.81810249799332, 108.81810249799332, 108.81810249799332, 108.81810249799332, 108.81810249799332, 108.81810249799332, 108.81810249799332, 108.81810249799332, 108.81810249799332, 108.81810249799332, 108.81810249799332, 108.81810249799332, 108.81810249799332, 108.81810249799332, 108.81810249799332, 108.81810249799332, 108.81810249799332, 108.81810249799332, 108.81810249799332], 
[1241.0182187626408, 560.4602230387493, 560.4602230387493, 560.4602230387493, 560.4602230387493, 560.4602230387493, 560.4602230387493, 560.4602230387493, 560.4602230387493, 560.4602230387493, 281.1592443707133, 281.1592443707133, 281.1592443707133, 281.1592443707133, 281.1592443707133, 281.1592443707133, 281.1592443707133, 281.1592443707133, 281.1592443707133, 281.1592443707133], 
[1563.4059011091072, 1026.2543273482777, 1026.2543273482777, 1026.2543273482777, 555.9960525353695, 555.9960525353695, 555.9960525353695, 555.9960525353695, 555.9960525353695, 555.9960525353695, 555.9960525353695, 555.9960525353695, 555.9960525353695, 555.9960525353695, 555.9960525353695, 555.9960525353695, 555.9960525353695, 555.9960525353695, 555.9960525353695, 555.9960525353695], 
[2342.87836094648, 642.2060292822787, 642.2060292822787, 642.2060292822787, 642.2060292822787, 642.2060292822787, 642.2060292822787, 642.2060292822787, 581.5534187219866, 581.5534187219866, 581.5534187219866, 581.5534187219866, 581.5534187219866, 581.5534187219866, 581.5534187219866, 581.5534187219866, 581.5534187219866, 581.5534187219866, 581.5534187219866, 581.5534187219866], 
[1454.1115416632847, 930.2158233763062, 930.2158233763062, 930.2158233763062, 930.2158233763062, 755.6878096630332, 755.6878096630332, 755.6878096630332, 755.6878096630332, 755.6878096630332, 755.6878096630332, 592.27864143276, 592.27864143276, 592.27864143276, 592.27864143276, 592.27864143276, 592.27864143276, 592.27864143276, 592.27864143276, 592.27864143276], 
[1237.9238875747437, 1237.9238875747437, 796.8076904462755, 796.8076904462755, 796.8076904462755, 584.5261077900695, 584.5261077900695, 242.50201147086307, 242.50201147086307, 242.50201147086307, 242.50201147086307, 242.50201147086307, 242.50201147086307, 242.50201147086307, 242.50201147086307, 242.50201147086307, 242.50201147086307, 242.50201147086307, 242.50201147086307, 242.50201147086307], 
[2450.1068990817184, 860.2998494494389, 259.03829259642225, 259.03829259642225, 259.03829259642225, 259.03829259642225, 259.03829259642225, 259.03829259642225, 259.03829259642225, 259.03829259642225, 259.03829259642225, 259.03829259642225, 259.03829259642225, 259.03829259642225, 259.03829259642225, 259.03829259642225, 259.03829259642225, 205.27469466231355, 205.27469466231355, 205.27469466231355], 
[362.5195803608983, 362.5195803608983, 362.5195803608983, 362.5195803608983, 362.5195803608983, 270.59279961979644, 270.59279961979644, 270.59279961979644, 270.59279961979644, 270.59279961979644, 270.59279961979644, 270.59279961979644, 270.59279961979644, 270.59279961979644, 270.59279961979644, 270.59279961979644, 270.59279961979644, 270.59279961979644, 270.59279961979644, 270.59279961979644], 
[1848.506726468509, 1848.506726468509, 1315.6965907221454, 1315.6965907221454, 1315.6965907221454, 804.8298649477172, 804.8298649477172, 774.396485239293, 774.396485239293, 774.396485239293, 774.396485239293, 774.396485239293, 384.33686448528533, 384.33686448528533, 314.5620759406397, 314.5620759406397, 314.5620759406397, 314.5620759406397, 314.5620759406397, 314.5620759406397], 
[981.1038118072468, 767.8890841945349, 564.960440840362, 564.960440840362, 564.960440840362, 564.960440840362, 543.597862047051, 543.597862047051, 543.597862047051, 543.597862047051, 543.597862047051, 543.597862047051, 543.597862047051, 543.597862047051, 543.597862047051, 543.597862047051, 543.597862047051, 543.597862047051, 543.597862047051, 543.597862047051], 
[399.03614710148463, 399.03614710148463, 399.03614710148463, 399.03614710148463, 399.03614710148463, 399.03614710148463, 399.03614710148463, 399.03614710148463, 399.03614710148463, 399.03614710148463, 399.03614710148463, 399.03614710148463, 399.03614710148463, 399.03614710148463, 399.03614710148463, 399.03614710148463, 399.03614710148463, 399.03614710148463, 399.03614710148463, 399.03614710148463], 
[208.788084588409, 208.788084588409, 208.788084588409, 208.788084588409, 208.788084588409, 208.788084588409, 208.788084588409, 208.788084588409, 208.788084588409, 208.788084588409, 208.788084588409, 208.788084588409, 208.788084588409, 208.788084588409, 208.788084588409, 208.788084588409, 208.788084588409, 208.788084588409, 208.788084588409, 208.788084588409], 
[1404.7117050156824, 874.6377068236304, 874.6377068236304, 874.6377068236304, 874.6377068236304, 874.6377068236304, 871.6662920122374, 871.6662920122374, 131.10765737808015, 131.10765737808015, 131.10765737808015, 131.10765737808015, 131.10765737808015, 131.10765737808015, 131.10765737808015, 131.10765737808015, 131.10765737808015, 131.10765737808015, 131.10765737808015, 131.10765737808015], 
[2160.563517233668, 1601.1123432381269, 1407.210866289514, 897.309728532287, 880.7946478948741, -180.00183583822752, -180.00183583822752, -180.00183583822752, -180.00183583822752, -180.00183583822752, -180.00183583822752, -180.00183583822752, -180.00183583822752, -180.00183583822752, -180.00183583822752, -180.00183583822752, -180.00183583822752, -180.00183583822752, -180.00183583822752, -180.00183583822752], 
[697.5738745402791, 697.5738745402791, 697.5738745402791, 697.5738745402791, 697.5738745402791, 697.5738745402791, 697.5738745402791, 697.5738745402791, 697.5738745402791, 697.5738745402791, 697.5738745402791, 697.5738745402791, 697.5738745402791, 528.7537374381732, 143.32433682946498, 143.32433682946498, 143.32433682946498, 143.32433682946498, 143.32433682946498, 143.32433682946498], 
[1628.5313023560502, 975.6339080975911, 975.6339080975911, 975.6339080975911, 975.6339080975911, 975.6339080975911, 745.8743780466061, 745.8743780466061, 745.8743780466061, 745.8743780466061, 745.8743780466061, 745.8743780466061, 745.8743780466061, 745.8743780466061, 745.8743780466061, 745.8743780466061, 745.8743780466061, 745.8743780466061, 745.8743780466061, 745.8743780466061], 
[1328.623762218063, 1323.4386668808654, 1323.4386668808654, 1323.4386668808654, 1323.4386668808654, 928.1219622108906, 928.1219622108906, 928.1219622108906, 928.1219622108906, 928.1219622108906, 928.1219622108906, 928.1219622108906, 726.0458705956628, 726.0458705956628, 726.0458705956628, 588.8253516217233, 588.8253516217233, 588.8253516217233, 588.8253516217233, 588.8253516217233], 
[879.846236962373, 879.846236962373, 879.846236962373, 879.846236962373, 879.846236962373, 465.0371480998358, 465.0371480998358, 465.0371480998358, 465.0371480998358, 465.0371480998358, 465.0371480998358, 465.0371480998358, 465.0371480998358, 465.0371480998358, 465.0371480998358, 465.0371480998358, 465.0371480998358, 355.94793262409655, 355.94793262409655, 355.94793262409655], 
[1129.9983242249514, 1129.9983242249514, 1129.9983242249514, 842.252723340494, 515.3825296992991, 515.3825296992991, 515.3825296992991, 513.2501058747443, 513.2501058747443, 513.2501058747443, 513.2501058747443, 513.2501058747443, 513.2501058747443, 513.2501058747443, 513.2501058747443, 513.2501058747443, 513.2501058747443, 513.2501058747443, 513.2501058747443, 513.2501058747443], 
[1005.2624597538406, 1005.2624597538406, 1005.2624597538406, 358.5063064430283, 358.5063064430283, 358.5063064430283, 358.5063064430283, 358.5063064430283, 358.5063064430283, 358.5063064430283, 358.5063064430283, 206.77153714037956, 206.77153714037956, 206.77153714037956, 206.77153714037956, 206.77153714037956, 206.77153714037956, 206.77153714037956, 206.77153714037956, 206.77153714037956], 
[127.57588404744149, 127.57588404744149, 127.57588404744149, 127.57588404744149, 127.57588404744149, 127.57588404744149, 127.57588404744149, 127.57588404744149, 127.57588404744149, 127.57588404744149, 127.57588404744149, 127.57588404744149, 127.57588404744149, 127.57588404744149, 127.57588404744149, 127.57588404744149, 127.57588404744149, 127.57588404744149, 127.57588404744149, 127.57588404744149], 
[718.6331228092797, 718.6331228092797, 718.6331228092797, 718.6331228092797, 292.3953425008059, 292.3953425008059, 292.3953425008059, 292.3953425008059, 292.3953425008059, 292.3953425008059, 292.3953425008059, 292.3953425008059, 292.3953425008059, 292.3953425008059, 292.3953425008059, 292.3953425008059, 292.3953425008059, 292.3953425008059, 292.3953425008059, 292.3953425008059], 
[2028.3281154340375, 737.6445124814945, 737.6445124814945, 737.6445124814945, 737.6445124814945, 594.0028233280643, 594.0028233280643, 594.0028233280643, 594.0028233280643, 594.0028233280643, 583.5658850895563, 583.5658850895563, 583.5658850895563, 583.5658850895563, 583.5658850895563, 583.5658850895563, 583.5658850895563, 583.5658850895563, 583.5658850895563, 583.5658850895563], 
[1193.5609251275891, 1193.5609251275891, 1193.5609251275891, 791.6559526904139, 791.6559526904139, 779.4977577614038, 715.6283470515984, 715.6283470515984, 715.6283470515984, 715.6283470515984, 715.6283470515984, 715.6283470515984, 715.6283470515984, 715.6283470515984, 715.6283470515984, 715.6283470515984, 715.6283470515984, 715.6283470515984, 715.6283470515984, 715.6283470515984], 
[1316.0615323750064, 1316.0615323750064, 1316.0615323750064, 1316.0615323750064, 1316.0615323750064, 1316.0615323750064, 1316.0615323750064, 682.6729317819149, 551.4116751124036, 551.4116751124036, 551.4116751124036, 551.4116751124036, 551.4116751124036, 551.4116751124036, 551.4116751124036, 551.4116751124036, 351.91699972747256, 351.91699972747256, 347.29665634435196, 347.29665634435196], 
[1056.4577658953247, 267.14194401124155, 267.14194401124155, 267.14194401124155, 267.14194401124155, 267.14194401124155, 267.14194401124155, 267.14194401124155, 267.14194401124155, 267.14194401124155, 267.14194401124155, 267.14194401124155, 267.14194401124155, 267.14194401124155, 267.14194401124155, 267.14194401124155, 267.14194401124155, 267.14194401124155, 267.14194401124155, 267.14194401124155], 
