[1627.934554907005, 1208.7545271708057, 806.7906485578515, 806.7906485578515, 806.7906485578515, 806.7906485578515, 806.7906485578515, 806.7906485578515, 806.7906485578515, 608.9596348925572, 608.9596348925572, 600.3111824872617, 600.3111824872617, 600.3111824872617, 600.3111824872617, 600.3111824872617, 600.3111824872617, 600.3111824872617, 600.3111824872617, 600.3111824872617], 
[1544.8496179941058, 1544.8496179941058, 1544.8496179941058, 1544.8496179941058, 1432.2400328153437, 1432.2400328153437, 354.6142114833492, 354.6142114833492, 354.6142114833492, 323.62805792767756, 323.62805792767756, 323.62805792767756, 323.62805792767756, 323.62805792767756, 323.62805792767756, 53.06385681420045, 53.06385681420045, 53.06385681420045, 53.06385681420045, 53.06385681420045], 
[704.0952862933582, 704.0952862933582, 704.0952862933582, 704.0952862933582, 704.0952862933582, 704.0952862933582, 704.0952862933582, 704.0952862933582, 704.0952862933582, 569.9171991438454, 569.9171991438454, 539.4823664456221, 539.4823664456221, 539.4823664456221, 539.4823664456221, 539.4823664456221, 539.4823664456221, 539.4823664456221, 539.4823664456221, 539.4823664456221], 
[1816.444609206735, 870.6297610875579, 323.7514828892679, 323.7514828892679, 323.7514828892679, 323.7514828892679, 323.7514828892679, 323.7514828892679, 323.7514828892679, 323.7514828892679, 323.7514828892679, 323.7514828892679, 323.7514828892679, 323.7514828892679, 323.7514828892679, 323.7514828892679, 323.7514828892679, 323.7514828892679, 323.7514828892679, 323.7514828892679], 
[1296.2981974051434, 1004.973447190645, 1004.973447190645, 819.3402423299829, 819.3402423299829, 819.3402423299829, 819.3402423299829, 819.3402423299829, 714.2134227565284, 714.2134227565284, 714.2134227565284, 714.2134227565284, 714.2134227565284, 714.2134227565284, 714.2134227565284, 714.2134227565284, 714.2134227565284, 525.0118718504293, 525.0118718504293, 525.0118718504293], 
[573.810857620213, 573.810857620213, 573.810857620213, 573.810857620213, 372.78936602111025, 372.78936602111025, 372.78936602111025, 372.78936602111025, 372.78936602111025, 372.78936602111025, 372.78936602111025, 372.78936602111025, 372.78936602111025, 372.78936602111025, 372.78936602111025, 372.78936602111025, 372.78936602111025, 372.78936602111025, 372.78936602111025, 372.78936602111025], 
[842.9860519411895, 842.9860519411895, 719.3790892457798, 719.3790892457798, 499.08856766809254, 476.2157592516778, 476.2157592516778, 476.2157592516778, 372.37902715904113, 372.37902715904113, 372.37902715904113, 372.37902715904113, 372.37902715904113, 372.37902715904113, 372.37902715904113, 372.37902715904113, 255.27642138247882, 255.27642138247882, 255.27642138247882, 255.27642138247882], 
[1373.6168463631818, 478.3634508395713, 478.3634508395713, 478.3634508395713, 478.3634508395713, 478.3634508395713, 478.3634508395713, 478.3634508395713, 478.3634508395713, 478.3634508395713, 478.3634508395713, 478.3634508395713, 478.3634508395713, 478.3634508395713, 478.3634508395713, 478.3634508395713, 478.3634508395713, 478.3634508395713, 478.3634508395713, 478.3634508395713], 
[-76.95165790756613, -76.95165790756613, -76.95165790756613, -76.95165790756613, -76.95165790756613, -76.95165790756613, -76.95165790756613, -76.95165790756613, -76.95165790756613, -76.95165790756613, -76.95165790756613, -76.95165790756613, -76.95165790756613, -76.95165790756613, -76.95165790756613, -76.95165790756613, -76.95165790756613, -76.95165790756613, -76.95165790756613, -76.95165790756613], 
[2277.853979298975, 1033.9406631879474, 1033.9406631879474, 1033.9406631879474, 1033.9406631879474, 562.0020203342713, 562.0020203342713, 562.0020203342713, 274.08942817628383, 274.08942817628383, 274.08942817628383, 274.08942817628383, 274.08942817628383, 274.08942817628383, 274.08942817628383, 274.08942817628383, 274.08942817628383, 274.08942817628383, 274.08942817628383, 274.08942817628383], 
[1372.1856675877525, 1372.1856675877525, 1322.2027241870624, 1322.2027241870624, 1322.2027241870624, 1322.2027241870624, 541.1615284576312, 541.1615284576312, 429.5857229632701, 429.5857229632701, 429.5857229632701, 429.5857229632701, 429.5857229632701, 429.5857229632701, 429.5857229632701, 429.5857229632701, 429.5857229632701, 429.5857229632701, 429.5857229632701, 429.5857229632701], 
[1433.6646703358685, 398.3327468932491, 398.3327468932491, 398.3327468932491, 398.3327468932491, 398.3327468932491, 398.3327468932491, 398.3327468932491, 398.3327468932491, 398.3327468932491, 398.3327468932491, 398.3327468932491, 398.3327468932491, 398.3327468932491, 398.3327468932491, 398.3327468932491, 398.3327468932491, 398.3327468932491, 398.3327468932491, 398.3327468932491], 
[2755.21698816261, 513.4734536968626, 513.4734536968626, 389.9461771598917, 389.9461771598917, 389.9461771598917, 389.9461771598917, 389.9461771598917, 348.4181020620538, 348.4181020620538, 348.4181020620538, 348.4181020620538, 348.4181020620538, 348.4181020620538, 348.4181020620538, 348.4181020620538, 348.4181020620538, 348.4181020620538, 348.4181020620538, 348.4181020620538], 
[2046.1731816295232, 1685.6206683992696, 1254.5576056062473, 1254.5576056062473, 1254.5576056062473, 1254.5576056062473, 583.833945136887, 583.833945136887, 583.833945136887, 583.833945136887, 583.833945136887, 583.833945136887, 583.833945136887, 583.833945136887, 583.833945136887, 583.833945136887, 583.833945136887, 231.3396466250001, 231.3396466250001, 231.3396466250001], 
[2809.294809418326, 1249.1761992396832, 76.94127224240708, 76.94127224240708, -67.8718260176637, -67.8718260176637, -67.8718260176637, -67.8718260176637, -67.8718260176637, -67.8718260176637, -67.8718260176637, -67.8718260176637, -67.8718260176637, -67.8718260176637, -67.8718260176637, -67.8718260176637, -67.8718260176637, -67.8718260176637, -67.8718260176637, -67.8718260176637], 
[970.1619372124323, 633.3507330337814, 633.3507330337814, 633.3507330337814, 539.677434604451, 498.0150740904912, 498.0150740904912, 498.0150740904912, 498.0150740904912, 498.0150740904912, 498.0150740904912, 498.0150740904912, 498.0150740904912, 498.0150740904912, 498.0150740904912, 498.0150740904912, 220.6114734306342, 220.6114734306342, 220.6114734306342, 220.6114734306342], 
[998.852085798138, 754.8512156728084, 754.8512156728084, 754.8512156728084, 754.8512156728084, 754.8512156728084, 754.8512156728084, 754.8512156728084, 754.8512156728084, 754.8512156728084, 754.8512156728084, 754.8512156728084, 754.8512156728084, 754.8512156728084, 754.8512156728084, 754.8512156728084, 754.8512156728084, 754.8512156728084, 754.8512156728084, 754.8512156728084], 
[792.958100693146, 792.958100693146, 670.0649936203811, 670.0649936203811, 670.0649936203811, 204.42441310819163, 204.42441310819163, 204.42441310819163, 204.42441310819163, 204.42441310819163, 204.42441310819163, 204.42441310819163, 204.42441310819163, 204.42441310819163, 204.42441310819163, 204.42441310819163, 204.42441310819163, 204.42441310819163, 204.42441310819163, 204.42441310819163], 
[992.4524481583969, 668.5715776901366, 668.5715776901366, 668.5715776901366, 668.5715776901366, 193.26359549052256, 193.26359549052256, 193.26359549052256, 193.26359549052256, 193.26359549052256, 193.26359549052256, 193.26359549052256, 193.26359549052256, 193.26359549052256, 193.26359549052256, 193.26359549052256, 193.26359549052256, 193.26359549052256, 193.26359549052256, 193.26359549052256], 
[1101.2227283183995, 865.233821128232, 865.233821128232, 865.233821128232, 865.233821128232, 865.233821128232, 865.233821128232, 846.5380177244522, 846.5380177244522, 846.5380177244522, 846.5380177244522, 846.5380177244522, 482.42421089488914, 482.42421089488914, 482.42421089488914, 482.42421089488914, 482.42421089488914, 482.42421089488914, 482.42421089488914, 482.42421089488914], 
[785.415379072507, 785.415379072507, 785.415379072507, 785.415379072507, 785.415379072507, 785.415379072507, 785.415379072507, 785.415379072507, 785.415379072507, 785.415379072507, 542.081096373958, 542.081096373958, 542.081096373958, 542.081096373958, 542.081096373958, 542.081096373958, 542.081096373958, 542.081096373958, 539.8089805836371, 539.8089805836371], 
[1159.9020944989325, 1159.9020944989325, 1159.9020944989325, 499.5374213403063, 499.5374213403063, 499.5374213403063, 67.60165819482643, 67.60165819482643, 67.60165819482643, 67.60165819482643, 67.60165819482643, 67.60165819482643, 67.60165819482643, 67.60165819482643, 67.60165819482643, 67.60165819482643, 67.60165819482643, 67.60165819482643, 67.60165819482643, 67.60165819482643], 
[1915.5724863900177, 1915.5724863900177, 951.4752392462658, 951.4752392462658, 759.6033219668836, 759.6033219668836, 759.6033219668836, 759.6033219668836, 759.6033219668836, 759.6033219668836, 759.6033219668836, 759.6033219668836, 400.59612913344836, 400.59612913344836, 400.59612913344836, 400.59612913344836, 400.59612913344836, 400.59612913344836, 400.59612913344836, 400.59612913344836], 
[1300.992906338597, 1300.992906338597, 447.5815554096623, 447.5815554096623, 447.5815554096623, 447.5815554096623, 447.5815554096623, 447.5815554096623, 447.5815554096623, 447.5815554096623, 447.5815554096623, 447.5815554096623, 447.5815554096623, 447.5815554096623, 447.5815554096623, 447.5815554096623, 447.5815554096623, 447.5815554096623, 447.5815554096623, 447.5815554096623], 
[2308.049069543645, 1105.9422375085094, 1105.9422375085094, 1105.9422375085094, 362.0345009253474, 362.0345009253474, 362.0345009253474, 362.0345009253474, 362.0345009253474, 362.0345009253474, 362.0345009253474, 362.0345009253474, 362.0345009253474, 362.0345009253474, 362.0345009253474, 362.0345009253474, 362.0345009253474, 362.0345009253474, 362.0345009253474, 362.0345009253474], 
[1470.4967701919197, 1187.5921462563151, 1124.1625454684477, 1124.1625454684477, 1124.1625454684477, 205.88010411467735, 205.88010411467735, 205.88010411467735, 205.88010411467735, 205.88010411467735, 205.88010411467735, 205.88010411467735, 205.88010411467735, 205.88010411467735, 205.88010411467735, 205.88010411467735, 205.88010411467735, 205.88010411467735, 205.88010411467735, 205.88010411467735], 
[1964.7973681400617, 1015.9541196066866, 1014.779025293285, 1014.779025293285, 744.2482591909636, 744.2482591909636, 744.2482591909636, 634.2985292457688, 634.2985292457688, 627.3144745302855, 627.3144745302855, 627.3144745302855, 627.3144745302855, 627.3144745302855, 627.3144745302855, 627.3144745302855, 627.3144745302855, 627.3144745302855, 627.3144745302855, -98.613536315244], 
[231.13687708207829, 231.13687708207829, 231.13687708207829, 231.13687708207829, 231.13687708207829, 231.13687708207829, 231.13687708207829, 231.13687708207829, 231.13687708207829, 231.13687708207829, 231.13687708207829, 231.13687708207829, 231.13687708207829, 231.13687708207829, 231.13687708207829, 231.13687708207829, 231.13687708207829, 231.13687708207829, 231.13687708207829, 231.13687708207829], 
[1821.8932538058893, 565.2242855678319, 565.2242855678319, 565.2242855678319, 565.2242855678319, 447.2169568808964, 447.2169568808964, 447.2169568808964, 447.2169568808964, 447.2169568808964, 447.2169568808964, 447.2169568808964, 447.2169568808964, 447.2169568808964, 447.2169568808964, 447.2169568808964, 447.2169568808964, 447.2169568808964, 447.2169568808964, 447.2169568808964], 
[739.7100642941355, 739.7100642941355, 438.4318591837076, 315.0847559739842, 315.0847559739842, 315.0847559739842, 315.0847559739842, 315.0847559739842, 315.0847559739842, 315.0847559739842, 315.0847559739842, -93.21210507848662, -93.21210507848662, -93.21210507848662, -93.21210507848662, -93.21210507848662, -93.21210507848662, -93.21210507848662, -93.21210507848662, -93.21210507848662], 
