[1114.7460023405818, 712.0095398340702, 712.0095398340702, 712.0095398340702, 712.0095398340702, 712.0095398340702, 617.3208853509532, 617.3208853509532, 617.3208853509532, 617.3208853509532, 617.3208853509532, 617.3208853509532, 253.27415847079408, 253.27415847079408, 253.27415847079408, 253.27415847079408, 253.27415847079408, 253.27415847079408, 253.27415847079408, 253.27415847079408], 
[1465.493070154946, 942.4512603870592, 654.5630439609993, 654.5630439609993, 654.5630439609993, 654.5630439609993, 284.28235415648726, 284.28235415648726, 284.28235415648726, 284.28235415648726, 284.28235415648726, 284.28235415648726, 284.28235415648726, 284.28235415648726, 284.28235415648726, 284.28235415648726, 284.28235415648726, 201.59983857609632, 201.59983857609632, 201.59983857609632], 
[1862.5702351106866, 1694.1268341110267, 1395.2790077971508, 1395.2790077971508, 1395.2790077971508, 930.6744662752753, -111.7493548349953, -111.7493548349953, -111.7493548349953, -111.7493548349953, -111.7493548349953, -111.7493548349953, -111.7493548349953, -111.7493548349953, -111.7493548349953, -111.7493548349953, -111.7493548349953, -111.7493548349953, -111.7493548349953, -111.7493548349953], 
[501.93386641583027, 501.93386641583027, 501.93386641583027, 501.93386641583027, 501.93386641583027, 501.93386641583027, 501.93386641583027, 501.93386641583027, 501.93386641583027, 501.93386641583027, 501.93386641583027, 501.93386641583027, 501.93386641583027, 501.93386641583027, 501.93386641583027, 501.93386641583027, 501.93386641583027, 501.93386641583027, 228.97749008195558, 228.97749008195558], 
[1287.6734705553479, 1287.6734705553479, 1287.6734705553479, 1287.6734705553479, 1287.6734705553479, 1287.6734705553479, 1287.6734705553479, 846.7000035463993, 846.7000035463993, 459.5144391939409, 459.5144391939409, 459.5144391939409, 459.5144391939409, 102.42208291510269, 102.42208291510269, 102.42208291510269, 102.42208291510269, 102.42208291510269, 102.42208291510269, 102.42208291510269], 
[1981.8972969799324, 1556.0833538327634, 516.5657972400447, 516.5657972400447, 516.5657972400447, 516.5657972400447, 516.5657972400447, 516.5657972400447, 516.5657972400447, 516.5657972400447, 516.5657972400447, 516.5657972400447, 516.5657972400447, 516.5657972400447, 516.5657972400447, 516.5657972400447, 516.5657972400447, 516.5657972400447, 516.5657972400447, 516.5657972400447], 
[2194.695369430032, 712.1317831764497, 226.37135875940112, 226.37135875940112, 154.1277725914913, 154.1277725914913, 154.1277725914913, 154.1277725914913, 154.1277725914913, 154.1277725914913, 154.1277725914913, 154.1277725914913, 154.1277725914913, 154.1277725914913, 154.1277725914913, 154.1277725914913, 154.1277725914913, 154.1277725914913, 154.1277725914913, 154.1277725914913], 
[895.6419792573663, 895.6419792573663, 895.6419792573663, 895.6419792573663, 561.4204386871188, 561.4204386871188, 561.4204386871188, 561.4204386871188, 561.4204386871188, 375.9263850873209, 375.9263850873209, 375.9263850873209, 90.45325935190488, 90.45325935190488, 90.45325935190488, 90.45325935190488, 90.45325935190488, 90.45325935190488, 90.45325935190488, 90.45325935190488], 
[694.5481901751139, 694.5481901751139, 483.8354935141806, 483.8354935141806, 483.8354935141806, 483.8354935141806, 483.8354935141806, 420.5793578776879, 420.5793578776879, 420.5793578776879, 340.60694639268957, 340.60694639268957, 340.60694639268957, 340.60694639268957, 340.60694639268957, 340.60694639268957, 340.60694639268957, 106.4083333754919, 106.4083333754919, 106.4083333754919], 
[700.9321567652887, 700.9321567652887, 700.9321567652887, 700.9321567652887, 700.9321567652887, 700.9321567652887, 700.9321567652887, 700.9321567652887, 700.9321567652887, 700.9321567652887, 700.9321567652887, 700.9321567652887, 700.9321567652887, 700.9321567652887, 700.9321567652887, 267.11842245380103, 267.11842245380103, 267.11842245380103, 267.11842245380103, 229.6749269517112], 
[1123.993222909082, 165.44878131804785, 165.44878131804785, 165.44878131804785, 165.44878131804785, 165.44878131804785, 165.44878131804785, 165.44878131804785, 165.44878131804785, 165.44878131804785, 165.44878131804785, 165.44878131804785, 165.44878131804785, 165.44878131804785, 165.44878131804785, 165.44878131804785, 165.44878131804785, 165.44878131804785, 165.44878131804785, 165.44878131804785], 
[334.0689988623599, 334.0689988623599, 334.0689988623599, 334.0689988623599, 334.0689988623599, 334.0689988623599, 334.0689988623599, 334.0689988623599, 334.0689988623599, 334.0689988623599, 38.18317869195698, 38.18317869195698, 38.18317869195698, 38.18317869195698, 38.18317869195698, 38.18317869195698, 38.18317869195698, 38.18317869195698, 38.18317869195698, 38.18317869195698], 
[1174.9164743114325, 1174.9164743114325, 1174.9164743114325, 1174.9164743114325, 865.1008176972239, 865.1008176972239, 865.1008176972239, 865.1008176972239, -23.66413246899168, -23.66413246899168, -23.66413246899168, -23.66413246899168, -23.66413246899168, -23.66413246899168, -23.66413246899168, -23.66413246899168, -23.66413246899168, -23.66413246899168, -23.66413246899168, -23.66413246899168], 
[1557.5916216252335, 78.19994744713733, 78.19994744713733, 78.19994744713733, 78.19994744713733, -171.60897404366176, -171.60897404366176, -171.60897404366176, -171.60897404366176, -171.60897404366176, -171.60897404366176, -171.60897404366176, -171.60897404366176, -171.60897404366176, -171.60897404366176, -171.60897404366176, -171.60897404366176, -171.60897404366176, -171.60897404366176, -171.60897404366176], 
[975.7503721024566, 975.7503721024566, 427.1807753593474, 427.1807753593474, 427.1807753593474, 427.1807753593474, 427.1807753593474, 427.1807753593474, 427.1807753593474, 427.1807753593474, 427.1807753593474, 427.1807753593474, 303.58767063444225, 303.58767063444225, 303.58767063444225, 303.58767063444225, 250.86574523243075, 250.86574523243075, 250.86574523243075, 250.86574523243075], 
[1744.2914351843506, 1744.2914351843506, 342.7296114269351, 40.33834750708456, 40.33834750708456, 40.33834750708456, 40.33834750708456, 40.33834750708456, 40.33834750708456, 40.33834750708456, 40.33834750708456, 40.33834750708456, 40.33834750708456, 40.33834750708456, 40.33834750708456, 40.33834750708456, 40.33834750708456, 40.33834750708456, 40.33834750708456, 40.33834750708456], 
[941.4769990808302, 373.19829773793924, 373.19829773793924, 373.19829773793924, 373.19829773793924, 373.19829773793924, 373.19829773793924, 373.19829773793924, 373.19829773793924, 373.19829773793924, 373.19829773793924, 373.19829773793924, 373.19829773793924, 373.19829773793924, 373.19829773793924, 373.19829773793924, 373.19829773793924, 373.19829773793924, 373.19829773793924, 373.19829773793924], 
[363.1436111233529, 363.1436111233529, 363.1436111233529, 363.1436111233529, 363.1436111233529, 363.1436111233529, 363.1436111233529, 363.1436111233529, 363.1436111233529, 363.1436111233529, 363.1436111233529, 363.1436111233529, 363.1436111233529, 363.1436111233529, 363.1436111233529, 363.1436111233529, 363.1436111233529, 363.1436111233529, 363.1436111233529, 363.1436111233529], 
[545.9799724622749, 545.9799724622749, 545.9799724622749, 545.9799724622749, 545.9799724622749, 545.9799724622749, 545.9799724622749, 545.9799724622749, 545.9799724622749, 545.9799724622749, 545.9799724622749, 545.9799724622749, 545.9799724622749, 545.9799724622749, 545.9799724622749, 545.9799724622749, 545.9799724622749, 545.9799724622749, 545.9799724622749, 545.9799724622749], 
[826.5992945127696, 826.5992945127696, 826.5992945127696, 826.5992945127696, 826.5992945127696, 826.5992945127696, 826.5992945127696, 826.5992945127696, 21.813372767806413, 21.813372767806413, 21.813372767806413, 21.813372767806413, 21.813372767806413, 21.813372767806413, 21.813372767806413, 21.813372767806413, 21.813372767806413, 21.813372767806413, 21.813372767806413, 21.813372767806413], 
[500.7911242245939, 500.7911242245939, 500.7911242245939, 500.7911242245939, 500.7911242245939, 500.7911242245939, 500.7911242245939, 500.7911242245939, 500.7911242245939, 500.7911242245939, 500.7911242245939, 500.7911242245939, 500.7911242245939, 500.7911242245939, 500.7911242245939, 500.7911242245939, 500.7911242245939, 500.7911242245939, 500.7911242245939, 500.7911242245939], 
[769.2792966170036, 691.8524839476004, 691.8524839476004, 691.8524839476004, 691.8524839476004, 691.8524839476004, 691.8524839476004, 691.8524839476004, 691.8524839476004, 691.8524839476004, 691.8524839476004, 691.8524839476004, 443.36845676314226, 443.36845676314226, 443.36845676314226, 443.36845676314226, 443.36845676314226, 443.36845676314226, 443.36845676314226, 443.36845676314226], 
[1571.0095763373997, 1416.062323777735, 1416.062323777735, -71.96462341374365, -71.96462341374365, -71.96462341374365, -71.96462341374365, -71.96462341374365, -71.96462341374365, -71.96462341374365, -71.96462341374365, -71.96462341374365, -71.96462341374365, -71.96462341374365, -71.96462341374365, -71.96462341374365, -71.96462341374365, -71.96462341374365, -71.96462341374365, -71.96462341374365], 
[49.58011805025035, 49.58011805025035, 49.58011805025035, 49.58011805025035, 49.58011805025035, 49.58011805025035, 49.58011805025035, 49.58011805025035, 49.58011805025035, 49.58011805025035, 49.58011805025035, 49.58011805025035, 49.58011805025035, 49.58011805025035, 49.58011805025035, 49.58011805025035, 49.58011805025035, 49.58011805025035, 49.58011805025035, 49.58011805025035], 
[1696.3242375350487, 1696.3242375350487, 1696.3242375350487, 1183.5930508580423, 806.1469108669246, 806.1469108669246, 806.1469108669246, 806.1469108669246, 213.22984417468422, 213.22984417468422, 213.22984417468422, 213.22984417468422, 213.22984417468422, 213.22984417468422, 213.22984417468422, 213.22984417468422, 213.22984417468422, 213.22984417468422, 213.22984417468422, 213.22984417468422], 
[1457.4324409716755, 1357.8868080721827, 857.4770487593175, 857.4770487593175, 857.4770487593175, 857.4770487593175, 857.4770487593175, 857.4770487593175, 857.4770487593175, 857.4770487593175, 857.4770487593175, 636.9938161087487, 636.9938161087487, 636.9938161087487, 636.9938161087487, 406.47862552367246, 406.47862552367246, 406.47862552367246, 406.47862552367246, 406.47862552367246], 
[1543.1121142146455, 520.7836835359496, 520.7836835359496, 520.7836835359496, 520.7836835359496, 520.7836835359496, 520.7836835359496, 520.7836835359496, 520.7836835359496, 520.7836835359496, 520.7836835359496, 520.7836835359496, 520.7836835359496, 520.7836835359496, 520.7836835359496, 520.7836835359496, 520.7836835359496, 520.7836835359496, 492.57698244914, 492.57698244914], 
[1298.4954835196957, 872.8505083645534, 872.8505083645534, 872.8505083645534, 251.79655198530872, 251.79655198530872, 251.79655198530872, 251.79655198530872, 251.79655198530872, 189.55202663371028, 189.55202663371028, 189.55202663371028, 189.55202663371028, 189.55202663371028, 189.55202663371028, 189.55202663371028, 189.55202663371028, 189.55202663371028, 189.55202663371028, 189.55202663371028], 
[1871.7501292223337, 1871.7501292223337, 820.1880400574598, 371.4854007375957, 371.4854007375957, 365.19283125382356, 365.19283125382356, 365.19283125382356, 365.19283125382356, 365.19283125382356, 365.19283125382356, 365.19283125382356, 365.19283125382356, 365.19283125382356, 365.19283125382356, 365.19283125382356, 365.19283125382356, 365.19283125382356, 323.55482268895673, 323.55482268895673], 
[2753.2765423397727, 1097.1873955749772, 1097.1873955749772, 1097.1873955749772, 1097.1873955749772, 833.2713271432617, 458.01045449610126, 458.01045449610126, 458.01045449610126, 458.01045449610126, 458.01045449610126, 458.01045449610126, 458.01045449610126, 458.01045449610126, 458.01045449610126, 458.01045449610126, 458.01045449610126, 432.56850859048495, 432.56850859048495, 432.56850859048495], 
