[798.4328316688877, 260.06474197529053, 260.06474197529053, 260.06474197529053, 260.06474197529053, 260.06474197529053, 260.06474197529053, 260.06474197529053, 260.06474197529053, 260.06474197529053, 260.06474197529053, 260.06474197529053, 260.06474197529053, 260.06474197529053, 260.06474197529053, 260.06474197529053, 260.06474197529053, 260.06474197529053, 260.06474197529053, 260.06474197529053], 
[1441.3665593734554, 1441.3665593734554, 1257.0959374163854, -117.00604681394435, -117.00604681394435, -117.00604681394435, -117.00604681394435, -117.00604681394435, -117.00604681394435, -117.00604681394435, -117.00604681394435, -117.00604681394435, -117.00604681394435, -117.00604681394435, -117.00604681394435, -117.00604681394435, -117.00604681394435, -117.00604681394435, -117.00604681394435, -117.00604681394435], 
[1368.296987585275, 1368.296987585275, 1292.240411071448, 1292.240411071448, 462.0239080335889, 462.0239080335889, 462.0239080335889, 462.0239080335889, 462.0239080335889, 462.0239080335889, 462.0239080335889, 462.0239080335889, 462.0239080335889, 293.2767555353212, 293.2767555353212, 293.2767555353212, 293.2767555353212, 252.0560836719019, 252.0560836719019, 252.0560836719019], 
[1995.748564840887, 1676.0385500362518, 1583.272937597229, 1583.272937597229, 1583.272937597229, 1237.7433300084806, 1237.7433300084806, 480.51206052014004, 480.51206052014004, 480.51206052014004, 480.51206052014004, 480.51206052014004, 480.51206052014004, 480.51206052014004, 480.51206052014004, 480.51206052014004, 480.51206052014004, 480.51206052014004, 480.51206052014004, 480.51206052014004], 
[2034.0730721617429, 788.9889924777501, 788.9889924777501, 788.9889924777501, 761.326350728106, 648.0357029312192, 648.0357029312192, 648.0357029312192, 648.0357029312192, 648.0357029312192, 648.0357029312192, 648.0357029312192, 482.8882330472384, 482.8882330472384, 482.8882330472384, 482.8882330472384, 482.8882330472384, 482.8882330472384, 482.8882330472384, 482.8882330472384], 
[1872.9688748482135, 489.1806724984218, 489.1806724984218, 489.1806724984218, 489.1806724984218, 489.1806724984218, 351.5968545518955, 351.5968545518955, 351.5968545518955, 351.5968545518955, 351.5968545518955, 351.5968545518955, 351.5968545518955, 351.5968545518955, 351.5968545518955, 351.5968545518955, 351.5968545518955, 351.5968545518955, 351.5968545518955, 351.5968545518955], 
[623.3288779772924, 623.3288779772924, 623.3288779772924, 623.3288779772924, 623.3288779772924, 623.3288779772924, 623.3288779772924, 623.3288779772924, 623.3288779772924, 623.3288779772924, 623.3288779772924, 623.3288779772924, 623.3288779772924, 513.7848826420776, 513.7848826420776, 513.7848826420776, 513.7848826420776, 361.99280174296507, 361.99280174296507, 361.99280174296507], 
[714.0125137261646, 714.0125137261646, 714.0125137261646, 714.0125137261646, 714.0125137261646, 714.0125137261646, 714.0125137261646, 714.0125137261646, 673.6627718217301, 673.6627718217301, 673.6627718217301, 673.6627718217301, 673.6627718217301, 673.6627718217301, 673.6627718217301, 470.4342551165968, 470.4342551165968, 470.4342551165968, 470.4342551165968, 470.4342551165968], 
[1131.1128397667321, 1131.1128397667321, 1024.8924643931111, 550.4244852940428, 550.4244852940428, 550.4244852940428, 550.4244852940428, 550.4244852940428, 550.4244852940428, 550.4244852940428, 550.4244852940428, 550.4244852940428, 550.4244852940428, 550.4244852940428, 550.4244852940428, 226.3824349233405, 226.3824349233405, 226.3824349233405, 226.3824349233405, 226.3824349233405], 
[1267.6464803535996, 1267.6464803535996, 502.61769019508097, 376.6396808844646, 376.6396808844646, 376.6396808844646, 376.6396808844646, 376.6396808844646, 376.6396808844646, 376.6396808844646, 376.6396808844646, 376.6396808844646, 376.6396808844646, 376.6396808844646, 376.6396808844646, 376.6396808844646, 376.6396808844646, 376.6396808844646, 376.6396808844646, 376.6396808844646], 
[838.7448889032685, 763.5971766924706, 763.5971766924706, 763.5971766924706, 763.5971766924706, 763.5971766924706, 763.5971766924706, 763.5971766924706, 763.5971766924706, 690.2500862592422, 690.2500862592422, 690.2500862592422, 690.2500862592422, 690.2500862592422, 690.2500862592422, 690.2500862592422, 690.2500862592422, 690.2500862592422, 690.2500862592422, 690.2500862592422], 
[750.7370916693858, 750.7370916693858, 750.7370916693858, 750.7370916693858, 750.7370916693858, -84.22697206814485, -84.22697206814485, -84.22697206814485, -84.22697206814485, -84.22697206814485, -84.22697206814485, -84.22697206814485, -84.22697206814485, -84.22697206814485, -84.22697206814485, -84.22697206814485, -84.22697206814485, -84.22697206814485, -84.22697206814485, -84.22697206814485], 
[1081.6638935490057, 682.9958466743612, 682.9958466743612, 682.9958466743612, 682.9958466743612, 682.9958466743612, 682.9958466743612, 682.9958466743612, 682.9958466743612, 682.9958466743612, 682.9958466743612, -83.00515235131161, -83.00515235131161, -83.00515235131161, -83.00515235131161, -83.00515235131161, -83.00515235131161, -83.00515235131161, -83.00515235131161, -83.00515235131161], 
[1105.5300459944444, 1105.5300459944444, 1105.5300459944444, 1105.5300459944444, 1105.5300459944444, 1105.5300459944444, 855.1104356881642, 855.1104356881642, 656.776038799761, 656.776038799761, 656.776038799761, 656.776038799761, 656.776038799761, 656.776038799761, 656.776038799761, 656.776038799761, 656.776038799761, 656.776038799761, 656.776038799761, 656.776038799761], 
[1376.7130916394678, 1306.7766831194533, 610.1377729833769, 610.1377729833769, 610.1377729833769, 610.1377729833769, 610.1377729833769, 610.1377729833769, 610.1377729833769, 610.1377729833769, 304.3037651247769, 304.3037651247769, 304.3037651247769, 304.3037651247769, 304.3037651247769, 304.3037651247769, 304.3037651247769, 304.3037651247769, 304.3037651247769, 304.3037651247769], 
[2102.5314265907746, 1593.8801325116146, 1535.2394391030566, 1535.2394391030566, 744.6545447575943, 605.2429824098326, 605.2429824098326, 605.2429824098326, 605.2429824098326, 605.2429824098326, 605.2429824098326, 605.2429824098326, 605.2429824098326, 605.2429824098326, 605.2429824098326, 605.2429824098326, 605.2429824098326, 605.2429824098326, 605.2429824098326, 605.2429824098326], 
[1793.3519542951963, 1565.8880041045059, 660.3375321074927, 660.3375321074927, 660.3375321074927, 660.3375321074927, 660.3375321074927, 168.672121689228, 168.672121689228, 168.672121689228, 168.672121689228, 168.672121689228, 168.672121689228, 168.672121689228, 168.672121689228, 168.672121689228, 168.672121689228, 168.672121689228, 168.672121689228, 168.672121689228], 
[965.2139940745783, 815.1900256284514, 815.1900256284514, 815.1900256284514, 815.1900256284514, 260.81744231842936, 260.81744231842936, 260.81744231842936, 260.81744231842936, 260.81744231842936, 260.81744231842936, 260.81744231842936, 260.81744231842936, 260.81744231842936, 260.81744231842936, 260.81744231842936, 260.81744231842936, 260.81744231842936, 152.3236490654067, 152.3236490654067], 
[1853.9638140968855, 1200.5996361228372, 406.16954550128946, 406.16954550128946, 406.16954550128946, 406.16954550128946, 406.16954550128946, 406.16954550128946, 406.16954550128946, 406.16954550128946, 406.16954550128946, 406.16954550128946, 406.16954550128946, 406.16954550128946, 174.13908212237743, 174.13908212237743, 174.13908212237743, 174.13908212237743, 174.13908212237743, 174.13908212237743], 
[1335.9325769355316, 1335.9325769355316, 642.0093204391594, 642.0093204391594, 642.0093204391594, 642.0093204391594, 642.0093204391594, 642.0093204391594, 642.0093204391594, 642.0093204391594, 642.0093204391594, 591.7472661811646, 162.0544225281402, 162.0544225281402, 162.0544225281402, 162.0544225281402, 162.0544225281402, 162.0544225281402, 162.0544225281402, 162.0544225281402], 
[1084.6130482495407, 1084.6130482495407, 1084.6130482495407, 1084.6130482495407, 934.5952565647945, 934.5952565647945, 934.5952565647945, 498.30125598352004, 498.30125598352004, 498.30125598352004, 498.30125598352004, 498.30125598352004, 498.30125598352004, 431.81730466480553, 431.81730466480553, 431.81730466480553, 338.844080455047, 338.844080455047, 338.844080455047, 338.844080455047], 
[682.556232342974, 682.556232342974, 682.556232342974, 682.556232342974, 682.556232342974, 682.556232342974, 682.556232342974, 682.556232342974, 682.556232342974, 682.556232342974, 551.9346209191908, 551.9346209191908, 551.9346209191908, 551.9346209191908, 551.9346209191908, 551.9346209191908, 551.9346209191908, 551.9346209191908, 375.76130542271926, 346.1476982531467], 
[1763.1470781174653, 933.3075555144694, 933.3075555144694, 933.3075555144694, 933.3075555144694, 933.3075555144694, 322.66819104069714, 322.66819104069714, 322.66819104069714, 322.66819104069714, 322.66819104069714, 322.66819104069714, 322.66819104069714, 322.66819104069714, 322.66819104069714, 322.66819104069714, 322.66819104069714, 322.66819104069714, 322.66819104069714, 322.66819104069714], 
[1595.8036752872772, 1506.6277067035442, 1256.097585464681, 1034.71044571034, 405.2345358552086, 405.2345358552086, 301.0282720005314, 301.0282720005314, 301.0282720005314, 301.0282720005314, 301.0282720005314, 301.0282720005314, 301.0282720005314, 301.0282720005314, 301.0282720005314, 301.0282720005314, 301.0282720005314, 301.0282720005314, 301.0282720005314, 301.0282720005314], 
[994.839299374064, 994.839299374064, 994.839299374064, 994.839299374064, 994.839299374064, 863.1552490625822, 863.1552490625822, 756.1048040358733, 756.1048040358733, 756.1048040358733, 756.1048040358733, 756.1048040358733, 756.1048040358733, 756.1048040358733, 756.1048040358733, 719.6279648030927, 719.6279648030927, 719.6279648030927, 719.6279648030927, 719.6279648030927], 
[1782.8621714390497, 331.17233837257686, 331.17233837257686, 331.17233837257686, 331.17233837257686, 331.17233837257686, 331.17233837257686, 331.17233837257686, 331.17233837257686, 331.17233837257686, 331.17233837257686, 331.17233837257686, 331.17233837257686, 331.17233837257686, 331.17233837257686, 331.17233837257686, 331.17233837257686, 331.17233837257686, 331.17233837257686, 331.17233837257686], 
[1533.588300185834, 81.4732569870232, 81.4732569870232, 81.4732569870232, 81.4732569870232, 81.4732569870232, 81.4732569870232, 81.4732569870232, 81.4732569870232, 81.4732569870232, 81.4732569870232, 81.4732569870232, 81.4732569870232, 81.4732569870232, 81.4732569870232, 81.4732569870232, 81.4732569870232, 81.4732569870232, 81.4732569870232, -216.68060737245372], 
[1488.793974824399, 1384.8081446431797, 853.9445492252166, 853.9445492252166, 853.9445492252166, 487.74180190785626, 487.74180190785626, 487.74180190785626, 487.74180190785626, 487.74180190785626, 88.82192540777521, 88.82192540777521, 88.82192540777521, 88.82192540777521, 88.82192540777521, 88.82192540777521, 88.82192540777521, 88.82192540777521, 88.82192540777521, 88.82192540777521], 
[1266.7210034462325, 1266.7210034462325, 1105.3373440945456, 1105.3373440945456, 1105.3373440945456, 528.439672561107, 528.439672561107, 528.439672561107, 528.439672561107, 528.439672561107, 528.439672561107, 528.439672561107, 528.439672561107, 528.439672561107, 528.439672561107, 528.439672561107, 528.439672561107, 528.439672561107, 528.439672561107, 528.439672561107], 
[1481.2406669159689, 1481.2406669159689, 983.6570337133342, 983.6570337133342, 983.6570337133342, 778.2856319407376, 172.45728792563978, 172.45728792563978, 172.45728792563978, 172.45728792563978, 172.45728792563978, 172.45728792563978, 172.45728792563978, 172.45728792563978, 172.45728792563978, 172.45728792563978, 172.45728792563978, 172.45728792563978, 172.45728792563978, 172.45728792563978], 
