[319.0018765036788, 319.0018765036788, 319.0018765036788, 242.66740299900084, 242.66740299900084, 242.66740299900084, 242.66740299900084, 242.66740299900084, 242.66740299900084, 242.66740299900084, 242.66740299900084, 242.66740299900084, 242.66740299900084, 242.66740299900084, 242.66740299900084, 242.66740299900084, 242.66740299900084, 242.66740299900084, 242.66740299900084, 242.66740299900084], 
[440.8162361768596, 378.37673156884455, 378.37673156884455, 378.37673156884455, 378.37673156884455, 367.54774806276544, 336.73725921823507, 336.73725921823507, 336.73725921823507, 336.73725921823507, 336.73725921823507, 336.73725921823507, 336.73725921823507, 336.73725921823507, 336.73725921823507, 336.73725921823507, 324.4592707770522, 290.6302774892753, 290.6302774892753, 290.6302774892753], 
[409.321707888574, 409.321707888574, 409.321707888574, 409.321707888574, 409.321707888574, 409.321707888574, 390.4907497925308, 390.4907497925308, 390.4907497925308, 390.4907497925308, 390.4907497925308, 390.4907497925308, 374.6417018620102, 374.6417018620102, 374.6417018620102, 322.8881675783587, 322.8881675783587, 322.8881675783587, 322.8881675783587, 322.8881675783587], 
[351.286618529467, 349.78292668858734, 349.78292668858734, 349.78292668858734, 349.78292668858734, 310.37512036387227, 310.37512036387227, 310.37512036387227, 310.37512036387227, 301.3708637514253, 301.3708637514253, 301.3708637514253, 301.3708637514253, 301.3708637514253, 301.3708637514253, 301.3708637514253, 301.3708637514253, 301.3708637514253, 301.3708637514253, 301.3708637514253], 
[402.6575474133723, 402.6575474133723, 381.9238240447668, 381.9238240447668, 381.9238240447668, 381.9238240447668, 381.9238240447668, 365.93040412502233, 365.93040412502233, 365.93040412502233, 365.93040412502233, 365.93040412502233, 365.93040412502233, 363.26433932334953, 363.26433932334953, 363.26433932334953, 363.26433932334953, 363.26433932334953, 337.72971309396246, 337.72971309396246], 
[444.1856840768643, 408.82462819303913, 408.82462819303913, 408.82462819303913, 408.82462819303913, 408.82462819303913, 408.82462819303913, 408.82462819303913, 382.88227580338395, 378.4344799548976, 351.51940635368913, 337.2372599497117, 337.2372599497117, 337.2372599497117, 337.2372599497117, 337.2372599497117, 337.2372599497117, 316.48580654739726, 316.48580654739726, 316.48580654739726], 
[362.6075623528847, 362.6075623528847, 357.2161174110943, 350.824802113509, 350.824802113509, 350.824802113509, 350.824802113509, 350.824802113509, 350.824802113509, 350.824802113509, 350.824802113509, 350.824802113509, 324.37559286007905, 324.37559286007905, 324.37559286007905, 324.37559286007905, 324.37559286007905, 324.37559286007905, 324.37559286007905, 324.37559286007905], 
[302.34621004129133, 302.34621004129133, 302.34621004129133, 302.34621004129133, 302.34621004129133, 302.34621004129133, 302.34621004129133, 302.34621004129133, 302.34621004129133, 302.34621004129133, 302.34621004129133, 302.34621004129133, 302.34621004129133, 302.34621004129133, 302.34621004129133, 302.34621004129133, 302.34621004129133, 302.34621004129133, 302.34621004129133, 302.34621004129133], 
[543.75609829086, 421.2375460046857, 401.49298287631814, 401.49298287631814, 386.80195780097324, 386.80195780097324, 386.80195780097324, 373.3557255138573, 373.3557255138573, 373.3557255138573, 373.3557255138573, 373.3557255138573, 354.2669182345938, 354.2669182345938, 354.2669182345938, 354.2669182345938, 354.2669182345938, 354.2669182345938, 354.2669182345938, 354.2669182345938], 
[465.59922189970575, 416.4463880845486, 416.4463880845486, 367.31246156838506, 367.31246156838506, 336.79704917898573, 336.79704917898573, 336.79704917898573, 296.45688117109006, 296.45688117109006, 296.45688117109006, 296.45688117109006, 296.45688117109006, 296.45688117109006, 296.45688117109006, 296.45688117109006, 296.45688117109006, 296.45688117109006, 296.45688117109006, 296.45688117109006], 
[602.3864877338519, 441.66173846173217, 370.61528374568934, 370.61528374568934, 370.61528374568934, 370.61528374568934, 370.61528374568934, 370.61528374568934, 370.61528374568934, 234.65980136584398, 234.65980136584398, 234.65980136584398, 234.65980136584398, 234.65980136584398, 234.65980136584398, 234.65980136584398, 234.65980136584398, 234.65980136584398, 234.65980136584398, 234.65980136584398], 
[523.3007293038823, 369.8887420740569, 369.8887420740569, 330.87051899593433, 330.87051899593433, 330.87051899593433, 308.41367357995114, 308.41367357995114, 308.41367357995114, 277.91084667184333, 277.91084667184333, 277.91084667184333, 277.91084667184333, 277.91084667184333, 277.91084667184333, 277.91084667184333, 277.91084667184333, 277.91084667184333, 277.91084667184333, 277.91084667184333], 
[509.12445725381826, 328.75659778261013, 328.75659778261013, 328.75659778261013, 328.75659778261013, 328.75659778261013, 328.75659778261013, 328.75659778261013, 328.75659778261013, 328.75659778261013, 328.75659778261013, 328.75659778261013, 328.75659778261013, 328.75659778261013, 328.75659778261013, 328.75659778261013, 328.75659778261013, 328.75659778261013, 328.75659778261013, 328.75659778261013], 
[527.4951720370059, 384.5471644922319, 384.5471644922319, 384.5471644922319, 337.091018232815, 337.091018232815, 337.091018232815, 337.091018232815, 337.091018232815, 337.091018232815, 333.9135533051865, 333.9135533051865, 325.8997947014495, 325.8997947014495, 325.8997947014495, 325.8997947014495, 325.8997947014495, 325.8997947014495, 325.8997947014495, 325.8997947014495], 
[492.3785575667006, 321.4700750763959, 321.4700750763959, 321.4700750763959, 321.4700750763959, 233.97592688061815, 233.97592688061815, 233.97592688061815, 233.97592688061815, 233.97592688061815, 233.97592688061815, 233.97592688061815, 233.97592688061815, 233.97592688061815, 233.97592688061815, 233.97592688061815, 233.97592688061815, 233.97592688061815, 233.97592688061815, 233.97592688061815], 
[449.3651714125143, 449.3651714125143, 400.49194915534423, 349.2461974136257, 349.2461974136257, 349.2461974136257, 349.2461974136257, 329.79148945464885, 329.79148945464885, 329.79148945464885, 329.79148945464885, 329.79148945464885, 329.79148945464885, 329.79148945464885, 329.79148945464885, 329.79148945464885, 329.79148945464885, 329.79148945464885, 329.79148945464885, 329.79148945464885], 
[477.92770577717187, 466.0358496492121, 403.7400960097307, 398.9392756830035, 398.9392756830035, 398.9392756830035, 398.9392756830035, 398.9392756830035, 355.4960477645977, 355.4960477645977, 355.4960477645977, 355.4960477645977, 355.4960477645977, 355.4960477645977, 355.4960477645977, 355.4960477645977, 330.319424125747, 330.319424125747, 330.319424125747, 286.96393151199555], 
[519.1315053840523, 337.13113302836047, 337.13113302836047, 337.13113302836047, 304.14116820445815, 296.57274340194937, 296.57274340194937, 296.57274340194937, 296.57274340194937, 296.57274340194937, 296.57274340194937, 296.57274340194937, 296.57274340194937, 296.57274340194937, 296.57274340194937, 296.57274340194937, 296.57274340194937, 296.57274340194937, 296.57274340194937, 296.57274340194937], 
[447.2019923381058, 314.67636582206404, 249.95440832507902, 249.95440832507902, 249.95440832507902, 249.95440832507902, 249.95440832507902, 249.95440832507902, 249.95440832507902, 249.95440832507902, 249.95440832507902, 249.95440832507902, 249.95440832507902, 249.95440832507902, 249.95440832507902, 249.95440832507902, 249.95440832507902, 249.95440832507902, 249.95440832507902, 249.95440832507902], 
[514.9820984319442, 300.3894382583703, 300.3894382583703, 292.4650722465495, 292.4650722465495, 292.4650722465495, 292.4650722465495, 292.4650722465495, 292.4650722465495, 292.4650722465495, 292.4650722465495, 292.4650722465495, 273.608961330033, 273.608961330033, 273.608961330033, 273.608961330033, 273.608961330033, 273.608961330033, 273.608961330033, 273.608961330033], 
[415.61925508112665, 415.61925508112665, 378.1789464942823, 378.1789464942823, 378.1789464942823, 378.1789464942823, 378.1789464942823, 378.1789464942823, 378.1789464942823, 362.69509196142246, 362.69509196142246, 362.69509196142246, 362.69509196142246, 362.69509196142246, 362.69509196142246, 319.11938991701925, 319.11938991701925, 319.11938991701925, 319.11938991701925, 319.11938991701925], 
[523.6041832595358, 523.6041832595358, 410.9691538743626, 405.9017771401596, 369.63216617327146, 369.63216617327146, 369.63216617327146, 369.63216617327146, 342.4066054232793, 342.4066054232793, 342.4066054232793, 342.4066054232793, 342.4066054232793, 342.4066054232793, 342.4066054232793, 260.9845854711457, 260.9845854711457, 260.9845854711457, 260.9845854711457, 260.9845854711457], 
[425.86966934139315, 329.591649970265, 329.591649970265, 293.41195085587384, 293.41195085587384, 293.41195085587384, 236.90434822409284, 236.90434822409284, 236.90434822409284, 236.90434822409284, 236.90434822409284, 236.90434822409284, 236.90434822409284, 236.90434822409284, 236.90434822409284, 236.90434822409284, 236.90434822409284, 236.90434822409284, 236.90434822409284, 236.90434822409284], 
[437.62103931959086, 437.62103931959086, 415.85521862835947, 348.8766340021629, 348.8766340021629, 348.8766340021629, 348.8766340021629, 348.8766340021629, 348.8766340021629, 348.8766340021629, 348.8766340021629, 348.8766340021629, 348.8766340021629, 348.8766340021629, 348.8766340021629, 348.8766340021629, 348.8766340021629, 273.35706625440883, 273.35706625440883, 273.35706625440883], 
[429.43337599413593, 422.36386250898795, 422.36386250898795, 389.3786787538603, 234.17343123491068, 234.17343123491068, 234.17343123491068, 234.17343123491068, 234.17343123491068, 234.17343123491068, 234.17343123491068, 234.17343123491068, 234.17343123491068, 234.17343123491068, 234.17343123491068, 234.17343123491068, 234.17343123491068, 234.17343123491068, 234.17343123491068, 234.17343123491068], 
[464.86558040495265, 144.60807432025968, 144.60807432025968, 144.60807432025968, 144.60807432025968, 144.60807432025968, 144.60807432025968, 144.60807432025968, 144.60807432025968, 144.60807432025968, 144.60807432025968, 144.60807432025968, 144.60807432025968, 144.60807432025968, 144.60807432025968, 144.60807432025968, 144.60807432025968, 144.60807432025968, 144.60807432025968, 144.60807432025968], 
[404.3945406380211, 325.4502354124812, 325.4502354124812, 325.4502354124812, 325.4502354124812, 325.4502354124812, 325.4502354124812, 325.4502354124812, 325.4502354124812, 325.4502354124812, 325.4502354124812, 325.4502354124812, 325.4502354124812, 325.4502354124812, 325.4502354124812, 325.4502354124812, 325.4502354124812, 325.4502354124812, 325.4502354124812, 325.4502354124812], 
[441.11627525347626, 441.11627525347626, 372.934724179811, 372.934724179811, 295.8051005414539, 295.8051005414539, 295.8051005414539, 295.8051005414539, 295.8051005414539, 295.8051005414539, 295.8051005414539, 295.8051005414539, 295.8051005414539, 295.8051005414539, 295.8051005414539, 295.8051005414539, 295.8051005414539, 295.8051005414539, 295.8051005414539, 295.8051005414539], 
[457.7081970807239, 457.7081970807239, 457.7081970807239, 381.37191470312774, 308.58495745521714, 308.58495745521714, 308.58495745521714, 308.58495745521714, 237.16799853241585, 237.16799853241585, 237.16799853241585, 237.16799853241585, 237.16799853241585, 237.16799853241585, 237.16799853241585, 237.16799853241585, 237.16799853241585, 237.16799853241585, 237.16799853241585, 237.16799853241585], 
[450.58602023662263, 450.58602023662263, 450.58602023662263, 273.5159161987996, 273.5159161987996, 273.5159161987996, 273.5159161987996, 273.5159161987996, 273.5159161987996, 273.5159161987996, 273.5159161987996, 273.5159161987996, 273.5159161987996, 273.5159161987996, 273.5159161987996, 273.5159161987996, 273.5159161987996, 256.8860291145739, 256.8860291145739, 256.8860291145739], 
