[952.373688259607, 703.1478769013036, 703.1478769013036, 582.5012362659543, 494.4407789137082, 494.4407789137082, 494.4407789137082, 494.4407789137082, 494.4407789137082, 494.4407789137082, 266.13807921529735, 266.13807921529735, 266.13807921529735, 266.13807921529735, 266.13807921529735, 266.13807921529735, 266.13807921529735, 266.13807921529735, 266.13807921529735, 266.13807921529735], 
[1016.7738659369713, 1016.7738659369713, 892.4611679495663, 892.4611679495663, 213.74077455969677, 213.74077455969677, 213.74077455969677, 213.74077455969677, 213.74077455969677, 213.74077455969677, 213.74077455969677, 213.74077455969677, 213.74077455969677, 213.74077455969677, 213.74077455969677, 213.74077455969677, 213.74077455969677, 213.74077455969677, 213.74077455969677, 213.74077455969677], 
[1204.4608441189828, 957.7875514987422, 957.7875514987422, 957.7875514987422, 957.7875514987422, 755.1143990398255, 755.1143990398255, 279.96145296523946, 279.96145296523946, 279.96145296523946, 279.96145296523946, 279.96145296523946, 279.96145296523946, 279.96145296523946, 279.96145296523946, 279.96145296523946, 279.96145296523946, 279.96145296523946, 279.96145296523946, 279.96145296523946], 
[757.115311930866, 757.115311930866, 757.115311930866, 757.115311930866, 682.5600859255503, 682.5600859255503, 682.5600859255503, 682.5600859255503, 682.5600859255503, 682.5600859255503, 682.5600859255503, 682.5600859255503, 682.5600859255503, 682.5600859255503, 682.5600859255503, 682.5600859255503, 682.5600859255503, 682.5600859255503, 682.5600859255503, 682.5600859255503], 
[1230.1884540683886, 982.1940235639538, 982.1940235639538, 344.85498227624066, 344.85498227624066, 344.85498227624066, 344.85498227624066, 344.85498227624066, 344.85498227624066, 344.85498227624066, 344.85498227624066, 344.85498227624066, 344.85498227624066, 344.85498227624066, 344.85498227624066, 344.85498227624066, 344.85498227624066, 344.85498227624066, 344.85498227624066, 344.85498227624066], 
[92.81238057519408, 92.81238057519408, 92.81238057519408, 92.81238057519408, 92.81238057519408, 92.81238057519408, 92.81238057519408, 92.81238057519408, 92.81238057519408, 92.81238057519408, 92.81238057519408, 92.81238057519408, 92.81238057519408, 92.81238057519408, 92.81238057519408, 92.81238057519408, 92.81238057519408, 92.81238057519408, 92.81238057519408, 92.81238057519408], 
[517.6282612916157, 517.6282612916157, 517.6282612916157, 517.6282612916157, 500.52830679036776, 500.52830679036776, 500.52830679036776, 500.52830679036776, 500.52830679036776, 500.52830679036776, 500.52830679036776, 500.52830679036776, 500.52830679036776, 500.52830679036776, 500.52830679036776, 500.52830679036776, 500.52830679036776, 500.52830679036776, 389.32156186648695, 389.32156186648695], 
[1032.3781746067073, 349.45287199633015, 349.45287199633015, 349.45287199633015, 349.45287199633015, 349.45287199633015, 349.45287199633015, 349.45287199633015, 349.45287199633015, 349.45287199633015, 349.45287199633015, 349.45287199633015, 349.45287199633015, 349.45287199633015, 349.45287199633015, 349.45287199633015, 349.45287199633015, 349.45287199633015, 349.45287199633015, 349.45287199633015], 
[2170.739871862433, 2103.7881814785587, 1081.6693382185983, 1081.6693382185983, 1081.6693382185983, 1007.8022771467549, 1007.8022771467549, 1007.8022771467549, 1007.8022771467549, 1007.8022771467549, 1007.8022771467549, 1007.8022771467549, 1007.8022771467549, 1007.8022771467549, 1007.8022771467549, 1007.8022771467549, 1007.8022771467549, 1007.8022771467549, 1007.8022771467549, 1007.8022771467549], 
[1752.2399996500071, 559.1197295403231, 559.1197295403231, 559.1197295403231, 559.1197295403231, 559.1197295403231, 255.37311672370856, 255.37311672370856, 255.37311672370856, 255.37311672370856, 255.37311672370856, 255.37311672370856, 255.37311672370856, 255.37311672370856, 255.37311672370856, 255.37311672370856, 255.37311672370856, 255.37311672370856, 255.37311672370856, 255.37311672370856], 
[663.0187819863315, 663.0187819863315, 663.0187819863315, 571.7477663430382, 571.7477663430382, 571.7477663430382, 571.7477663430382, 571.7477663430382, 571.7477663430382, 571.7477663430382, 571.7477663430382, 571.7477663430382, 571.7477663430382, 385.69858917810564, 385.69858917810564, 385.69858917810564, 385.69858917810564, 385.69858917810564, 385.69858917810564, 385.69858917810564], 
[1197.2603003252912, 1197.2603003252912, 1017.4587599707706, 1017.4587599707706, 1017.4587599707706, 369.198322208284, 369.198322208284, 369.198322208284, 369.198322208284, 369.198322208284, 369.198322208284, 369.198322208284, 369.198322208284, 369.198322208284, 369.198322208284, 369.198322208284, 369.198322208284, 369.198322208284, 206.9862722559867, 206.9862722559867], 
[1934.1698066177837, 1070.5681086100199, 715.4929397945862, 715.4929397945862, 715.4929397945862, 715.4929397945862, 715.4929397945862, 653.8077199332458, 653.8077199332458, 169.39646949832047, 169.39646949832047, 169.39646949832047, 169.39646949832047, 169.39646949832047, 169.39646949832047, 169.39646949832047, 169.39646949832047, 169.39646949832047, 169.39646949832047, 169.39646949832047], 
[456.44279644723997, 149.9848993212355, 149.9848993212355, 149.9848993212355, 149.9848993212355, 149.9848993212355, 149.9848993212355, 149.9848993212355, 149.9848993212355, 149.9848993212355, 149.9848993212355, 149.9848993212355, 149.9848993212355, 149.9848993212355, 149.9848993212355, 149.9848993212355, 149.9848993212355, 149.9848993212355, 149.9848993212355, 149.9848993212355], 
[91.29061660024468, 91.29061660024468, 91.29061660024468, 91.29061660024468, 91.29061660024468, 91.29061660024468, 91.29061660024468, 91.29061660024468, 91.29061660024468, 91.29061660024468, 91.29061660024468, 91.29061660024468, 91.29061660024468, 91.29061660024468, 91.29061660024468, 91.29061660024468, 91.29061660024468, 91.29061660024468, 91.29061660024468, 91.29061660024468], 
[770.2146724636557, 770.2146724636557, 757.0947687333967, 757.0947687333967, 757.0947687333967, 757.0947687333967, 757.0947687333967, 757.0947687333967, 757.0947687333967, 397.64805260984406, 397.64805260984406, 397.64805260984406, 397.64805260984406, 397.64805260984406, 397.64805260984406, 397.64805260984406, 397.64805260984406, 397.64805260984406, 397.64805260984406, 397.64805260984406], 
[2652.439234580824, 576.725678181652, 576.725678181652, 336.5774671089921, 336.5774671089921, 336.5774671089921, 336.5774671089921, 336.5774671089921, 336.5774671089921, 336.5774671089921, 336.5774671089921, 336.5774671089921, 336.5774671089921, 336.5774671089921, 336.5774671089921, 336.5774671089921, 336.5774671089921, 336.5774671089921, 336.5774671089921, 165.56585559057498], 
[2352.0589822449033, 630.5502897094993, 630.5502897094993, 630.5502897094993, 630.5502897094993, 630.5502897094993, 630.5502897094993, 630.5502897094993, 630.5502897094993, 630.5502897094993, 418.0572707454447, 418.0572707454447, 418.0572707454447, 418.0572707454447, 418.0572707454447, 418.0572707454447, 418.0572707454447, 418.0572707454447, 332.16230265777233, 332.16230265777233], 
[1097.1334123561605, 751.2964619959535, 378.3256152938342, 378.3256152938342, 378.3256152938342, 378.3256152938342, 378.3256152938342, 209.48159137974085, 209.48159137974085, 209.48159137974085, 209.48159137974085, 209.48159137974085, 209.48159137974085, 209.48159137974085, 209.48159137974085, 209.48159137974085, 209.48159137974085, 209.48159137974085, 209.48159137974085, 209.48159137974085], 
[750.6743198939782, 750.6743198939782, 750.6743198939782, 750.6743198939782, 37.164379778454304, 37.164379778454304, 37.164379778454304, 37.164379778454304, 37.164379778454304, 37.164379778454304, 37.164379778454304, 37.164379778454304, 37.164379778454304, 37.164379778454304, 37.164379778454304, 37.164379778454304, 37.164379778454304, 37.164379778454304, 37.164379778454304, 37.164379778454304], 
[124.44469381053375, 124.44469381053375, 124.44469381053375, 124.44469381053375, 124.44469381053375, 124.44469381053375, 124.44469381053375, 124.44469381053375, 124.44469381053375, -14.40846931463716, -14.40846931463716, -14.40846931463716, -14.40846931463716, -14.40846931463716, -14.40846931463716, -14.40846931463716, -14.40846931463716, -14.40846931463716, -14.40846931463716, -14.40846931463716], 
[1884.269529852878, 1884.269529852878, 1341.8174692686518, 1161.2380946684052, 1161.2380946684052, 1161.2380946684052, 1161.2380946684052, 430.93916713348654, 430.93916713348654, 430.93916713348654, 430.93916713348654, 430.93916713348654, 430.93916713348654, 430.93916713348654, 430.93916713348654, 430.93916713348654, 430.93916713348654, 168.5667898826224, 168.5667898826224, 168.5667898826224], 
[1860.906072665438, 895.3099844015371, 895.3099844015371, 895.3099844015371, 687.2542267625545, 687.2542267625545, 687.2542267625545, 687.2542267625545, 687.2542267625545, 687.2542267625545, 572.2925616932318, 572.2925616932318, 572.2925616932318, 572.2925616932318, 572.2925616932318, 369.5305985262153, 369.5305985262153, 369.5305985262153, 369.5305985262153, 283.5527675285671], 
[474.7324378503214, 474.7324378503214, 474.7324378503214, 474.7324378503214, 474.7324378503214, 474.7324378503214, 474.7324378503214, 474.7324378503214, 474.7324378503214, 474.7324378503214, 199.78730730890652, 199.78730730890652, 199.78730730890652, 199.78730730890652, 199.78730730890652, 199.78730730890652, 199.78730730890652, 199.78730730890652, 199.78730730890652, 199.78730730890652], 
[987.5618632128749, 987.5618632128749, 987.5618632128749, 246.49094453258795, 246.49094453258795, 246.49094453258795, 246.49094453258795, 246.49094453258795, 246.49094453258795, 246.49094453258795, 246.49094453258795, 246.49094453258795, 246.49094453258795, 246.49094453258795, 246.49094453258795, 246.49094453258795, 246.49094453258795, 246.49094453258795, 246.49094453258795, 246.49094453258795], 
[912.7296911563858, 912.7296911563858, 912.7296911563858, 912.7296911563858, 912.7296911563858, 912.7296911563858, 912.7296911563858, 779.6201966096687, 779.6201966096687, 779.6201966096687, 779.6201966096687, 779.6201966096687, 141.28017250606, 141.28017250606, 141.28017250606, 141.28017250606, 141.28017250606, 141.28017250606, 141.28017250606, 141.28017250606], 
[1293.4495722120857, 794.3305487681077, 406.669679983234, 406.669679983234, 406.669679983234, 273.5984350813802, 273.5984350813802, 273.5984350813802, 273.5984350813802, 273.5984350813802, 273.5984350813802, 273.5984350813802, 273.5984350813802, 273.5984350813802, 273.5984350813802, 273.5984350813802, 273.5984350813802, 273.5984350813802, 273.5984350813802, 273.5984350813802], 
[1034.3835864073544, 1034.3835864073544, 1034.3835864073544, 300.57372941981896, 300.57372941981896, 300.57372941981896, 300.57372941981896, 300.57372941981896, 300.57372941981896, 300.57372941981896, 300.57372941981896, 300.57372941981896, 300.57372941981896, 300.57372941981896, 300.57372941981896, 300.57372941981896, 300.57372941981896, 300.57372941981896, 300.57372941981896, 300.57372941981896], 
[702.0433353299625, 702.0433353299625, 702.0433353299625, 702.0433353299625, 702.0433353299625, 702.0433353299625, 702.0433353299625, 702.0433353299625, 702.0433353299625, 702.0433353299625, 702.0433353299625, 702.0433353299625, 702.0433353299625, 702.0433353299625, 702.0433353299625, 702.0433353299625, 702.0433353299625, 449.45267378616813, 449.45267378616813, 449.45267378616813], 
[847.9393352161617, 847.9393352161617, 847.9393352161617, 847.9393352161617, 794.7014867681444, 794.7014867681444, 794.7014867681444, 794.7014867681444, 794.7014867681444, 794.7014867681444, 41.34076216143694, 41.34076216143694, 41.34076216143694, 41.34076216143694, 41.34076216143694, 41.34076216143694, 41.34076216143694, 41.34076216143694, 41.34076216143694, 41.34076216143694], 
