[1221.3558928469931, 896.6865858346551, 896.6865858346551, 896.6865858346551, 896.6865858346551, 896.6865858346551, 887.7680674031195, 887.7680674031195, 828.2626974256418, 828.2626974256418, 828.2626974256418, 828.2626974256418, 828.2626974256418, 828.2626974256418, 828.2626974256418, 828.2626974256418, 828.2626974256418, 828.2626974256418, 828.2626974256418, 828.2626974256418], 
[1316.4029254617658, 1151.4667854294428, 1151.4667854294428, 1151.4667854294428, 1084.2598641362258, 1084.2598641362258, 1084.2598641362258, 959.4971096527995, 959.4971096527995, 959.4971096527995, 959.4971096527995, 959.4971096527995, 959.4971096527995, 899.951056119277, 804.5552492018728, 804.5552492018728, 804.5552492018728, 804.5552492018728, 804.5552492018728, 804.5552492018728], 
[1053.4602994561349, 1053.4602994561349, 1053.4602994561349, 1053.4602994561349, 1053.4602994561349, 966.4702829027469, 966.4702829027469, 966.4702829027469, 966.4702829027469, 966.4702829027469, 966.4702829027469, 966.4702829027469, 966.4702829027469, 966.4702829027469, 888.7917859095148, 888.7917859095148, 888.7917859095148, 888.7917859095148, 888.7917859095148, 888.7917859095148], 
[1356.8937269122912, 1356.8937269122912, 1158.8797727605936, 1158.8797727605936, 888.5525253217644, 888.5525253217644, 888.5525253217644, 888.5525253217644, 888.5525253217644, 888.5525253217644, 888.5525253217644, 888.5525253217644, 888.5525253217644, 888.5525253217644, 888.5525253217644, 888.5525253217644, 888.5525253217644, 888.5525253217644, 888.5525253217644, 888.5525253217644], 
[1413.529604834071, 1118.257144457487, 1017.8877704090664, 1017.8877704090664, 1017.8877704090664, 1017.8877704090664, 1017.8877704090664, 1017.8877704090664, 801.7582556212387, 801.7582556212387, 801.7582556212387, 801.7582556212387, 801.7582556212387, 801.7582556212387, 801.7582556212387, 801.7582556212387, 801.7582556212387, 801.7582556212387, 801.7582556212387, 801.7582556212387], 
[963.4474634114529, 963.4474634114529, 963.4474634114529, 963.4474634114529, 963.4474634114529, 963.4474634114529, 963.4474634114529, 755.2804572155659, 755.2804572155659, 755.2804572155659, 755.2804572155659, 755.2804572155659, 755.2804572155659, 755.2804572155659, 755.2804572155659, 755.2804572155659, 755.2804572155659, 755.2804572155659, 755.2804572155659, 755.2804572155659], 
[986.9591483689543, 986.9591483689543, 986.9591483689543, 986.9591483689543, 855.3718792315726, 855.3718792315726, 855.3718792315726, 855.3718792315726, 847.280618852521, 847.280618852521, 847.280618852521, 847.280618852521, 847.280618852521, 847.280618852521, 847.280618852521, 847.280618852521, 565.3275316345643, 565.3275316345643, 565.3275316345643, 565.3275316345643], 
[1111.8747683891675, 1111.8747683891675, 1092.0896474454091, 1056.672755127207, 1056.672755127207, 1056.672755127207, 1056.672755127207, 894.0604930164039, 894.0604930164039, 883.2377329037618, 883.2377329037618, 883.2377329037618, 883.2377329037618, 883.2377329037618, 883.2377329037618, 883.2377329037618, 883.2377329037618, 847.1609621310579, 847.1609621310579, 847.1609621310579], 
[1132.4235942876735, 1132.4235942876735, 1132.4235942876735, 1132.4235942876735, 1132.4235942876735, 1132.4235942876735, 911.1726436598176, 911.1726436598176, 911.1726436598176, 911.1726436598176, 911.1726436598176, 911.1726436598176, 862.9841549637505, 862.9841549637505, 862.9841549637505, 862.9841549637505, 862.9841549637505, 862.9841549637505, 862.9841549637505, 862.9841549637505], 
[1544.6433699439197, 1106.636305193215, 1106.636305193215, 946.2783567371077, 946.2783567371077, 946.2783567371077, 946.2783567371077, 946.2783567371077, 909.0551151906259, 909.0551151906259, 909.0551151906259, 909.0551151906259, 909.0551151906259, 909.0551151906259, 909.0551151906259, 909.0551151906259, 865.7538635165497, 865.7538635165497, 865.7538635165497, 865.7538635165497], 
[1251.4463663471063, 1173.408891112689, 1130.1018713061274, 901.382819523787, 901.382819523787, 870.7650167236131, 870.7650167236131, 870.7650167236131, 870.7650167236131, 870.7650167236131, 870.7650167236131, 870.7650167236131, 870.7650167236131, 712.4439230551229, 712.4439230551229, 712.4439230551229, 712.4439230551229, 712.4439230551229, 712.4439230551229, 712.4439230551229], 
[1586.00898276217, 1181.8973165123712, 1181.8973165123712, 1181.8973165123712, 1064.1517125106582, 1064.1517125106582, 1064.1517125106582, 1064.1517125106582, 715.2444986675157, 715.2444986675157, 715.2444986675157, 715.2444986675157, 715.2444986675157, 715.2444986675157, 715.2444986675157, 715.2444986675157, 715.2444986675157, 715.2444986675157, 715.2444986675157, 715.2444986675157], 
[1322.670886409665, 1322.670886409665, 1322.670886409665, 1147.3921297943239, 1147.3921297943239, 1147.3921297943239, 982.8636234855077, 982.8636234855077, 982.8636234855077, 982.8636234855077, 982.8636234855077, 982.8636234855077, 982.8636234855077, 982.8636234855077, 850.4915684345642, 850.4915684345642, 850.4915684345642, 850.4915684345642, 850.4915684345642, 850.4915684345642], 
[1175.2453897852306, 1029.0447069564566, 1029.0447069564566, 1029.0447069564566, 1029.0447069564566, 1029.0447069564566, 1029.0447069564566, 1029.0447069564566, 1029.0447069564566, 1029.0447069564566, 1029.0447069564566, 1029.0447069564566, 1022.5919075421909, 1022.5919075421909, 1022.5919075421909, 783.4415560081372, 783.4415560081372, 783.4415560081372, 783.4415560081372, 783.4415560081372], 
[1046.4779214084363, 1046.4779214084363, 1046.4779214084363, 806.3560553976731, 806.3560553976731, 806.3560553976731, 806.3560553976731, 806.3560553976731, 806.3560553976731, 806.3560553976731, 806.3560553976731, 806.3560553976731, 806.3560553976731, 806.3560553976731, 677.6258191249289, 677.6258191249289, 677.6258191249289, 677.6258191249289, 677.6258191249289, 677.6258191249289], 
[1184.9309147933423, 1089.9432987580137, 642.8023044715628, 642.8023044715628, 642.8023044715628, 642.8023044715628, 642.8023044715628, 642.8023044715628, 642.8023044715628, 642.8023044715628, 642.8023044715628, 642.8023044715628, 642.8023044715628, 642.8023044715628, 642.8023044715628, 642.8023044715628, 642.8023044715628, 642.8023044715628, 642.8023044715628, 642.8023044715628], 
[1441.108740478518, 892.0416615894708, 892.0416615894708, 892.0416615894708, 892.0416615894708, 892.0416615894708, 892.0416615894708, 892.0416615894708, 892.0416615894708, 892.0416615894708, 892.0416615894708, 892.0416615894708, 892.0416615894708, 892.0416615894708, 892.0416615894708, 892.0416615894708, 834.7687422602364, 834.7687422602364, 834.7687422602364, 834.7687422602364], 
[1444.0172540996923, 1128.88102931076, 1128.88102931076, 1128.88102931076, 1128.88102931076, 1128.88102931076, 1128.88102931076, 996.1111004830228, 996.1111004830228, 923.171930445301, 923.171930445301, 923.171930445301, 923.171930445301, 923.171930445301, 923.171930445301, 923.171930445301, 923.171930445301, 923.171930445301, 923.171930445301, 923.171930445301], 
[1402.1502795534561, 1111.2092192624941, 1111.2092192624941, 1017.0930634875549, 1017.0930634875549, 1017.0930634875549, 1017.0930634875549, 937.2913376058415, 937.2913376058415, 739.2821909117055, 739.2821909117055, 739.2821909117055, 739.2821909117055, 739.2821909117055, 739.2821909117055, 739.2821909117055, 739.2821909117055, 731.5659656124019, 731.5659656124019, 731.5659656124019], 
[1426.4099765863455, 1426.4099765863455, 1284.316430726845, 935.9615104121654, 935.9615104121654, 935.9615104121654, 935.9615104121654, 935.9615104121654, 935.9615104121654, 935.9615104121654, 935.9615104121654, 935.9615104121654, 935.9615104121654, 935.9615104121654, 935.9615104121654, 862.3160347110306, 862.3160347110306, 862.3160347110306, 862.3160347110306, 862.3160347110306], 
[1307.1873228855575, 1232.4264140797777, 1232.4264140797777, 1232.4264140797777, 1113.578490703173, 1005.5783053679361, 1005.5783053679361, 1005.5783053679361, 1005.5783053679361, 881.4633982116438, 881.4633982116438, 881.4633982116438, 732.3518934606789, 732.3518934606789, 732.3518934606789, 732.3518934606789, 732.3518934606789, 732.3518934606789, 732.3518934606789, 732.3518934606789], 
[1076.4984049626314, 1076.4984049626314, 1076.4984049626314, 1076.4984049626314, 1076.4984049626314, 1076.4984049626314, 836.8668671523349, 836.8668671523349, 836.8668671523349, 836.8668671523349, 836.8668671523349, 836.8668671523349, 836.8668671523349, 836.8668671523349, 836.8668671523349, 836.8668671523349, 836.8668671523349, 836.8668671523349, 836.8668671523349, 836.8668671523349], 
[1205.7787641999157, 816.585159866086, 816.585159866086, 816.585159866086, 816.585159866086, 816.585159866086, 816.585159866086, 816.585159866086, 816.585159866086, 816.585159866086, 816.585159866086, 816.585159866086, 816.585159866086, 816.585159866086, 676.0547275986874, 676.0547275986874, 676.0547275986874, 676.0547275986874, 676.0547275986874, 676.0547275986874], 
[799.7975936277435, 799.7975936277435, 799.7975936277435, 799.7975936277435, 799.7975936277435, 799.7975936277435, 799.7975936277435, 799.7975936277435, 799.7975936277435, 799.7975936277435, 799.7975936277435, 799.7975936277435, 799.7975936277435, 799.7975936277435, 799.7975936277435, 799.7975936277435, 799.7975936277435, 799.7975936277435, 799.7975936277435, 799.7975936277435], 
[1306.2987723705924, 1139.111456055592, 865.0490081147005, 865.0490081147005, 865.0490081147005, 865.0490081147005, 865.0490081147005, 865.0490081147005, 865.0490081147005, 865.0490081147005, 865.0490081147005, 865.0490081147005, 865.0490081147005, 829.6482809349243, 829.6482809349243, 829.6482809349243, 829.6482809349243, 829.6482809349243, 829.6482809349243, 829.6482809349243], 
[1155.9163058636868, 1155.9163058636868, 853.3814782643567, 853.3814782643567, 853.3814782643567, 756.13585142126, 756.13585142126, 756.13585142126, 756.13585142126, 756.13585142126, 756.13585142126, 756.13585142126, 756.13585142126, 756.13585142126, 756.13585142126, 756.13585142126, 756.13585142126, 756.13585142126, 756.13585142126, 756.13585142126], 
[1170.1676120186378, 1014.6443290996672, 997.8663358141602, 997.8663358141602, 997.8663358141602, 997.8663358141602, 997.8663358141602, 885.6162392470892, 741.5275978293628, 741.5275978293628, 741.5275978293628, 741.5275978293628, 741.5275978293628, 741.5275978293628, 741.5275978293628, 741.5275978293628, 741.5275978293628, 741.5275978293628, 741.5275978293628, 741.5275978293628], 
[1250.7557374216517, 1250.7557374216517, 785.0866400620898, 785.0866400620898, 785.0866400620898, 785.0866400620898, 785.0866400620898, 785.0866400620898, 785.0866400620898, 785.0866400620898, 785.0866400620898, 785.0866400620898, 785.0866400620898, 785.0866400620898, 785.0866400620898, 680.9394198759001, 680.9394198759001, 680.9394198759001, 680.9394198759001, 680.9394198759001], 
[1253.7196481708265, 1072.7361582804238, 1072.7361582804238, 1072.7361582804238, 1072.7361582804238, 1072.7361582804238, 1072.7361582804238, 1072.7361582804238, 987.3592661766487, 987.3592661766487, 960.1487213339295, 960.1487213339295, 960.1487213339295, 960.1487213339295, 960.1487213339295, 960.1487213339295, 960.1487213339295, 927.7584451035325, 927.7584451035325, 927.7584451035325], 
[970.1856356432472, 970.1856356432472, 970.1856356432472, 970.1856356432472, 970.1856356432472, 970.1856356432472, 970.1856356432472, 970.1856356432472, 773.2379791289763, 773.2379791289763, 773.2379791289763, 773.2379791289763, 773.2379791289763, 773.2379791289763, 773.2379791289763, 773.2379791289763, 686.623592399887, 686.623592399887, 686.623592399887, 686.623592399887], 
