[3015.7259565242566, 3015.7259565242566, 2640.396690910958, 2640.396690910958, 2640.396690910958, 2640.396690910958, 2640.396690910958, 2640.396690910958, 2640.396690910958, 2640.396690910958, 2640.396690910958, 2640.396690910958, 2640.396690910958, 2353.2847140943736, 2353.2847140943736, 2353.2847140943736, 2353.2847140943736, 2353.2847140943736, 2353.2847140943736, 2353.2847140943736], 
[2799.118541633753, 2799.118541633753, 2633.0079444445964, 2489.3784273956376, 2489.3784273956376, 2489.3784273956376, 2489.3784273956376, 2489.3784273956376, 2489.3784273956376, 2489.3784273956376, 2489.3784273956376, 2489.3784273956376, 2489.3784273956376, 2388.7320345033245, 2388.7320345033245, 2388.7320345033245, 2388.7320345033245, 2388.7320345033245, 2388.7320345033245, 2388.7320345033245], 
[2618.219279707366, 2618.219279707366, 2618.219279707366, 2618.219279707366, 2618.219279707366, 2618.219279707366, 2618.219279707366, 2618.219279707366, 2618.219279707366, 2527.363803263214, 2527.363803263214, 2498.975509140802, 2498.975509140802, 2498.975509140802, 2498.975509140802, 2498.975509140802, 2226.8998576574168, 2226.8998576574168, 2226.8998576574168, 2226.8998576574168], 
[2949.8918017716383, 2714.4028911645423, 2714.4028911645423, 2618.0230343637295, 2478.9711842372844, 2478.9711842372844, 2478.9711842372844, 2478.9711842372844, 2478.9711842372844, 2478.9711842372844, 2478.9711842372844, 2478.9711842372844, 2478.9711842372844, 2478.9711842372844, 2478.9711842372844, 2478.9711842372844, 2478.9711842372844, 2478.9711842372844, 2478.9711842372844, 2478.9711842372844], 
[3110.9533954319522, 2920.8915366266956, 2815.417612373671, 2745.5592283436886, 2745.5592283436886, 2745.5592283436886, 2745.5592283436886, 2745.5592283436886, 2680.63417473254, 2680.63417473254, 2680.63417473254, 2680.63417473254, 2680.63417473254, 2680.63417473254, 2680.63417473254, 2680.63417473254, 2680.63417473254, 2680.63417473254, 2680.63417473254, 2680.63417473254], 
[3157.014212524291, 3157.014212524291, 2926.0954238721597, 2783.185294304581, 2783.185294304581, 2783.185294304581, 2783.185294304581, 2481.9139841323663, 2194.972080560839, 2194.972080560839, 2194.972080560839, 2194.972080560839, 2194.972080560839, 2194.972080560839, 2194.972080560839, 2194.972080560839, 2194.972080560839, 2194.972080560839, 2194.972080560839, 2194.972080560839], 
[2750.4432688496554, 2750.4432688496554, 2750.4432688496554, 2750.4432688496554, 2750.4432688496554, 2750.4432688496554, 2606.137543798997, 2606.137543798997, 2606.137543798997, 2606.137543798997, 2606.137543798997, 2606.137543798997, 2606.137543798997, 2606.137543798997, 2606.137543798997, 2606.137543798997, 2606.137543798997, 2606.137543798997, 2524.9308978050394, 2524.9308978050394], 
[2786.9384163085942, 2382.9208947565676, 2382.9208947565676, 2382.9208947565676, 2382.9208947565676, 2382.9208947565676, 2382.9208947565676, 2382.9208947565676, 2382.9208947565676, 2382.9208947565676, 2382.9208947565676, 2382.9208947565676, 2382.9208947565676, 2382.9208947565676, 2382.9208947565676, 2382.9208947565676, 2382.9208947565676, 2382.9208947565676, 2382.9208947565676, 2382.9208947565676], 
[2918.8507133532785, 2641.205984059991, 2641.205984059991, 2641.205984059991, 2641.205984059991, 2641.205984059991, 2641.205984059991, 2641.205984059991, 2641.205984059991, 2641.205984059991, 2641.205984059991, 2641.205984059991, 2641.205984059991, 2641.205984059991, 2641.205984059991, 2565.8290552017256, 2565.8290552017256, 2565.8290552017256, 2565.8290552017256, 2565.8290552017256], 
[3202.9053830050066, 2792.115101156053, 2250.103276328377, 2250.103276328377, 2250.103276328377, 2250.103276328377, 2180.4815821893285, 2180.4815821893285, 2180.4815821893285, 2180.4815821893285, 2180.4815821893285, 2180.4815821893285, 2180.4815821893285, 2180.4815821893285, 2180.4815821893285, 2180.4815821893285, 2180.4815821893285, 2180.4815821893285, 2180.4815821893285, 2180.4815821893285], 
[3074.8804574571272, 3074.8804574571272, 2714.868635482584, 2714.868635482584, 2714.868635482584, 2714.868635482584, 2714.868635482584, 2714.868635482584, 2714.868635482584, 2714.868635482584, 2525.9965941046917, 2525.9965941046917, 2525.9965941046917, 2525.9965941046917, 2525.9965941046917, 2525.9965941046917, 2525.9965941046917, 2525.9965941046917, 2525.9965941046917, 2525.9965941046917], 
[3183.7111610122734, 3183.7111610122734, 2919.149266512734, 2919.149266512734, 2900.1292459335464, 2900.1292459335464, 2900.1292459335464, 2687.4822257164406, 2687.4822257164406, 2687.4822257164406, 2280.9721892917682, 2280.9721892917682, 2280.9721892917682, 2280.9721892917682, 2280.9721892917682, 2280.9721892917682, 2280.9721892917682, 2280.9721892917682, 2280.9721892917682, 2280.9721892917682], 
[2869.878149346183, 2642.7155826877533, 2642.7155826877533, 2642.7155826877533, 2642.7155826877533, 2613.6754589602624, 2613.6754589602624, 2613.6754589602624, 2613.6754589602624, 2613.6754589602624, 2612.926635610376, 2612.926635610376, 2612.926635610376, 2612.926635610376, 2612.926635610376, 2612.926635610376, 2612.926635610376, 2612.926635610376, 2612.926635610376, 2612.926635610376], 
[2761.2140926559396, 2761.2140926559396, 2761.2140926559396, 2761.2140926559396, 2581.9921591619573, 2581.9921591619573, 2581.9921591619573, 2581.9921591619573, 2581.9921591619573, 2581.9921591619573, 2581.9921591619573, 2581.9921591619573, 2581.9921591619573, 2581.9921591619573, 2581.9921591619573, 2581.9921591619573, 2581.9921591619573, 2581.9921591619573, 2581.9921591619573, 2581.9921591619573], 
[3194.316353008404, 3194.316353008404, 3175.6846587888076, 3175.6846587888076, 2858.595176776327, 2650.5042507044027, 2650.5042507044027, 2650.5042507044027, 2650.5042507044027, 2561.547546990305, 2510.1477619417, 2510.1477619417, 2510.1477619417, 2510.1477619417, 2488.9226012225045, 2488.9226012225045, 2488.9226012225045, 2488.9226012225045, 2488.9226012225045, 2488.9226012225045], 
[3034.252907830501, 3034.252907830501, 3023.3697124163577, 2572.658445082957, 2572.658445082957, 2572.658445082957, 2572.658445082957, 2572.658445082957, 2340.823896556099, 2340.823896556099, 2340.823896556099, 2340.823896556099, 2340.823896556099, 2340.823896556099, 2340.823896556099, 2340.823896556099, 2340.823896556099, 2340.823896556099, 2340.823896556099, 2340.823896556099], 
[2930.298597691711, 2930.298597691711, 2930.298597691711, 2930.298597691711, 2480.521051118203, 2480.521051118203, 2480.521051118203, 2480.521051118203, 2480.521051118203, 2480.521051118203, 2480.521051118203, 2480.521051118203, 2480.521051118203, 2480.521051118203, 2480.521051118203, 2407.886023977639, 2407.886023977639, 2407.886023977639, 2407.886023977639, 2407.886023977639], 
[2491.331779895298, 2491.331779895298, 2491.331779895298, 2491.331779895298, 2491.331779895298, 2491.331779895298, 2491.331779895298, 2491.331779895298, 2491.331779895298, 2491.331779895298, 2491.331779895298, 2491.331779895298, 2491.331779895298, 2491.331779895298, 2491.331779895298, 2491.331779895298, 2491.331779895298, 2491.331779895298, 2491.331779895298, 2414.7549218330973], 
[2990.0680160110405, 2937.7687035030035, 2907.980048605045, 2907.980048605045, 2907.980048605045, 2907.980048605045, 2907.980048605045, 2907.980048605045, 2747.9399756146654, 2747.9399756146654, 2706.653206240483, 2706.653206240483, 2706.653206240483, 2706.653206240483, 2706.653206240483, 1933.132524365741, 1933.132524365741, 1933.132524365741, 1933.132524365741, 1933.132524365741], 
[2769.721685398503, 2769.721685398503, 2769.721685398503, 2584.282907307999, 2526.5533290608673, 2526.5533290608673, 2526.5533290608673, 2526.5533290608673, 2526.5533290608673, 2526.5533290608673, 2526.5533290608673, 2526.5533290608673, 2526.5533290608673, 2526.5533290608673, 2482.1448449143863, 2482.1448449143863, 2482.1448449143863, 2482.1448449143863, 2482.1448449143863, 2482.1448449143863], 
[2993.339314491348, 2993.339314491348, 2993.339314491348, 2400.600546644668, 2400.600546644668, 2400.600546644668, 2400.600546644668, 2400.600546644668, 2400.600546644668, 2400.600546644668, 2400.600546644668, 2400.600546644668, 2400.600546644668, 2400.600546644668, 2400.600546644668, 2400.600546644668, 2400.600546644668, 2400.600546644668, 2400.600546644668, 2400.600546644668], 
[3194.954534129158, 3049.092147205727, 3014.7389352374994, 3014.7389352374994, 3014.7389352374994, 3014.7389352374994, 3014.7389352374994, 2545.321724696583, 2545.321724696583, 2545.321724696583, 2545.321724696583, 2545.321724696583, 2545.321724696583, 2545.321724696583, 2545.321724696583, 2545.321724696583, 2545.321724696583, 2545.321724696583, 2545.321724696583, 2545.321724696583], 
[2875.0145588366654, 2875.0145588366654, 2820.4773008102597, 2513.4440797933203, 2459.4241291968797, 2459.4241291968797, 2459.4241291968797, 2459.4241291968797, 2459.4241291968797, 2459.4241291968797, 2459.4241291968797, 2459.4241291968797, 2459.4241291968797, 2459.4241291968797, 2459.4241291968797, 2459.4241291968797, 2459.4241291968797, 2459.4241291968797, 2459.4241291968797, 2459.4241291968797], 
[2978.1022171624227, 2978.1022171624227, 2930.0211436218497, 2930.0211436218497, 2930.0211436218497, 2867.8101881218295, 2833.422532328726, 2833.422532328726, 2833.422532328726, 2833.422532328726, 2833.422532328726, 2631.885328747518, 2631.885328747518, 2631.885328747518, 2631.885328747518, 2631.885328747518, 2631.885328747518, 2631.885328747518, 2631.885328747518, 2631.885328747518], 
[2619.3282844006594, 2619.3282844006594, 2619.3282844006594, 2619.3282844006594, 2619.3282844006594, 2619.3282844006594, 2619.3282844006594, 2619.3282844006594, 2619.3282844006594, 2619.3282844006594, 2619.3282844006594, 2619.3282844006594, 2619.3282844006594, 2619.3282844006594, 2619.3282844006594, 2244.6537831269475, 2244.6537831269475, 2244.6537831269475, 2244.6537831269475, 2244.6537831269475], 
[2732.558687891912, 2732.558687891912, 2732.558687891912, 2650.322562414544, 2650.322562414544, 2650.322562414544, 2650.322562414544, 2650.322562414544, 2425.41779749792, 2425.41779749792, 2425.41779749792, 2425.41779749792, 2323.9022801885285, 2323.9022801885285, 2323.9022801885285, 2323.9022801885285, 2323.9022801885285, 2323.9022801885285, 2323.9022801885285, 2323.9022801885285], 
[2853.882345568464, 2783.506835691663, 2783.506835691663, 2783.506835691663, 2691.0467209571775, 2691.0467209571775, 2590.7164090900724, 2590.7164090900724, 2590.7164090900724, 2590.7164090900724, 2590.7164090900724, 2590.7164090900724, 2590.7164090900724, 2590.7164090900724, 2590.7164090900724, 2590.7164090900724, 2590.7164090900724, 2590.7164090900724, 2590.7164090900724, 2590.7164090900724], 
[2784.575358763774, 2784.575358763774, 2358.8160902950317, 2358.8160902950317, 2358.8160902950317, 2358.8160902950317, 2358.8160902950317, 2358.8160902950317, 2358.8160902950317, 2358.8160902950317, 2358.8160902950317, 2358.8160902950317, 2358.8160902950317, 2358.8160902950317, 2358.8160902950317, 2358.8160902950317, 2358.8160902950317, 2358.8160902950317, 2358.8160902950317, 2358.8160902950317], 
[2656.4239900941884, 2656.4239900941884, 2656.4239900941884, 2656.4239900941884, 2644.754003009551, 2644.754003009551, 2644.754003009551, 2644.754003009551, 2644.754003009551, 2644.754003009551, 2444.0382607583465, 2444.0382607583465, 2444.0382607583465, 2444.0382607583465, 2444.0382607583465, 2444.0382607583465, 2444.0382607583465, 2444.0382607583465, 2444.0382607583465, 2444.0382607583465], 
[3061.5088054385624, 2627.3259431033157, 2627.3259431033157, 2627.3259431033157, 2627.3259431033157, 2627.3259431033157, 2627.3259431033157, 2627.3259431033157, 2627.3259431033157, 2627.3259431033157, 2627.3259431033157, 2627.3259431033157, 2627.3259431033157, 2627.3259431033157, 2516.9793148068698, 2516.9793148068698, 2516.9793148068698, 2516.9793148068698, 2516.9793148068698, 2516.9793148068698], 
