[250.88670153012384, 250.88670153012384, 246.14318447720703, 246.14318447720703, 239.62031121355355, 239.62031121355355, 239.62031121355355, 239.62031121355355, 239.62031121355355, 239.62031121355355, 239.62031121355355, 239.62031121355355, 239.62031121355355, 239.62031121355355, 239.62031121355355, 239.62031121355355, 239.62031121355355, 239.62031121355355, 239.62031121355355, 239.62031121355355], 
[248.08150433331588, 248.08150433331588, 236.95014115027018, 236.95014115027018, 236.95014115027018, 236.95014115027018, 236.95014115027018, 236.95014115027018, 236.95014115027018, 236.95014115027018, 236.95014115027018, 236.95014115027018, 236.95014115027018, 236.95014115027018, 236.95014115027018, 236.95014115027018, 236.95014115027018, 236.95014115027018, 236.95014115027018, 236.95014115027018], 
[241.31361099478985, 241.31361099478985, 241.31361099478985, 241.31361099478985, 241.31361099478985, 241.31361099478985, 241.31361099478985, 241.31361099478985, 241.31361099478985, 241.31361099478985, 241.31361099478985, 241.31361099478985, 241.31361099478985, 241.31361099478985, 241.31361099478985, 241.31361099478985, 241.31361099478985, 241.31361099478985, 238.8217958965519, 235.02949378774045], 
[253.37104272081737, 252.07366880976022, 252.07366880976022, 252.07366880976022, 252.07366880976022, 252.07366880976022, 247.8262295336521, 246.14048052714526, 246.10867614190943, 246.10867614190943, 246.10867614190943, 246.10867614190943, 246.10867614190943, 245.90435217182147, 245.71599918730672, 245.71599918730672, 240.0627153242965, 240.0627153242965, 240.0627153242965, 240.0627153242965], 
[247.4975794817306, 247.4975794817306, 247.4975794817306, 247.4975794817306, 243.89249611120263, 243.89249611120263, 243.89249611120263, 243.89249611120263, 243.89249611120263, 243.89249611120263, 243.89249611120263, 243.89249611120263, 243.89249611120263, 243.89249611120263, 239.02898109904027, 239.02898109904027, 239.02898109904027, 239.02898109904027, 239.02898109904027, 239.02898109904027], 
[251.49410839480228, 245.0633267489769, 245.0633267489769, 245.0633267489769, 245.0633267489769, 245.0633267489769, 245.0633267489769, 245.0633267489769, 245.0633267489769, 245.0633267489769, 240.08871521701053, 240.08871521701053, 240.08871521701053, 240.08871521701053, 240.08871521701053, 240.08871521701053, 240.08871521701053, 240.08871521701053, 240.08871521701053, 240.08871521701053], 
[243.12110472453801, 243.12110472453801, 241.9680600285772, 241.9680600285772, 241.9680600285772, 241.9680600285772, 241.9680600285772, 241.9680600285772, 241.9680600285772, 241.9680600285772, 241.9680600285772, 241.9680600285772, 241.9680600285772, 241.9680600285772, 241.9680600285772, 241.9680600285772, 241.9680600285772, 241.9680600285772, 241.9680600285772, 241.9680600285772], 
[254.45859600088517, 253.12207537016934, 249.72658558128927, 249.72658558128927, 249.72658558128927, 249.72658558128927, 247.3331443044039, 247.3331443044039, 247.3331443044039, 237.41102396639, 237.41102396639, 237.41102396639, 237.41102396639, 237.41102396639, 237.41102396639, 237.41102396639, 237.41102396639, 237.41102396639, 237.41102396639, 237.41102396639], 
[238.73589641120154, 238.73589641120154, 238.73589641120154, 238.73589641120154, 238.73589641120154, 238.73589641120154, 238.73589641120154, 238.73589641120154, 238.73589641120154, 238.73589641120154, 238.73589641120154, 238.73589641120154, 238.73589641120154, 238.73589641120154, 238.73589641120154, 238.73589641120154, 238.73589641120154, 238.73589641120154, 238.73589641120154, 238.73589641120154], 
[244.73709440669228, 244.73709440669228, 244.73709440669228, 244.73709440669228, 244.73709440669228, 231.62278806031878, 231.62278806031878, 231.62278806031878, 231.62278806031878, 231.62278806031878, 231.62278806031878, 231.62278806031878, 231.62278806031878, 231.62278806031878, 231.62278806031878, 231.62278806031878, 231.62278806031878, 231.62278806031878, 231.62278806031878, 231.62278806031878], 
[256.1486151019348, 246.41000101439576, 245.90120962350653, 245.90120962350653, 245.90120962350653, 245.90120962350653, 245.90120962350653, 245.90120962350653, 245.90120962350653, 238.86325285300194, 238.86325285300194, 238.86325285300194, 238.86325285300194, 238.86325285300194, 238.86325285300194, 238.86325285300194, 238.86325285300194, 238.86325285300194, 238.86325285300194, 238.86325285300194], 
[248.6197042840869, 248.6197042840869, 248.6197042840869, 248.6197042840869, 248.6197042840869, 244.05776650212533, 244.05776650212533, 244.05776650212533, 244.05776650212533, 244.05776650212533, 244.05776650212533, 244.05776650212533, 243.53715154699398, 243.53715154699398, 243.53715154699398, 243.53715154699398, 243.53715154699398, 243.53715154699398, 243.53715154699398, 243.53715154699398], 
[240.87336243029102, 240.87336243029102, 240.87336243029102, 240.87336243029102, 240.87336243029102, 240.87336243029102, 240.87336243029102, 240.87336243029102, 240.87336243029102, 240.87336243029102, 240.87336243029102, 240.87336243029102, 240.87336243029102, 240.87336243029102, 240.87336243029102, 240.87336243029102, 240.87336243029102, 240.31293569426202, 240.31293569426202, 240.31293569426202], 
[246.2604949879044, 242.964824585548, 242.964824585548, 242.964824585548, 242.964824585548, 242.964824585548, 242.964824585548, 242.964824585548, 242.964824585548, 242.964824585548, 242.964824585548, 242.964824585548, 242.964824585548, 242.964824585548, 242.964824585548, 242.964824585548, 242.964824585548, 241.8839675691116, 241.8839675691116, 241.8839675691116], 
[250.78275218882217, 250.78275218882217, 250.78275218882217, 250.78275218882217, 248.49475836585344, 247.60999059339923, 247.60999059339923, 241.78837595568652, 241.78837595568652, 241.78837595568652, 241.78837595568652, 241.78837595568652, 239.13343989758314, 239.13343989758314, 239.13343989758314, 239.13343989758314, 239.13343989758314, 239.13343989758314, 239.13343989758314, 239.13343989758314], 
[254.76615992586275, 241.41319452877607, 241.41319452877607, 241.41319452877607, 241.41319452877607, 241.41319452877607, 241.41319452877607, 241.41319452877607, 241.41319452877607, 241.41319452877607, 241.41319452877607, 241.41319452877607, 241.41319452877607, 241.41319452877607, 241.41319452877607, 241.41319452877607, 241.41319452877607, 241.41319452877607, 241.41319452877607, 241.41319452877607], 
[244.79891798037173, 244.79891798037173, 240.35890976246756, 240.35890976246756, 240.35890976246756, 240.35890976246756, 240.35890976246756, 240.35890976246756, 240.35890976246756, 240.35890976246756, 240.35890976246756, 240.35890976246756, 240.35890976246756, 240.35890976246756, 239.31674266709203, 239.31674266709203, 239.31674266709203, 239.31674266709203, 239.31674266709203, 239.31674266709203], 
[255.16147618727524, 242.51380806872248, 242.51380806872248, 242.51380806872248, 242.51380806872248, 242.51380806872248, 242.51380806872248, 242.51380806872248, 242.51380806872248, 220.71304963744683, 220.71304963744683, 220.71304963744683, 220.71304963744683, 220.71304963744683, 220.71304963744683, 220.71304963744683, 220.71304963744683, 220.71304963744683, 220.71304963744683, 220.71304963744683], 
[252.1768244121372, 252.1768244121372, 249.989232205421, 249.989232205421, 242.18132356914734, 242.18132356914734, 242.18132356914734, 242.18132356914734, 242.18132356914734, 242.18132356914734, 205.51713542190922, 205.51713542190922, 205.51713542190922, 205.51713542190922, 205.51713542190922, 205.51713542190922, 205.51713542190922, 205.51713542190922, 205.51713542190922, 205.51713542190922], 
[242.7969176010248, 242.7969176010248, 242.7969176010248, 242.7969176010248, 242.7969176010248, 242.7969176010248, 241.1034015361366, 241.1034015361366, 241.1034015361366, 241.1034015361366, 241.1034015361366, 241.1034015361366, 241.1034015361366, 241.1034015361366, 241.1034015361366, 232.39028206816042, 232.39028206816042, 232.39028206816042, 232.39028206816042, 232.39028206816042], 
[247.93039591471248, 240.9290858622079, 240.9290858622079, 240.9290858622079, 240.9290858622079, 240.9290858622079, 240.9290858622079, 240.9290858622079, 234.49006893796565, 234.49006893796565, 234.49006893796565, 234.49006893796565, 234.49006893796565, 234.49006893796565, 234.49006893796565, 234.49006893796565, 234.49006893796565, 234.49006893796565, 234.49006893796565, 234.49006893796565], 
[249.00366587993318, 248.75735296047466, 248.75735296047466, 246.33165540158802, 243.2330784450321, 243.2330784450321, 243.2330784450321, 243.2330784450321, 243.2330784450321, 243.2330784450321, 243.2330784450321, 243.2330784450321, 243.2330784450321, 243.2330784450321, 243.2330784450321, 243.2330784450321, 243.2330784450321, 243.2330784450321, 243.2330784450321, 243.2330784450321], 
[247.96338895454534, 247.96338895454534, 247.96338895454534, 247.96338895454534, 245.36220324202932, 245.36220324202932, 245.36220324202932, 238.5088634240406, 238.5088634240406, 238.5088634240406, 238.5088634240406, 238.5088634240406, 238.5088634240406, 238.5088634240406, 238.5088634240406, 238.5088634240406, 238.5088634240406, 238.5088634240406, 238.5088634240406, 238.5088634240406], 
[247.60373647580073, 246.09143594618263, 246.09143594618263, 246.09143594618263, 246.09143594618263, 246.09143594618263, 240.6195065392853, 240.6195065392853, 240.6195065392853, 239.0321948958846, 239.0321948958846, 239.0321948958846, 239.0321948958846, 239.0321948958846, 239.0321948958846, 236.53494166166982, 236.53494166166982, 236.53494166166982, 236.53494166166982, 236.53494166166982], 
[242.9329127507911, 242.9329127507911, 242.9329127507911, 242.9329127507911, 242.9329127507911, 237.59373796408778, 237.59373796408778, 237.59373796408778, 237.59373796408778, 237.59373796408778, 237.59373796408778, 234.469704971379, 234.469704971379, 234.469704971379, 234.469704971379, 234.469704971379, 234.469704971379, 234.469704971379, 234.469704971379, 234.469704971379], 
[247.1117980509219, 240.42172241974998, 240.42172241974998, 240.42172241974998, 240.42172241974998, 240.42172241974998, 240.42172241974998, 240.42172241974998, 240.42172241974998, 240.42172241974998, 240.42172241974998, 240.42172241974998, 240.42172241974998, 240.42172241974998, 240.42172241974998, 240.42172241974998, 240.42172241974998, 240.42172241974998, 240.42172241974998, 240.42172241974998], 
[250.61861771499886, 250.61861771499886, 250.61861771499886, 248.86145812193797, 244.68963631712617, 244.68963631712617, 244.68963631712617, 244.68963631712617, 244.68963631712617, 244.68963631712617, 244.68963631712617, 244.68963631712617, 244.68963631712617, 244.68963631712617, 244.4449964286805, 244.4449964286805, 244.4449964286805, 244.4449964286805, 244.4449964286805, 244.4449964286805], 
[257.5459757860508, 251.33762597354448, 244.9088983384101, 244.9088983384101, 244.9088983384101, 242.69217920629805, 242.69217920629805, 242.69217920629805, 242.69217920629805, 241.1337764402745, 241.1337764402745, 241.1337764402745, 241.1337764402745, 241.1337764402745, 241.1337764402745, 241.1337764402745, 241.1337764402745, 241.1337764402745, 241.1337764402745, 241.1337764402745], 
[240.84195458294744, 240.84195458294744, 240.84195458294744, 240.84195458294744, 240.84195458294744, 240.84195458294744, 240.84195458294744, 240.84195458294744, 240.84195458294744, 240.84195458294744, 240.84195458294744, 240.84195458294744, 240.84195458294744, 240.84195458294744, 240.84195458294744, 240.84195458294744, 240.84195458294744, 240.84195458294744, 240.84195458294744, 240.84195458294744], 
[252.79649730912956, 251.59257669634226, 251.59257669634226, 248.48238874384447, 248.48238874384447, 248.48238874384447, 244.86569812902388, 244.86569812902388, 244.86569812902388, 244.86569812902388, 244.86569812902388, 244.86569812902388, 244.86569812902388, 244.86569812902388, 244.86569812902388, 244.86569812902388, 244.86569812902388, 244.86569812902388, 244.86569812902388, 244.86569812902388], 
