[907.7018036398249, 734.9557982982728, 734.9557982982728, 734.9557982982728, 512.1535853977621, 512.1535853977621, 512.1535853977621, 512.1535853977621, 502.6580605365158, 502.6580605365158, 502.6580605365158, 502.6580605365158, 502.6580605365158, 502.6580605365158, 502.6580605365158, 502.6580605365158, 502.6580605365158, 502.6580605365158, 502.6580605365158, 502.6580605365158], 
[684.5149084108962, 684.5149084108962, 684.5149084108962, 684.5149084108962, 684.5149084108962, 684.5149084108962, 684.5149084108962, 684.5149084108962, 376.28965392028647, 376.28965392028647, 376.28965392028647, 376.28965392028647, 376.28965392028647, 376.28965392028647, 85.29373614971803, 85.29373614971803, 85.29373614971803, 85.29373614971803, 85.29373614971803, 85.29373614971803], 
[389.8183304479562, 389.8183304479562, 191.9844526153521, 191.9844526153521, 191.9844526153521, 191.9844526153521, 191.9844526153521, 191.9844526153521, 191.9844526153521, 191.9844526153521, 191.9844526153521, 191.9844526153521, 191.9844526153521, 191.9844526153521, 191.9844526153521, 191.9844526153521, 191.9844526153521, 191.9844526153521, -201.23119626881748, -201.23119626881748], 
[1867.9442745663132, 676.0850683556612, 676.0850683556612, 676.0850683556612, 518.0113347138007, 518.0113347138007, 518.0113347138007, 359.4152899369618, 359.4152899369618, 359.4152899369618, 359.4152899369618, 359.4152899369618, 359.4152899369618, 359.4152899369618, 359.4152899369618, 359.4152899369618, 359.4152899369618, 359.4152899369618, 359.4152899369618, 359.4152899369618], 
[1319.2809423919623, 1319.2809423919623, 1319.2809423919623, 1054.835684182693, 1054.835684182693, 1054.835684182693, 637.821069964579, 488.1333825405035, 488.1333825405035, 488.1333825405035, 488.1333825405035, 488.1333825405035, 488.1333825405035, 488.1333825405035, 488.1333825405035, 488.1333825405035, 488.1333825405035, 488.1333825405035, 488.1333825405035, 488.1333825405035], 
[535.6726653552898, 535.6726653552898, 535.6726653552898, 535.6726653552898, 498.9528933228081, 498.9528933228081, 498.9528933228081, 498.9528933228081, 498.9528933228081, 498.9528933228081, 498.9528933228081, 498.9528933228081, 498.9528933228081, 498.9528933228081, 148.00319231689105, 148.00319231689105, 148.00319231689105, 148.00319231689105, 148.00319231689105, 148.00319231689105], 
[733.9973308212129, 733.9973308212129, 165.64779678730872, 165.64779678730872, 165.64779678730872, 165.64779678730872, 165.64779678730872, 165.64779678730872, 165.64779678730872, 165.64779678730872, 165.64779678730872, 165.64779678730872, 165.64779678730872, 165.64779678730872, 165.64779678730872, 165.64779678730872, 165.64779678730872, 165.64779678730872, 165.64779678730872, 165.64779678730872], 
[1537.2857883891124, 521.0066730128042, 521.0066730128042, 521.0066730128042, 521.0066730128042, 521.0066730128042, 521.0066730128042, 521.0066730128042, 393.68795571958367, 393.68795571958367, 393.68795571958367, 274.1870626951205, 274.1870626951205, 274.1870626951205, 274.1870626951205, 274.1870626951205, 274.1870626951205, 274.1870626951205, 274.1870626951205, 274.1870626951205], 
[916.4392101393821, 725.3896550936572, 725.3896550936572, 725.3896550936572, 725.3896550936572, 725.3896550936572, 725.3896550936572, 725.3896550936572, 725.3896550936572, 725.3896550936572, 725.3896550936572, 725.3896550936572, 725.3896550936572, 725.3896550936572, 725.3896550936572, 725.3896550936572, -157.89078339475714, -157.89078339475714, -157.89078339475714, -157.89078339475714], 
[839.8346257653209, 839.8346257653209, 839.8346257653209, 839.8346257653209, 839.8346257653209, 839.8346257653209, 839.8346257653209, 839.8346257653209, 839.8346257653209, 839.8346257653209, 839.8346257653209, 839.8346257653209, 839.8346257653209, 839.8346257653209, 839.8346257653209, 839.8346257653209, 839.8346257653209, 839.8346257653209, 839.8346257653209, 839.8346257653209], 
[217.2786419431642, 217.2786419431642, 217.2786419431642, 217.2786419431642, 217.2786419431642, 217.2786419431642, 217.2786419431642, 217.2786419431642, 217.2786419431642, 217.2786419431642, 217.2786419431642, 217.2786419431642, 217.2786419431642, 217.2786419431642, 217.2786419431642, 84.04657039205154, 84.04657039205154, 84.04657039205154, 84.04657039205154, 84.04657039205154], 
[747.659674507498, 747.659674507498, 747.659674507498, 461.95221092493057, 461.95221092493057, 461.95221092493057, 461.95221092493057, 461.95221092493057, 412.255132204383, 412.255132204383, 412.255132204383, 412.255132204383, 412.255132204383, 138.0790685994342, 138.0790685994342, 138.0790685994342, 138.0790685994342, 138.0790685994342, 138.0790685994342, 138.0790685994342], 
[1778.6848662585471, 1757.4696684273558, 28.900279302935587, 28.900279302935587, 28.900279302935587, 28.900279302935587, 28.900279302935587, 28.900279302935587, 28.900279302935587, 28.900279302935587, 28.900279302935587, 28.900279302935587, 28.900279302935587, 28.900279302935587, 28.900279302935587, 28.900279302935587, 28.900279302935587, 28.900279302935587, 28.900279302935587, 28.900279302935587], 
[1892.8971743367388, 1516.740858263446, 1417.3161128149638, 673.576165122616, 673.576165122616, 673.576165122616, 362.667055908462, 362.667055908462, 362.667055908462, 362.667055908462, 362.667055908462, 362.667055908462, 362.667055908462, 362.667055908462, 362.667055908462, 362.667055908462, 362.667055908462, 362.667055908462, 362.667055908462, 362.667055908462], 
[2317.558118325012, 828.9909257855256, 481.0241283516144, 481.0241283516144, 481.0241283516144, 481.0241283516144, 481.0241283516144, 481.0241283516144, 481.0241283516144, 481.0241283516144, 481.0241283516144, 89.05128673014053, 89.05128673014053, 89.05128673014053, 89.05128673014053, 89.05128673014053, 89.05128673014053, 89.05128673014053, 89.05128673014053, 89.05128673014053], 
[846.8327329183376, 504.6592565496759, 504.6592565496759, 504.6592565496759, 504.6592565496759, 504.6592565496759, 504.6592565496759, 504.6592565496759, 504.6592565496759, 504.6592565496759, 504.6592565496759, 504.6592565496759, 504.6592565496759, 504.6592565496759, 504.6592565496759, 504.6592565496759, 504.6592565496759, 504.6592565496759, 504.6592565496759, 504.6592565496759], 
[362.03623542224693, 362.03623542224693, 362.03623542224693, 362.03623542224693, 362.03623542224693, 362.03623542224693, 362.03623542224693, 150.09680980051098, 150.09680980051098, 150.09680980051098, 150.09680980051098, 150.09680980051098, 150.09680980051098, 150.09680980051098, 150.09680980051098, 150.09680980051098, 150.09680980051098, 150.09680980051098, 150.09680980051098, 150.09680980051098], 
[1654.0477199916409, 1496.3749461342566, 1382.7770107231424, 1382.7770107231424, 508.8225341169243, 508.8225341169243, 508.8225341169243, 508.8225341169243, 508.8225341169243, 508.8225341169243, 42.28550629026563, 42.28550629026563, 42.28550629026563, 42.28550629026563, 42.28550629026563, 42.28550629026563, 42.28550629026563, 42.28550629026563, 42.28550629026563, 42.28550629026563], 
[1509.9033683306488, 1509.9033683306488, 1509.9033683306488, 623.0447264468476, 390.18210567058907, 390.18210567058907, 390.18210567058907, 390.18210567058907, 390.18210567058907, 390.18210567058907, 390.18210567058907, 390.18210567058907, 390.18210567058907, 390.18210567058907, 390.18210567058907, 390.18210567058907, 390.18210567058907, 390.18210567058907, 379.0680785032887, 379.0680785032887], 
[721.5169504899422, 721.5169504899422, 721.5169504899422, 721.5169504899422, 721.5169504899422, 721.5169504899422, 721.5169504899422, 721.5169504899422, 721.5169504899422, 591.389620356902, 591.389620356902, 591.389620356902, 591.389620356902, 591.389620356902, 591.389620356902, 591.389620356902, 554.1773282072659, 554.1773282072659, 554.1773282072659, 554.1773282072659], 
[1932.1792698568197, 1820.2530028899178, 948.9662008100863, 852.767306780682, 852.767306780682, 509.9642913145052, 509.9642913145052, 509.9642913145052, 509.9642913145052, 509.9642913145052, 509.9642913145052, 509.9642913145052, 509.9642913145052, 509.9642913145052, 509.9642913145052, 509.9642913145052, 509.9642913145052, 435.41103838309175, 435.41103838309175, 345.4646397669426], 
[627.6262769646062, 627.6262769646062, 627.6262769646062, 627.6262769646062, 627.6262769646062, 627.6262769646062, 627.6262769646062, 627.6262769646062, 167.9985571866788, 167.9985571866788, 167.9985571866788, 167.9985571866788, 167.9985571866788, 167.9985571866788, 167.9985571866788, 167.9985571866788, 167.9985571866788, 167.9985571866788, 167.9985571866788, 167.9985571866788], 
[865.5094427006868, 865.5094427006868, 865.5094427006868, 865.5094427006868, 865.5094427006868, 865.5094427006868, 441.8169482406238, 441.8169482406238, 441.8169482406238, 441.8169482406238, 441.8169482406238, 441.8169482406238, 441.8169482406238, 441.8169482406238, 441.8169482406238, 441.8169482406238, 441.8169482406238, 441.8169482406238, 441.8169482406238, 441.8169482406238], 
[1686.1427815676684, 207.90049572887494, 207.90049572887494, 207.90049572887494, 207.90049572887494, 207.90049572887494, 207.90049572887494, 207.90049572887494, 207.90049572887494, 207.90049572887494, 207.90049572887494, 207.90049572887494, 207.90049572887494, 207.90049572887494, 207.90049572887494, 207.90049572887494, 207.90049572887494, 207.90049572887494, 207.90049572887494, 207.90049572887494], 
[2017.128636953319, 1956.2709118414832, 887.2704952821634, 887.2704952821634, 887.2704952821634, 887.2704952821634, 887.2704952821634, 887.2704952821634, 887.2704952821634, 887.2704952821634, 786.589476335178, 786.589476335178, 786.589476335178, 786.589476335178, 786.589476335178, 786.589476335178, 149.83673481438507, 149.83673481438507, 149.83673481438507, 149.83673481438507], 
[1920.2285984008872, 1920.2285984008872, 859.6803386418201, 859.6803386418201, 859.6803386418201, 859.6803386418201, 859.6803386418201, 859.6803386418201, 484.4848086946324, 484.4848086946324, 484.4848086946324, 484.4848086946324, 484.4848086946324, 484.4848086946324, 484.4848086946324, 484.4848086946324, 484.4848086946324, 484.4848086946324, 484.4848086946324, 484.4848086946324], 
[73.55489065728602, 73.55489065728602, 73.55489065728602, 73.55489065728602, 73.55489065728602, 73.55489065728602, 73.55489065728602, 73.55489065728602, 73.55489065728602, 73.55489065728602, 73.55489065728602, 73.55489065728602, 73.55489065728602, 73.55489065728602, 73.55489065728602, 73.55489065728602, 73.55489065728602, 73.55489065728602, 73.55489065728602, 73.55489065728602], 
[1287.588657466539, 1287.588657466539, 317.74775275171794, 317.74775275171794, 317.74775275171794, 317.74775275171794, 317.74775275171794, 317.74775275171794, 317.74775275171794, 317.74775275171794, 317.74775275171794, 317.74775275171794, 317.74775275171794, 317.74775275171794, 317.74775275171794, 317.74775275171794, 317.74775275171794, 317.74775275171794, -130.77322357406348, -130.77322357406348], 
[1514.6710499945016, 1242.608319217211, 1242.608319217211, 754.6334754223578, 705.2430353740974, 705.2430353740974, 705.2430353740974, 705.2430353740974, 705.2430353740974, 705.2430353740974, 705.2430353740974, 705.2430353740974, 705.2430353740974, 407.61257086464036, 407.61257086464036, 407.61257086464036, 407.61257086464036, 407.61257086464036, 407.61257086464036, 407.61257086464036], 
[347.0831766843693, 347.0831766843693, 347.0831766843693, 347.0831766843693, 347.0831766843693, 347.0831766843693, 347.0831766843693, 347.0831766843693, 347.0831766843693, 347.0831766843693, 347.0831766843693, 347.0831766843693, 347.0831766843693, 347.0831766843693, 347.0831766843693, 347.0831766843693, 347.0831766843693, 347.0831766843693, 347.0831766843693, 347.0831766843693], 
