[687.2098751032902, 294.9711953943282, 294.9711953943282, 294.9711953943282, 294.9711953943282, 294.9711953943282, 294.9711953943282, 294.9711953943282, 294.9711953943282, 294.9711953943282, 294.9711953943282, 294.9711953943282, 294.9711953943282, 294.9711953943282, 294.9711953943282, 294.9711953943282, 294.9711953943282, 294.9711953943282, 294.9711953943282, 294.9711953943282], 
[1301.343220044101, 1191.4750220771816, 1191.4750220771816, 1191.4750220771816, 275.9831969342956, 275.9831969342956, 275.9831969342956, 275.9831969342956, 275.9831969342956, 275.9831969342956, 275.9831969342956, 275.9831969342956, 275.9831969342956, 275.9831969342956, 275.9831969342956, 275.9831969342956, 275.9831969342956, 275.9831969342956, 275.9831969342956, 275.9831969342956], 
[1200.6837707490217, 1200.6837707490217, 1200.6837707490217, 1200.6837707490217, 1200.6837707490217, 1200.6837707490217, 978.8357916070988, 978.8357916070988, 978.8357916070988, 697.5256833770968, 608.8920211053492, 608.8920211053492, 608.8920211053492, 608.8920211053492, 387.38596170715755, 387.38596170715755, 387.38596170715755, 387.38596170715755, 387.38596170715755, 387.38596170715755], 
[163.31762501890853, 163.31762501890853, 163.31762501890853, 163.31762501890853, 163.31762501890853, 43.77756186683723, 43.77756186683723, 43.77756186683723, 43.77756186683723, 43.77756186683723, 43.77756186683723, 43.77756186683723, 43.77756186683723, 43.77756186683723, 43.77756186683723, 43.77756186683723, 43.77756186683723, 43.77756186683723, 43.77756186683723, 43.77756186683723], 
[605.435735555496, 605.435735555496, 605.435735555496, 571.0339252383467, 571.0339252383467, 571.0339252383467, 571.0339252383467, 209.1811533970407, 209.1811533970407, 209.1811533970407, 209.1811533970407, 209.1811533970407, 209.1811533970407, 209.1811533970407, 209.1811533970407, 209.1811533970407, 209.1811533970407, 209.1811533970407, 209.1811533970407, 209.1811533970407], 
[1051.8296212267924, 1051.8296212267924, 446.2501351427429, 446.2501351427429, 446.2501351427429, 446.2501351427429, 446.2501351427429, 446.2501351427429, 446.2501351427429, 446.2501351427429, 446.2501351427429, 446.2501351427429, 446.2501351427429, 446.2501351427429, 446.2501351427429, 446.2501351427429, 411.16279815814335, 411.16279815814335, 411.16279815814335, 411.16279815814335], 
[-100.95371710362627, -100.95371710362627, -100.95371710362627, -100.95371710362627, -100.95371710362627, -100.95371710362627, -100.95371710362627, -100.95371710362627, -100.95371710362627, -100.95371710362627, -100.95371710362627, -100.95371710362627, -100.95371710362627, -100.95371710362627, -100.95371710362627, -100.95371710362627, -100.95371710362627, -100.95371710362627, -100.95371710362627, -100.95371710362627], 
[1179.3435089649565, 1179.3435089649565, 1179.3435089649565, 335.56437601867253, 335.56437601867253, 335.56437601867253, 335.56437601867253, 335.56437601867253, 335.56437601867253, 335.56437601867253, 335.56437601867253, 335.56437601867253, 335.56437601867253, 335.56437601867253, 335.56437601867253, 335.56437601867253, 335.56437601867253, 335.56437601867253, 335.56437601867253, 335.56437601867253], 
[1563.8686795722374, 1022.9071097754252, 1022.9071097754252, 374.43708505218285, 374.43708505218285, 374.43708505218285, 374.43708505218285, 374.43708505218285, 374.43708505218285, 374.43708505218285, 60.85673063031436, 60.85673063031436, 60.85673063031436, 60.85673063031436, 60.85673063031436, 60.85673063031436, 60.85673063031436, 60.85673063031436, 60.85673063031436, 60.85673063031436], 
[1440.9481403099987, 1303.2424290484594, 832.5906544791089, 832.5906544791089, 832.5906544791089, 832.5906544791089, 832.5906544791089, 832.5906544791089, 832.5906544791089, 832.5906544791089, 518.8868549182245, 518.8868549182245, 518.8868549182245, 433.5567978381457, 433.5567978381457, 433.5567978381457, 433.5567978381457, 433.5567978381457, 433.5567978381457, 433.5567978381457], 
[1291.0832870338622, 571.3364518313597, 571.3364518313597, 571.3364518313597, 571.3364518313597, 571.3364518313597, 539.4620605987755, 539.4620605987755, 539.4620605987755, 539.4620605987755, 539.4620605987755, 539.4620605987755, 539.4620605987755, 539.4620605987755, 462.84742089839017, 462.84742089839017, 462.84742089839017, 462.84742089839017, 462.84742089839017, 462.84742089839017], 
[916.3508155802883, 190.85970250725154, 190.85970250725154, 190.85970250725154, 190.85970250725154, 190.85970250725154, 190.85970250725154, 190.85970250725154, 190.85970250725154, 190.85970250725154, 190.85970250725154, 190.85970250725154, 190.85970250725154, 190.85970250725154, 190.85970250725154, 190.85970250725154, 190.85970250725154, 190.85970250725154, 190.85970250725154, 190.85970250725154], 
[577.8114780675303, 405.1402615861491, 405.1402615861491, 405.1402615861491, 400.0801731073359, 400.0801731073359, 400.0801731073359, 400.0801731073359, 400.0801731073359, 400.0801731073359, 400.0801731073359, 400.0801731073359, 400.0801731073359, 400.0801731073359, 400.0801731073359, 400.0801731073359, 400.0801731073359, 400.0801731073359, 400.0801731073359, 400.0801731073359], 
[1649.411584629574, 1649.411584629574, 399.35937554882275, 399.35937554882275, 399.35937554882275, 399.35937554882275, 399.35937554882275, 399.35937554882275, 399.35937554882275, 399.35937554882275, 399.35937554882275, -155.6857587898224, -155.6857587898224, -155.6857587898224, -155.6857587898224, -155.6857587898224, -155.6857587898224, -155.6857587898224, -155.6857587898224, -155.6857587898224], 
[1622.214215054466, 482.93357176084896, 482.93357176084896, 482.93357176084896, 482.93357176084896, 482.93357176084896, 482.93357176084896, 482.93357176084896, 482.93357176084896, 482.93357176084896, 482.93357176084896, 482.93357176084896, 482.93357176084896, 482.93357176084896, 482.93357176084896, 482.93357176084896, 482.93357176084896, 482.93357176084896, 294.53972020501453, 294.53972020501453], 
[2262.109606162135, 788.071804217351, 788.071804217351, 423.6251994056671, 423.6251994056671, 423.6251994056671, 423.6251994056671, 423.6251994056671, 423.6251994056671, 102.37080985106036, 102.37080985106036, 102.37080985106036, 102.37080985106036, 102.37080985106036, 102.37080985106036, 102.37080985106036, 102.37080985106036, 102.37080985106036, 102.37080985106036, 102.37080985106036], 
[651.2292049480975, 651.2292049480975, 651.2292049480975, 651.2292049480975, 651.2292049480975, 651.2292049480975, 651.2292049480975, 651.2292049480975, 651.2292049480975, 651.2292049480975, 651.2292049480975, 651.2292049480975, 651.2292049480975, 423.9930591482429, 423.9930591482429, 423.9930591482429, 423.9930591482429, 423.9930591482429, 423.9930591482429, 423.9930591482429], 
[1562.1387349680467, 1562.1387349680467, 823.9460371469308, 823.9460371469308, 823.9460371469308, 811.3399366364081, 771.2775820191544, 562.2340890199112, 562.2340890199112, 562.2340890199112, 562.2340890199112, 562.2340890199112, 562.2340890199112, 562.2340890199112, 562.2340890199112, 562.2340890199112, 237.36081683728867, 237.36081683728867, 237.36081683728867, 237.36081683728867], 
[854.4232465155237, 711.6546944860695, 711.6546944860695, 711.6546944860695, 711.6546944860695, 394.4621686750529, 394.4621686750529, 394.4621686750529, 394.4621686750529, 394.4621686750529, 394.4621686750529, 394.4621686750529, 271.4252618626763, 271.4252618626763, 271.4252618626763, 271.4252618626763, 271.4252618626763, 271.4252618626763, 271.4252618626763, 271.4252618626763], 
[1303.6188705264358, 1088.2168099312146, 1088.2168099312146, 1088.2168099312146, 1088.2168099312146, 1057.4629902247966, 681.476590112482, 387.3180652807814, 387.3180652807814, 387.3180652807814, 387.3180652807814, 387.3180652807814, 387.3180652807814, 387.3180652807814, 387.3180652807814, 387.3180652807814, 387.3180652807814, 387.3180652807814, 387.3180652807814, 387.3180652807814], 
[1330.156004815184, 449.8785955482531, 449.8785955482531, 449.8785955482531, 449.8785955482531, 449.8785955482531, 449.8785955482531, 449.8785955482531, 449.8785955482531, 449.8785955482531, 449.8785955482531, 449.8785955482531, 449.8785955482531, 449.8785955482531, 449.8785955482531, 449.8785955482531, 449.8785955482531, 449.8785955482531, 449.8785955482531, 449.8785955482531], 
[1348.272712963231, 1348.272712963231, 1348.272712963231, 998.4774626030451, 998.4774626030451, 998.4774626030451, 998.4774626030451, 929.179388795757, 929.179388795757, 922.2519609970882, 922.2519609970882, 922.2519609970882, 398.56981946453527, 398.56981946453527, 398.56981946453527, 398.56981946453527, 398.56981946453527, 398.56981946453527, 398.56981946453527, -330.0299543590646], 
[1607.1822889248856, 1012.8657967000522, 739.5963628459162, 739.5963628459162, 739.5963628459162, 474.75416025439847, 474.75416025439847, 474.75416025439847, 474.75416025439847, 474.75416025439847, 474.75416025439847, 474.75416025439847, 474.75416025439847, 474.75416025439847, 474.75416025439847, 474.75416025439847, 474.75416025439847, 474.75416025439847, 474.75416025439847, 474.75416025439847], 
[785.6865018980777, 785.6865018980777, 714.8962516302058, 714.8962516302058, 714.8962516302058, 714.8962516302058, 714.8962516302058, 714.8962516302058, 714.8962516302058, 714.8962516302058, 714.8962516302058, 714.8962516302058, 714.8962516302058, 385.3442958640551, 385.3442958640551, 385.3442958640551, 385.3442958640551, 385.3442958640551, 385.3442958640551, 385.3442958640551], 
[1177.0978371566327, 1177.0978371566327, 967.9630802156187, 967.9630802156187, 673.6117057091469, 673.6117057091469, 673.6117057091469, 545.6202462226781, 176.0822046557994, 176.0822046557994, 176.0822046557994, 176.0822046557994, 176.0822046557994, 176.0822046557994, 176.0822046557994, 176.0822046557994, 176.0822046557994, 176.0822046557994, 176.0822046557994, 176.0822046557994], 
[1516.1698656906162, 1516.1698656906162, 1516.1698656906162, 1516.1698656906162, 1172.8259263633274, 1148.239424957539, 1148.239424957539, 939.9147108134755, 939.9147108134755, 939.9147108134755, 718.9084157058851, 718.9084157058851, 718.9084157058851, 718.9084157058851, 718.9084157058851, 718.9084157058851, 718.9084157058851, 718.9084157058851, 718.9084157058851, 718.9084157058851], 
[1216.5679946698854, 875.7210141256169, 875.7210141256169, 875.7210141256169, 875.7210141256169, 875.7210141256169, 875.7210141256169, 875.7210141256169, 246.50348720656746, 246.50348720656746, 246.50348720656746, 246.50348720656746, 246.50348720656746, 246.50348720656746, 246.50348720656746, 246.50348720656746, 246.50348720656746, 246.50348720656746, 246.50348720656746, 246.50348720656746], 
[1488.4381704993368, 888.3531304716387, 809.2775101764662, 809.2775101764662, 809.2775101764662, 809.2775101764662, 809.2775101764662, 809.2775101764662, 535.3090923518914, 535.3090923518914, 535.3090923518914, 535.3090923518914, 535.3090923518914, 535.3090923518914, 535.3090923518914, 535.3090923518914, 198.44343937989493, 198.44343937989493, 198.44343937989493, 198.44343937989493], 
[1369.4538278769242, 1369.4538278769242, 1369.4538278769242, 1369.4538278769242, 1369.4538278769242, 1195.6831974477175, 1079.6735389509613, 1079.6735389509613, 1079.6735389509613, 1079.6735389509613, 868.8375736998169, 868.8375736998169, 868.8375736998169, 868.8375736998169, 868.8375736998169, 868.8375736998169, 868.8375736998169, 553.1766674787098, 553.1766674787098, 553.1766674787098], 
[773.2885832375437, 773.2885832375437, 633.4155478505481, 633.4155478505481, 633.4155478505481, 633.4155478505481, 633.4155478505481, 633.4155478505481, 633.4155478505481, 435.35968905320374, 435.35968905320374, 435.35968905320374, 435.35968905320374, 435.35968905320374, 256.4799734055649, 256.4799734055649, 256.4799734055649, 208.0534416651425, 208.0534416651425, 208.0534416651425], 
