[1208.388544966943, 1208.388544966943, 1208.388544966943, 1208.388544966943, 1160.5253543888452, 1160.5253543888452, 1160.5253543888452, 551.8114176690394, 551.8114176690394, 551.8114176690394, 551.8114176690394, 551.8114176690394, 551.8114176690394, 551.8114176690394, 551.8114176690394, 551.8114176690394, 551.8114176690394, 551.8114176690394, 551.8114176690394, 551.8114176690394], 
[1616.8101597039445, 1246.8424458835343, 1246.8424458835343, 1246.8424458835343, 1246.8424458835343, 1246.8424458835343, 1246.8424458835343, 1175.7213774775964, -62.117529194791075, -62.117529194791075, -62.117529194791075, -62.117529194791075, -62.117529194791075, -62.117529194791075, -62.117529194791075, -62.117529194791075, -62.117529194791075, -62.117529194791075, -62.117529194791075, -62.117529194791075], 
[1100.019090119715, 1100.019090119715, 1077.9525606883906, 1077.9525606883906, 1077.9525606883906, 1077.9525606883906, 532.308118616726, 532.308118616726, 532.308118616726, 532.308118616726, 532.308118616726, 532.308118616726, 189.39760553416363, 189.39760553416363, 189.39760553416363, 189.39760553416363, 189.39760553416363, 189.39760553416363, 189.39760553416363, 189.39760553416363], 
[443.82711485529137, 443.82711485529137, 443.82711485529137, 443.82711485529137, 443.82711485529137, 443.82711485529137, 443.82711485529137, 443.82711485529137, 443.82711485529137, 443.82711485529137, 443.82711485529137, 443.82711485529137, 443.82711485529137, 443.82711485529137, 443.82711485529137, 443.82711485529137, 443.82711485529137, 443.82711485529137, 443.82711485529137, 443.82711485529137], 
[863.9535277542004, 863.9535277542004, 863.9535277542004, 863.9535277542004, 863.9535277542004, 863.9535277542004, 863.9535277542004, 863.9535277542004, 863.9535277542004, 863.9535277542004, 722.4983674320456, 722.4983674320456, 129.92893888888523, 129.92893888888523, 129.92893888888523, 129.92893888888523, 129.92893888888523, 129.92893888888523, 129.92893888888523, 129.92893888888523], 
[1034.2257018398345, 1034.2257018398345, 1034.2257018398345, 1034.2257018398345, 998.2203532642329, 998.2203532642329, 998.2203532642329, 463.54684856873337, 463.54684856873337, 463.54684856873337, 463.54684856873337, 463.54684856873337, 463.54684856873337, 463.54684856873337, 463.54684856873337, 463.54684856873337, 463.54684856873337, 463.54684856873337, 463.54684856873337, 463.54684856873337], 
[854.1759037777254, 854.1759037777254, 854.1759037777254, 567.4960903857991, 271.5808860321732, 271.5808860321732, 271.5808860321732, 266.72440038569664, 266.72440038569664, 266.72440038569664, 266.72440038569664, 266.72440038569664, 266.72440038569664, 266.72440038569664, 266.72440038569664, 266.72440038569664, 266.72440038569664, 266.72440038569664, 266.72440038569664, 266.72440038569664], 
[1207.8291339098255, 358.48287366389377, 358.48287366389377, 358.48287366389377, 358.48287366389377, 358.48287366389377, 358.48287366389377, 358.48287366389377, 358.48287366389377, 358.48287366389377, 358.48287366389377, 358.48287366389377, 358.48287366389377, 358.48287366389377, 217.64759459844163, 217.64759459844163, 217.64759459844163, 217.64759459844163, 217.64759459844163, 217.64759459844163], 
[856.8937646586808, 856.8937646586808, 849.0066716964945, 849.0066716964945, 455.66380347014103, 455.66380347014103, 455.66380347014103, 455.66380347014103, 455.66380347014103, 455.66380347014103, 455.66380347014103, 455.66380347014103, 455.66380347014103, 455.66380347014103, 455.66380347014103, 455.66380347014103, 455.66380347014103, 455.66380347014103, 455.66380347014103, 455.66380347014103], 
[2089.746689575548, 1569.8937040683427, 1547.4596188624312, 476.85778594805447, 476.85778594805447, 476.85778594805447, 476.85778594805447, 258.5719792670792, 258.5719792670792, 258.5719792670792, 258.5719792670792, 258.5719792670792, 258.5719792670792, 258.5719792670792, 258.5719792670792, 258.5719792670792, 258.5719792670792, 258.5719792670792, 258.5719792670792, 258.5719792670792], 
[1219.9604397486787, 1219.9604397486787, 766.2495684610915, 766.2495684610915, 766.2495684610915, 766.2495684610915, 766.2495684610915, 766.2495684610915, 203.95212014401886, 203.95212014401886, 203.95212014401886, 203.95212014401886, 203.95212014401886, 203.95212014401886, 203.95212014401886, 203.95212014401886, 203.95212014401886, 203.95212014401886, 203.95212014401886, 203.95212014401886], 
[1281.3289814448633, 1281.3289814448633, 704.4241168565154, 704.4241168565154, 704.4241168565154, 704.4241168565154, 704.4241168565154, 704.4241168565154, 704.4241168565154, 704.4241168565154, 704.4241168565154, 704.4241168565154, 704.4241168565154, 704.4241168565154, 704.4241168565154, 704.4241168565154, 704.4241168565154, 704.4241168565154, 704.4241168565154, 646.4355322395402], 
[1609.9045614072807, 1609.9045614072807, 1609.9045614072807, 812.8862959667556, 812.8862959667556, 812.8862959667556, 786.7688838109311, 786.7688838109311, 786.7688838109311, 786.7688838109311, 619.221635405788, 619.221635405788, 619.221635405788, 619.221635405788, 619.221635405788, 343.7908152640183, 343.7908152640183, 343.7908152640183, 343.7908152640183, 343.7908152640183], 
[203.7797580755671, 203.7797580755671, 203.7797580755671, 203.7797580755671, 203.7797580755671, 203.7797580755671, 189.65472558662668, 189.65472558662668, 109.8994575080103, 109.8994575080103, 109.8994575080103, 109.8994575080103, 109.8994575080103, 109.8994575080103, 109.8994575080103, 109.8994575080103, 109.8994575080103, 109.8994575080103, 109.8994575080103, 109.8994575080103], 
[1300.3777797661717, 590.8409132202919, 394.67822919524224, 394.67822919524224, 394.67822919524224, 394.67822919524224, 394.67822919524224, 394.67822919524224, 394.67822919524224, 394.67822919524224, 394.67822919524224, 394.67822919524224, 394.67822919524224, 394.67822919524224, 394.67822919524224, 394.67822919524224, 394.67822919524224, 394.67822919524224, 394.67822919524224, 394.67822919524224], 
[1385.882970653196, 1385.882970653196, 1385.882970653196, 1228.0233944322226, 1142.3221464865933, 1142.3221464865933, 535.9349566950998, 535.9349566950998, 535.9349566950998, 535.9349566950998, 535.9349566950998, 535.9349566950998, 481.56138712080167, 481.56138712080167, 437.31656707644186, -18.892851003430394, -18.892851003430394, -18.892851003430394, -18.892851003430394, -18.892851003430394], 
[445.11446080815756, 445.11446080815756, 445.11446080815756, 445.11446080815756, 445.11446080815756, 445.11446080815756, 445.11446080815756, 445.11446080815756, 445.11446080815756, 445.11446080815756, 445.11446080815756, 445.11446080815756, 445.11446080815756, 445.11446080815756, 445.11446080815756, 445.11446080815756, 445.11446080815756, 445.11446080815756, 445.11446080815756, 445.11446080815756], 
[343.59112885098466, 343.59112885098466, 343.59112885098466, 343.59112885098466, 342.315292225579, 342.315292225579, 342.315292225579, 342.315292225579, 342.315292225579, 342.315292225579, 342.315292225579, 342.315292225579, 342.315292225579, 342.315292225579, 342.315292225579, 342.315292225579, 342.315292225579, 342.315292225579, 342.315292225579, 342.315292225579], 
[693.2347867742733, 693.2347867742733, 693.2347867742733, 693.2347867742733, 693.2347867742733, 693.2347867742733, 693.2347867742733, 298.1531421059567, 298.1531421059567, 298.1531421059567, 298.1531421059567, 298.1531421059567, 298.1531421059567, 298.1531421059567, 298.1531421059567, 298.1531421059567, 298.1531421059567, 298.1531421059567, 298.1531421059567, 298.1531421059567], 
[1735.9969864161353, 759.4800561274494, 759.4800561274494, 759.4800561274494, 759.4800561274494, 759.4800561274494, 759.4800561274494, 759.4800561274494, 759.4800561274494, 759.4800561274494, 759.4800561274494, 759.4800561274494, 759.4800561274494, 759.4800561274494, 759.4800561274494, 759.4800561274494, 759.4800561274494, 759.4800561274494, 759.4800561274494, 759.4800561274494], 
[1321.8764368687198, 1195.1895847355302, 663.0636630636254, 663.0636630636254, 567.4878545475092, 567.4878545475092, 567.4878545475092, 567.4878545475092, 567.4878545475092, 567.4878545475092, 567.4878545475092, 567.4878545475092, 567.4878545475092, 567.4878545475092, 567.4878545475092, 567.4878545475092, 567.4878545475092, 567.4878545475092, 567.4878545475092, 567.4878545475092], 
[507.3761365549856, 507.3761365549856, 507.3761365549856, 507.3761365549856, 507.3761365549856, 507.3761365549856, 507.3761365549856, 507.3761365549856, 507.3761365549856, 507.3761365549856, 507.3761365549856, 77.86791393369526, 77.86791393369526, 77.86791393369526, 77.86791393369526, 77.86791393369526, 77.86791393369526, 77.86791393369526, 77.86791393369526, 77.86791393369526], 
[537.7684594988018, 537.7684594988018, 537.7684594988018, 537.7684594988018, 537.7684594988018, 537.7684594988018, 537.7684594988018, 537.7684594988018, 537.7684594988018, 537.7684594988018, 537.7684594988018, 537.7684594988018, 537.7684594988018, 537.7684594988018, 537.7684594988018, 537.7684594988018, 537.7684594988018, 537.7684594988018, 537.7684594988018, 537.7684594988018], 
[1387.6992418701245, 1387.6992418701245, 1387.6992418701245, 1387.6992418701245, 1346.8078185429424, 1346.8078185429424, 1171.364177573463, 935.5005157508137, 935.5005157508137, 888.9939620565135, 888.9939620565135, 888.9939620565135, 425.88256751104916, 425.88256751104916, 425.88256751104916, 425.88256751104916, 425.88256751104916, 425.88256751104916, 425.88256751104916, 425.88256751104916], 
[-65.5870108060945, -65.5870108060945, -65.5870108060945, -65.5870108060945, -65.5870108060945, -65.5870108060945, -65.5870108060945, -65.5870108060945, -65.5870108060945, -65.5870108060945, -65.5870108060945, -65.5870108060945, -65.5870108060945, -65.5870108060945, -65.5870108060945, -65.5870108060945, -65.5870108060945, -65.5870108060945, -65.5870108060945, -65.5870108060945], 
[1222.5743585922423, 766.8001478253555, 766.8001478253555, 766.8001478253555, 766.8001478253555, 766.8001478253555, 760.2381700636329, 760.2381700636329, 648.1936123712624, 648.1936123712624, 648.1936123712624, 648.1936123712624, 648.1936123712624, 452.78772122406315, 452.78772122406315, 452.78772122406315, 452.78772122406315, 452.78772122406315, 452.78772122406315, 452.78772122406315], 
[1329.9720071374948, 1329.9720071374948, 1329.9720071374948, 1329.9720071374948, 1209.8079374895158, 1209.8079374895158, 1209.8079374895158, 1209.8079374895158, 1209.8079374895158, 1209.8079374895158, 1209.8079374895158, 1209.8079374895158, 1209.8079374895158, 1209.8079374895158, 1209.8079374895158, 1209.8079374895158, 878.0483106578663, 878.0483106578663, 751.6802087223234, 751.6802087223234], 
[2255.2747197812578, 549.1321212723735, 549.1321212723735, 549.1321212723735, -74.28813033657337, -74.28813033657337, -74.28813033657337, -74.28813033657337, -74.28813033657337, -74.28813033657337, -74.28813033657337, -74.28813033657337, -74.28813033657337, -74.28813033657337, -74.28813033657337, -74.28813033657337, -74.28813033657337, -74.28813033657337, -74.28813033657337, -74.28813033657337], 
[1211.5465585690852, 631.5723427569749, 631.5723427569749, 103.17406516473955, 103.17406516473955, 103.17406516473955, 103.17406516473955, 103.17406516473955, 103.17406516473955, 103.17406516473955, 103.17406516473955, 103.17406516473955, 103.17406516473955, 103.17406516473955, 103.17406516473955, 103.17406516473955, 103.17406516473955, 103.17406516473955, 103.17406516473955, 103.17406516473955], 
[714.8912173582901, 431.90009782837876, 431.90009782837876, 431.90009782837876, 431.90009782837876, 431.90009782837876, 431.90009782837876, 431.90009782837876, 431.90009782837876, 431.90009782837876, 431.90009782837876, 431.90009782837876, 431.90009782837876, 431.90009782837876, 431.90009782837876, 431.90009782837876, 431.90009782837876, 431.90009782837876, 431.90009782837876, 431.90009782837876], 
