[12.691076135823959, 12.691076135823959, 12.691076135823959, 12.691076135823959, 12.691076135823959, 12.691076135823959, 12.691076135823959, 12.691076135823959, 12.691076135823959, 12.691076135823959, 12.691076135823959, 12.691076135823959, 12.691076135823959, 12.691076135823959, 12.691076135823959, 12.691076135823959, 12.691076135823959, 12.691076135823959, 12.691076135823959, 12.691076135823959], 
[13.022198081342331, 13.022198081342331, 13.022198081342331, 13.022198081342331, 13.022198081342331, 13.022198081342331, 13.022198081342331, 13.022198081342331, 13.022198081342331, 13.022198081342331, 13.022198081342331, 12.470485782768225, 12.470485782768225, 12.470485782768225, 12.470485782768225, 12.071495256333689, 12.071495256333689, 11.210612389984409, 11.210612389984409, 11.210612389984409], 
[13.952853117907456, 13.154769433961512, 13.154769433961512, 13.154769433961512, 12.301756127085348, 12.301756127085348, 12.215573043512254, 12.215573043512254, 12.215573043512254, 12.215573043512254, 12.215573043512254, 12.215573043512254, 12.215573043512254, 12.215573043512254, 12.215573043512254, 12.215573043512254, 12.215573043512254, 12.215573043512254, 11.972334128544869, 11.972334128544869], 
[12.545086816867043, 11.994965450026214, 11.994965450026214, 11.994965450026214, 11.653886656386385, 11.653886656386385, 11.653886656386385, 11.653886656386385, 11.653886656386385, 11.259651381467668, 11.259651381467668, 11.259651381467668, 11.259651381467668, 11.259651381467668, 11.259651381467668, 11.259651381467668, 11.259651381467668, 11.259651381467668, 11.259651381467668, 11.259651381467668], 
[12.75289359747127, 12.75289359747127, 12.75289359747127, 12.75289359747127, 12.75289359747127, 12.75289359747127, 12.75289359747127, 12.398965674696697, 12.398965674696697, 12.398965674696697, 12.398965674696697, 12.398965674696697, 12.398965674696697, 12.398965674696697, 12.398965674696697, 12.398965674696697, 12.398965674696697, 12.398965674696697, 12.398965674696697, 12.398965674696697], 
[12.362657524030917, 12.362657524030917, 12.362657524030917, 12.362657524030917, 12.362657524030917, 12.362657524030917, 12.362657524030917, 12.362657524030917, 12.362657524030917, 11.747334987419453, 11.747334987419453, 11.747334987419453, 11.032330221906754, 11.032330221906754, 11.032330221906754, 11.032330221906754, 11.032330221906754, 11.032330221906754, 11.032330221906754, 11.032330221906754], 
[12.75479206627654, 12.75479206627654, 12.75479206627654, 12.75479206627654, 12.645814331967332, 10.862149921754652, 10.862149921754652, 10.862149921754652, 10.862149921754652, 10.862149921754652, 10.862149921754652, 10.862149921754652, 10.862149921754652, 10.862149921754652, 10.862149921754652, 10.862149921754652, 10.862149921754652, 10.862149921754652, 10.862149921754652, 10.862149921754652], 
[13.473619970786036, 13.473619970786036, 11.935169398135798, 11.935169398135798, 11.935169398135798, 11.935169398135798, 11.935169398135798, 11.935169398135798, 11.935169398135798, 11.935169398135798, 11.935169398135798, 11.935169398135798, 11.935169398135798, 11.935169398135798, 11.935169398135798, 11.935169398135798, 11.935169398135798, 11.935169398135798, 11.935169398135798, 11.935169398135798], 
[13.68615866439143, 13.147646508097012, 13.147646508097012, 13.147646508097012, 13.147646508097012, 13.147646508097012, 12.931687852611166, 12.931687852611166, 12.931687852611166, 12.931687852611166, 11.787460622918166, 11.787460622918166, 11.787460622918166, 11.787460622918166, 11.787460622918166, 11.787460622918166, 11.787460622918166, 11.66831154169141, 11.66831154169141, 11.66831154169141], 
[12.932772703688142, 12.401460189000787, 11.87820332101838, 11.87820332101838, 11.87820332101838, 11.87820332101838, 11.87820332101838, 11.87820332101838, 11.87820332101838, 11.87820332101838, 11.87820332101838, 11.87820332101838, 11.87820332101838, 11.87820332101838, 11.87820332101838, 11.87820332101838, 11.87820332101838, 11.87820332101838, 11.87820332101838, 11.87820332101838], 
[12.359571411315162, 11.470202418186172, 11.470202418186172, 11.470202418186172, 11.129263710209958, 11.129263710209958, 11.129263710209958, 11.129263710209958, 11.129263710209958, 11.129263710209958, 11.129263710209958, 11.129263710209958, 11.129263710209958, 11.129263710209958, 11.129263710209958, 11.129263710209958, 11.129263710209958, 11.129263710209958, 11.129263710209958, 11.129263710209958], 
[14.464621751916034, 13.310984695667075, 13.310984695667075, 10.622673399533046, 10.622673399533046, 10.622673399533046, 10.622673399533046, 10.622673399533046, 10.622673399533046, 10.622673399533046, 10.622673399533046, 10.622673399533046, 10.622673399533046, 10.622673399533046, 10.622673399533046, 10.622673399533046, 10.622673399533046, 10.622673399533046, 10.622673399533046, 10.622673399533046], 
[12.426727451251402, 12.426727451251402, 12.426727451251402, 12.426727451251402, 12.426727451251402, 12.426727451251402, 12.3598266297316, 12.3598266297316, 12.086220268485775, 12.086220268485775, 12.086220268485775, 12.086220268485775, 11.716685812530335, 11.716685812530335, 11.716685812530335, 11.716685812530335, 11.716685812530335, 11.716685812530335, 11.716685812530335, 11.219764998334783], 
[13.551245075787344, 13.551245075787344, 11.979186101558886, 11.979186101558886, 10.107783950179929, 10.107783950179929, 10.107783950179929, 10.107783950179929, 10.107783950179929, 10.107783950179929, 10.107783950179929, 10.107783950179929, 10.107783950179929, 10.107783950179929, 10.107783950179929, 10.107783950179929, 10.107783950179929, 10.107783950179929, 10.107783950179929, 10.107783950179929], 
[13.084814937508526, 13.084814937508526, 13.084814937508526, 13.084814937508526, 12.829120852505357, 12.829120852505357, 12.829120852505357, 11.174055185208957, 11.174055185208957, 11.174055185208957, 11.174055185208957, 11.174055185208957, 11.174055185208957, 11.174055185208957, 11.174055185208957, 11.174055185208957, 11.174055185208957, 11.174055185208957, 11.174055185208957, 11.174055185208957], 
[13.422115631879318, 13.357844536924691, 13.357844536924691, 13.357844536924691, 13.357844536924691, 13.357844536924691, 13.170341500211315, 13.170341500211315, 13.170341500211315, 13.170341500211315, 13.170341500211315, 11.618756851489206, 11.618756851489206, 11.43372689048741, 11.43372689048741, 11.43372689048741, 11.43372689048741, 11.43372689048741, 11.43372689048741, 11.43372689048741], 
[13.871129645694847, 12.965367230826473, 12.64403287288151, 11.103522661213342, 11.103522661213342, 11.103522661213342, 11.103522661213342, 11.103522661213342, 11.103522661213342, 11.103522661213342, 11.033659568114599, 11.033659568114599, 11.033659568114599, 11.033659568114599, 11.033659568114599, 11.033659568114599, 11.033659568114599, 11.033659568114599, 11.033659568114599, 11.033659568114599], 
[10.611211379635888, 10.611211379635888, 10.611211379635888, 10.611211379635888, 10.611211379635888, 10.611211379635888, 10.611211379635888, 10.611211379635888, 10.611211379635888, 10.611211379635888, 10.611211379635888, 10.611211379635888, 10.611211379635888, 10.611211379635888, 10.611211379635888, 10.611211379635888, 10.611211379635888, 10.611211379635888, 10.611211379635888, 10.611211379635888], 
[14.195979007937677, 12.864205940615758, 12.864205940615758, 12.864205940615758, 12.624000555576512, 12.624000555576512, 12.624000555576512, 12.624000555576512, 12.624000555576512, 12.624000555576512, 12.624000555576512, 12.624000555576512, 12.471096469784616, 12.471096469784616, 12.471096469784616, 12.260502775210034, 12.260502775210034, 11.699832908621389, 11.699832908621389, 11.699832908621389], 
[13.078815401484256, 13.078815401484256, 13.078815401484256, 13.008995202078214, 13.008995202078214, 13.008995202078214, 13.008995202078214, 13.008995202078214, 13.008995202078214, 11.12829714599169, 11.12829714599169, 11.12829714599169, 11.12829714599169, 11.12829714599169, 11.12829714599169, 11.12829714599169, 11.12829714599169, 11.12829714599169, 11.12829714599169, 11.12829714599169], 
[12.718024067342776, 12.718024067342776, 12.718024067342776, 12.718024067342776, 12.718024067342776, 12.718024067342776, 12.718024067342776, 12.718024067342776, 9.20821003566306, 9.20821003566306, 9.20821003566306, 9.20821003566306, 9.20821003566306, 9.20821003566306, 9.20821003566306, 9.20821003566306, 9.20821003566306, 9.20821003566306, 9.20821003566306, 9.20821003566306], 
[13.82092247429049, 13.82092247429049, 13.82092247429049, 12.148431429230286, 12.148431429230286, 12.148431429230286, 12.148431429230286, 12.148431429230286, 12.148431429230286, 12.148431429230286, 12.148431429230286, 11.957565059135359, 11.957565059135359, 11.957565059135359, 11.957565059135359, 11.957565059135359, 11.957565059135359, 11.957565059135359, 11.957565059135359, 11.957565059135359], 
[14.12804692642802, 13.193777629673653, 13.193777629673653, 12.60315531975277, 12.60315531975277, 12.60315531975277, 12.60315531975277, 12.60315531975277, 12.60315531975277, 12.60315531975277, 12.60315531975277, 12.60315531975277, 12.60315531975277, 12.60315531975277, 12.60315531975277, 12.60315531975277, 12.60315531975277, 12.60315531975277, 12.465269426826378, 12.465269426826378], 
[13.97780880115456, 13.107019305996275, 12.87936463297345, 12.87936463297345, 12.87936463297345, 12.751384908439904, 12.751384908439904, 12.751384908439904, 12.751384908439904, 12.684637194058594, 12.547628043134214, 12.547628043134214, 12.547628043134214, 12.547628043134214, 12.547628043134214, 12.419168104954476, 10.193388729105061, 10.193388729105061, 10.193388729105061, 10.193388729105061], 
[12.558815476105412, 12.558815476105412, 12.558815476105412, 12.558815476105412, 12.558815476105412, 12.558815476105412, 11.57482928558128, 11.57482928558128, 11.57482928558128, 11.57482928558128, 11.57482928558128, 11.57482928558128, 11.57482928558128, 11.57482928558128, 11.57482928558128, 11.57482928558128, 11.57482928558128, 11.57482928558128, 11.57482928558128, 11.57482928558128], 
[13.341437403828579, 13.341437403828579, 13.101798235243573, 13.101798235243573, 13.101798235243573, 12.317343942105682, 12.262029488745005, 12.262029488745005, 12.262029488745005, 10.290116119668285, 10.290116119668285, 10.290116119668285, 10.290116119668285, 10.290116119668285, 10.290116119668285, 10.290116119668285, 10.290116119668285, 10.290116119668285, 10.290116119668285, 10.290116119668285], 
[12.288254520632943, 10.92060527603422, 10.92060527603422, 10.92060527603422, 10.92060527603422, 10.92060527603422, 10.92060527603422, 10.92060527603422, 10.92060527603422, 10.92060527603422, 10.92060527603422, 10.92060527603422, 10.92060527603422, 10.92060527603422, 10.92060527603422, 10.92060527603422, 10.92060527603422, 10.92060527603422, 10.92060527603422, 10.92060527603422], 
[13.95590440565721, 13.332403299110897, 12.713891568625998, 12.713891568625998, 12.52671210485985, 12.52671210485985, 12.52671210485985, 12.52671210485985, 12.52671210485985, 12.52671210485985, 12.52671210485985, 11.408391689874474, 11.408391689874474, 11.408391689874474, 11.408391689874474, 11.408391689874474, 11.408391689874474, 11.408391689874474, 11.408391689874474, 11.408391689874474], 
[13.908410891215963, 13.292311403821918, 13.130393453040758, 13.130393453040758, 12.460590930707184, 12.460590930707184, 12.460590930707184, 12.460590930707184, 12.460590930707184, 12.460590930707184, 12.460590930707184, 12.460590930707184, 12.460590930707184, 12.398512107475861, 10.631605963631019, 10.631605963631019, 10.631605963631019, 10.631605963631019, 10.631605963631019, 10.631605963631019], 
[14.580954388910587, 12.626019109370105, 12.626019109370105, 12.626019109370105, 12.626019109370105, 12.626019109370105, 12.626019109370105, 12.626019109370105, 12.626019109370105, 12.626019109370105, 12.626019109370105, 12.626019109370105, 11.71212803527901, 11.71212803527901, 11.71212803527901, 10.658637593253449, 10.658637593253449, 10.658637593253449, 10.658637593253449, 10.658637593253449], 
