[130.49859480544308, 6.847123570140611, 6.847123570140611, 6.847123570140611, 6.847123570140611, 6.847123570140611, 6.847123570140611, 6.847123570140611, 6.847123570140611, 6.847123570140611, 6.847123570140611, 6.847123570140611, 6.847123570140611, 6.847123570140611, 6.847123570140611, 6.847123570140611, 6.847123570140611, 6.847123570140611, 6.847123570140611, 4.943068699878181], 
[196.32072449477073, 124.57015639980493, 0.20087044106555466, 0.20087044106555466, 0.20087044106555466, 0.20087044106555466, 0.20087044106555466, 0.20087044106555466, 0.20087044106555466, 0.20087044106555466, 0.20087044106555466, 0.20087044106555466, 0.20087044106555466, 0.20087044106555466, 0.20087044106555466, 0.20087044106555466, 0.20087044106555466, 0.20087044106555466, 0.20087044106555466, 0.20087044106555466], 
[104.18925374561454, 6.92492678670136, 6.92492678670136, 6.92492678670136, 6.92492678670136, 6.92492678670136, 6.92492678670136, 6.92492678670136, 6.92492678670136, 6.92492678670136, 6.92492678670136, 6.92492678670136, 6.92492678670136, 6.92492678670136, 6.92492678670136, 6.92492678670136, 6.92492678670136, 6.92492678670136, 6.92492678670136, 6.92492678670136], 
[4.34634804590269, 4.34634804590269, 4.34634804590269, 4.34634804590269, 4.34634804590269, 4.34634804590269, 4.34634804590269, 4.34634804590269, 4.34634804590269, 4.34634804590269, 4.34634804590269, 4.34634804590269, 4.34634804590269, 4.34634804590269, 4.34634804590269, 4.34634804590269, 4.34634804590269, 4.34634804590269, 4.34634804590269, 4.34634804590269], 
[182.14929061596672, 115.22111585016533, 115.22111585016533, 54.194043069933485, 54.194043069933485, 54.194043069933485, 54.194043069933485, 36.23253121988737, 36.23253121988737, 36.23253121988737, 36.23253121988737, 36.23253121988737, 36.23253121988737, 36.23253121988737, 36.23253121988737, 4.972844114323721, 4.972844114323721, 4.972844114323721, 4.972844114323721, 4.972844114323721], 
[247.4605944550549, 94.18427672688063, 94.18427672688063, 37.46287543923113, 37.46287543923113, 37.46287543923113, 37.46287543923113, 37.46287543923113, 37.46287543923113, 20.31797069785311, 20.31797069785311, 20.31797069785311, 20.31797069785311, 20.31797069785311, 20.31797069785311, 20.31797069785311, 0.22244358361113403, 0.22244358361113403, 0.22244358361113403, 0.22244358361113403], 
[114.19491331291546, 114.19491331291546, 114.19491331291546, 34.817191026843716, 34.817191026843716, 3.3728511955605422, 3.3728511955605422, 3.3728511955605422, 3.3728511955605422, 3.3728511955605422, 3.3728511955605422, 3.3728511955605422, 3.3728511955605422, 3.3728511955605422, 3.3728511955605422, 3.3728511955605422, 3.3728511955605422, 3.3728511955605422, 3.3728511955605422, 3.3728511955605422], 
[25.394241323256665, 25.394241323256665, 25.394241323256665, 25.394241323256665, 25.394241323256665, 25.394241323256665, 25.394241323256665, 25.394241323256665, 25.394241323256665, 25.394241323256665, 25.394241323256665, 25.394241323256665, 25.394241323256665, 2.4041196564583154, 2.4041196564583154, 0.8865157686886519, 0.8865157686886519, 0.8865157686886519, 0.8865157686886519, 0.8865157686886519], 
[14.922682850671489, 14.922682850671489, 14.922682850671489, 14.922682850671489, 14.922682850671489, 14.922682850671489, 14.922682850671489, 14.922682850671489, 14.922682850671489, 14.922682850671489, 14.922682850671489, 14.922682850671489, 14.922682850671489, 14.922682850671489, 14.922682850671489, 14.922682850671489, 14.922682850671489, 14.922682850671489, 14.922682850671489, 14.922682850671489], 
[217.8612552421523, 126.02754784746273, 74.31916714656892, 74.31916714656892, 74.31916714656892, 25.21806793078239, 25.21806793078239, 25.21806793078239, 25.21806793078239, 22.926586623063777, 22.926586623063777, 22.926586623063777, 22.926586623063777, 22.926586623063777, 22.926586623063777, 22.926586623063777, 22.926586623063777, 22.926586623063777, 22.926586623063777, 22.926586623063777], 
[107.51830664243059, 107.51830664243059, 6.663222020310701, 6.663222020310701, 6.663222020310701, 6.663222020310701, 6.663222020310701, 6.663222020310701, 6.663222020310701, 6.663222020310701, 6.663222020310701, 6.663222020310701, 6.663222020310701, 6.663222020310701, 6.663222020310701, 6.663222020310701, 5.23705881540721, 5.23705881540721, 5.23705881540721, 5.23705881540721], 
[33.913196727472126, 33.913196727472126, 24.745704314423932, 24.745704314423932, 24.745704314423932, 24.745704314423932, 24.745704314423932, 24.745704314423932, 24.745704314423932, 24.745704314423932, 24.745704314423932, 24.745704314423932, 24.745704314423932, 24.745704314423932, 24.745704314423932, 24.745704314423932, 24.745704314423932, 24.745704314423932, 10.374547217990033, 10.374547217990033], 
[170.13386160763528, 119.04233692414661, 9.566871180020087, 9.566871180020087, 9.566871180020087, 9.566871180020087, 9.566871180020087, 9.566871180020087, 9.566871180020087, 9.566871180020087, 9.566871180020087, 7.544920941639857, 7.544920941639857, 7.544920941639857, 7.544920941639857, 7.544920941639857, 7.544920941639857, 7.544920941639857, 7.544920941639857, 7.544920941639857], 
[6.391584376047344, 6.391584376047344, 6.391584376047344, 6.391584376047344, 6.391584376047344, 6.391584376047344, 6.391584376047344, 6.391584376047344, 6.391584376047344, 6.391584376047344, 6.391584376047344, 6.391584376047344, 6.391584376047344, 6.391584376047344, 6.391584376047344, 6.391584376047344, 6.391584376047344, 6.391584376047344, 6.391584376047344, 6.391584376047344], 
[24.93705594763355, 19.756440703778697, 19.756440703778697, 19.756440703778697, 19.756440703778697, 19.756440703778697, 19.756440703778697, 19.756440703778697, 19.756440703778697, 19.756440703778697, 8.868362089206752, 8.868362089206752, 8.868362089206752, 8.868362089206752, 8.868362089206752, 8.868362089206752, 8.868362089206752, 8.868362089206752, 8.868362089206752, 8.868362089206752], 
[3.542420664846578, 3.542420664846578, 3.542420664846578, 3.542420664846578, 3.542420664846578, 3.542420664846578, 3.542420664846578, 3.542420664846578, 3.542420664846578, 3.542420664846578, 3.542420664846578, 3.542420664846578, 3.542420664846578, 3.542420664846578, 3.542420664846578, 3.542420664846578, 3.542420664846578, 3.542420664846578, 3.542420664846578, 3.542420664846578], 
[112.70113352369233, 38.280058463153324, 18.976827887581827, 18.976827887581827, 18.976827887581827, 18.976827887581827, 13.644955678759583, 13.644955678759583, 13.644955678759583, 13.644955678759583, 13.644955678759583, 13.644955678759583, 13.644955678759583, 13.644955678759583, 13.644955678759583, 13.644955678759583, 13.644955678759583, 13.644955678759583, 13.644955678759583, 13.644955678759583], 
[3.0072720260761336, 3.0072720260761336, 3.0072720260761336, 3.0072720260761336, 3.0072720260761336, 3.0072720260761336, 3.0072720260761336, 3.0072720260761336, 3.0072720260761336, 3.0072720260761336, 3.0072720260761336, 3.0072720260761336, 3.0072720260761336, 3.0072720260761336, 3.0072720260761336, 3.0072720260761336, 3.0072720260761336, 1.7427338209642576, 1.7427338209642576, 1.7427338209642576], 
[316.9333990392619, 266.35720596903343, 219.7402458783904, 7.801962904324824, 7.801962904324824, 7.801962904324824, 7.801962904324824, 7.801962904324824, 7.801962904324824, 7.801962904324824, 7.801962904324824, 2.9500183670229725, 2.9500183670229725, 2.9500183670229725, 2.9500183670229725, 2.9500183670229725, 2.9500183670229725, 2.9500183670229725, 2.9500183670229725, 2.9500183670229725], 
[43.86307616803718, 18.489530669591094, 18.489530669591094, 18.489530669591094, 18.489530669591094, 18.489530669591094, 18.489530669591094, 18.489530669591094, 18.489530669591094, 4.763941100798114, 4.763941100798114, 4.763941100798114, 4.763941100798114, 4.763941100798114, 4.763941100798114, 4.763941100798114, 4.763941100798114, 4.763941100798114, 4.763941100798114, 4.763941100798114], 
[73.29648923347713, 73.29648923347713, 3.919202170545069, 3.919202170545069, 3.919202170545069, 3.919202170545069, 3.919202170545069, 3.919202170545069, 3.919202170545069, 3.919202170545069, 3.919202170545069, 3.919202170545069, 0.36593984132033563, 0.36593984132033563, 0.36593984132033563, 0.36593984132033563, 0.36593984132033563, 0.36593984132033563, 0.36593984132033563, 0.36593984132033563], 
[112.04668252781728, 112.04668252781728, 71.1641339664597, 14.509908183274115, 14.509908183274115, 14.509908183274115, 14.509908183274115, 14.509908183274115, 14.509908183274115, 14.509908183274115, 14.509908183274115, 14.509908183274115, 14.509908183274115, 14.509908183274115, 14.509908183274115, 14.509908183274115, 14.509908183274115, 14.509908183274115, 3.914348989101088, 3.914348989101088], 
[43.38899677606519, 9.800903735134051, 9.800903735134051, 9.800903735134051, 9.800903735134051, 9.800903735134051, 9.800903735134051, 9.800903735134051, 9.800903735134051, 9.800903735134051, 9.800903735134051, 9.800903735134051, 9.800903735134051, 9.800903735134051, 9.800903735134051, 9.800903735134051, 9.800903735134051, 3.9931244758676296, 3.9931244758676296, 3.9931244758676296], 
[15.001215143293688, 15.001215143293688, 15.001215143293688, 15.001215143293688, 15.001215143293688, 15.001215143293688, 15.001215143293688, 15.001215143293688, 15.001215143293688, 15.001215143293688, 15.001215143293688, 15.001215143293688, 15.001215143293688, 15.001215143293688, 15.001215143293688, 15.001215143293688, 15.001215143293688, 15.001215143293688, 15.001215143293688, 15.001215143293688], 
[90.78574320731468, 90.78574320731468, 90.78574320731468, 90.78574320731468, 63.599489780447826, 16.064368405541618, 16.064368405541618, 16.064368405541618, 16.064368405541618, 16.064368405541618, 16.064368405541618, 16.064368405541618, 16.064368405541618, 16.064368405541618, 16.064368405541618, 16.064368405541618, 16.064368405541618, 16.064368405541618, 16.064368405541618, 10.491319919053852], 
[83.80061703319275, 5.169767896909129, 5.169767896909129, 5.169767896909129, 5.169767896909129, 5.169767896909129, 5.169767896909129, 5.169767896909129, 5.169767896909129, 5.169767896909129, 5.169767896909129, 5.169767896909129, 5.169767896909129, 5.169767896909129, 5.169767896909129, 5.169767896909129, 5.169767896909129, 5.169767896909129, 5.169767896909129, 5.169767896909129], 
[74.14840310037755, 74.14840310037755, 74.14840310037755, 2.821155476776936, 2.821155476776936, 2.821155476776936, 2.821155476776936, 2.821155476776936, 2.821155476776936, 2.821155476776936, 2.821155476776936, 2.821155476776936, 2.821155476776936, 2.821155476776936, 2.821155476776936, 2.821155476776936, 2.821155476776936, 2.821155476776936, 2.821155476776936, 2.821155476776936], 
[34.41704100918698, 34.41704100918698, 21.191902609590514, 21.191902609590514, 21.191902609590514, 21.191902609590514, 21.191902609590514, 21.191902609590514, 21.191902609590514, 21.191902609590514, 21.191902609590514, 21.191902609590514, 21.191902609590514, 21.191902609590514, 21.191902609590514, 21.191902609590514, 21.191902609590514, 21.191902609590514, 6.604230275311896, 6.604230275311896], 
[474.88540589468175, 170.84779761612688, 121.72937742330734, 43.773131612606456, 43.773131612606456, 43.773131612606456, 43.773131612606456, 43.773131612606456, 43.773131612606456, 43.773131612606456, 26.296733905111203, 26.296733905111203, 26.296733905111203, 26.296733905111203, 26.296733905111203, 26.296733905111203, 26.296733905111203, 26.296733905111203, 26.296733905111203, 26.296733905111203], 
[89.48311756216587, 89.48311756216587, 15.896706631556032, 15.896706631556032, 15.896706631556032, 15.896706631556032, 15.896706631556032, 15.896706631556032, 15.896706631556032, 15.896706631556032, 15.896706631556032, 15.896706631556032, 15.896706631556032, 15.896706631556032, 15.896706631556032, 15.896706631556032, 15.896706631556032, 6.851797860828979, 6.851797860828979, 6.851797860828979], 
