[6.959911961204125, 6.959911961204125, 6.959911961204125, 5.140428943222772, 5.140428943222772, 5.140428943222772, 5.140428943222772, 5.140428943222772, 5.140428943222772, 5.140428943222772, 5.140428943222772, 5.140428943222772, 5.140428943222772, 5.140428943222772, 5.140428943222772, 5.140428943222772, 5.140428943222772, 5.140428943222772, 3.210366085129362, 3.210366085129362], 
[2.4153415989451084, 2.4153415989451084, 2.4153415989451084, 2.4153415989451084, 2.4153415989451084, 2.4153415989451084, 2.4153415989451084, 2.4153415989451084, 2.4153415989451084, 2.4153415989451084, 2.4153415989451084, 2.4153415989451084, 2.4153415989451084, 2.4153415989451084, 2.4153415989451084, 2.4153415989451084, 2.4153415989451084, 2.4153415989451084, 2.4153415989451084, 2.4153415989451084], 
[15.701701081445865, 5.835326328035525, 5.835326328035525, 5.835326328035525, 5.835326328035525, 5.835326328035525, 4.073935248028771, 4.073935248028771, 4.073935248028771, 4.073935248028771, 4.073935248028771, 4.073935248028771, 4.073935248028771, 4.073935248028771, 4.073935248028771, 4.073935248028771, 1.1850501368746027, 1.1850501368746027, 1.1850501368746027, 1.1850501368746027], 
[2.834974045579737, 2.834974045579737, 2.834974045579737, 2.834974045579737, 2.834974045579737, 2.834974045579737, 2.834974045579737, 2.834974045579737, 2.834974045579737, 2.834974045579737, 2.834974045579737, 2.834974045579737, 2.834974045579737, 2.834974045579737, 2.834974045579737, 2.834974045579737, 2.834974045579737, 2.834974045579737, 2.834974045579737, 2.834974045579737], 
[10.730629223556509, 10.307898104712244, 10.307898104712244, 5.516589723827978, 5.516589723827978, 5.516589723827978, 5.516589723827978, 4.999676204479045, 4.999676204479045, 4.999676204479045, 4.999676204479045, 4.999676204479045, 4.999676204479045, 4.114182848788989, 4.114182848788989, 4.114182848788989, 4.015082251909827, 4.015082251909827, 4.015082251909827, 4.015082251909827], 
[11.695742350254449, 5.077506249125036, 5.077506249125036, 5.077506249125036, 5.077506249125036, 5.077506249125036, 5.077506249125036, 5.077506249125036, 5.077506249125036, 5.077506249125036, 5.077506249125036, 5.077506249125036, 5.077506249125036, 5.077506249125036, 5.077506249125036, 5.077506249125036, 5.077506249125036, 5.077506249125036, 5.077506249125036, 5.077506249125036], 
[16.22000679911416, 6.597473526383335, 5.774577300926413, 3.4814049744472966, 3.4814049744472966, 3.4814049744472966, 3.4814049744472966, 3.4814049744472966, 3.4814049744472966, 3.4814049744472966, 3.4814049744472966, 3.4814049744472966, 3.4814049744472966, 3.4814049744472966, 3.4814049744472966, 3.4814049744472966, 3.4814049744472966, 3.4814049744472966, 3.4814049744472966, 3.4814049744472966], 
[23.742806404931784, 4.283499400154255, 4.283499400154255, 2.3705050279137208, 2.3705050279137208, 2.3705050279137208, 2.3705050279137208, 2.3705050279137208, 2.3705050279137208, 2.3705050279137208, 2.3705050279137208, 2.3705050279137208, 2.3705050279137208, 2.3705050279137208, 2.3705050279137208, 2.3705050279137208, 2.3705050279137208, 2.3705050279137208, 2.3705050279137208, 2.3705050279137208], 
[12.796050160500185, 8.997840103736882, 6.653448498127856, 4.283517337293237, 4.283517337293237, 4.116969286959708, 4.116969286959708, 4.116969286959708, 4.116969286959708, 4.116969286959708, 4.116969286959708, 2.645099467173859, 2.645099467173859, 2.645099467173859, 2.645099467173859, 2.645099467173859, 2.645099467173859, 2.645099467173859, 2.645099467173859, 2.645099467173859], 
[2.4344946825409775, 2.4344946825409775, 2.4344946825409775, 2.4344946825409775, 2.4344946825409775, 2.4344946825409775, 2.4344946825409775, 2.4344946825409775, 2.4344946825409775, 2.4344946825409775, 2.4344946825409775, 2.4344946825409775, 2.4344946825409775, 2.4344946825409775, 2.4344946825409775, 2.4344946825409775, 2.4344946825409775, 2.4344946825409775, 2.4344946825409775, 2.4344946825409775], 
[6.499070534926274, 6.499070534926274, 6.499070534926274, 6.499070534926274, 6.499070534926274, 6.499070534926274, 5.176623173843293, 5.176623173843293, 5.176623173843293, 4.56580473443662, 4.56580473443662, 4.56580473443662, 4.56580473443662, 4.56580473443662, 4.56580473443662, 4.56580473443662, 4.149840771831956, 4.149840771831956, 4.149840771831956, 4.149840771831956], 
[14.608972614890332, 5.543656047017835, 5.543656047017835, 5.543656047017835, 5.543656047017835, 5.543656047017835, 5.543656047017835, 5.543656047017835, 5.543656047017835, 4.011666723414247, 4.011666723414247, 4.011666723414247, 4.011666723414247, 4.011666723414247, 4.011666723414247, 2.3685340026786044, 2.3685340026786044, 2.3685340026786044, 2.3685340026786044, 2.3685340026786044], 
[6.83999811275944, 6.83999811275944, 6.83999811275944, 4.1715111218897025, 4.1715111218897025, 2.2462280659516853, 2.2462280659516853, 2.2462280659516853, 2.2462280659516853, 2.2462280659516853, 2.2462280659516853, 2.2462280659516853, 2.2462280659516853, 2.2462280659516853, 1.3588391966508517, 1.3588391966508517, 1.3588391966508517, 1.3588391966508517, 1.3588391966508517, 1.3588391966508517], 
[5.770573575335629, 3.211583984456251, 3.211583984456251, 3.211583984456251, 3.211583984456251, 3.211583984456251, 2.848898888367815, 0.2934162056079206, 0.2934162056079206, 0.2934162056079206, 0.2934162056079206, 0.2934162056079206, 0.2934162056079206, 0.2934162056079206, 0.2934162056079206, 0.2934162056079206, 0.2934162056079206, 0.2934162056079206, 0.2934162056079206, 0.2934162056079206], 
[8.711826080947269, 6.96777849885685, 2.116445022999846, 2.116445022999846, 2.116445022999846, 2.116445022999846, 2.116445022999846, 2.116445022999846, 2.116445022999846, 2.116445022999846, 2.116445022999846, 2.116445022999846, 2.116445022999846, 2.116445022999846, 2.116445022999846, 1.4950588262633655, 1.4950588262633655, 1.4950588262633655, 1.4950588262633655, 1.4950588262633655], 
[4.038954159125124, 2.9448753857084924, 2.9448753857084924, 2.9448753857084924, 2.9448753857084924, 2.9448753857084924, 2.9448753857084924, 2.9448753857084924, 2.9448753857084924, 2.9448753857084924, 2.9448753857084924, 2.9448753857084924, 2.9448753857084924, 2.9448753857084924, 2.9448753857084924, 2.9448753857084924, 2.9448753857084924, 2.9448753857084924, 2.9448753857084924, 2.9448753857084924], 
[5.446399380883362, 5.446399380883362, 5.446399380883362, 5.446399380883362, 5.446399380883362, 5.446399380883362, 5.446399380883362, 5.446399380883362, 5.446399380883362, 0.524883361793183, 0.524883361793183, 0.524883361793183, 0.524883361793183, 0.524883361793183, 0.524883361793183, 0.524883361793183, 0.524883361793183, 0.524883361793183, 0.524883361793183, 0.524883361793183], 
[14.840635639032948, 7.3194798897466224, 0.795201153271746, 0.795201153271746, 0.795201153271746, 0.795201153271746, 0.795201153271746, 0.795201153271746, 0.795201153271746, 0.795201153271746, 0.795201153271746, 0.795201153271746, 0.795201153271746, 0.795201153271746, 0.795201153271746, 0.795201153271746, 0.795201153271746, 0.795201153271746, 0.795201153271746, 0.795201153271746], 
[21.781708505933, 5.841250923968868, 5.841250923968868, 5.841250923968868, 5.841250923968868, 5.841250923968868, 5.841250923968868, 5.841250923968868, 5.841250923968868, 1.1464123773444133, 1.1464123773444133, 1.1464123773444133, 1.1464123773444133, 1.1464123773444133, 1.1464123773444133, 1.1464123773444133, 1.1464123773444133, 1.1464123773444133, 1.1464123773444133, 1.1464123773444133], 
[8.54313206786006, 8.54313206786006, 8.54313206786006, 5.86842516102136, 5.50395881403338, 5.50395881403338, 5.50395881403338, 4.703734915607838, 4.703734915607838, 2.1938582956704558, 2.1938582956704558, 2.1938582956704558, 2.1938582956704558, 2.1938582956704558, 2.1938582956704558, 2.1938582956704558, 2.1938582956704558, 2.1938582956704558, 2.1938582956704558, 2.1938582956704558], 
[6.851253813413586, 6.851253813413586, 6.851253813413586, 6.851253813413586, 6.851253813413586, 6.851253813413586, 5.92133317054005, 5.92133317054005, 5.4933262538103875, 5.4933262538103875, 5.4933262538103875, 5.4933262538103875, 2.401876857069473, 2.401876857069473, 2.401876857069473, 2.401876857069473, 1.8148480443717432, 1.8148480443717432, 1.8148480443717432, 1.8148480443717432], 
[9.997065576524557, 9.997065576524557, 5.844907537297487, 5.844907537297487, 4.463360400383517, 4.463360400383517, 4.463360400383517, 4.463360400383517, 4.463360400383517, 4.463360400383517, 4.2368477913205025, 4.2368477913205025, 4.2368477913205025, 4.2368477913205025, 4.2368477913205025, 4.2368477913205025, 4.2368477913205025, 2.8257704208320717, 2.8257704208320717, 2.8257704208320717], 
[9.087544832895013, 6.876272715172289, 6.876272715172289, 6.876272715172289, 6.876272715172289, 6.876272715172289, 5.499231175269827, 5.499231175269827, 5.499231175269827, 5.499231175269827, 5.499231175269827, 5.499231175269827, 5.499231175269827, 5.499231175269827, 5.499231175269827, 5.499231175269827, 5.499231175269827, 5.499231175269827, 5.499231175269827, 5.499231175269827], 
[11.880541990964437, 11.880541990964437, 9.219276544492587, 9.219276544492587, 9.219276544492587, 9.219276544492587, 9.219276544492587, 9.219276544492587, 7.205378225449443, 7.205378225449443, 4.176326184398861, 4.176326184398861, 4.176326184398861, 4.176326184398861, 4.176326184398861, 4.176326184398861, 4.176326184398861, 4.176326184398861, 3.1803669360103957, 3.1803669360103957], 
[6.683006269919442, 3.888452805536396, 3.3808886194004266, 3.3808886194004266, 3.3808886194004266, 3.3808886194004266, 3.3808886194004266, 3.3808886194004266, 3.3808886194004266, 3.3808886194004266, 3.3808886194004266, 3.3808886194004266, 3.3808886194004266, 3.3808886194004266, 3.3808886194004266, 3.3808886194004266, 3.3808886194004266, 3.3808886194004266, 3.3808886194004266, 3.3808886194004266], 
[17.55979432893539, 4.207973531970561, 1.4474582384180472, 1.4474582384180472, 1.4474582384180472, 1.4474582384180472, 1.4474582384180472, 1.4474582384180472, 1.4474582384180472, 1.4474582384180472, 1.4474582384180472, 1.4474582384180472, 1.4474582384180472, 1.4474582384180472, 1.4474582384180472, 1.4474582384180472, 1.132035507708169, 1.132035507708169, 1.132035507708169, 1.132035507708169], 
[11.078472684032613, 11.078472684032613, 11.078472684032613, 5.311091036067809, 5.311091036067809, 5.311091036067809, 5.311091036067809, 5.311091036067809, 5.311091036067809, 5.311091036067809, 5.311091036067809, 5.311091036067809, 5.311091036067809, 5.311091036067809, 5.311091036067809, 5.311091036067809, 5.311091036067809, 5.311091036067809, 1.5418629396490964, 1.5418629396490964], 
[10.533781564885238, 10.533781564885238, 2.7669014864392576, 1.287956859730448, 1.287956859730448, 1.287956859730448, 1.287956859730448, 1.287956859730448, 1.287956859730448, 1.287956859730448, 1.287956859730448, 1.287956859730448, 1.287956859730448, 1.287956859730448, 1.287956859730448, 1.287956859730448, 1.287956859730448, 1.287956859730448, 1.287956859730448, 1.287956859730448], 
[27.99591728435289, 9.031657757867812, 9.031657757867812, 9.031657757867812, 6.9199420006650945, 6.9199420006650945, 5.168670843895732, 5.168670843895732, 5.168670843895732, 4.41053173907529, 4.41053173907529, 4.41053173907529, 4.41053173907529, 4.41053173907529, 4.41053173907529, 4.41053173907529, 4.41053173907529, 1.0302210858022303, 1.0302210858022303, 1.0302210858022303], 
[9.405170273599389, 5.116782449982427, 5.116782449982427, 5.116782449982427, 5.116782449982427, 4.231655442074912, 4.231655442074912, 4.231655442074912, 4.231655442074912, 4.231655442074912, 3.5896110175868428, 3.5896110175868428, 3.5896110175868428, 3.5896110175868428, 0.7061234571092587, 0.7061234571092587, 0.7061234571092587, 0.7061234571092587, 0.7061234571092587, 0.7061234571092587], 
