[2.5842913697344265, 2.5842913697344265, 2.5842913697344265, 2.5842913697344265, 2.5842913697344265, 2.5842913697344265, 2.5842913697344265, 2.5842913697344265, 2.5842913697344265, 2.5842913697344265, 2.5842913697344265, 2.5842913697344265, 2.5842913697344265, 2.5842913697344265, 2.5842913697344265, 2.5842913697344265, 2.5842913697344265, 2.5842913697344265, 2.5842913697344265, 2.5842913697344265], 
[3.548410321527384, 3.548410321527384, 3.548410321527384, 2.372268274146137, 2.372268274146137, 2.372268274146137, 2.372268274146137, 2.372268274146137, 2.372268274146137, 2.372268274146137, 2.372268274146137, 2.372268274146137, 2.372268274146137, 0.8743759622566127, 0.8743759622566127, 0.8743759622566127, 0.8743759622566127, 0.8743759622566127, 0.8743759622566127, 0.8743759622566127], 
[16.315736742893318, 15.603469289328384, 13.160206742286176, 10.148525002098378, 8.982268305256092, 3.4246637131265727, 3.4246637131265727, 3.4246637131265727, 3.4246637131265727, 3.4246637131265727, 3.4246637131265727, 2.4196825167515907, 2.4196825167515907, 1.9111495143700985, 1.9111495143700985, 1.9111495143700985, 1.9111495143700985, 1.9111495143700985, 1.9111495143700985, 1.9111495143700985], 
[13.160206742286176, 0.5502548901567117, 0.5502548901567117, 0.5502548901567117, 0.5502548901567117, 0.5502548901567117, 0.5502548901567117, 0.5502548901567117, 0.5502548901567117, 0.5502548901567117, 0.5502548901567117, 0.5502548901567117, 0.5502548901567117, 0.5502548901567117, 0.5502548901567117, 0.5502548901567117, 0.5502548901567117, 0.5502548901567117, 0.5502548901567117, 0.5502548901567117], 
[8.71490997083831, 8.71490997083831, 3.548410321527384, 3.548410321527384, 3.548410321527384, 3.548410321527384, 3.548410321527384, 3.548410321527384, 3.548410321527384, 3.548410321527384, 3.548410321527384, 3.548410321527384, 3.548410321527384, 3.548410321527384, 3.548410321527384, 3.548410321527384, 3.548410321527384, 3.548410321527384, 3.548410321527384, 3.548410321527384], 
[8.46653507676676, 8.46653507676676, 8.46653507676676, 3.81494455046088, 3.81494455046088, 3.81494455046088, 3.81494455046088, 3.81494455046088, 3.81494455046088, 3.81494455046088, 3.548410321527384, 3.548410321527384, 3.548410321527384, 3.548410321527384, 3.548410321527384, 2.7753944028716777, 2.7753944028716777, 2.7753944028716777, 2.7753944028716777, 2.7753944028716777], 
[12.556531471684853, 4.089223472794677, 4.089223472794677, 4.089223472794677, 3.4246637131265727, 3.4246637131265727, 3.4246637131265727, 3.4246637131265727, 2.3103760981319628, 2.3103760981319628, 2.3103760981319628, 2.3103760981319628, 2.3103760981319628, 2.3103760981319628, 2.3103760981319628, 2.3103760981319628, 2.3103760981319628, 2.3103760981319628, 2.3103760981319628, 2.3103760981319628], 
[8.102783552401515, 8.102783552401515, 8.102783552401515, 8.10184831972051, 2.1924379048628033, 2.1924379048628033, 2.1924379048628033, 2.1924379048628033, 2.1924379048628033, 2.1924379048628033, 2.1924379048628033, 2.1924379048628033, 2.1924379048628033, 2.1924379048628033, 2.1924379048628033, 1.4063844230083085, 1.4063844230083085, 1.4063844230083085, 1.4063844230083085, 1.4063844230083085], 
[6.765907436680253, 6.765907436680253, 2.826028866395827, 2.826028866395827, 2.826028866395827, 2.826028866395827, 2.826028866395827, 2.826028866395827, 2.826028866395827, 2.826028866395827, 2.826028866395827, 2.826028866395827, 2.826028866395827, 2.826028866395827, 2.826028866395827, 2.826028866395827, 2.826028866395827, 2.826028866395827, 2.826028866395827, 2.826028866395827], 
[8.2525036899811, 6.556683653563063, 6.556683653563063, 6.556683653563063, 6.556683653563063, 6.556683653563063, 6.556683653563063, 6.556683653563063, 6.556683653563063, 6.556683653563063, 6.556683653563063, 3.4246637131265727, 3.4246637131265727, 3.4246637131265727, 3.4246637131265727, 3.4246637131265727, 3.4246637131265727, 3.4246637131265727, 3.4246637131265727, 3.4246637131265727], 
[3.548410321527384, 3.548410321527384, 3.548410321527384, 3.548410321527384, 3.548410321527384, 3.548410321527384, 3.548410321527384, 3.548410321527384, 3.548410321527384, 3.548410321527384, 3.548410321527384, 3.548410321527384, 3.548410321527384, 3.548410321527384, 3.548410321527384, 3.100939636654422, 3.100939636654422, 2.935588249293273, 2.935588249293273, 2.935588249293273], 
[15.977862504725802, 6.8899487182128505, 6.8899487182128505, 6.765907436680253, 6.765907436680253, 6.765907436680253, 6.765907436680253, 6.765907436680253, 6.765907436680253, 6.765907436680253, 4.609864485814402, 4.609864485814402, 4.609864485814402, 4.609864485814402, 4.609864485814402, 4.609864485814402, 4.609864485814402, 4.609864485814402, 4.609864485814402, 4.609864485814402], 
[6.765907436680253, 3.548410321527384, 3.548410321527384, 3.548410321527384, 3.548410321527384, 3.548410321527384, 3.4021020647610847, 3.4021020647610847, 3.4021020647610847, 3.4021020647610847, 3.4021020647610847, 3.4021020647610847, 3.4021020647610847, 3.4021020647610847, 3.4021020647610847, 3.4021020647610847, 1.0552030692126255, 1.0552030692126255, 1.0552030692126255, 1.0552030692126255], 
[15.41047696284387, 12.12905304902609, 9.110415204933883, 9.110415204933883, 9.110415204933883, 9.110415204933883, 9.110415204933883, 3.825547204988146, 3.825547204988146, 3.825547204988146, 3.825547204988146, 3.825547204988146, 3.825547204988146, 3.825547204988146, 3.825547204988146, 3.825547204988146, 3.825547204988146, 3.825547204988146, 3.825547204988146, 3.825547204988146], 
[19.55455782122226, 3.4246637131265727, 3.4246637131265727, 3.4246637131265727, 3.4246637131265727, 3.4246637131265727, 2.9301134989467563, 2.9301134989467563, 2.9301134989467563, 2.9301134989467563, 0.5284003654004774, 0.5284003654004774, 0.5284003654004774, 0.5284003654004774, 0.5284003654004774, 0.5284003654004774, 0.5284003654004774, 0.5284003654004774, 0.5284003654004774, 0.5284003654004774], 
[6.8899487182128505, 6.8899487182128505, 3.4246637131265727, 3.4246637131265727, 3.4246637131265727, 2.6374857868849997, 2.6374857868849997, 2.6374857868849997, 2.6374857868849997, 2.6374857868849997, 2.6374857868849997, 2.6374857868849997, 2.6374857868849997, 2.6374857868849997, 2.6374857868849997, 2.6374857868849997, 2.6374857868849997, 2.6374857868849997, 2.6374857868849997, 2.6374857868849997], 
[2.965363400368167, 2.965363400368167, 2.965363400368167, 2.965363400368167, 2.965363400368167, 2.965363400368167, 2.965363400368167, 2.965363400368167, 2.965363400368167, 2.965363400368167, 2.965363400368167, 2.965363400368167, 2.965363400368167, 2.965363400368167, 2.965363400368167, 2.965363400368167, 2.965363400368167, 2.965363400368167, 2.965363400368167, 2.965363400368167], 
[3.4246637131265727, 3.4246637131265727, 3.4246637131265727, 3.4246637131265727, 3.4246637131265727, 3.4246637131265727, 3.4246637131265727, 2.3760337990275726, 2.3760337990275726, 2.3760337990275726, 2.3760337990275726, 2.3760337990275726, 2.3760337990275726, 2.3760337990275726, 2.3760337990275726, 2.3760337990275726, 2.3760337990275726, 2.3760337990275726, 2.3760337990275726, 2.3760337990275726], 
[9.528731210318956, 9.528731210318956, 3.4246637131265727, 3.4246637131265727, 3.4246637131265727, 3.4246637131265727, 3.4246637131265727, 3.4246637131265727, 3.4246637131265727, 3.4246637131265727, 3.4246637131265727, 3.4246637131265727, 3.4246637131265727, 3.4246637131265727, 3.4246637131265727, 3.4246637131265727, 3.4246637131265727, 3.4246637131265727, 3.4246637131265727, 3.4246637131265727], 
[3.1392856214019087, 3.1392856214019087, 3.1392856214019087, 3.1392856214019087, 3.1392856214019087, 3.1392856214019087, 3.1392856214019087, 2.3621546296015854, 2.3621546296015854, 2.3621546296015854, 2.3621546296015854, 2.3621546296015854, 2.3621546296015854, 2.3621546296015854, 2.3621546296015854, 2.3621546296015854, 2.3621546296015854, 2.3621546296015854, 2.3621546296015854, 2.3621546296015854], 
[13.1226274484773, 6.8899487182128505, 6.765907436680253, 6.765907436680253, 3.4246637131265727, 3.4246637131265727, 3.4246637131265727, 3.4246637131265727, 3.4246637131265727, 3.4246637131265727, 3.4246637131265727, 3.4246637131265727, 3.4246637131265727, 3.4246637131265727, 3.4246637131265727, 3.4246637131265727, 2.7992003560076304, 2.7992003560076304, 2.7992003560076304, 2.7992003560076304], 
[10.338008406933042, 9.799767200893259, 5.035514901530342, 5.035514901530342, 3.4246637131265727, 3.4246637131265727, 3.4246637131265727, 3.4246637131265727, 3.4246637131265727, 3.4246637131265727, 3.4246637131265727, 3.4246637131265727, 3.4246637131265727, 3.4246637131265727, 3.4246637131265727, 3.102702271146307, 3.102702271146307, 3.102702271146307, 3.102702271146307, 3.102702271146307], 
[1.2333459897663595, 1.2333459897663595, 0.6235630574749589, 0.6235630574749589, 0.6235630574749589, 0.6235630574749589, 0.6235630574749589, 0.6235630574749589, 0.6235630574749589, 0.6235630574749589, 0.6235630574749589, 0.6235630574749589, 0.6235630574749589, 0.6235630574749589, 0.6235630574749589, 0.6235630574749589, 0.6235630574749589, 0.6235630574749589, 0.6235630574749589, 0.6235630574749589], 
[13.160206742286176, 6.8899487182128505, 6.868179651047401, 6.868179651047401, 6.868179651047401, 6.868179651047401, 3.548410321527384, 2.3411589747105612, 2.3411589747105612, 2.3411589747105612, 2.3411589747105612, 2.3411589747105612, 2.3411589747105612, 2.3411589747105612, 2.3411589747105612, 2.3411589747105612, 2.3411589747105612, 2.3411589747105612, 2.3411589747105612, 2.3411589747105612], 
[15.376278568507097, 3.4246637131265727, 3.4246637131265727, 3.4246637131265727, 3.4246637131265727, 3.4246637131265727, 3.4246637131265727, 3.4246637131265727, 3.4246637131265727, 3.4246637131265727, 3.4246637131265727, 3.4246637131265727, 3.4246637131265727, 3.4246637131265727, 3.4246637131265727, 3.4246637131265727, 3.4246637131265727, 3.4246637131265727, 3.4246637131265727, 3.4246637131265727], 
[6.8899487182128505, 5.3266510135892995, 5.3266510135892995, 5.3266510135892995, 5.3266510135892995, 5.3266510135892995, 5.3266510135892995, 5.3266510135892995, 5.3266510135892995, 5.3266510135892995, 4.04688098081968, 4.04688098081968, 4.04688098081968, 4.04688098081968, 4.04688098081968, 4.04688098081968, 4.04688098081968, 3.4246637131265727, 3.4246637131265727, 3.4246637131265727], 
[6.765907436680253, 3.4246637131265727, 3.4246637131265727, 3.4246637131265727, 3.4246637131265727, 3.4246637131265727, 3.4246637131265727, 3.4246637131265727, 3.4246637131265727, 3.4246637131265727, 3.4246637131265727, 3.4246637131265727, 3.4246637131265727, 3.4246637131265727, 3.4246637131265727, 3.4246637131265727, 3.4246637131265727, 3.4246637131265727, 3.4246637131265727, 3.4246637131265727], 
[2.762705272030656, 2.762705272030656, 2.762705272030656, 2.762705272030656, 2.762705272030656, 2.762705272030656, 2.762705272030656, 2.762705272030656, 2.762705272030656, 2.762705272030656, 2.762705272030656, 2.762705272030656, 2.762705272030656, 2.762705272030656, 2.762705272030656, 2.762705272030656, 2.762705272030656, 2.762705272030656, 2.762705272030656, 2.762705272030656], 
[8.76851746693411, 2.6033271023768574, 2.6033271023768574, 2.6033271023768574, 2.6033271023768574, 2.6033271023768574, 2.6033271023768574, 2.6033271023768574, 2.6033271023768574, 2.6033271023768574, 2.6033271023768574, 2.6033271023768574, 2.6033271023768574, 2.460956570900308, 2.460956570900308, 2.460956570900308, 2.460956570900308, 2.460956570900308, 2.460956570900308, 2.460956570900308], 
[17.105202229084483, 7.395933200711461, 7.395933200711461, 6.765907436680253, 5.3461264025095225, 3.548410321527384, 3.548410321527384, 3.548410321527384, 3.548410321527384, 3.548410321527384, 3.4246637131265727, 3.4246637131265727, 3.4246637131265727, 2.953217759010327, 2.953217759010327, 2.953217759010327, 2.7773261309285378, 2.7773261309285378, 2.7773261309285378, 2.7773261309285378], 
