[364.7158839057469, 203.8645704235995, 203.8645704235995, 117.87116149506221, 112.59524358564204, 112.59524358564204, 112.59524358564204, 112.59524358564204, 49.742595919009204, 49.742595919009204, 49.742595919009204, 49.742595919009204, 49.742595919009204, 49.742595919009204, 49.742595919009204, 49.742595919009204, 49.742595919009204, 49.742595919009204, 49.742595919009204, 49.742595919009204], 
[99.27890136188341, 99.27890136188341, 99.27890136188341, 99.27890136188341, 99.27890136188341, 99.27890136188341, 99.27890136188341, 99.27890136188341, 99.27890136188341, 99.27890136188341, 99.27890136188341, 99.27890136188341, 48.12086668469988, 48.12086668469988, 48.12086668469988, 48.12086668469988, 48.12086668469988, 48.12086668469988, 48.12086668469988, 48.12086668469988], 
[125.0771460888468, 125.0771460888468, 122.13537155927179, 122.13537155927179, 111.6159489004649, 111.6159489004649, 82.74406005978517, 82.74406005978517, 82.74406005978517, 82.74406005978517, 82.74406005978517, 60.09015904543571, 60.09015904543571, 60.09015904543571, 60.09015904543571, 60.09015904543571, 60.09015904543571, 60.09015904543571, 60.09015904543571, 60.09015904543571], 
[228.72402292386232, 19.29945612402662, 19.29945612402662, 19.29945612402662, 19.29945612402662, 19.29945612402662, 19.29945612402662, 19.29945612402662, 19.29945612402662, 19.29945612402662, 19.29945612402662, 19.29945612402662, 19.29945612402662, 19.29945612402662, 8.757411492998472, 8.757411492998472, 8.757411492998472, 8.757411492998472, 8.757411492998472, 8.757411492998472], 
[261.610713573653, 140.1244181394835, 140.1244181394835, 140.1244181394835, 140.1244181394835, 140.1244181394835, 114.18555664163136, 114.18555664163136, 114.18555664163136, 114.18555664163136, 114.18555664163136, 114.18555664163136, 114.18555664163136, 114.18555664163136, 114.18555664163136, 114.18555664163136, 114.18555664163136, 114.18555664163136, 114.18555664163136, 114.18555664163136], 
[112.0542393572764, 112.0542393572764, 112.0542393572764, 112.0542393572764, 112.0542393572764, 112.0542393572764, 60.499724638342514, 60.499724638342514, 60.499724638342514, 30.85698364182508, 10.060661676241693, 10.060661676241693, 10.060661676241693, 10.060661676241693, 10.060661676241693, 10.060661676241693, 10.060661676241693, 10.060661676241693, 10.060661676241693, 10.060661676241693], 
[123.07081897365163, 63.37985066178567, 63.37985066178567, 63.37985066178567, 63.37985066178567, 63.37985066178567, 63.37985066178567, 63.37985066178567, 63.37985066178567, 63.37985066178567, 63.37985066178567, 63.37985066178567, 63.37985066178567, 63.37985066178567, 63.37985066178567, 63.37985066178567, 63.37985066178567, 39.89122750307797, 39.89122750307797, 39.89122750307797], 
[161.24291604461177, 161.24291604461177, 161.24291604461177, 161.24291604461177, 161.24291604461177, 151.05411959872538, 77.62340307670195, 77.62340307670195, 77.62340307670195, 77.62340307670195, 77.62340307670195, 77.62340307670195, 77.62340307670195, 77.62340307670195, 77.62340307670195, 77.62340307670195, 77.62340307670195, 77.62340307670195, 20.068149972210108, 20.068149972210108], 
[88.2276322385245, 88.2276322385245, 64.66107662366994, 64.66107662366994, 64.66107662366994, 64.66107662366994, 64.66107662366994, 64.66107662366994, 19.277541579608624, 19.277541579608624, 19.277541579608624, 19.277541579608624, 19.277541579608624, 19.277541579608624, 19.277541579608624, 19.277541579608624, 19.277541579608624, 19.277541579608624, 19.277541579608624, 19.277541579608624], 
[181.64226826524123, 136.12746807058807, 44.68066639991105, 44.68066639991105, 44.68066639991105, 44.68066639991105, 44.68066639991105, 44.68066639991105, 44.68066639991105, 44.68066639991105, 44.68066639991105, 44.68066639991105, 44.68066639991105, 44.68066639991105, 44.68066639991105, 44.68066639991105, 44.68066639991105, 44.68066639991105, 12.790077641171706, 12.790077641171706], 
[239.66371614508944, 228.85157393054885, 141.98799093937964, 109.92497311971374, 109.92497311971374, 14.274652507774363, 14.274652507774363, 14.274652507774363, 14.274652507774363, 14.274652507774363, 14.274652507774363, 14.274652507774363, 14.274652507774363, 14.274652507774363, 14.274652507774363, 14.274652507774363, 14.274652507774363, 14.274652507774363, 14.274652507774363, 14.274652507774363], 
[227.1725845000476, 194.911842735572, 194.911842735572, 154.39104851000184, 152.55722052787064, 43.551626685429255, 43.551626685429255, 43.551626685429255, 43.551626685429255, 43.551626685429255, 43.551626685429255, 43.551626685429255, 43.551626685429255, 43.551626685429255, 39.59063439358226, 39.59063439358226, 39.59063439358226, 39.59063439358226, 39.59063439358226, 39.59063439358226], 
[62.94731906119989, 62.94731906119989, 62.94731906119989, 62.94731906119989, 62.94731906119989, 62.94731906119989, 62.94731906119989, 62.94731906119989, 62.94731906119989, 62.94731906119989, 62.94731906119989, 62.94731906119989, 62.94731906119989, 62.94731906119989, 62.94731906119989, 62.94731906119989, 62.94731906119989, 62.94731906119989, 62.94731906119989, 62.94731906119989], 
[271.55512647082037, 118.35489887789652, 118.35489887789652, 118.35489887789652, 118.35489887789652, 118.35489887789652, 118.35489887789652, 118.35489887789652, 43.67529629347973, 43.67529629347973, 43.67529629347973, 43.67529629347973, 43.67529629347973, 43.67529629347973, 43.67529629347973, 43.67529629347973, 43.67529629347973, 43.67529629347973, 43.67529629347973, 43.67529629347973], 
[42.07303574855132, 42.07303574855132, 42.07303574855132, 42.07303574855132, 42.07303574855132, 42.07303574855132, 42.07303574855132, 42.07303574855132, 42.07303574855132, 42.07303574855132, 42.07303574855132, 42.07303574855132, 42.07303574855132, 42.07303574855132, 42.07303574855132, 42.07303574855132, 42.07303574855132, 42.07303574855132, 42.07303574855132, 42.07303574855132], 
[149.04408884599763, 148.71132793971458, 148.71132793971458, 148.71132793971458, 148.71132793971458, 148.71132793971458, 91.96491738183568, 91.96491738183568, 91.96491738183568, 91.96491738183568, 91.96491738183568, 91.96491738183568, 91.96491738183568, 91.96491738183568, 91.96491738183568, 91.96491738183568, 23.9129422553857, 23.9129422553857, 23.9129422553857, 23.9129422553857], 
[185.7643449592108, 67.43209699156853, 67.43209699156853, 67.43209699156853, 67.43209699156853, 67.43209699156853, 67.43209699156853, 67.43209699156853, 23.255594110949687, 23.255594110949687, 23.255594110949687, 23.255594110949687, 23.255594110949687, 23.255594110949687, 23.255594110949687, 23.255594110949687, 2.638509237097651, 2.638509237097651, 2.638509237097651, 2.638509237097651], 
[360.506213954708, 217.17163222437864, 217.17163222437864, 193.80986797072114, 193.80986797072114, 159.71893875887577, 159.71893875887577, 159.71893875887577, 159.71893875887577, 159.71893875887577, 159.71893875887577, 42.274357073918964, 42.274357073918964, 42.274357073918964, 42.274357073918964, 42.274357073918964, 42.274357073918964, 42.274357073918964, 42.274357073918964, 42.274357073918964], 
[150.1271737490731, 150.1271737490731, 150.1271737490731, 148.52979032573296, 148.52979032573296, 114.12826954913498, 114.12826954913498, 114.12826954913498, 114.12826954913498, 114.12826954913498, 87.92681098667344, 87.92681098667344, 27.237770350230903, 27.237770350230903, 27.237770350230903, 27.237770350230903, 27.237770350230903, 27.237770350230903, 27.237770350230903, 27.237770350230903], 
[76.21899180435298, 76.21899180435298, 76.21899180435298, 76.21899180435298, 76.21899180435298, 76.21899180435298, 76.21899180435298, 76.21899180435298, 76.21899180435298, 76.21899180435298, 76.21899180435298, 21.117174511397707, 21.117174511397707, 21.117174511397707, 21.117174511397707, 21.117174511397707, 21.117174511397707, 21.117174511397707, 21.117174511397707, 21.117174511397707], 
[75.38613478524701, 75.38613478524701, 75.38613478524701, 75.38613478524701, 75.38613478524701, 75.38613478524701, 75.38613478524701, 51.32620552373669, 51.32620552373669, 51.32620552373669, 51.32620552373669, 41.81055609017017, 41.81055609017017, 41.81055609017017, 41.81055609017017, 41.81055609017017, 41.81055609017017, 41.81055609017017, 41.81055609017017, 41.81055609017017], 
[324.67640167963305, 142.81918767996217, 22.08792357833636, 22.08792357833636, 22.08792357833636, 22.08792357833636, 2.7823098601140828, 2.7823098601140828, 2.7823098601140828, 2.7823098601140828, 2.7823098601140828, 2.7823098601140828, 2.7823098601140828, 2.7823098601140828, 2.7823098601140828, 2.7823098601140828, 2.7823098601140828, 2.7823098601140828, 2.7823098601140828, 2.7823098601140828], 
[300.7515839195827, 235.61707866583356, 235.61707866583356, 126.00185392327148, 126.00185392327148, 126.00185392327148, 126.00185392327148, 112.00500335147603, 112.00500335147603, 98.11887449519998, 98.11887449519998, 98.11887449519998, 30.08178052041876, 30.08178052041876, 30.08178052041876, 30.08178052041876, 30.08178052041876, 30.08178052041876, 30.08178052041876, 30.08178052041876], 
[49.87509123848281, 36.65032503172574, 36.65032503172574, 36.65032503172574, 36.65032503172574, 36.65032503172574, 36.65032503172574, 36.65032503172574, 36.65032503172574, 36.65032503172574, 36.65032503172574, 36.65032503172574, 36.65032503172574, 36.65032503172574, 36.65032503172574, 36.65032503172574, 36.65032503172574, 0.7925493895711497, 0.7925493895711497, 0.7925493895711497], 
[318.6293912959352, 318.6293912959352, 136.65752608460207, 130.39322900202149, 130.39322900202149, 52.99935477156055, 52.99935477156055, 52.99935477156055, 52.99935477156055, 49.90018616163661, 49.90018616163661, 49.90018616163661, 49.90018616163661, 49.90018616163661, 49.90018616163661, 49.90018616163661, 49.90018616163661, 49.90018616163661, 49.90018616163661, 49.90018616163661], 
[226.03276652492286, 145.99069488431235, 142.3127602516388, 142.3127602516388, 142.3127602516388, 142.3127602516388, 93.44054757747574, 93.44054757747574, 93.44054757747574, 64.74822668427146, 64.74822668427146, 64.74822668427146, 64.74822668427146, 64.74822668427146, 64.74822668427146, 64.74822668427146, 64.74822668427146, 64.74822668427146, 64.74822668427146, 64.74822668427146], 
[221.5934996430217, 70.89815337902587, 32.06691904660272, 32.06691904660272, 32.06691904660272, 32.06691904660272, 32.06691904660272, 32.06691904660272, 32.06691904660272, 32.06691904660272, 32.06691904660272, 32.06691904660272, 32.06691904660272, 32.06691904660272, 32.06691904660272, 32.06691904660272, 32.06691904660272, 32.06691904660272, 23.712120487897323, 23.712120487897323], 
[281.4971728663994, 97.34538427091752, 97.34538427091752, 97.34538427091752, 97.34538427091752, 97.34538427091752, 97.34538427091752, 97.34538427091752, 97.34538427091752, 97.34538427091752, 97.34538427091752, 97.34538427091752, 97.34538427091752, 97.34538427091752, 97.34538427091752, 97.34538427091752, 97.34538427091752, 97.34538427091752, 97.34538427091752, 90.33810341379001], 
[207.8060332822862, 44.31062491755347, 44.31062491755347, 44.31062491755347, 44.31062491755347, 44.31062491755347, 44.31062491755347, 44.31062491755347, 44.31062491755347, 44.31062491755347, 44.31062491755347, 44.31062491755347, 44.31062491755347, 44.31062491755347, 44.31062491755347, 44.31062491755347, 44.31062491755347, 44.31062491755347, 44.31062491755347, 20.920115453001017], 
[168.17128279094436, 153.8174156094525, 146.07022217375118, 2.097552799413961, 2.097552799413961, 2.097552799413961, 2.097552799413961, 2.097552799413961, 2.097552799413961, 2.097552799413961, 2.097552799413961, 2.097552799413961, 2.097552799413961, 2.097552799413961, 2.097552799413961, 2.097552799413961, 2.097552799413961, 2.097552799413961, 2.097552799413961, 2.097552799413961], 
