[1.546898911977256, 1.546898911977256, 0.6492791231933568, 0.6492791231933568, 0.6492791231933568, 0.6492791231933568, 0.6492791231933568, 0.6492791231933568, 0.6492791231933568, 0.6492791231933568, 0.6492791231933568, 0.6492791231933568, 0.6492791231933568, 0.6492791231933568, 0.6492791231933568, 0.6492791231933568, 0.6492791231933568, 0.6492791231933568, 0.6492791231933568, 0.6492791231933568], 
[3.6752071070771786, 3.6752071070771786, 2.0530906958880264, 0.3956515471096851, 0.3956515471096851, 0.3956515471096851, 0.3956515471096851, 0.3956515471096851, 0.3956515471096851, 0.3956515471096851, 0.3956515471096851, 0.3956515471096851, 0.3956515471096851, 0.3956515471096851, 0.3956515471096851, 0.3956515471096851, 0.3956515471096851, 0.3956515471096851, 0.3956515471096851, 0.3956515471096851], 
[2.2402897037713645, 2.2402897037713645, 2.2402897037713645, 1.5720512367847999, 1.5720512367847999, 1.5720512367847999, 1.5720512367847999, 1.5720512367847999, 1.5720512367847999, 1.5720512367847999, 1.5720512367847999, 1.3160629705304343, 1.3160629705304343, 1.3160629705304343, 1.3160629705304343, 0.7787133319402626, 0.7787133319402626, 0.7787133319402626, 0.4611543689073243, 0.4611543689073243], 
[2.480927557121511, 2.480927557121511, 1.143914649280338, 1.143914649280338, 0.6435737218294166, 0.6435737218294166, 0.6435737218294166, 0.6435737218294166, 0.47688142175138815, 0.47688142175138815, 0.47688142175138815, 0.47688142175138815, 0.47688142175138815, 0.47688142175138815, 0.47688142175138815, 0.14829883851743464, 0.14829883851743464, 0.14829883851743464, 0.14829883851743464, 0.14829883851743464], 
[1.8407960186317531, 1.8407960186317531, 1.8407960186317531, 1.8407960186317531, 1.8407960186317531, 1.8407960186317531, 1.8407960186317531, 1.8407960186317531, 1.8407960186317531, 1.8407960186317531, 1.8407960186317531, 1.8407960186317531, 1.8407960186317531, 1.8407960186317531, 1.3359959414151352, 1.3359959414151352, 1.3359959414151352, 1.3359959414151352, 1.3359959414151352, 1.3359959414151352], 
[2.2144177715603446, 2.2144177715603446, 2.2144177715603446, 1.1026825587927047, 1.1026825587927047, 0.868534063121071, 0.868534063121071, 0.868534063121071, 0.868534063121071, 0.868534063121071, 0.868534063121071, 0.868534063121071, 0.868534063121071, 0.868534063121071, 0.868534063121071, 0.868534063121071, 0.868534063121071, 0.868534063121071, 0.868534063121071, 0.868534063121071], 
[6.3009947674594855, 4.471427133164244, 4.471427133164244, 2.7647984810077455, 2.5705863075671065, 2.5705863075671065, 2.5705863075671065, 2.5705863075671065, 0.9296328524359239, 0.9296328524359239, 0.9296328524359239, 0.9296328524359239, 0.9296328524359239, 0.9296328524359239, 0.9296328524359239, 0.9296328524359239, 0.9296328524359239, 0.9296328524359239, 0.9296328524359239, 0.9296328524359239], 
[4.508752566871421, 2.13335898642677, 2.13335898642677, 0.9434855985671566, 0.9434855985671566, 0.7885414224877527, 0.7885414224877527, 0.7885414224877527, 0.7885414224877527, 0.7885414224877527, 0.7885414224877527, 0.7885414224877527, 0.7885414224877527, 0.7885414224877527, 0.7885414224877527, 0.7885414224877527, 0.7885414224877527, 0.7885414224877527, 0.7885414224877527, 0.7885414224877527], 
[3.1268434483440952, 3.1268434483440952, 2.505892331283298, 2.421978281401607, 2.421978281401607, 2.421978281401607, 2.0799570476391125, 0.95718278663308, 0.95718278663308, 0.95718278663308, 0.95718278663308, 0.95718278663308, 0.95718278663308, 0.7581131800646062, 0.7581131800646062, 0.7581131800646062, 0.7581131800646062, 0.7581131800646062, 0.7581131800646062, 0.7581131800646062], 
[1.4303106541232413, 1.4303106541232413, 1.4303106541232413, 1.4303106541232413, 1.4303106541232413, 1.4303106541232413, 1.4303106541232413, 1.4303106541232413, 0.8482397713932861, 0.8482397713932861, 0.8482397713932861, 0.8482397713932861, 0.8482397713932861, 0.8482397713932861, 0.8482397713932861, 0.8482397713932861, 0.8482397713932861, 0.8482397713932861, 0.8482397713932861, 0.8482397713932861], 
[2.5052532708202024, 2.5052532708202024, 2.5052532708202024, 2.5052532708202024, 2.5052532708202024, 0.5723136952692487, 0.5723136952692487, 0.5723136952692487, 0.5723136952692487, 0.5723136952692487, 0.5723136952692487, 0.5723136952692487, 0.5723136952692487, 0.5723136952692487, 0.5723136952692487, 0.5723136952692487, 0.5723136952692487, 0.5723136952692487, 0.5723136952692487, 0.5723136952692487], 
[3.2164111859743105, 3.2164111859743105, 3.2164111859743105, 3.2164111859743105, 1.3685982484340817, 1.3685982484340817, 1.3685982484340817, 1.3685982484340817, 1.3685982484340817, 1.3685982484340817, 1.3685982484340817, 1.3685982484340817, 1.3685982484340817, 1.3685982484340817, 1.3685982484340817, 1.3685982484340817, 0.7319894172461048, 0.7319894172461048, 0.7319894172461048, 0.7319894172461048], 
[3.143657154881179, 3.143657154881179, 1.0524340044574556, 1.0524340044574556, 1.0524340044574556, 1.0524340044574556, 1.0524340044574556, 1.0524340044574556, 1.0524340044574556, 1.0524340044574556, 1.0524340044574556, 1.0524340044574556, 1.0524340044574556, 0.9587861599774983, 0.9587861599774983, 0.9587861599774983, 0.9587861599774983, 0.9587861599774983, 0.9587861599774983, 0.9587861599774983], 
[3.6565544161179577, 1.126909695975327, 1.126909695975327, 1.126909695975327, 1.126909695975327, 1.126909695975327, 0.41617896739176663, 0.41617896739176663, 0.41617896739176663, 0.41617896739176663, 0.41617896739176663, 0.41617896739176663, 0.41617896739176663, 0.41617896739176663, 0.41617896739176663, 0.41617896739176663, 0.41617896739176663, 0.41617896739176663, 0.41617896739176663, 0.41617896739176663], 
[5.26685356376708, 1.7536025221174762, 1.7536025221174762, 1.7536025221174762, 1.7536025221174762, 1.7536025221174762, 1.7536025221174762, 1.7536025221174762, 1.7536025221174762, 1.7536025221174762, 1.7536025221174762, 1.7536025221174762, 1.7536025221174762, 1.5965278532364042, 1.5965278532364042, 1.5965278532364042, 1.5965278532364042, 1.5965278532364042, 1.5965278532364042, 1.5965278532364042], 
[1.0114355096369465, 1.0114355096369465, 1.0114355096369465, 1.0114355096369465, 1.0114355096369465, 1.0114355096369465, 1.0114355096369465, 1.0114355096369465, 1.0114355096369465, 1.0114355096369465, 1.0114355096369465, 1.0114355096369465, 1.0114355096369465, 1.0114355096369465, 1.0114355096369465, 1.0114355096369465, 1.0114355096369465, 1.0114355096369465, 1.0114355096369465, 1.0114355096369465], 
[3.2561285649400995, 2.5245451515188977, 2.5245451515188977, 1.7990508143713804, 1.7990508143713804, 1.3906293922399526, 1.3906293922399526, 1.3906293922399526, 1.3906293922399526, 0.2896904884686453, 0.2896904884686453, 0.2896904884686453, 0.2896904884686453, 0.2896904884686453, 0.2896904884686453, 0.2896904884686453, 0.2896904884686453, 0.2896904884686453, 0.2896904884686453, 0.2896904884686453], 
[2.0787926051214516, 2.0787926051214516, 2.0787926051214516, 2.0787926051214516, 2.0787926051214516, 2.0787926051214516, 1.8403107113646238, 1.1541293507834673, 1.1541293507834673, 1.1541293507834673, 1.1541293507834673, 1.1541293507834673, 1.1541293507834673, 0.24279420077353953, 0.24279420077353953, 0.24279420077353953, 0.24279420077353953, 0.24279420077353953, 0.24279420077353953, 0.24279420077353953], 
[3.3994601982161203, 3.3994601982161203, 2.2834511203273067, 1.1299247274511321, 1.1299247274511321, 1.1299247274511321, 1.1299247274511321, 1.1299247274511321, 1.1299247274511321, 1.1140653659126514, 1.1140653659126514, 1.1140653659126514, 0.598475291572631, 0.598475291572631, 0.598475291572631, 0.598475291572631, 0.598475291572631, 0.598475291572631, 0.598475291572631, 0.598475291572631], 
[1.6585513363744475, 1.6585513363744475, 1.6585513363744475, 1.6585513363744475, 1.6585513363744475, 1.6585513363744475, 1.6585513363744475, 1.6585513363744475, 1.6585513363744475, 0.6179444022113496, 0.6179444022113496, 0.6179444022113496, 0.6179444022113496, 0.6179444022113496, 0.6179444022113496, 0.6179444022113496, 0.6179444022113496, 0.6179444022113496, 0.6179444022113496, 0.6179444022113496], 
[3.062811994241895, 1.9814688460478518, 1.9814688460478518, 1.9814688460478518, 1.0744392435164407, 1.0744392435164407, 1.0744392435164407, 1.0744392435164407, 1.0744392435164407, 1.0744392435164407, 1.0744392435164407, 1.0744392435164407, 1.0744392435164407, 1.0744392435164407, 1.0744392435164407, 1.0744392435164407, 1.0744392435164407, 1.0744392435164407, 1.0744392435164407, 1.0744392435164407], 
[0.6634304991037245, 0.6634304991037245, 0.6634304991037245, 0.6634304991037245, 0.6634304991037245, 0.5142160899642709, 0.5142160899642709, 0.5142160899642709, 0.5142160899642709, 0.5142160899642709, 0.5142160899642709, 0.5142160899642709, 0.5142160899642709, 0.5142160899642709, 0.5142160899642709, 0.5142160899642709, 0.5142160899642709, 0.5142160899642709, 0.5142160899642709, 0.5142160899642709], 
[4.063060807968107, 1.8478756027387249, 1.8478756027387249, 1.8478756027387249, 1.8478756027387249, 1.8478756027387249, 1.8478756027387249, 1.8478756027387249, 1.8478756027387249, 1.8478756027387249, 1.8478756027387249, 1.8478756027387249, 1.8478756027387249, 1.8478756027387249, 1.8478756027387249, 1.8478756027387249, 1.8478756027387249, 1.8478756027387249, 1.8478756027387249, 1.8478756027387249], 
[2.150681752159512, 2.150681752159512, 1.7111837137408816, 1.7111837137408816, 1.7111837137408816, 1.7111837137408816, 1.7111837137408816, 1.1455219742752911, 1.1455219742752911, 1.1455219742752911, 1.1455219742752911, 1.1455219742752911, 1.1455219742752911, 1.1455219742752911, 1.1455219742752911, 1.0992308204286512, 0.34183599529867426, 0.34183599529867426, 0.34183599529867426, 0.34183599529867426], 
[3.1642668696295395, 2.3878885696902428, 2.3878885696902428, 1.3821795337376348, 0.8151475420282646, 0.8151475420282646, 0.8151475420282646, 0.8151475420282646, 0.8151475420282646, 0.8151475420282646, 0.8151475420282646, 0.8151475420282646, 0.8151475420282646, 0.8151475420282646, 0.8151475420282646, 0.8151475420282646, 0.8151475420282646, 0.8151475420282646, 0.8151475420282646, 0.8151475420282646], 
[3.1957740718399066, 3.0546517151693013, 1.309655178250153, 1.309655178250153, 1.309655178250153, 1.309655178250153, 1.309655178250153, 1.019242732430408, 1.019242732430408, 1.019242732430408, 1.019242732430408, 1.019242732430408, 1.019242732430408, 0.6494816377968498, 0.6494816377968498, 0.6494816377968498, 0.6494816377968498, 0.6494816377968498, 0.4955623695414806, 0.4955623695414806], 
[1.9980812383252218, 1.9980812383252218, 1.9980812383252218, 1.475660961469151, 1.475660961469151, 1.475660961469151, 1.475660961469151, 1.475660961469151, 1.475660961469151, 1.475660961469151, 1.475660961469151, 1.475660961469151, 1.475660961469151, 1.475660961469151, 1.475660961469151, 1.475660961469151, 1.475660961469151, 1.475660961469151, 1.475660961469151, 1.475660961469151], 
[5.122958707799475, 2.4432194029645045, 2.4432194029645045, 2.4432194029645045, 2.0689473006568733, 2.0689473006568733, 2.0689473006568733, 2.0689473006568733, 2.0689473006568733, 2.0689473006568733, 2.0689473006568733, 2.0689473006568733, 2.0689473006568733, 2.0689473006568733, 2.0689473006568733, 2.0689473006568733, 2.0689473006568733, 2.0689473006568733, 0.3806333227567964, 0.3806333227567964], 
[1.7490364235394038, 1.7490364235394038, 1.7490364235394038, 1.7490364235394038, 0.9810719687427389, 0.9810719687427389, 0.9810719687427389, 0.9810719687427389, 0.9810719687427389, 0.9810719687427389, 0.9810719687427389, 0.4196835789693836, 0.4196835789693836, 0.4196835789693836, 0.4196835789693836, 0.4196835789693836, 0.4196835789693836, 0.4196835789693836, 0.4196835789693836, 0.4196835789693836], 
[1.0017705743230687, 1.0017705743230687, 1.0017705743230687, 1.0017705743230687, 1.0017705743230687, 1.0017705743230687, 0.816218875404596, 0.816218875404596, 0.816218875404596, 0.816218875404596, 0.816218875404596, 0.816218875404596, 0.816218875404596, 0.816218875404596, 0.816218875404596, 0.816218875404596, 0.816218875404596, 0.816218875404596, 0.816218875404596, 0.816218875404596], 
