[11.1414075529448, 11.1414075529448, 7.146505223355433, 7.146505223355433, 7.146505223355433, 7.146505223355433, 7.146505223355433, 7.146505223355433, 6.674448345850005, 6.674448345850005, 6.043436939312122, 6.043436939312122, 6.043436939312122, 6.043436939312122, 3.229159181962871, 3.229159181962871, 3.229159181962871, 3.229159181962871, 3.229159181962871, 3.229159181962871], 
[6.642856941765135, 6.642856941765135, 6.642856941765135, 2.5145995439931546, 2.5145995439931546, 2.5145995439931546, 2.5145995439931546, 2.5145995439931546, 2.5145995439931546, 2.5145995439931546, 2.5145995439931546, 2.5145995439931546, 2.5145995439931546, 2.5145995439931546, 2.5145995439931546, 2.5145995439931546, 2.5145995439931546, 2.5145995439931546, 2.5145995439931546, 2.5145995439931546], 
[4.641324438224439, 4.347310958433903, 4.347310958433903, 4.347310958433903, 4.347310958433903, 4.347310958433903, 4.347310958433903, 4.347310958433903, 4.347310958433903, 4.347310958433903, 4.347310958433903, 4.347310958433903, 4.347310958433903, 4.347310958433903, 4.347310958433903, 4.347310958433903, 4.347310958433903, 4.347310958433903, 4.347310958433903, 4.347310958433903], 
[12.202811245877646, 12.202811245877646, 6.664547392684149, 6.664547392684149, 6.664547392684149, 6.664547392684149, 6.664547392684149, 6.664547392684149, 6.664547392684149, 6.664547392684149, 6.664547392684149, 6.664547392684149, 6.664547392684149, 6.664547392684149, 6.664547392684149, 6.209156554928471, 5.652954567825654, 5.652954567825654, 5.652954567825654, 5.652954567825654], 
[9.06774388648363, 6.077231278230065, 6.077231278230065, 6.077231278230065, 3.5030945998441663, 3.5030945998441663, 3.5030945998441663, 3.5030945998441663, 3.5030945998441663, 3.5030945998441663, 3.5030945998441663, 3.5030945998441663, 3.5030945998441663, 3.5030945998441663, 3.5030945998441663, 3.5030945998441663, 3.5030945998441663, 3.5030945998441663, 3.5030945998441663, 3.5030945998441663], 
[5.6069578949403756, 5.536397445708405, 5.536397445708405, 5.536397445708405, 3.386520889550572, 2.9952709082332594, 2.9952709082332594, 2.9952709082332594, 2.9952709082332594, 2.9952709082332594, 2.9952709082332594, 2.9952709082332594, 2.9952709082332594, 2.9952709082332594, 2.9952709082332594, 2.9952709082332594, 2.9952709082332594, 2.9952709082332594, 2.9952709082332594, 2.9952709082332594], 
[7.285970536336629, 7.285970536336629, 7.285970536336629, 7.285970536336629, 7.285970536336629, 6.98001700705459, 6.98001700705459, 6.98001700705459, 6.98001700705459, 6.98001700705459, 6.98001700705459, 6.98001700705459, 6.98001700705459, 6.571339031359533, 6.571339031359533, 6.0184081424767255, 6.0184081424767255, 4.5011976882942655, 1.2624866646672186, 1.2624866646672186], 
[6.156052570981901, 6.156052570981901, 6.156052570981901, 3.5035278280379076, 3.5035278280379076, 3.5035278280379076, 3.5035278280379076, 3.5035278280379076, 3.5035278280379076, 3.5035278280379076, 3.5035278280379076, 3.5035278280379076, 3.5035278280379076, 3.5035278280379076, 3.5035278280379076, 3.5035278280379076, 3.5035278280379076, 3.5035278280379076, 3.5035278280379076, 3.5035278280379076], 
[10.495657472860744, 10.495657472860744, 10.495657472860744, 10.495657472860744, 10.495657472860744, 10.495657472860744, 10.495657472860744, 8.180262733690553, 3.1254580280356423, 3.1254580280356423, 3.1254580280356423, 3.1254580280356423, 3.1254580280356423, 3.1254580280356423, 3.1254580280356423, 3.1254580280356423, 3.1254580280356423, 3.1254580280356423, 3.1254580280356423, 3.1254580280356423], 
[5.667660598992965, 5.667660598992965, 5.667660598992965, 5.667660598992965, 5.667660598992965, 5.667660598992965, 5.421853733792427, 5.421853733792427, 5.421853733792427, 5.421853733792427, 5.421853733792427, 5.421853733792427, 5.421853733792427, 5.421853733792427, 2.5442833727218535, 2.5442833727218535, 2.5442833727218535, 2.5442833727218535, 2.5442833727218535, 2.5442833727218535], 
[13.77716652149972, 10.721360837968327, 4.787043780457314, 4.787043780457314, 4.787043780457314, 4.787043780457314, 4.787043780457314, 4.787043780457314, 4.787043780457314, 2.646717695511466, 2.646717695511466, 2.646717695511466, 2.646717695511466, 2.646717695511466, 2.646717695511466, 2.646717695511466, 2.646717695511466, 2.646717695511466, 2.646717695511466, 2.646717695511466], 
[16.85648274243477, 6.530629376443631, 6.530629376443631, 6.530629376443631, 4.460017588072118, 4.460017588072118, 4.460017588072118, 4.460017588072118, 4.460017588072118, 4.460017588072118, 4.460017588072118, 4.460017588072118, 2.032110618333801, 2.032110618333801, 2.032110618333801, 2.032110618333801, 2.032110618333801, 2.032110618333801, 2.032110618333801, 2.032110618333801], 
[3.7900965070062727, 3.7900965070062727, 3.7900965070062727, 3.7900965070062727, 3.7900965070062727, 3.7900965070062727, 3.7900965070062727, 3.7900965070062727, 3.7900965070062727, 3.7900965070062727, 3.7900965070062727, 3.7900965070062727, 0.4118530612954895, 0.4118530612954895, 0.4118530612954895, 0.4118530612954895, 0.4118530612954895, 0.4118530612954895, 0.4118530612954895, 0.4118530612954895], 
[16.180116803637222, 10.692155167561879, 10.692155167561879, 3.1433357370561548, 3.1433357370561548, 3.1433357370561548, 3.1433357370561548, 3.1433357370561548, 3.1433357370561548, 3.1433357370561548, 3.1433357370561548, 3.1433357370561548, 3.1433357370561548, 3.1433357370561548, 3.1433357370561548, 3.1433357370561548, 3.1433357370561548, 3.1433357370561548, 3.1433357370561548, 3.1433357370561548], 
[16.748764816709947, 11.759758254899957, 11.759758254899957, 9.516408013328215, 5.2732307189131795, 5.106308791110068, 5.106308791110068, 5.106308791110068, 5.106308791110068, 5.106308791110068, 4.597566223756503, 4.2880133096548185, 4.2880133096548185, 4.2880133096548185, 4.2880133096548185, 4.2880133096548185, 4.2880133096548185, 4.2880133096548185, 4.2880133096548185, 4.2880133096548185], 
[5.622556505404033, 5.622556505404033, 5.622556505404033, 4.722526046363268, 4.11044110702778, 4.11044110702778, 4.11044110702778, 4.11044110702778, 4.11044110702778, 4.11044110702778, 4.11044110702778, 4.11044110702778, 3.078059923653711, 3.078059923653711, 3.078059923653711, 3.078059923653711, 3.078059923653711, 3.078059923653711, 3.078059923653711, 3.078059923653711], 
[11.664911016648334, 10.907027162494014, 5.744413965522057, 5.744413965522057, 5.744413965522057, 5.744413965522057, 5.5416007465890615, 5.5416007465890615, 5.5416007465890615, 5.541456123014084, 4.448061755640644, 4.448061755640644, 4.448061755640644, 4.448061755640644, 4.448061755640644, 4.448061755640644, 4.448061755640644, 4.448061755640644, 4.448061755640644, 4.448061755640644], 
[3.2220393905904703, 3.2220393905904703, 3.2220393905904703, 3.2220393905904703, 3.2220393905904703, 3.2220393905904703, 3.2220393905904703, 3.2220393905904703, 3.2220393905904703, 3.2220393905904703, 1.542142455538208, 1.542142455538208, 1.542142455538208, 1.542142455538208, 1.542142455538208, 1.542142455538208, 1.542142455538208, 1.542142455538208, 1.542142455538208, 1.542142455538208], 
[10.683693191784357, 8.73751256772495, 7.336024995982513, 7.302276792032375, 7.302276792032375, 2.507443667924461, 2.507443667924461, 2.507443667924461, 2.507443667924461, 2.507443667924461, 2.507443667924461, 2.507443667924461, 2.507443667924461, 2.507443667924461, 2.507443667924461, 2.507443667924461, 2.507443667924461, 2.507443667924461, 2.507443667924461, 2.507443667924461], 
[12.656226509722671, 12.656226509722671, 5.599927484549647, 5.599927484549647, 5.599927484549647, 5.599927484549647, 5.599927484549647, 5.599927484549647, 5.599927484549647, 5.519042904079244, 5.519042904079244, 5.519042904079244, 5.519042904079244, 5.519042904079244, 4.364321443842552, 4.364321443842552, 4.364321443842552, 4.364321443842552, 4.364321443842552, 4.175883544818692], 
[15.14926995001208, 4.4928534731601255, 4.4928534731601255, 4.4928534731601255, 4.4928534731601255, 4.4928534731601255, 4.4928534731601255, 4.4928534731601255, 2.990941253418727, 2.990941253418727, 2.990941253418727, 2.990941253418727, 2.990941253418727, 2.990941253418727, 2.990941253418727, 2.990941253418727, 2.990941253418727, 2.990941253418727, 2.990941253418727, 2.990941253418727], 
[10.226422898084461, 10.226422898084461, 9.14990973853087, 6.197224019975619, 6.197224019975619, 6.197224019975619, 6.197224019975619, 3.834019420160154, 3.834019420160154, 3.834019420160154, 3.834019420160154, 3.834019420160154, 3.834019420160154, 2.304195399385597, 2.304195399385597, 2.304195399385597, 2.304195399385597, 2.304195399385597, 2.304195399385597, 2.304195399385597], 
[17.580051604524186, 3.7130177558998025, 3.7130177558998025, 3.7130177558998025, 3.7130177558998025, 3.7130177558998025, 3.7130177558998025, 3.7130177558998025, 3.7130177558998025, 3.7130177558998025, 3.7130177558998025, 3.7130177558998025, 3.043132877656402, 3.043132877656402, 3.043132877656402, 3.043132877656402, 3.043132877656402, 3.043132877656402, 3.043132877656402, 3.043132877656402], 
[12.241831360134448, 3.1797707282004897, 3.1797707282004897, 3.1797707282004897, 3.1797707282004897, 3.1797707282004897, 3.1797707282004897, 3.1797707282004897, 3.1797707282004897, 3.1797707282004897, 3.1797707282004897, 3.1797707282004897, 3.1797707282004897, 3.1797707282004897, 3.1797707282004897, 3.1797707282004897, 3.1797707282004897, 3.1797707282004897, 3.0387387956885545, 3.0387387956885545], 
[4.7821687917729765, 4.7821687917729765, 4.7821687917729765, 4.7821687917729765, 4.446011261535032, 4.446011261535032, 4.446011261535032, 3.9683341783675843, 3.9683341783675843, 3.9683341783675843, 3.9683341783675843, 3.9683341783675843, 3.9683341783675843, 3.9683341783675843, 3.9683341783675843, 3.9683341783675843, 3.9683341783675843, 3.9683341783675843, 3.9683341783675843, 3.9683341783675843], 
[17.10433244000496, 10.024976953702065, 7.041981543712515, 7.041981543712515, 7.041981543712515, 7.041981543712515, 6.078046148720708, 6.078046148720708, 6.078046148720708, 6.078046148720708, 6.078046148720708, 2.83366231597895, 2.83366231597895, 2.83366231597895, 1.992990511007883, 1.992990511007883, 1.992990511007883, 1.992990511007883, 1.992990511007883, 1.992990511007883], 
[8.024222955568508, 4.661676597444145, 4.661676597444145, 4.661676597444145, 2.920342355482209, 2.920342355482209, 2.920342355482209, 2.920342355482209, 2.920342355482209, 2.920342355482209, 2.920342355482209, 2.920342355482209, 2.920342355482209, 2.920342355482209, 2.920342355482209, 2.920342355482209, 2.920342355482209, 2.920342355482209, 2.920342355482209, 2.920342355482209], 
[13.294230244649992, 11.816227771231995, 5.512490711271711, 5.512490711271711, 5.512490711271711, 5.512490711271711, 5.512490711271711, 5.512490711271711, 5.512490711271711, 5.512490711271711, 5.512490711271711, 5.512490711271711, 5.512490711271711, 5.512490711271711, 5.512490711271711, 5.512490711271711, 5.512490711271711, 1.8823459660852777, 1.8823459660852777, 1.8823459660852777], 
[11.117572741546153, 9.751024056342992, 9.751024056342992, 9.751024056342992, 5.0249395715898615, 5.0249395715898615, 3.0272205097333575, 3.0272205097333575, 3.0272205097333575, 3.0272205097333575, 3.0272205097333575, 3.0272205097333575, 3.0272205097333575, 2.1884697733931766, 2.1884697733931766, 2.1884697733931766, 2.1884697733931766, 2.1884697733931766, 2.1884697733931766, 2.1884697733931766], 
[17.890487239013602, 8.716550171963812, 3.7319373396629913, 3.7319373396629913, 3.7319373396629913, 3.7319373396629913, 3.7319373396629913, 3.7319373396629913, 3.7319373396629913, 3.7319373396629913, 3.7319373396629913, 3.7319373396629913, 3.7319373396629913, 3.7319373396629913, 3.7319373396629913, 3.7319373396629913, 3.7319373396629913, 3.7319373396629913, 3.7319373396629913, 3.7319373396629913], 
