[0.23956484895948205, 0.23956484895948205, 0.03754761004823237, 0.03754761004823237, 0.03754761004823237, 0.03754761004823237, 0.03754761004823237, 0.03754761004823237, 0.03754761004823237, 0.03754761004823237, 0.03754761004823237, 0.03754761004823237, 0.03754761004823237, 0.03754761004823237, 0.03754761004823237, 0.03754761004823237, 0.03754761004823237, 0.03754761004823237, 0.03754761004823237, 0.03754761004823237], 
[2.5299311777226965, 2.1581894737017504, 2.1581894737017504, 1.7986562346008288, 1.7986562346008288, 1.4943850391717526, 0.8582096680285227, 0.8582096680285227, 0.8582096680285227, 0.31482082091846086, 0.31482082091846086, 0.31482082091846086, 0.31482082091846086, 0.31482082091846086, 0.31482082091846086, 0.31482082091846086, 0.31482082091846086, 0.31482082091846086, 0.31482082091846086, 0.31482082091846086], 
[1.2325927856051506, 1.070070522404214, 0.04239324252296062, 0.04239324252296062, 0.04239324252296062, 0.04239324252296062, 0.04239324252296062, 0.04239324252296062, 0.04239324252296062, 0.04239324252296062, 0.04239324252296062, 0.04239324252296062, 0.04239324252296062, 0.04239324252296062, 0.04239324252296062, 0.04239324252296062, 0.03980954499446088, 0.03980954499446088, 0.03980954499446088, 0.03980954499446088], 
[1.521192252028012, 0.8086767129979232, 0.8086767129979232, 0.8086767129979232, 0.6436286797465461, 0.6436286797465461, 0.6436286797465461, 0.6436286797465461, 0.6436286797465461, 0.6436286797465461, 0.6436286797465461, 0.6436286797465461, 0.6436286797465461, 0.6436286797465461, 0.6436286797465461, 0.6436286797465461, 0.27184927828452843, 0.27184927828452843, 0.27184927828452843, 0.27184927828452843], 
[1.7573902181090992, 1.7165650695368522, 1.7165650695368522, 0.9562067877572202, 0.4826689722178731, 0.4826689722178731, 0.0362651165184259, 0.0362651165184259, 0.0362651165184259, 0.0362651165184259, 0.0362651165184259, 0.0362651165184259, 0.0362651165184259, 0.0362651165184259, 0.0362651165184259, 0.0362651165184259, 0.0362651165184259, 0.0362651165184259, 0.0362651165184259, 0.0362651165184259], 
[0.14732924780651036, 0.14732924780651036, 0.14732924780651036, 0.07145054071266532, 0.07145054071266532, 0.07145054071266532, 0.07145054071266532, 0.07145054071266532, 0.07145054071266532, 0.07145054071266532, 0.0008831214512985408, 0.0008831214512985408, 0.0008831214512985408, 0.0008831214512985408, 0.0008831214512985408, 0.0008831214512985408, 0.0008831214512985408, 0.0008831214512985408, 0.0008831214512985408, 0.0008831214512985408], 
[0.5819613462913702, 0.1728957112693995, 0.1728957112693995, 0.1728957112693995, 0.1728957112693995, 0.1728957112693995, 0.1728957112693995, 0.1728957112693995, 0.1728957112693995, 0.1728957112693995, 0.1728957112693995, 0.1728957112693995, 0.1728957112693995, 0.1728957112693995, 0.1728957112693995, 0.1728957112693995, 0.1728957112693995, 0.1728957112693995, 0.10475982090381175, 0.10475982090381175], 
[1.8870329367205028, 1.8870329367205028, 1.7485766340379745, 1.7485766340379745, 1.7485766340379745, 1.7485766340379745, 1.7485766340379745, 1.7485766340379745, 1.7485766340379745, 0.24138328777668994, 0.24138328777668994, 0.24138328777668994, 0.24138328777668994, 0.24138328777668994, 0.24138328777668994, 0.24138328777668994, 0.24138328777668994, 0.24138328777668994, 0.24138328777668994, 0.24138328777668994], 
[1.9676438852514908, 1.9676438852514908, 0.7985210206872612, 0.7985210206872612, 0.7985210206872612, 0.7525135366654234, 0.5018926615061677, 0.5018926615061677, 0.5018926615061677, 0.5018926615061677, 0.5018926615061677, 0.5018926615061677, 0.5018926615061677, 0.5018926615061677, 0.5018926615061677, 0.5018926615061677, 0.5018926615061677, 0.5018926615061677, 0.4566048367776714, 0.4566048367776714], 
[1.3132192659930029, 1.3132192659930029, 0.7247595980783005, 0.7247595980783005, 0.6549811223590939, 0.6549811223590939, 0.6549811223590939, 0.6549811223590939, 0.6549811223590939, 0.6549811223590939, 0.6549811223590939, 0.6549811223590939, 0.6549811223590939, 0.6549811223590939, 0.6549811223590939, 0.6549811223590939, 0.12870336529225368, 0.12870336529225368, 0.12870336529225368, 0.12870336529225368], 
[2.452132494642782, 2.452132494642782, 2.0172487249856896, 2.0172487249856896, 1.608567216276923, 0.9431858959101591, 0.09413861870606821, 0.09413861870606821, 0.09413861870606821, 0.09413861870606821, 0.09413861870606821, 0.09413861870606821, 0.09413861870606821, 0.09413861870606821, 0.09413861870606821, 0.09413861870606821, 0.09413861870606821, 0.09413861870606821, 0.09413861870606821, 0.09413861870606821], 
[2.041270135108605, 0.38201139034481246, 0.38201139034481246, 0.38201139034481246, 0.38201139034481246, 0.38201139034481246, 0.07621175534467228, 0.07621175534467228, 0.07621175534467228, 0.07621175534467228, 0.07621175534467228, 0.06879260056415848, 0.06879260056415848, 0.06879260056415848, 0.06879260056415848, 0.06879260056415848, 0.06879260056415848, 0.06879260056415848, 0.06879260056415848, 0.06879260056415848], 
[3.651411203574143, 2.2274797135357023, 1.8013427960301625, 0.2886993289038222, 0.2886993289038222, 0.2886993289038222, 0.2886993289038222, 0.2886993289038222, 0.2886993289038222, 0.2886993289038222, 0.2886993289038222, 0.08145985681463697, 0.08145985681463697, 0.08145985681463697, 0.08145985681463697, 0.08145985681463697, 0.08145985681463697, 0.08145985681463697, 0.08145985681463697, 0.08145985681463697], 
[0.29388056109457217, 0.2083152094572015, 0.2083152094572015, 0.2083152094572015, 0.2083152094572015, 0.2083152094572015, 0.2083152094572015, 0.2083152094572015, 0.2083152094572015, 0.2083152094572015, 0.2083152094572015, 0.2083152094572015, 0.2083152094572015, 0.2083152094572015, 0.2083152094572015, 0.2083152094572015, 0.2083152094572015, 0.2083152094572015, 0.12636053484122323, 0.12636053484122323], 
[16.71131257132854, 3.595753871949835, 1.9377765999536645, 0.8983384066708587, 0.8983384066708587, 0.8983384066708587, 0.8983384066708587, 0.07402740876343183, 0.07402740876343183, 0.07402740876343183, 0.07402740876343183, 0.07402740876343183, 0.07402740876343183, 0.07402740876343183, 0.07402740876343183, 0.07402740876343183, 0.07402740876343183, 0.07402740876343183, 0.07402740876343183, 0.07402740876343183], 
[2.248839308990854, 0.23049808381939252, 0.23049808381939252, 0.23049808381939252, 0.23049808381939252, 0.23049808381939252, 0.23049808381939252, 0.23049808381939252, 0.23049808381939252, 0.11050980930083043, 0.11050980930083043, 0.11050980930083043, 0.11050980930083043, 0.11050980930083043, 0.11050980930083043, 0.11050980930083043, 0.11050980930083043, 0.11050980930083043, 0.11050980930083043, 0.11050980930083043], 
[2.301317091332654, 1.9463324419261614, 1.7831586806603157, 1.7831586806603157, 1.7831586806603157, 1.1290929662400597, 1.1290929662400597, 0.6260650995571112, 0.6260650995571112, 0.6260650995571112, 0.6260650995571112, 0.6260650995571112, 0.6260650995571112, 0.6260650995571112, 0.6260650995571112, 0.6260650995571112, 0.6260650995571112, 0.6260650995571112, 0.05799163363225457, 0.05799163363225457], 
[2.065142426257052, 1.0680337512443445, 1.0680337512443445, 0.7191953141037093, 0.7191953141037093, 0.41518140947601667, 0.41518140947601667, 0.41518140947601667, 0.41518140947601667, 0.41518140947601667, 0.3024377958557889, 0.3024377958557889, 0.3024377958557889, 0.3024377958557889, 0.3024377958557889, 0.3024377958557889, 0.3024377958557889, 0.3024377958557889, 0.3024377958557889, 0.3024377958557889], 
[1.9155075005475264, 1.174545503899131, 1.174545503899131, 0.012885402569699056, 0.012885402569699056, 0.012885402569699056, 0.012885402569699056, 0.012885402569699056, 0.012885402569699056, 0.012885402569699056, 0.012885402569699056, 0.012885402569699056, 0.012885402569699056, 0.012885402569699056, 0.012885402569699056, 0.012885402569699056, 0.012885402569699056, 0.012885402569699056, 0.012885402569699056, 0.012885402569699056], 
[1.3782096250767295, 1.3782096250767295, 0.49720834798464864, 0.49720834798464864, 0.49720834798464864, 0.49720834798464864, 0.32007477152523356, 0.32007477152523356, 0.32007477152523356, 0.32007477152523356, 0.32007477152523356, 0.32007477152523356, 0.32007477152523356, 0.32007477152523356, 0.32007477152523356, 0.32007477152523356, 0.32007477152523356, 0.32007477152523356, 0.32007477152523356, 0.32007477152523356], 
[0.5624582098106831, 0.5624582098106831, 0.5624582098106831, 0.5624582098106831, 0.5624582098106831, 0.5624582098106831, 0.5624582098106831, 0.5624582098106831, 0.5624582098106831, 0.33332017260910585, 0.33332017260910585, 0.33332017260910585, 0.33332017260910585, 0.33332017260910585, 0.33332017260910585, 0.33332017260910585, 0.33332017260910585, 0.1895705744044528, 0.1895705744044528, 0.1895705744044528], 
[0.6157491177495122, 0.6157491177495122, 0.6157491177495122, 0.6157491177495122, 0.6157491177495122, 0.6157491177495122, 0.6157491177495122, 0.6157491177495122, 0.6157491177495122, 0.6157491177495122, 0.6157491177495122, 0.6157491177495122, 0.6157491177495122, 0.6157491177495122, 0.5503933284270249, 0.5503933284270249, 0.5503933284270249, 0.48960093567862784, 0.48960093567862784, 0.48960093567862784], 
[1.4787619469648827, 1.4787619469648827, 0.8211601994427199, 0.8211601994427199, 0.11669036018543799, 0.11669036018543799, 0.11669036018543799, 0.11669036018543799, 0.11669036018543799, 0.11669036018543799, 0.11669036018543799, 0.11669036018543799, 0.11669036018543799, 0.11669036018543799, 0.11669036018543799, 0.11669036018543799, 0.11669036018543799, 0.11669036018543799, 0.11669036018543799, 0.11669036018543799], 
[0.08365516492889924, 0.08365516492889924, 0.08365516492889924, 0.08365516492889924, 0.08365516492889924, 0.08365516492889924, 0.08365516492889924, 0.08365516492889924, 0.08365516492889924, 0.08365516492889924, 0.08365516492889924, 0.08365516492889924, 0.08365516492889924, 0.08365516492889924, 0.08365516492889924, 0.08365516492889924, 0.08365516492889924, 0.08365516492889924, 0.08365516492889924, 0.08365516492889924], 
[2.03866434017736, 1.5332217915912218, 1.5332217915912218, 0.3226639627064726, 0.3226639627064726, 0.3226639627064726, 0.3226639627064726, 0.3226639627064726, 0.3226639627064726, 0.3226639627064726, 0.3226639627064726, 0.3226639627064726, 0.3226639627064726, 0.3226639627064726, 0.3226639627064726, 0.3226639627064726, 0.3226639627064726, 0.3226639627064726, 0.3226639627064726, 0.3226639627064726], 
[1.7390367215032398, 0.9280042122334237, 0.9280042122334237, 0.8323346156769112, 0.8323346156769112, 0.8323346156769112, 0.8323346156769112, 0.8323346156769112, 0.8323346156769112, 0.8323346156769112, 0.8323346156769112, 0.11784033713173792, 0.11784033713173792, 0.11784033713173792, 0.11784033713173792, 0.11784033713173792, 0.11784033713173792, 0.11784033713173792, 0.11784033713173792, 0.11784033713173792], 
[2.3569228182159456, 0.935969318178235, 0.935969318178235, 0.49088074833848716, 0.49088074833848716, 0.49088074833848716, 0.49088074833848716, 0.38196163673543515, 0.38196163673543515, 0.38196163673543515, 0.38196163673543515, 0.38196163673543515, 0.38196163673543515, 0.38196163673543515, 0.38196163673543515, 0.38196163673543515, 0.38196163673543515, 0.38196163673543515, 0.38196163673543515, 0.38196163673543515], 
[2.2632325600640337, 1.9071471198464567, 0.1998960239897294, 0.1998960239897294, 0.1998960239897294, 0.1998960239897294, 0.1998960239897294, 0.1998960239897294, 0.1998960239897294, 0.1998960239897294, 0.1998960239897294, 0.1998960239897294, 0.1998960239897294, 0.1998960239897294, 0.1998960239897294, 0.1998960239897294, 0.1998960239897294, 0.1998960239897294, 0.1998960239897294, 0.1998960239897294], 
[2.339330791327681, 0.40398234964327107, 0.40398234964327107, 0.40398234964327107, 0.40398234964327107, 0.40398234964327107, 0.3858283157578868, 0.3858283157578868, 0.3858283157578868, 0.19339097266678884, 0.19339097266678884, 0.19339097266678884, 0.19339097266678884, 0.19339097266678884, 0.19339097266678884, 0.19339097266678884, 0.19339097266678884, 0.16709542249181109, 0.16709542249181109, 0.16709542249181109], 
[0.8568088014795854, 0.8568088014795854, 0.8568088014795854, 0.8568088014795854, 0.8568088014795854, 0.8568088014795854, 0.8568088014795854, 0.8568088014795854, 0.8568088014795854, 0.8568088014795854, 0.8568088014795854, 0.3003219513262664, 0.3003219513262664, 0.3003219513262664, 0.3003219513262664, 0.3003219513262664, 0.3003219513262664, 0.3003219513262664, 0.3003219513262664, 0.3003219513262664], 
