[768677.573171132, 748644.0988304557, 15898.07930412153, 15898.07930412153, 15898.07930412153, 3930.5666700611237, 3930.5666700611237, 3930.5666700611237, 3930.5666700611237, 3641.9361836775606, 3641.9361836775606, 3641.9361836775606, 3641.9361836775606, 3641.9361836775606, 3641.9361836775606, 3641.9361836775606, -760.6251941561502, -760.6251941561502, -760.6251941561502, -760.6251941561502], 
[1659.2747217477863, 1659.2747217477863, 1659.2747217477863, 1659.2747217477863, 1659.2747217477863, 1659.2747217477863, 1659.2747217477863, 1659.2747217477863, 1659.2747217477863, 1659.2747217477863, 1659.2747217477863, 1659.2747217477863, 1659.2747217477863, 1659.2747217477863, 1659.2747217477863, 1659.2747217477863, 1659.2747217477863, 1659.2747217477863, 1659.2747217477863, 1659.2747217477863], 
[309457.4293615023, 309457.4293615023, 131525.42457217333, 131525.42457217333, 22481.849559111866, 6064.540777867188, 6064.540777867188, 6064.540777867188, 6064.540777867188, 3171.2118528740966, 3171.2118528740966, 3171.2118528740966, 3171.2118528740966, 3171.2118528740966, 3171.2118528740966, 3171.2118528740966, 3171.2118528740966, 3171.2118528740966, 3171.2118528740966, 3171.2118528740966], 
[488046.4853630422, 97266.68617694099, 42558.33870939964, 42558.33870939964, 3101.861749078016, 3101.861749078016, 3101.861749078016, 3101.861749078016, 3101.861749078016, 3101.861749078016, 3101.861749078016, 3101.861749078016, 3101.861749078016, 3101.861749078016, 3101.861749078016, 3101.861749078016, 3101.861749078016, 3101.861749078016, 3101.861749078016, 3101.861749078016], 
[466740.8772514261, 466740.8772514261, 25849.560997098863, 25849.560997098863, 25849.560997098863, 25849.560997098863, 25849.560997098863, 25849.560997098863, 25849.560997098863, 25849.560997098863, 25849.560997098863, 25849.560997098863, 25849.560997098863, 21996.107420566317, 21996.107420566317, 15648.510433484578, 4244.159987307346, 4244.159987307346, 4244.159987307346, 2725.4481780384654], 
[1513.6138190821634, 1513.6138190821634, 1513.6138190821634, 1513.6138190821634, 1513.6138190821634, 1513.6138190821634, 1513.6138190821634, 1513.6138190821634, 1513.6138190821634, 1513.6138190821634, 1513.6138190821634, 1513.6138190821634, 1513.6138190821634, 1513.6138190821634, 1513.6138190821634, 1513.6138190821634, 1513.6138190821634, 1513.6138190821634, 1513.6138190821634, 1513.6138190821634], 
[116906.6976223228, 11014.105121825274, 11014.105121825274, 2985.8277079014397, 2985.8277079014397, 2985.8277079014397, 2985.8277079014397, 2985.8277079014397, 2985.8277079014397, 2985.8277079014397, 2985.8277079014397, 2985.8277079014397, 2985.8277079014397, 2985.8277079014397, 2985.8277079014397, 2985.8277079014397, 2985.8277079014397, 2985.8277079014397, 2985.8277079014397, -1098.9741316444372], 
[3108183.791461004, 996020.4576397059, 996020.4576397059, 996020.4576397059, 132556.50730955112, 132556.50730955112, -683.7339630037224, -683.7339630037224, -683.7339630037224, -683.7339630037224, -683.7339630037224, -683.7339630037224, -683.7339630037224, -798.6220280242924, -798.6220280242924, -798.6220280242924, -798.6220280242924, -798.6220280242924, -798.6220280242924, -798.6220280242924], 
[493565.05768906674, 493565.05768906674, 204090.49227955443, 9215.062497391098, 9215.062497391098, 9215.062497391098, 9215.062497391098, 5625.904116378648, 5625.904116378648, 5625.904116378648, 5625.904116378648, 5625.904116378648, 5625.904116378648, 5613.308351905356, 5613.308351905356, 5613.308351905356, -896.9468823023278, -896.9468823023278, -896.9468823023278, -896.9468823023278], 
[11113656.498341458, 1788484.8567917892, 64295.26654396384, 64295.26654396384, 64295.26654396384, 64295.26654396384, 28018.087212999093, 28018.087212999093, 28018.087212999093, 28018.087212999093, 28018.087212999093, 28018.087212999093, 28018.087212999093, 28018.087212999093, 28018.087212999093, 28018.087212999093, 28018.087212999093, 28018.087212999093, 2911.9064107536224, 2911.9064107536224], 
[439672.31834296935, 414831.05043071724, 414831.05043071724, 414831.05043071724, 414831.05043071724, 50853.808838740464, 50853.808838740464, 50853.808838740464, 50853.808838740464, 50853.808838740464, 50853.808838740464, 50853.808838740464, 50853.808838740464, 25067.26126781243, 25067.26126781243, 2307.256640807298, 2307.256640807298, 2307.256640807298, 2307.256640807298, 2307.256640807298], 
[97960.42167591501, 97960.42167591501, 97960.42167591501, 97960.42167591501, 69232.54499900773, 3889.331570817956, 3889.331570817956, 3889.331570817956, 3889.331570817956, 3889.331570817956, 3889.331570817956, 3889.331570817956, 2932.439650934268, 2932.439650934268, 2932.439650934268, 2932.439650934268, 2932.439650934268, 2932.439650934268, 2932.439650934268, 2932.439650934268], 
[183295.53944679405, 57715.2256806986, 57715.2256806986, 57715.2256806986, 57715.2256806986, 33042.19684273252, 33042.19684273252, 15876.393715769656, 15876.393715769656, 15876.393715769656, 15876.393715769656, 15876.393715769656, 15876.393715769656, 15876.393715769656, 15876.393715769656, 6908.201024559821, 6908.201024559821, 6908.201024559821, 6908.201024559821, 6908.201024559821], 
[21796.12839363135, 21796.12839363135, 16748.63963569102, 16748.63963569102, 16748.63963569102, 16748.63963569102, 16748.63963569102, 16748.63963569102, 16748.63963569102, 16748.63963569102, 16748.63963569102, 2808.5413045494342, 2808.5413045494342, 2808.5413045494342, 2808.5413045494342, 2808.5413045494342, 2808.5413045494342, 2808.5413045494342, 2808.5413045494342, 2808.5413045494342], 
[376619.2354090027, 376619.2354090027, 376619.2354090027, 66858.53635499201, 66858.53635499201, 19871.83392218274, 3373.738090821361, 3373.738090821361, 3373.738090821361, 3373.738090821361, 3373.738090821361, 3373.738090821361, 3373.738090821361, 3373.738090821361, 3373.738090821361, 3373.738090821361, 3373.738090821361, 3373.738090821361, 3373.738090821361, 3373.738090821361], 
[6549.470585495377, 6549.470585495377, 6549.470585495377, 6549.470585495377, 6549.470585495377, 6549.470585495377, 6549.470585495377, 6549.470585495377, 6549.470585495377, 6549.470585495377, 2733.0486990695645, 2733.0486990695645, 2733.0486990695645, 2733.0486990695645, 2733.0486990695645, 2733.0486990695645, 2733.0486990695645, 2733.0486990695645, 2733.0486990695645, 2733.0486990695645], 
[144429.3795401125, 144429.3795401125, 8750.222100898049, 8750.222100898049, 8750.222100898049, 1412.4992100122909, 1412.4992100122909, 1412.4992100122909, 1412.4992100122909, 1412.4992100122909, 1412.4992100122909, 1412.4992100122909, 1412.4992100122909, 1412.4992100122909, 1412.4992100122909, 1412.4992100122909, 1412.4992100122909, 1412.4992100122909, 1412.4992100122909, 1412.4992100122909], 
[4345710.849359663, 1531285.4105582219, 1531285.4105582219, -901.5376125629948, -901.5376125629948, -1051.290369585029, -1051.290369585029, -1051.290369585029, -1051.290369585029, -1051.290369585029, -1051.290369585029, -1051.290369585029, -1051.290369585029, -1051.290369585029, -1051.290369585029, -1051.290369585029, -1051.290369585029, -1051.290369585029, -1051.290369585029, -1051.290369585029], 
[5699.7918870482235, 5699.7918870482235, 5699.7918870482235, 5699.7918870482235, 5699.7918870482235, 263.2779796147872, 263.2779796147872, 263.2779796147872, 263.2779796147872, 263.2779796147872, 263.2779796147872, 263.2779796147872, 263.2779796147872, 263.2779796147872, 263.2779796147872, 263.2779796147872, 263.2779796147872, 263.2779796147872, 263.2779796147872, 263.2779796147872], 
[71669.51539801735, 71669.51539801735, 55946.538746206345, 55946.538746206345, 55946.538746206345, 55946.538746206345, 55946.538746206345, 55946.538746206345, -312.5681719818872, -312.5681719818872, -312.5681719818872, -312.5681719818872, -312.5681719818872, -312.5681719818872, -312.5681719818872, -312.5681719818872, -312.5681719818872, -312.5681719818872, -312.5681719818872, -312.5681719818872], 
[44227.32580998111, 44227.32580998111, 44227.32580998111, 38821.88619451535, 38821.88619451535, 38821.88619451535, 33114.94905102327, 33114.94905102327, 10884.483715854414, 10884.483715854414, 10884.483715854414, 10884.483715854414, 10884.483715854414, 10884.483715854414, 10884.483715854414, 10884.483715854414, 10884.483715854414, 10884.483715854414, 10884.483715854414, 10884.483715854414], 
[126816.33723972301, 126816.33723972301, 49349.22269896344, 49349.22269896344, 49349.22269896344, 49349.22269896344, 49349.22269896344, 49349.22269896344, 49349.22269896344, 49349.22269896344, 49349.22269896344, 49349.22269896344, 3916.6869393076577, 3916.6869393076577, 3916.6869393076577, 3916.6869393076577, 3916.6869393076577, 3916.6869393076577, 3916.6869393076577, 3916.6869393076577], 
[36059.688128063135, 36059.688128063135, 36059.688128063135, 16709.97348064542, 16709.97348064542, 16709.97348064542, 16709.97348064542, 2389.3316210007088, 2389.3316210007088, 2389.3316210007088, 2389.3316210007088, 2389.3316210007088, 2389.3316210007088, 2389.3316210007088, 2389.3316210007088, 2389.3316210007088, 2389.3316210007088, 2389.3316210007088, 2389.3316210007088, 2389.3316210007088], 
[441326.64438725513, 12775.472901352672, 12775.472901352672, 12775.472901352672, 7941.4297774067, 7941.4297774067, 1714.3367583215904, 1714.3367583215904, 1714.3367583215904, 1714.3367583215904, 1714.3367583215904, 1714.3367583215904, 1714.3367583215904, 1714.3367583215904, 1714.3367583215904, 1714.3367583215904, 1714.3367583215904, 1714.3367583215904, 1714.3367583215904, 1714.3367583215904], 
[191480.64079091637, 191480.64079091637, 108928.27979450424, 108928.27979450424, 108928.27979450424, 108928.27979450424, 108928.27979450424, 108928.27979450424, 108928.27979450424, 29959.931938079106, 29959.931938079106, 29959.931938079106, 29959.931938079106, 29959.931938079106, 29959.931938079106, 29959.931938079106, 29959.931938079106, 29959.931938079106, 26045.27464488712, 26045.27464488712], 
[12904.726474965622, 12904.726474965622, 12904.726474965622, 12904.726474965622, 6456.603985950116, 6456.603985950116, 6456.603985950116, 6456.603985950116, 6456.603985950116, 6456.603985950116, 6456.603985950116, 6456.603985950116, 6456.603985950116, 6456.603985950116, 6456.603985950116, 6456.603985950116, 6456.603985950116, 6456.603985950116, 6456.603985950116, 6456.603985950116], 
[361307.0008795786, 361307.0008795786, 34184.439776358515, 34184.439776358515, 34184.439776358515, 34184.439776358515, 34184.439776358515, 34184.439776358515, 34184.439776358515, 34184.439776358515, 34184.439776358515, 34184.439776358515, 7092.424671751402, 7092.424671751402, 7092.424671751402, 7092.424671751402, 1401.7124957175838, 1401.7124957175838, 1401.7124957175838, 1401.7124957175838], 
[134016.10519114046, 2472.122762764451, 2472.122762764451, 2472.122762764451, 2472.122762764451, 2472.122762764451, 2472.122762764451, 2472.122762764451, 2472.122762764451, 2472.122762764451, 2472.122762764451, 2472.122762764451, 2472.122762764451, 1230.24995255868, 1230.24995255868, 1230.24995255868, 1230.24995255868, 1230.24995255868, 1230.24995255868, 1230.24995255868], 
[17950113.5035405, 5621458.025552314, 2020245.8093295586, 260882.07603910752, 115469.75619975718, 115469.75619975718, 58618.11778658455, 58618.11778658455, 58618.11778658455, 58618.11778658455, 58618.11778658455, 58618.11778658455, 58618.11778658455, 58618.11778658455, 58618.11778658455, 58618.11778658455, 58618.11778658455, 17750.614765238795, 17750.614765238795, 17750.614765238795], 
[140795.92527581472, 70320.28128637958, 70320.28128637958, 45218.06447904958, 45218.06447904958, 45218.06447904958, 45218.06447904958, 45218.06447904958, 45218.06447904958, 45218.06447904958, 45218.06447904958, 45218.06447904958, 45218.06447904958, 45218.06447904958, 45218.06447904958, 45218.06447904958, 45218.06447904958, 45218.06447904958, 45218.06447904958, 45218.06447904958], 
