[97382.27871394414, 12638.238349228146, 12638.238349228146, 12638.238349228146, 12638.238349228146, 12638.238349228146, 12638.238349228146, 12638.238349228146, 12638.238349228146, 12638.238349228146, 12638.238349228146, 12638.238349228146, 12638.238349228146, 12638.238349228146, 12638.238349228146, 12638.238349228146, 12638.238349228146, 12638.238349228146, 12638.238349228146, 12638.238349228146], 
[133065.56626114403, 122763.57203384933, 118078.08039629916, 35078.5024862248, 35078.5024862248, 9418.02245252561, 9418.02245252561, 9418.02245252561, 9418.02245252561, 8862.383940345935, 8862.383940345935, 8862.383940345935, 8862.383940345935, 8862.383940345935, 8862.383940345935, 8862.383940345935, 8862.383940345935, 8862.383940345935, 8862.383940345935, 8862.383940345935], 
[15674.908341056525, 15674.908341056525, 15674.908341056525, 15674.908341056525, 15674.908341056525, 3552.2117854534154, 3552.2117854534154, 3552.2117854534154, 3552.2117854534154, 3552.2117854534154, 3552.2117854534154, 3552.2117854534154, 3552.2117854534154, 3552.2117854534154, 3552.2117854534154, 3552.2117854534154, 3552.2117854534154, 3552.2117854534154, 3552.2117854534154, 3552.2117854534154], 
[419879.39125123504, 419879.39125123504, 55819.15141150715, 55819.15141150715, 55819.15141150715, 55819.15141150715, 3022.711827029356, 3022.711827029356, 1620.6897911059568, 1620.6897911059568, 1620.6897911059568, 1620.6897911059568, 1620.6897911059568, 1620.6897911059568, 1620.6897911059568, 1620.6897911059568, 1620.6897911059568, 1620.6897911059568, 1620.6897911059568, 1620.6897911059568], 
[221748.32174562832, 2108.9881809052463, 2108.9881809052463, 2108.9881809052463, 2108.9881809052463, 2108.9881809052463, 2108.9881809052463, 2108.9881809052463, 2108.9881809052463, 2108.9881809052463, 2108.9881809052463, 2108.9881809052463, 2108.9881809052463, 2108.9881809052463, 2108.9881809052463, 2108.9881809052463, 2108.9881809052463, 2108.9881809052463, 2108.9881809052463, 2108.9881809052463], 
[211839.79905813455, 211839.79905813455, 211839.79905813455, 211839.79905813455, 13871.875126522313, -535.5162767546473, -535.5162767546473, -535.5162767546473, -535.5162767546473, -535.5162767546473, -535.5162767546473, -535.5162767546473, -535.5162767546473, -535.5162767546473, -535.5162767546473, -535.5162767546473, -535.5162767546473, -535.5162767546473, -535.5162767546473, -535.5162767546473], 
[3414852.9819264687, 6301.365814814908, 6301.365814814908, 6301.365814814908, 1434.497258017378, 1434.497258017378, 1434.497258017378, 1434.497258017378, 1434.497258017378, 1434.497258017378, 1434.497258017378, 1434.497258017378, 1434.497258017378, 1434.497258017378, 1434.497258017378, 1434.497258017378, 1434.497258017378, 1434.497258017378, 1434.497258017378, 1434.497258017378], 
[1849.0774407538938, 1849.0774407538938, 1849.0774407538938, 1849.0774407538938, 1849.0774407538938, 1849.0774407538938, 1849.0774407538938, 1849.0774407538938, 1274.235747540837, 1274.235747540837, 1274.235747540837, 1274.235747540837, 1274.235747540837, 1274.235747540837, 1274.235747540837, 1274.235747540837, 1274.235747540837, 1274.235747540837, 1274.235747540837, 1274.235747540837], 
[112881.71082128731, 76912.32267329941, 76912.32267329941, 6665.87653480066, 6665.87653480066, 6665.87653480066, 6665.87653480066, 6665.87653480066, 6665.87653480066, 6665.87653480066, 6665.87653480066, 6665.87653480066, 6665.87653480066, 6665.87653480066, 6665.87653480066, 6665.87653480066, 6665.87653480066, 6665.87653480066, 6665.87653480066, 6665.87653480066], 
[22867.348041756417, 22867.348041756417, 22867.348041756417, 22867.348041756417, 22867.348041756417, 22867.348041756417, 22867.348041756417, 22867.348041756417, 22867.348041756417, 22867.348041756417, 22867.348041756417, 22867.348041756417, 11094.49793500133, 11094.49793500133, 11094.49793500133, 11094.49793500133, 11094.49793500133, 11094.49793500133, 11094.49793500133, 7589.360302180294], 
[419560.6144593274, 419560.6144593274, 419560.6144593274, 3212.824877639505, 3212.824877639505, 3212.824877639505, 3212.824877639505, 3212.824877639505, 3212.824877639505, 3212.824877639505, 3212.824877639505, 3212.824877639505, 3212.824877639505, 3212.824877639505, 3212.824877639505, 3212.824877639505, 3212.824877639505, 3212.824877639505, 3212.824877639505, 3212.824877639505], 
[42904.593111330825, 42904.593111330825, 42904.593111330825, 42904.593111330825, 42904.593111330825, 42904.593111330825, 42904.593111330825, 42904.593111330825, 42904.593111330825, 42904.593111330825, 42904.593111330825, 42904.593111330825, 42904.593111330825, 42904.593111330825, 42904.593111330825, -1016.7812603108046, -1016.7812603108046, -1016.7812603108046, -1016.7812603108046, -1016.7812603108046], 
[141066.5414370614, 141066.5414370614, 5692.897214552711, 5692.897214552711, 5692.897214552711, 5692.897214552711, 5692.897214552711, 5692.897214552711, 5692.897214552711, 5692.897214552711, 5692.897214552711, 5692.897214552711, 5692.897214552711, 5692.897214552711, 5692.897214552711, 5692.897214552711, 5692.897214552711, 5692.897214552711, 5692.897214552711, 5692.897214552711], 
[2460508.4494918357, 61420.79359597632, 61420.79359597632, 61420.79359597632, 12364.839471354142, 12364.839471354142, 12364.839471354142, 12364.839471354142, 12364.839471354142, 12364.839471354142, 12364.839471354142, 12364.839471354142, 12364.839471354142, 12364.839471354142, 12364.839471354142, 12364.839471354142, 12364.839471354142, 9227.182123874723, 9227.182123874723, 9227.182123874723], 
[463017.27489461587, 463017.27489461587, 463017.27489461587, 463017.27489461587, 463017.27489461587, 37902.01565325532, 23270.373424892692, 23270.373424892692, 23270.373424892692, 23270.373424892692, 23270.373424892692, 23270.373424892692, 23270.373424892692, 15797.602626763619, 15797.602626763619, 15797.602626763619, 4634.1582934043945, 4634.1582934043945, 4634.1582934043945, 4634.1582934043945], 
[710095.1474493514, 14604.275534848857, 14604.275534848857, 14604.275534848857, 14604.275534848857, 14604.275534848857, 14604.275534848857, 14604.275534848857, 14604.275534848857, 14604.275534848857, -1222.1471289353378, -1222.1471289353378, -1222.1471289353378, -1222.1471289353378, -1222.1471289353378, -1222.1471289353378, -1222.1471289353378, -1222.1471289353378, -1222.1471289353378, -1222.1471289353378], 
[547638.8566119939, 547638.8566119939, 136715.9835369616, 58907.65516688036, -920.9055939045578, -920.9055939045578, -920.9055939045578, -920.9055939045578, -920.9055939045578, -920.9055939045578, -920.9055939045578, -920.9055939045578, -920.9055939045578, -920.9055939045578, -920.9055939045578, -920.9055939045578, -920.9055939045578, -920.9055939045578, -920.9055939045578, -920.9055939045578], 
[13878.785470808281, 13878.785470808281, 13878.785470808281, 13878.785470808281, 13878.785470808281, 13878.785470808281, 13878.785470808281, 4651.596578720183, 4651.596578720183, 4651.596578720183, -1139.9178719788586, -1139.9178719788586, -1139.9178719788586, -1139.9178719788586, -1139.9178719788586, -1139.9178719788586, -1139.9178719788586, -1139.9178719788586, -1139.9178719788586, -1139.9178719788586], 
[7906.145863950915, 7906.145863950915, 7906.145863950915, 7906.145863950915, 7906.145863950915, 7906.145863950915, 7906.145863950915, 7906.145863950915, 7906.145863950915, 7906.145863950915, 7906.145863950915, 7906.145863950915, 7906.145863950915, 7906.145863950915, 7906.145863950915, 7906.145863950915, 7906.145863950915, 7906.145863950915, 7906.145863950915, 7906.145863950915], 
[8225243.689137362, 34426.8418368948, 1351.9508396232645, 1351.9508396232645, 1351.9508396232645, 1351.9508396232645, 1351.9508396232645, 1351.9508396232645, 1351.9508396232645, 1351.9508396232645, 1351.9508396232645, 1351.9508396232645, 1351.9508396232645, 1351.9508396232645, 1351.9508396232645, 1351.9508396232645, 1351.9508396232645, 1351.9508396232645, 1351.9508396232645, 1351.9508396232645], 
[59030.170949863954, 59030.170949863954, 59030.170949863954, 59030.170949863954, 59030.170949863954, 59030.170949863954, 56500.43303678304, 54332.714952997376, 54332.714952997376, 54332.714952997376, 54332.714952997376, 54332.714952997376, 54332.714952997376, 54332.714952997376, 54332.714952997376, 33758.99145549273, 33758.99145549273, 33758.99145549273, 33758.99145549273, 33758.99145549273], 
[57526.584567862265, 5289.114669117029, 5289.114669117029, 5289.114669117029, 5289.114669117029, 5289.114669117029, 4955.745733194573, 4955.745733194573, 4955.745733194573, 4955.745733194573, 4955.745733194573, 4955.745733194573, 4955.745733194573, 4955.745733194573, 4955.745733194573, 4955.745733194573, 4955.745733194573, 4955.745733194573, 4955.745733194573, 4955.745733194573], 
[586055.8620054618, 23830.907341198712, 23830.907341198712, 23830.907341198712, 23830.907341198712, 23830.907341198712, 23830.907341198712, 23830.907341198712, 23830.907341198712, 23830.907341198712, 23830.907341198712, 23830.907341198712, 23830.907341198712, 23830.907341198712, 23830.907341198712, 12819.92146287335, 12819.92146287335, 12819.92146287335, 12819.92146287335, -1044.3058005188084], 
[2622581.297297654, 332562.646350831, 4645.699422940379, 4645.699422940379, 4645.699422940379, 4645.699422940379, 4645.699422940379, 4645.699422940379, 4645.699422940379, 4645.699422940379, 4645.699422940379, 4645.699422940379, 4645.699422940379, 4645.699422940379, 4645.699422940379, 4645.699422940379, 4645.699422940379, 4645.699422940379, 4645.699422940379, 4645.699422940379], 
[46722.800481242084, 46722.800481242084, 46722.800481242084, 46722.800481242084, 46722.800481242084, 46722.800481242084, 46722.800481242084, 46722.800481242084, 18494.322516379285, 18494.322516379285, 18494.322516379285, 8539.64787662519, 8539.64787662519, 8539.64787662519, 8539.64787662519, 8539.64787662519, 8539.64787662519, 8539.64787662519, 8539.64787662519, 8539.64787662519], 
[44406.833879901635, 44406.833879901635, 44406.833879901635, 44406.833879901635, 44406.833879901635, 44406.833879901635, 44406.833879901635, 44406.833879901635, 44406.833879901635, 44406.833879901635, 44406.833879901635, -421.2546364160951, -421.2546364160951, -421.2546364160951, -421.2546364160951, -421.2546364160951, -421.2546364160951, -421.2546364160951, -421.2546364160951, -421.2546364160951], 
[819791.6241652542, 514894.48615340935, 35473.762958279964, 35473.762958279964, 35473.762958279964, 35473.762958279964, 35473.762958279964, 35473.762958279964, 35473.762958279964, 35473.762958279964, 35473.762958279964, 35473.762958279964, 16832.702797846803, 16832.702797846803, 16832.702797846803, 16832.702797846803, 16832.702797846803, 16832.702797846803, 16832.702797846803, 5889.811996021495], 
[1424999.5193864359, 508830.49891965545, 508830.49891965545, 508830.49891965545, 508830.49891965545, 294096.7621769634, 91591.16185317338, 91591.16185317338, 91591.16185317338, 91591.16185317338, 91591.16185317338, 37038.019333447264, 37038.019333447264, 37038.019333447264, 37038.019333447264, 2713.276733722697, 2713.276733722697, 2713.276733722697, 2713.276733722697, 2713.276733722697], 
[404923.89082581695, 404923.89082581695, 284506.68243081216, 284506.68243081216, 94865.11403113903, 94865.11403113903, 94865.11403113903, 37745.739385219895, 37745.739385219895, 9288.79891545785, 9288.79891545785, 9288.79891545785, 9288.79891545785, 9288.79891545785, 9288.79891545785, 9288.79891545785, 9288.79891545785, 9288.79891545785, 9288.79891545785, 9288.79891545785], 
[732050.8261515441, 732050.8261515441, 732050.8261515441, 688107.0652953114, 688107.0652953114, 20657.41930112576, 20657.41930112576, 20657.41930112576, 20657.41930112576, 20657.41930112576, 20657.41930112576, 12670.407441836927, 12670.407441836927, 12670.407441836927, 12670.407441836927, 12670.407441836927, 12670.407441836927, -455.32399498489576, -455.32399498489576, -455.32399498489576], 
