[110.25299472730582, 42.71984268275591, 42.71984268275591, 42.71984268275591, 42.71984268275591, 42.71984268275591, 42.71984268275591, 42.71984268275591, 9.305258150153406, 9.305258150153406, 9.305258150153406, 9.305258150153406, 9.305258150153406, 9.305258150153406, 9.305258150153406, 9.305258150153406, 9.305258150153406, 9.305258150153406, 9.305258150153406, 9.305258150153406], 
[98.1074354028533, 98.1074354028533, 98.1074354028533, 98.1074354028533, 98.1074354028533, 98.1074354028533, 98.1074354028533, 98.1074354028533, 98.1074354028533, 98.1074354028533, 98.1074354028533, 82.42741267284225, 82.42741267284225, 82.42741267284225, 82.42741267284225, 82.42741267284225, 82.42741267284225, 82.42741267284225, 32.81014073707527, 32.81014073707527], 
[130.7995275524982, 125.23180397548725, 117.86551871536487, 117.86551871536487, 40.192913367961445, 40.192913367961445, 40.192913367961445, 16.943924103976165, 16.943924103976165, 16.943924103976165, 16.943924103976165, 16.943924103976165, 16.943924103976165, 16.943924103976165, 16.943924103976165, 16.943924103976165, 16.943924103976165, 16.943924103976165, 16.943924103976165, 16.943924103976165], 
[183.02713860729392, 100.90472759542557, 100.90472759542557, 100.90472759542557, 47.64919141189576, 47.64919141189576, 47.64919141189576, 47.64919141189576, 47.64919141189576, 47.64919141189576, 47.64919141189576, 47.64919141189576, 47.64919141189576, 47.64919141189576, 47.64919141189576, 47.64919141189576, 47.64919141189576, 47.64919141189576, 47.64919141189576, 47.64919141189576], 
[75.92771144402387, 75.92771144402387, 75.92771144402387, 75.92771144402387, 75.92771144402387, 75.92771144402387, 75.92771144402387, 75.92771144402387, 75.92771144402387, 75.92771144402387, 75.92771144402387, 75.92771144402387, 75.92771144402387, 75.92771144402387, 75.92771144402387, 45.18431223698864, 45.18431223698864, 45.18431223698864, 45.18431223698864, 45.18431223698864], 
[111.25806243188488, 107.09418726999506, 107.09418726999506, 107.09418726999506, 107.09418726999506, 107.09418726999506, 107.09418726999506, 107.09418726999506, 107.09418726999506, 107.09418726999506, 54.44999842671795, 54.44999842671795, 54.44999842671795, 54.44999842671795, 54.44999842671795, 54.44999842671795, 54.44999842671795, 54.44999842671795, 54.44999842671795, 54.44999842671795], 
[163.3482056888371, 126.8890219230409, 94.10059881797187, 94.10059881797187, 94.10059881797187, 94.10059881797187, 94.10059881797187, 94.10059881797187, 94.10059881797187, 94.10059881797187, 94.10059881797187, 94.10059881797187, 26.529550447418373, 26.529550447418373, 26.529550447418373, 26.529550447418373, 26.529550447418373, 26.529550447418373, 26.529550447418373, 26.529550447418373], 
[105.55029012113498, 105.55029012113498, 105.55029012113498, 105.55029012113498, 105.55029012113498, 82.5310563641251, 82.5310563641251, 82.5310563641251, 82.5310563641251, 82.5310563641251, 82.5310563641251, 82.5310563641251, 82.5310563641251, 82.5310563641251, 82.5310563641251, 82.5310563641251, 82.5310563641251, 82.5310563641251, 82.5310563641251, 82.5310563641251], 
[115.89530178686812, 115.89530178686812, 115.89530178686812, 115.89530178686812, 115.89530178686812, 115.89530178686812, 54.713229794092406, 19.601058620295717, 19.601058620295717, 19.601058620295717, 19.601058620295717, 19.601058620295717, 19.601058620295717, 19.601058620295717, 19.601058620295717, 19.601058620295717, 19.601058620295717, 19.601058620295717, 19.601058620295717, 19.601058620295717], 
[134.31065628249246, 116.70027717599969, 116.70027717599969, 116.70027717599969, 116.70027717599969, 116.70027717599969, 113.53797999432204, 42.74106565368255, 42.74106565368255, 42.74106565368255, 42.74106565368255, 42.74106565368255, 42.74106565368255, 42.74106565368255, 42.74106565368255, 42.74106565368255, 42.74106565368255, 42.74106565368255, 42.74106565368255, 42.74106565368255], 
[166.8373537978079, 125.31586842156783, 125.31586842156783, 125.31586842156783, 8.509369931699544, 8.509369931699544, 8.509369931699544, 8.509369931699544, 8.509369931699544, 8.509369931699544, 8.509369931699544, 8.509369931699544, 8.509369931699544, 8.509369931699544, 8.509369931699544, 8.509369931699544, 8.509369931699544, 8.509369931699544, 8.509369931699544, 8.509369931699544], 
[118.04547340953067, 109.69192438297637, 109.69192438297637, 109.69192438297637, 109.69192438297637, 109.69192438297637, 109.69192438297637, 109.69192438297637, 109.69192438297637, 109.69192438297637, 103.14103942407039, 103.14103942407039, 103.14103942407039, 103.14103942407039, 103.14103942407039, 103.14103942407039, 103.14103942407039, 103.14103942407039, 103.14103942407039, 103.14103942407039], 
[111.35186628555412, 107.01478156847611, 102.95200819145713, 102.95200819145713, 102.95200819145713, 102.95200819145713, 102.95200819145713, 102.95200819145713, 102.95200819145713, 102.95200819145713, 102.95200819145713, 32.52013288622055, 32.52013288622055, 32.52013288622055, 32.52013288622055, 32.52013288622055, 32.52013288622055, 32.52013288622055, 32.52013288622055, 32.52013288622055], 
[110.04739917448272, 110.04739917448272, 110.04739917448272, 110.04739917448272, 110.04739917448272, 110.04739917448272, 110.04739917448272, 51.90630075803773, 51.90630075803773, 51.90630075803773, 51.90630075803773, 51.90630075803773, 51.90630075803773, 51.90630075803773, 51.90630075803773, 45.397922735492486, 45.397922735492486, 45.397922735492486, 45.397922735492486, 45.397922735492486], 
[103.1427073644016, 103.1427073644016, 103.1427073644016, 103.1427073644016, 103.1427073644016, 103.1427073644016, 103.1427073644016, 76.76685465875875, 76.76685465875875, 76.76685465875875, 76.76685465875875, 76.76685465875875, 76.76685465875875, 76.76685465875875, 76.76685465875875, 76.76685465875875, 76.76685465875875, 76.76685465875875, 76.76685465875875, 76.76685465875875], 
[145.96587665834284, 90.35538091114937, 90.35538091114937, 90.35538091114937, 90.35538091114937, 90.35538091114937, 90.35538091114937, 90.35538091114937, 90.35538091114937, 90.35538091114937, 90.35538091114937, 90.35538091114937, 90.35538091114937, 90.35538091114937, 90.35538091114937, 90.35538091114937, 90.35538091114937, 53.11483142991833, 53.11483142991833, 53.11483142991833], 
[117.23960063193552, 117.23960063193552, 114.9693730051892, 114.9693730051892, 114.9693730051892, 114.9693730051892, 114.9693730051892, 112.88648630186947, 112.88648630186947, 112.88648630186947, 112.88648630186947, 112.88648630186947, 107.98669270351729, 85.45028409522175, 85.45028409522175, 63.40560988473883, 63.40560988473883, 63.40560988473883, 63.40560988473883, 63.40560988473883], 
[115.4848786039068, 62.005329530096574, 62.005329530096574, 62.005329530096574, 62.005329530096574, 62.005329530096574, 62.005329530096574, 62.005329530096574, 62.005329530096574, 62.005329530096574, 62.005329530096574, 62.005329530096574, 62.005329530096574, 62.005329530096574, 62.005329530096574, 62.005329530096574, 62.005329530096574, 62.005329530096574, 62.005329530096574, 62.005329530096574], 
[127.33662814469758, 119.99827996360025, 119.99827996360025, 119.99827996360025, 108.8523097795472, 108.8523097795472, 108.8523097795472, 108.8523097795472, 108.59187687895721, 108.59187687895721, 84.38404061427644, 84.38404061427644, 84.38404061427644, 84.38404061427644, 84.38404061427644, 84.38404061427644, 84.38404061427644, 84.38404061427644, 84.38404061427644, 84.38404061427644], 
[156.37142052588942, 144.74083787948615, 123.30281421841887, 57.651961955060194, 57.651961955060194, 57.651961955060194, 57.651961955060194, 57.651961955060194, 57.651961955060194, 57.651961955060194, 57.651961955060194, 57.651961955060194, 57.651961955060194, 57.651961955060194, 57.651961955060194, 57.651961955060194, 38.9786850296845, 38.9786850296845, 38.9786850296845, 38.9786850296845], 
[100.54962266775856, 100.54962266775856, 100.54962266775856, 100.54962266775856, 100.54962266775856, 100.54962266775856, 100.54962266775856, 100.54962266775856, 100.54962266775856, 100.54962266775856, 84.1374072584443, 84.1374072584443, 84.1374072584443, 84.1374072584443, 84.1374072584443, 84.1374072584443, 84.1374072584443, 84.1374072584443, 84.1374072584443, 84.1374072584443], 
[127.57949100532299, 118.7884798507811, 118.7884798507811, 118.7884798507811, 13.35716423332768, 13.35716423332768, 13.35716423332768, 13.35716423332768, 13.35716423332768, 13.35716423332768, 13.35716423332768, 13.35716423332768, 13.35716423332768, 13.35716423332768, 13.35716423332768, 13.35716423332768, 13.35716423332768, 13.35716423332768, 13.35716423332768, 13.35716423332768], 
[149.2893514496485, 136.09193833020385, 48.98955959196694, 48.98955959196694, 48.98955959196694, 48.98955959196694, 48.98955959196694, 48.98955959196694, 48.98955959196694, 48.98955959196694, 48.98955959196694, 48.98955959196694, 48.98955959196694, 48.98955959196694, 48.98955959196694, 48.98955959196694, 48.98955959196694, 48.98955959196694, 48.98955959196694, 48.98955959196694], 
[144.41521598673467, 144.41521598673467, 111.89363611918758, 111.89363611918758, 111.89363611918758, 111.89363611918758, 88.27843960916726, 88.27843960916726, 88.27843960916726, 88.27843960916726, 62.56688935235039, 62.56688935235039, 62.56688935235039, 62.56688935235039, 62.56688935235039, 62.56688935235039, 53.01643451892207, 53.01643451892207, 18.67419663053552, 18.67419663053552], 
[122.9408658785205, 122.9408658785205, 122.9408658785205, 107.47982887832686, 107.47982887832686, 107.47982887832686, 95.78241285837706, 95.78241285837706, 95.78241285837706, 95.78241285837706, 95.78241285837706, 95.78241285837706, 95.78241285837706, 95.78241285837706, 95.78241285837706, 95.78241285837706, 95.78241285837706, 95.78241285837706, 95.78241285837706, 95.78241285837706], 
[121.11841069174528, 84.16184300958813, 84.16184300958813, 84.16184300958813, 84.16184300958813, 84.16184300958813, 84.16184300958813, 84.16184300958813, 83.40966972394611, 11.319262962234186, 11.319262962234186, 11.319262962234186, 11.319262962234186, 11.319262962234186, 11.319262962234186, 11.319262962234186, 11.319262962234186, 11.319262962234186, 11.319262962234186, 11.319262962234186], 
[133.11581634528048, 38.09932818722238, 38.09932818722238, 38.09932818722238, 38.09932818722238, 38.09932818722238, 38.09932818722238, 38.09932818722238, 38.09932818722238, 38.09932818722238, 38.09932818722238, 38.09932818722238, 38.09932818722238, 38.09932818722238, 38.09932818722238, 38.09932818722238, 38.09932818722238, 38.09932818722238, 38.09932818722238, 38.09932818722238], 
[118.48154750333927, 118.48154750333927, 118.48154750333927, 118.48154750333927, 113.01309843751197, 113.01309843751197, 113.01309843751197, 113.01309843751197, 113.01309843751197, 108.40593997200386, 94.04891095657669, 94.04891095657669, 94.04891095657669, 94.04891095657669, 94.04891095657669, 94.04891095657669, 94.04891095657669, 94.04891095657669, 94.04891095657669, 94.04891095657669], 
[156.8347139919341, 119.94019437845863, 119.94019437845863, 115.65025671194056, 108.49593613123145, 71.79507483774805, 71.79507483774805, 71.79507483774805, 71.79507483774805, 71.79507483774805, 71.79507483774805, 71.79507483774805, 71.79507483774805, 71.79507483774805, 71.79507483774805, 71.79507483774805, 71.79507483774805, 71.79507483774805, 71.79507483774805, 71.79507483774805], 
[130.78135591830517, 128.36955897856058, 127.46929135389294, 113.72370842772858, 113.72370842772858, 77.84548719868498, 77.84548719868498, 77.84548719868498, 77.84548719868498, 77.84548719868498, 77.84548719868498, 77.84548719868498, 58.29516092337792, 58.29516092337792, 58.29516092337792, 58.29516092337792, 36.45286310438961, 36.45286310438961, 36.45286310438961, 36.45286310438961], 
