[408317.64144129277, 408317.64144129277, 126972.69768861064, 126972.69768861064, 126972.69768861064, 126915.7108576569, 88286.10302666594, 55132.56784567609, 22457.308892631623, 22457.308892631623, 22457.308892631623, 5270.31390627964, 5270.31390627964, 5270.31390627964, 5270.31390627964, 5270.31390627964, 5270.31390627964, 5270.31390627964, 5270.31390627964, 5270.31390627964], 
[1709859.6862771101, 1241542.977273685, 1241542.977273685, 1241542.977273685, 226293.55060172628, 226293.55060172628, 11254.81127069906, 11254.81127069906, 11254.81127069906, 11254.81127069906, 5952.617800875334, 5952.617800875334, 5952.617800875334, 5952.617800875334, 5952.617800875334, 5952.617800875334, 5952.617800875334, -978.7554480116846, -978.7554480116846, -978.7554480116846], 
[116832.32459443463, 116832.32459443463, 52808.52444110454, 52808.52444110454, 25367.15339253603, 25367.15339253603, 25367.15339253603, 25367.15339253603, 25367.15339253603, 15279.015582742344, 15279.015582742344, 15279.015582742344, 15279.015582742344, 15279.015582742344, 15279.015582742344, 15279.015582742344, 15279.015582742344, 15279.015582742344, 15279.015582742344, 15279.015582742344], 
[2019088.016411125, 293362.8333313645, 293362.8333313645, -47.56028474544064, -47.56028474544064, -47.56028474544064, -47.56028474544064, -47.56028474544064, -47.56028474544064, -47.56028474544064, -47.56028474544064, -47.56028474544064, -47.56028474544064, -47.56028474544064, -47.56028474544064, -47.56028474544064, -47.56028474544064, -47.56028474544064, -47.56028474544064, -47.56028474544064], 
[274026.2742999594, 274026.2742999594, 136242.69246133626, 136242.69246133626, 46398.79586664447, 46398.79586664447, 46398.79586664447, 18505.786926626668, 15738.488677662492, 15738.488677662492, 15738.488677662492, 192.32307547386495, 192.32307547386495, 192.32307547386495, 192.32307547386495, 192.32307547386495, 192.32307547386495, 192.32307547386495, 192.32307547386495, 192.32307547386495], 
[218532.27285050982, 20636.345977468885, 20636.345977468885, 20636.345977468885, 20636.345977468885, 336.92362041313254, 336.92362041313254, 336.92362041313254, 336.92362041313254, 336.92362041313254, 336.92362041313254, 336.92362041313254, 336.92362041313254, 336.92362041313254, 336.92362041313254, 336.92362041313254, 336.92362041313254, 336.92362041313254, 336.92362041313254, 336.92362041313254], 
[4727271.287835307, 3047474.3916140436, 12944.564780746467, 12944.564780746467, 12944.564780746467, 12944.564780746467, 12944.564780746467, 12944.564780746467, 12944.564780746467, 12944.564780746467, 12944.564780746467, 12944.564780746467, 12944.564780746467, 5571.394992013135, 5571.394992013135, 5571.394992013135, 5571.394992013135, 5571.394992013135, 5571.394992013135, 5571.394992013135], 
[43504.01726925786, 43504.01726925786, 43504.01726925786, 38122.55812159466, 38122.55812159466, 38122.55812159466, 38122.55812159466, 38122.55812159466, 38122.55812159466, 38122.55812159466, 38122.55812159466, 38122.55812159466, 38122.55812159466, 38122.55812159466, 38122.55812159466, 38122.55812159466, 38122.55812159466, 38122.55812159466, 38122.55812159466, 38122.55812159466], 
[3956806.325875023, 581184.6471479646, 1636.1101222916382, 1636.1101222916382, 1636.1101222916382, 1636.1101222916382, 1636.1101222916382, 1636.1101222916382, 1636.1101222916382, 1636.1101222916382, 1636.1101222916382, 1636.1101222916382, 1636.1101222916382, -574.5717838046543, -574.5717838046543, -574.5717838046543, -574.5717838046543, -574.5717838046543, -574.5717838046543, -574.5717838046543], 
[49825.612897116356, 21570.65578151762, 5393.033647493161, 5393.033647493161, 5393.033647493161, 5393.033647493161, 5393.033647493161, 5393.033647493161, 5393.033647493161, 5393.033647493161, 5393.033647493161, 5393.033647493161, 5393.033647493161, 5393.033647493161, 5393.033647493161, 5393.033647493161, 5393.033647493161, 5393.033647493161, 5393.033647493161, 5393.033647493161], 
[131460.6485053035, 131460.6485053035, 12545.388661269455, 12545.388661269455, 12545.388661269455, 12545.388661269455, 12545.388661269455, 3145.5656934164363, 3145.5656934164363, 3145.5656934164363, 3145.5656934164363, 3145.5656934164363, 3145.5656934164363, 3145.5656934164363, 3145.5656934164363, 3145.5656934164363, 3145.5656934164363, 3145.5656934164363, 3145.5656934164363, 3145.5656934164363], 
[5188962.738997215, 2138359.2822652804, -19.15701541124099, -19.15701541124099, -19.15701541124099, -19.15701541124099, -19.15701541124099, -19.15701541124099, -19.15701541124099, -19.15701541124099, -19.15701541124099, -19.15701541124099, -19.15701541124099, -19.15701541124099, -19.15701541124099, -19.15701541124099, -19.15701541124099, -19.15701541124099, -19.15701541124099, -19.15701541124099], 
[2523982.8660778375, 16521.15259853289, 16521.15259853289, 16219.095482172539, 16219.095482172539, 16219.095482172539, 16219.095482172539, 16219.095482172539, 16219.095482172539, 16219.095482172539, 16219.095482172539, 16219.095482172539, 16219.095482172539, 16219.095482172539, 16219.095482172539, 16219.095482172539, 2997.106131959772, 2997.106131959772, 2997.106131959772, 2997.106131959772], 
[122888.11627966745, 122888.11627966745, 122888.11627966745, 122888.11627966745, 76518.33017869138, 76518.33017869138, 76518.33017869138, 68911.92468521642, 1102.9050769829705, 1102.9050769829705, 1102.9050769829705, 1102.9050769829705, 1102.9050769829705, 1102.9050769829705, 1102.9050769829705, 1102.9050769829705, 1102.9050769829705, 1102.9050769829705, 1102.9050769829705, 1102.9050769829705], 
[493893.71531392564, 493893.71531392564, 493893.71531392564, 493893.71531392564, 877.868325030131, 877.868325030131, 877.868325030131, 877.868325030131, 877.868325030131, 877.868325030131, 877.868325030131, 877.868325030131, 877.868325030131, 877.868325030131, 877.868325030131, 877.868325030131, 877.868325030131, 877.868325030131, -346.61774368365604, -346.61774368365604], 
[1784330.844438888, 439977.1648899694, 296073.7638516806, 296073.7638516806, 296073.7638516806, 52345.00563308072, 52345.00563308072, 52345.00563308072, 52345.00563308072, 52345.00563308072, 8295.38108318458, 8295.38108318458, 8295.38108318458, 8295.38108318458, 8295.38108318458, 8295.38108318458, 8295.38108318458, 8295.38108318458, 8295.38108318458, 8295.38108318458], 
[335389.33695016685, 335389.33695016685, 335389.33695016685, 335389.33695016685, 335389.33695016685, 8553.327599508164, 8553.327599508164, 6472.108232267487, 6472.108232267487, 6472.108232267487, 6472.108232267487, 6472.108232267487, 6472.108232267487, 6472.108232267487, 6472.108232267487, 6472.108232267487, 6472.108232267487, 5546.618627855912, 5546.618627855912, 5546.618627855912], 
[44903.91907486231, 44903.91907486231, 44903.91907486231, 22149.98887821339, 22149.98887821339, 22149.98887821339, 22149.98887821339, 22149.98887821339, 22149.98887821339, 8711.01115917447, 8711.01115917447, 8711.01115917447, 8711.01115917447, 8711.01115917447, 8711.01115917447, 8711.01115917447, 8711.01115917447, 7355.589086061254, 7355.589086061254, 7355.589086061254], 
[485258.37699438335, 485258.37699438335, 35502.669524330864, 35502.669524330864, 35502.669524330864, 35502.669524330864, 35502.669524330864, 35502.669524330864, 35502.669524330864, 35502.669524330864, 35502.669524330864, 35502.669524330864, 4744.729503370736, 4744.729503370736, 4744.729503370736, 4744.729503370736, 4744.729503370736, 4744.729503370736, 4744.729503370736, 4744.729503370736], 
[320988.6450224706, 122639.17677627108, 122639.17677627108, 122639.17677627108, 33394.08282616717, 33394.08282616717, 33394.08282616717, 33394.08282616717, 27865.98532047551, 27865.98532047551, 19574.146463919213, 19574.146463919213, 19574.146463919213, 19574.146463919213, 19574.146463919213, 19574.146463919213, 14760.817642654012, 14760.817642654012, 14760.817642654012, 14760.817642654012], 
[496272.6540976155, 94730.83036692432, 8303.263480623604, 8303.263480623604, 8303.263480623604, 8303.263480623604, 8303.263480623604, 8303.263480623604, 8303.263480623604, 8303.263480623604, 8303.263480623604, 8303.263480623604, 8303.263480623604, 8303.263480623604, 8303.263480623604, 8303.263480623604, 8303.263480623604, 8303.263480623604, 8303.263480623604, 8303.263480623604], 
[131065.00311203764, 14552.553272069352, 14552.553272069352, 14552.553272069352, 14552.553272069352, 14552.553272069352, 14552.553272069352, 14552.553272069352, 14552.553272069352, 14552.553272069352, 14552.553272069352, 14552.553272069352, 14552.553272069352, 14552.553272069352, 14552.553272069352, 14552.553272069352, 14552.553272069352, 14552.553272069352, 14552.553272069352, 14552.553272069352], 
[2039386.3503769622, 125.73761042093156, 125.73761042093156, 125.73761042093156, 125.73761042093156, 125.73761042093156, 125.73761042093156, 125.73761042093156, 125.73761042093156, 125.73761042093156, 125.73761042093156, 125.73761042093156, 125.73761042093156, 125.73761042093156, 125.73761042093156, 125.73761042093156, 125.73761042093156, 125.73761042093156, 125.73761042093156, 125.73761042093156], 
[-920.1668248272196, -920.1668248272196, -920.1668248272196, -920.1668248272196, -920.1668248272196, -920.1668248272196, -920.1668248272196, -920.1668248272196, -920.1668248272196, -920.1668248272196, -920.1668248272196, -920.1668248272196, -920.1668248272196, -920.1668248272196, -920.1668248272196, -920.1668248272196, -920.1668248272196, -920.1668248272196, -920.1668248272196, -920.1668248272196], 
[328542.3051527218, 2392.4046151794546, 2392.4046151794546, 2392.4046151794546, 2392.4046151794546, 2392.4046151794546, 2392.4046151794546, 2392.4046151794546, 2392.4046151794546, 2392.4046151794546, 2392.4046151794546, 2392.4046151794546, 2392.4046151794546, 2392.4046151794546, 2392.4046151794546, 2392.4046151794546, 2392.4046151794546, 2392.4046151794546, 2392.4046151794546, -635.1958664463444], 
[2164523.9346218724, 1903.7193308705369, 1903.7193308705369, 1903.7193308705369, 1903.7193308705369, 1903.7193308705369, 1903.7193308705369, 1903.7193308705369, 1903.7193308705369, -350.0388650083463, -350.0388650083463, -350.0388650083463, -350.0388650083463, -350.0388650083463, -350.0388650083463, -350.0388650083463, -350.0388650083463, -350.0388650083463, -350.0388650083463, -350.0388650083463], 
[1765283.655322623, 77483.77784125262, 77483.77784125262, 18835.080869784444, 18835.080869784444, 18835.080869784444, 18835.080869784444, 18835.080869784444, 18835.080869784444, 18835.080869784444, 18835.080869784444, 17895.640014429293, 17895.640014429293, 17895.640014429293, 17895.640014429293, 12344.931649577573, 12344.931649577573, 7868.184847095412, 7868.184847095412, 7868.184847095412], 
[4839321.028012144, 505404.78959681664, 53956.53692564987, 53956.53692564987, 24682.579241319596, 24682.579241319596, 20748.820762400796, 20748.820762400796, 20748.820762400796, 20748.820762400796, 20748.820762400796, 20748.820762400796, 20748.820762400796, 20748.820762400796, 20748.820762400796, 20748.820762400796, 20748.820762400796, 20748.820762400796, 20748.820762400796, 5075.4653958238505], 
[191877.06740818184, 140603.56367819698, 140603.56367819698, 140603.56367819698, 140603.56367819698, 140603.56367819698, 22067.29245114897, 22067.29245114897, 22067.29245114897, 22067.29245114897, 11529.478462401537, 11529.478462401537, 11529.478462401537, 11529.478462401537, 11529.478462401537, 11529.478462401537, 11529.478462401537, 8189.970510011817, 8189.970510011817, 8189.970510011817], 
[2793811.0075352504, 484.84658750506196, 484.84658750506196, 484.84658750506196, 484.84658750506196, 484.84658750506196, 484.84658750506196, 484.84658750506196, 484.84658750506196, 484.84658750506196, 484.84658750506196, 484.84658750506196, 484.84658750506196, 484.84658750506196, 484.84658750506196, 484.84658750506196, 484.84658750506196, 484.84658750506196, 484.84658750506196, 484.84658750506196], 
