[4681.147302658305, 4681.147302658305, 4681.147302658305, 4681.147302658305, 4681.147302658305, 4681.147302658305, 4681.147302658305, 4681.147302658305, 4681.147302658305, 4681.147302658305, 4681.147302658305, 4681.147302658305, 4681.147302658305, 881.7929028283206, 881.7929028283206, 881.7929028283206, 881.7929028283206, 881.7929028283206, 881.7929028283206, 881.7929028283206], 
[2634680.3369499533, 151714.70344763907, 18999.54993928806, 3742.8295902639366, 3742.8295902639366, 2600.792917931276, 2600.792917931276, 2600.792917931276, 2600.792917931276, 2600.792917931276, 2600.792917931276, 2600.792917931276, 2600.792917931276, -151.54586101261248, -151.54586101261248, -151.54586101261248, -151.54586101261248, -151.54586101261248, -151.54586101261248, -151.54586101261248], 
[37090.690508931766, 37090.690508931766, 8308.837591500967, 8308.837591500967, 8308.837591500967, 8308.837591500967, 8308.837591500967, 8308.837591500967, 8308.837591500967, 8308.837591500967, 8308.837591500967, 5406.320192287423, 5406.320192287423, 5406.320192287423, 5406.320192287423, 5406.320192287423, 5406.320192287423, 4032.7903977384194, 4032.7903977384194, 4032.7903977384194], 
[436949.293931042, 3858.514125910435, 3858.514125910435, 3858.514125910435, 3858.514125910435, 3858.514125910435, 3858.514125910435, 3858.514125910435, 3858.514125910435, 3858.514125910435, 3858.514125910435, 3858.514125910435, 3858.514125910435, 3858.514125910435, 3858.514125910435, 3858.514125910435, 3858.514125910435, 3858.514125910435, 3858.514125910435, 3858.514125910435], 
[362133.8614568691, 93678.09953016801, 93678.09953016801, 11927.87857413125, 11708.527427192832, 11708.527427192832, 11708.527427192832, 4742.531492565175, 4742.531492565175, 4742.531492565175, 4742.531492565175, 4742.531492565175, 4742.531492565175, 4742.531492565175, 4742.531492565175, 4742.531492565175, 4742.531492565175, 4742.531492565175, 4742.531492565175, 4742.531492565175], 
[3315880.7171955085, 1331556.3004190447, 420367.27526147733, 113001.54176300246, 113001.54176300246, 88756.34993005393, 69317.17951496354, 69317.17951496354, 69317.17951496354, 23740.23589823457, 9718.549574778845, 9718.549574778845, 9718.549574778845, 9718.549574778845, 9718.549574778845, 9718.549574778845, 9718.549574778845, 9718.549574778845, 9718.549574778845, 9718.549574778845], 
[23415.13222554632, 23415.13222554632, 23415.13222554632, 23415.13222554632, 12344.881221183066, 12344.881221183066, 12344.881221183066, 12344.881221183066, 12344.881221183066, 6462.774187445386, 6462.774187445386, 6462.774187445386, 6462.774187445386, 6462.774187445386, 6462.774187445386, 6462.774187445386, 6462.774187445386, 6462.774187445386, 6462.774187445386, 6462.774187445386], 
[4105015.714526509, 2116.1436696010896, 2116.1436696010896, 2116.1436696010896, 2116.1436696010896, 2116.1436696010896, 2116.1436696010896, 2116.1436696010896, 2116.1436696010896, 2116.1436696010896, 2116.1436696010896, 2116.1436696010896, 2116.1436696010896, 2116.1436696010896, 2116.1436696010896, 2116.1436696010896, 2116.1436696010896, 2116.1436696010896, 2116.1436696010896, 2116.1436696010896], 
[198283.4866889671, 44782.45739128849, 44782.45739128849, 44782.45739128849, 21657.176456919424, 21657.176456919424, 21657.176456919424, 21657.176456919424, 21657.176456919424, 21657.176456919424, 20287.716617786908, 20287.716617786908, 20287.716617786908, 20287.716617786908, 20287.716617786908, 20287.716617786908, 20287.716617786908, 20287.716617786908, 20287.716617786908, 20287.716617786908], 
[1961726.385954319, 209836.4077162601, 209836.4077162601, 209836.4077162601, 209836.4077162601, 209836.4077162601, 209836.4077162601, 4201.599139704211, 4201.599139704211, 4201.599139704211, 4201.599139704211, 4201.599139704211, 2672.977694172245, 2672.977694172245, 2672.977694172245, 2672.977694172245, 2672.977694172245, 2672.977694172245, 2672.977694172245, 2672.977694172245], 
[210.01814276963842, 210.01814276963842, 210.01814276963842, 210.01814276963842, 210.01814276963842, 210.01814276963842, 210.01814276963842, 210.01814276963842, 210.01814276963842, 210.01814276963842, 210.01814276963842, 210.01814276963842, 210.01814276963842, 210.01814276963842, 210.01814276963842, 210.01814276963842, 210.01814276963842, 210.01814276963842, 210.01814276963842, 210.01814276963842], 
[2263582.572663002, 52476.96728273039, 52476.96728273039, 52476.96728273039, 52476.96728273039, 52476.96728273039, 52476.96728273039, 52476.96728273039, 52476.96728273039, 20112.751727386076, 20112.751727386076, 20112.751727386076, 20112.751727386076, 20112.751727386076, 20112.751727386076, 20112.751727386076, 20112.751727386076, 20112.751727386076, 20112.751727386076, 20112.751727386076], 
[313525.9485361775, 39026.21818073091, 39026.21818073091, 17171.78135039451, 17171.78135039451, 17171.78135039451, 6928.784048533793, 6928.784048533793, 6928.784048533793, 6928.784048533793, 5634.478234430183, 1904.0112646658881, 1904.0112646658881, 1904.0112646658881, 1904.0112646658881, 1904.0112646658881, 1904.0112646658881, 1904.0112646658881, 1904.0112646658881, 1904.0112646658881], 
[939585.9847776269, 875339.7819530903, 875339.7819530903, 875339.7819530903, 875339.7819530903, 26514.163455435173, 26514.163455435173, 3100.230207077476, 3100.230207077476, 3100.230207077476, 3100.230207077476, 3100.230207077476, 3100.230207077476, 3100.230207077476, 3100.230207077476, 3100.230207077476, 3100.230207077476, 3100.230207077476, 3100.230207077476, 3100.230207077476], 
[896992.6167112278, 896992.6167112278, 59792.76655592002, 59792.76655592002, 59792.76655592002, 59792.76655592002, 59792.76655592002, 59792.76655592002, 59792.76655592002, 59792.76655592002, 43516.39982847312, 7646.313445811942, 7646.313445811942, 7646.313445811942, 7646.313445811942, 7646.313445811942, 7646.313445811942, 7646.313445811942, 7646.313445811942, 7646.313445811942], 
[97382.27871394414, 12638.238349228146, 12638.238349228146, 12638.238349228146, 12638.238349228146, 12638.238349228146, 12638.238349228146, 12638.238349228146, 12638.238349228146, 12638.238349228146, 12638.238349228146, 12638.238349228146, 12638.238349228146, 12638.238349228146, 12638.238349228146, 12638.238349228146, 12638.238349228146, 12638.238349228146, 12638.238349228146, 12638.238349228146], 
[133065.56626114403, 122763.57203384933, 118078.08039629916, 35078.5024862248, 35078.5024862248, 9418.02245252561, 9418.02245252561, 9418.02245252561, 9418.02245252561, 8862.383940345935, 8862.383940345935, 8862.383940345935, 8862.383940345935, 8862.383940345935, 8862.383940345935, 8862.383940345935, 8862.383940345935, 8862.383940345935, 8862.383940345935, 8862.383940345935], 
[15674.908341056525, 15674.908341056525, 15674.908341056525, 15674.908341056525, 15674.908341056525, 3552.2117854534154, 3552.2117854534154, 3552.2117854534154, 3552.2117854534154, 3552.2117854534154, 3552.2117854534154, 3552.2117854534154, 3552.2117854534154, 3552.2117854534154, 3552.2117854534154, 3552.2117854534154, 3552.2117854534154, 3552.2117854534154, 3552.2117854534154, 3552.2117854534154], 
[419879.39125123504, 419879.39125123504, 55819.15141150715, 55819.15141150715, 55819.15141150715, 55819.15141150715, 3022.711827029356, 3022.711827029356, 1620.6897911059568, 1620.6897911059568, 1620.6897911059568, 1620.6897911059568, 1620.6897911059568, 1620.6897911059568, 1620.6897911059568, 1620.6897911059568, 1620.6897911059568, 1620.6897911059568, 1620.6897911059568, 1620.6897911059568], 
[221748.32174562832, 2108.9881809052463, 2108.9881809052463, 2108.9881809052463, 2108.9881809052463, 2108.9881809052463, 2108.9881809052463, 2108.9881809052463, 2108.9881809052463, 2108.9881809052463, 2108.9881809052463, 2108.9881809052463, 2108.9881809052463, 2108.9881809052463, 2108.9881809052463, 2108.9881809052463, 2108.9881809052463, 2108.9881809052463, 2108.9881809052463, 2108.9881809052463], 
[211839.79905813455, 211839.79905813455, 211839.79905813455, 211839.79905813455, 13871.875126522313, -535.5162767546473, -535.5162767546473, -535.5162767546473, -535.5162767546473, -535.5162767546473, -535.5162767546473, -535.5162767546473, -535.5162767546473, -535.5162767546473, -535.5162767546473, -535.5162767546473, -535.5162767546473, -535.5162767546473, -535.5162767546473, -535.5162767546473], 
[3414852.9819264687, 6301.365814814908, 6301.365814814908, 6301.365814814908, 1434.497258017378, 1434.497258017378, 1434.497258017378, 1434.497258017378, 1434.497258017378, 1434.497258017378, 1434.497258017378, 1434.497258017378, 1434.497258017378, 1434.497258017378, 1434.497258017378, 1434.497258017378, 1434.497258017378, 1434.497258017378, 1434.497258017378, 1434.497258017378], 
[1849.0774407538938, 1849.0774407538938, 1849.0774407538938, 1849.0774407538938, 1849.0774407538938, 1849.0774407538938, 1849.0774407538938, 1849.0774407538938, 1274.235747540837, 1274.235747540837, 1274.235747540837, 1274.235747540837, 1274.235747540837, 1274.235747540837, 1274.235747540837, 1274.235747540837, 1274.235747540837, 1274.235747540837, 1274.235747540837, 1274.235747540837], 
[112881.71082128731, 76912.32267329941, 76912.32267329941, 6665.87653480066, 6665.87653480066, 6665.87653480066, 6665.87653480066, 6665.87653480066, 6665.87653480066, 6665.87653480066, 6665.87653480066, 6665.87653480066, 6665.87653480066, 6665.87653480066, 6665.87653480066, 6665.87653480066, 6665.87653480066, 6665.87653480066, 6665.87653480066, 6665.87653480066], 
[22867.348041756417, 22867.348041756417, 22867.348041756417, 22867.348041756417, 22867.348041756417, 22867.348041756417, 22867.348041756417, 22867.348041756417, 22867.348041756417, 22867.348041756417, 22867.348041756417, 22867.348041756417, 11094.49793500133, 11094.49793500133, 11094.49793500133, 11094.49793500133, 11094.49793500133, 11094.49793500133, 11094.49793500133, 7589.360302180294], 
[419560.6144593274, 419560.6144593274, 419560.6144593274, 3212.824877639505, 3212.824877639505, 3212.824877639505, 3212.824877639505, 3212.824877639505, 3212.824877639505, 3212.824877639505, 3212.824877639505, 3212.824877639505, 3212.824877639505, 3212.824877639505, 3212.824877639505, 3212.824877639505, 3212.824877639505, 3212.824877639505, 3212.824877639505, 3212.824877639505], 
[42904.593111330825, 42904.593111330825, 42904.593111330825, 42904.593111330825, 42904.593111330825, 42904.593111330825, 42904.593111330825, 42904.593111330825, 42904.593111330825, 42904.593111330825, 42904.593111330825, 42904.593111330825, 42904.593111330825, 42904.593111330825, 42904.593111330825, -1016.7812603108046, -1016.7812603108046, -1016.7812603108046, -1016.7812603108046, -1016.7812603108046], 
[141066.5414370614, 141066.5414370614, 5692.897214552711, 5692.897214552711, 5692.897214552711, 5692.897214552711, 5692.897214552711, 5692.897214552711, 5692.897214552711, 5692.897214552711, 5692.897214552711, 5692.897214552711, 5692.897214552711, 5692.897214552711, 5692.897214552711, 5692.897214552711, 5692.897214552711, 5692.897214552711, 5692.897214552711, 5692.897214552711], 
[2460508.4494918357, 61420.79359597632, 61420.79359597632, 61420.79359597632, 12364.839471354142, 12364.839471354142, 12364.839471354142, 12364.839471354142, 12364.839471354142, 12364.839471354142, 12364.839471354142, 12364.839471354142, 12364.839471354142, 12364.839471354142, 12364.839471354142, 12364.839471354142, 12364.839471354142, 9227.182123874723, 9227.182123874723, 9227.182123874723], 
[463017.27489461587, 463017.27489461587, 463017.27489461587, 463017.27489461587, 463017.27489461587, 37902.01565325532, 23270.373424892692, 23270.373424892692, 23270.373424892692, 23270.373424892692, 23270.373424892692, 23270.373424892692, 23270.373424892692, 15797.602626763619, 15797.602626763619, 15797.602626763619, 4634.1582934043945, 4634.1582934043945, 4634.1582934043945, 4634.1582934043945], 
