[44227.32580998111, 44227.32580998111, 44227.32580998111, 38821.88619451535, 38821.88619451535, 38821.88619451535, 33114.94905102327, 33114.94905102327, 10884.483715854414, 10884.483715854414, 10884.483715854414, 10884.483715854414, 10884.483715854414, 10884.483715854414, 10884.483715854414, 10884.483715854414, 10884.483715854414, 10884.483715854414, 10884.483715854414, 10884.483715854414], 
[126816.33723972301, 126816.33723972301, 49349.22269896344, 49349.22269896344, 49349.22269896344, 49349.22269896344, 49349.22269896344, 49349.22269896344, 49349.22269896344, 49349.22269896344, 49349.22269896344, 49349.22269896344, 3916.6869393076577, 3916.6869393076577, 3916.6869393076577, 3916.6869393076577, 3916.6869393076577, 3916.6869393076577, 3916.6869393076577, 3916.6869393076577], 
[36059.688128063135, 36059.688128063135, 36059.688128063135, 16709.97348064542, 16709.97348064542, 16709.97348064542, 16709.97348064542, 2389.3316210007088, 2389.3316210007088, 2389.3316210007088, 2389.3316210007088, 2389.3316210007088, 2389.3316210007088, 2389.3316210007088, 2389.3316210007088, 2389.3316210007088, 2389.3316210007088, 2389.3316210007088, 2389.3316210007088, 2389.3316210007088], 
[441326.64438725513, 12775.472901352672, 12775.472901352672, 12775.472901352672, 7941.4297774067, 7941.4297774067, 1714.3367583215904, 1714.3367583215904, 1714.3367583215904, 1714.3367583215904, 1714.3367583215904, 1714.3367583215904, 1714.3367583215904, 1714.3367583215904, 1714.3367583215904, 1714.3367583215904, 1714.3367583215904, 1714.3367583215904, 1714.3367583215904, 1714.3367583215904], 
[191480.64079091637, 191480.64079091637, 108928.27979450424, 108928.27979450424, 108928.27979450424, 108928.27979450424, 108928.27979450424, 108928.27979450424, 108928.27979450424, 29959.931938079106, 29959.931938079106, 29959.931938079106, 29959.931938079106, 29959.931938079106, 29959.931938079106, 29959.931938079106, 29959.931938079106, 29959.931938079106, 26045.27464488712, 26045.27464488712], 
[12904.726474965622, 12904.726474965622, 12904.726474965622, 12904.726474965622, 6456.603985950116, 6456.603985950116, 6456.603985950116, 6456.603985950116, 6456.603985950116, 6456.603985950116, 6456.603985950116, 6456.603985950116, 6456.603985950116, 6456.603985950116, 6456.603985950116, 6456.603985950116, 6456.603985950116, 6456.603985950116, 6456.603985950116, 6456.603985950116], 
[361307.0008795786, 361307.0008795786, 34184.439776358515, 34184.439776358515, 34184.439776358515, 34184.439776358515, 34184.439776358515, 34184.439776358515, 34184.439776358515, 34184.439776358515, 34184.439776358515, 34184.439776358515, 7092.424671751402, 7092.424671751402, 7092.424671751402, 7092.424671751402, 1401.7124957175838, 1401.7124957175838, 1401.7124957175838, 1401.7124957175838], 
[134016.10519114046, 2472.122762764451, 2472.122762764451, 2472.122762764451, 2472.122762764451, 2472.122762764451, 2472.122762764451, 2472.122762764451, 2472.122762764451, 2472.122762764451, 2472.122762764451, 2472.122762764451, 2472.122762764451, 1230.24995255868, 1230.24995255868, 1230.24995255868, 1230.24995255868, 1230.24995255868, 1230.24995255868, 1230.24995255868], 
[17950113.5035405, 5621458.025552314, 2020245.8093295586, 260882.07603910752, 115469.75619975718, 115469.75619975718, 58618.11778658455, 58618.11778658455, 58618.11778658455, 58618.11778658455, 58618.11778658455, 58618.11778658455, 58618.11778658455, 58618.11778658455, 58618.11778658455, 58618.11778658455, 58618.11778658455, 17750.614765238795, 17750.614765238795, 17750.614765238795], 
[140795.92527581472, 70320.28128637958, 70320.28128637958, 45218.06447904958, 45218.06447904958, 45218.06447904958, 45218.06447904958, 45218.06447904958, 45218.06447904958, 45218.06447904958, 45218.06447904958, 45218.06447904958, 45218.06447904958, 45218.06447904958, 45218.06447904958, 45218.06447904958, 45218.06447904958, 45218.06447904958, 45218.06447904958, 45218.06447904958], 
[85267.35826579928, 9090.813454237743, 9090.813454237743, 9090.813454237743, 3767.2853164464595, 3767.2853164464595, 3767.2853164464595, 3720.179679520532, 3720.179679520532, 3720.179679520532, 3720.179679520532, 3720.179679520532, 3720.179679520532, 3720.179679520532, 3720.179679520532, 3720.179679520532, 3720.179679520532, 3720.179679520532, 3720.179679520532, 3720.179679520532], 
[532006.3990950863, 340030.8383159442, 340030.8383159442, 340030.8383159442, 12897.275835698174, 12897.275835698174, 12897.275835698174, 12897.275835698174, 12897.275835698174, 12897.275835698174, 1444.1761240024948, 1444.1761240024948, 1444.1761240024948, 1444.1761240024948, 1444.1761240024948, 1444.1761240024948, 1444.1761240024948, 1444.1761240024948, 1444.1761240024948, 1444.1761240024948], 
[2915461.5855121454, 324945.24691529153, 28018.723146581127, 28018.723146581127, 11155.147627258588, 11155.147627258588, 11155.147627258588, 11155.147627258588, 11155.147627258588, 11155.147627258588, 11155.147627258588, 11155.147627258588, 6791.368956226288, 6791.368956226288, 6791.368956226288, 6791.368956226288, 6791.368956226288, 1554.9085379492076, 1554.9085379492076, 1554.9085379492076], 
[54041.68475677586, 42252.33850904044, 17663.796323677176, 15552.908911801536, 15552.908911801536, 15552.908911801536, 15552.908911801536, 15552.908911801536, 12598.531747829726, 11364.854551982195, 11364.854551982195, 11364.854551982195, 11364.854551982195, 8579.313714054882, 8579.313714054882, 8579.313714054882, 8579.313714054882, 8446.345007352389, 8446.345007352389, 8446.345007352389], 
[540740.4162175425, 399946.51446919754, 399946.51446919754, 21274.490627551764, 21274.490627551764, 21274.490627551764, 12678.7217300892, 12678.7217300892, 12678.7217300892, 12678.7217300892, 12678.7217300892, 12678.7217300892, 12678.7217300892, 12678.7217300892, 3819.954310070815, 3819.954310070815, 3819.954310070815, 3819.954310070815, 3819.954310070815, 3819.954310070815], 
[3678.839059556727, 3678.839059556727, 3678.839059556727, 3678.839059556727, 3678.839059556727, 3678.839059556727, 3678.839059556727, 3678.839059556727, 3678.839059556727, 251.01492020438354, 251.01492020438354, 251.01492020438354, 251.01492020438354, 251.01492020438354, 251.01492020438354, 251.01492020438354, 251.01492020438354, 251.01492020438354, 251.01492020438354, 251.01492020438354], 
[66632.90991373529, 3416.0207511017743, 3416.0207511017743, 3416.0207511017743, 3416.0207511017743, 3416.0207511017743, 3416.0207511017743, 3416.0207511017743, 3416.0207511017743, 3416.0207511017743, 3416.0207511017743, 3416.0207511017743, 3416.0207511017743, 3416.0207511017743, 3416.0207511017743, 3416.0207511017743, 3416.0207511017743, 3416.0207511017743, 3416.0207511017743, 3416.0207511017743], 
[455323.9957434419, 56725.00033155684, 56725.00033155684, 2408.4612123794786, 2408.4612123794786, 2408.4612123794786, 2408.4612123794786, 2408.4612123794786, 2408.4612123794786, 2408.4612123794786, 2408.4612123794786, 2408.4612123794786, -568.2524906602894, -568.2524906602894, -568.2524906602894, -568.2524906602894, -568.2524906602894, -568.2524906602894, -568.2524906602894, -568.2524906602894], 
[9743.341996175457, 9743.341996175457, 9743.341996175457, 9743.341996175457, 9743.341996175457, 9743.341996175457, 9743.341996175457, 9743.341996175457, 9743.341996175457, 9743.341996175457, 9743.341996175457, 9743.341996175457, 9743.341996175457, 9743.341996175457, 9743.341996175457, 9743.341996175457, 9743.341996175457, 9743.341996175457, 9743.341996175457, 9743.341996175457], 
[7204.773337540588, 7204.773337540588, 7204.773337540588, -225.46645911422388, -225.46645911422388, -225.46645911422388, -225.46645911422388, -225.46645911422388, -225.46645911422388, -225.46645911422388, -225.46645911422388, -225.46645911422388, -225.46645911422388, -225.46645911422388, -225.46645911422388, -225.46645911422388, -225.46645911422388, -225.46645911422388, -225.46645911422388, -225.46645911422388], 
[1970313.9734464628, 1970313.9734464628, 41923.52801803456, 41923.52801803456, 11490.68175733204, 11490.68175733204, 11490.68175733204, 11490.68175733204, 11490.68175733204, 11490.68175733204, 11490.68175733204, 11490.68175733204, 11490.68175733204, 11236.353409617372, 11236.353409617372, 11236.353409617372, 11236.353409617372, 11236.353409617372, 11236.353409617372, 11236.353409617372], 
[36045.64206045815, 36045.64206045815, 36045.64206045815, 36045.64206045815, 36045.64206045815, 36045.64206045815, 36045.64206045815, 36045.64206045815, 36045.64206045815, 36045.64206045815, 36045.64206045815, 36045.64206045815, 20871.687545902838, 20871.687545902838, 20871.687545902838, 20871.687545902838, 20871.687545902838, 20871.687545902838, 20871.687545902838, 3233.670298954192], 
[10461.175068875064, 10461.175068875064, 10461.175068875064, 1759.2378161901993, 1759.2378161901993, 1759.2378161901993, 1759.2378161901993, 1759.2378161901993, 1759.2378161901993, 1759.2378161901993, 1759.2378161901993, 1759.2378161901993, 1759.2378161901993, 1759.2378161901993, 1759.2378161901993, 1759.2378161901993, 1759.2378161901993, 1759.2378161901993, 1759.2378161901993, 1759.2378161901993], 
[3568659.5053446763, 243717.890108041, 243717.890108041, 243717.890108041, 60945.47027531703, 60945.47027531703, 23019.7735653992, 23019.7735653992, 23019.7735653992, 1039.5256896632213, 1039.5256896632213, 1039.5256896632213, 1039.5256896632213, 1039.5256896632213, 1039.5256896632213, 1039.5256896632213, 1039.5256896632213, 1039.5256896632213, 1039.5256896632213, 1039.5256896632213], 
[1230045.8282336, 683152.1383038536, 683152.1383038536, 681917.4669542972, 137791.9765806371, 28472.456416175006, 7884.217955876662, 7884.217955876662, 7884.217955876662, 7884.217955876662, 7884.217955876662, 7884.217955876662, 7884.217955876662, 7884.217955876662, 7884.217955876662, 3551.9934251719533, 3551.9934251719533, 3551.9934251719533, 3551.9934251719533, 3551.9934251719533], 
[198529.5852767417, 198529.5852767417, 198529.5852767417, 198529.5852767417, 54892.21415206999, 54892.21415206999, 54892.21415206999, 13948.329624222726, 13948.329624222726, 13948.329624222726, 13948.329624222726, 13948.329624222726, 13948.329624222726, 13948.329624222726, 13948.329624222726, 13948.329624222726, 13948.329624222726, 13948.329624222726, 13948.329624222726, 13948.329624222726], 
[15960.503946162418, 15960.503946162418, 15960.503946162418, 15960.503946162418, 15960.503946162418, 15960.503946162418, 15960.503946162418, 15960.503946162418, 15960.503946162418, 2113.48891196953, 2113.48891196953, 2113.48891196953, 2113.48891196953, 2113.48891196953, 1552.8652155212312, 1552.8652155212312, 1552.8652155212312, 1552.8652155212312, 1552.8652155212312, 1552.8652155212312], 
[555575.748302675, 555575.748302675, 103059.50271947843, 103059.50271947843, 103059.50271947843, 103059.50271947843, 103059.50271947843, 52982.720940190986, 52982.720940190986, 52982.720940190986, 52982.720940190986, 52982.720940190986, 52982.720940190986, 48749.83760347984, 48749.83760347984, 20165.108982762868, 20165.108982762868, 20165.108982762868, 20165.108982762868, 260.65435256058527], 
[1820355.9716106763, 1820355.9716106763, 392054.6103546225, 392054.6103546225, 392054.6103546225, 392054.6103546225, 392054.6103546225, 392054.6103546225, 14902.911210787086, 14902.911210787086, 14902.911210787086, 14902.911210787086, 14902.911210787086, 14902.911210787086, 14902.911210787086, 14902.911210787086, 14902.911210787086, 14902.911210787086, 14902.911210787086, 14902.911210787086], 
[290852.98234904325, 290852.98234904325, 290852.98234904325, 290852.98234904325, 1918.410372005561, 1918.410372005561, 1918.410372005561, 1918.410372005561, 1918.410372005561, 1918.410372005561, 1918.410372005561, 1918.410372005561, 1918.410372005561, 1918.410372005561, 1918.410372005561, 1918.410372005561, 1918.410372005561, 1918.410372005561, 1918.410372005561, 1918.410372005561], 
