[54219.31379198384, 54219.31379198384, 36736.860364859196, 36736.860364859196, 1966.199667452046, 1966.199667452046, 1756.7371120865882, -1232.2788550060886, -1232.2788550060886, -1255.73412332272, -1255.73412332272, -1255.73412332272, -1255.73412332272, -1255.73412332272, -1297.970522108818, -1297.970522108818, -1297.970522108818, -1297.970522108818, -1297.970522108818, -1297.970522108818], 
[845077.115683176, 73044.79373276848, 73044.79373276848, 73044.79373276848, 315.7271369414909, 315.7271369414909, -1020.1238930547315, -1020.1238930547315, -1020.1238930547315, -1020.1238930547315, -1124.5452092907724, -1124.5452092907724, -1247.7711988854433, -1247.7711988854433, -1258.8025945078919, -1289.0733048051734, -1289.0733048051734, -1296.87717864383, -1296.87717864383, -1296.87717864383], 
[-708.7603208633082, -708.7603208633082, -708.7603208633082, -708.7603208633082, -708.7603208633082, -708.7603208633082, -708.7603208633082, -937.1245660366541, -937.1245660366541, -937.1245660366541, -1077.7855746820283, -1151.6238836002487, -1151.6238836002487, -1151.6238836002487, -1241.83682955399, -1241.83682955399, -1277.2305432201113, -1290.6570018510567, -1298.546315316561, -1298.546315316561], 
[203546.6291200579, 3664.481583681326, 2642.4379051688766, 2642.4379051688766, -418.0899210632409, -793.9480584715169, -793.9480584715169, -793.9480584715169, -793.9480584715169, -793.9480584715169, -920.5079153711147, -1072.7734676966304, -1274.211671520462, -1274.211671520462, -1274.211671520462, -1293.76284121007, -1294.9300614788722, -1294.9300614788722, -1294.9300614788722, -1294.9300614788722], 
[5662862.717888551, 25153.819583904155, 1156.9672769540498, 1156.9672769540498, 1156.9672769540498, -698.6110650030344, -698.6110650030344, -698.6110650030344, -698.6110650030344, -698.6110650030344, -1223.6500397294606, -1223.6500397294606, -1223.6500397294606, -1251.0353600031451, -1251.0353600031451, -1273.97944185802, -1289.7391959170734, -1294.1448649037957, -1294.1448649037957, -1296.508551848429], 
[1159953.9541701523, 462838.2743162615, 15383.156863652635, 15383.156863652635, 5216.039515404365, 3373.670500505039, 2721.603977733103, -137.97590752828228, -137.97590752828228, -182.89292065969153, -1210.9769320490727, -1210.9769320490727, -1210.9769320490727, -1210.9769320490727, -1291.1697013912803, -1291.1697013912803, -1298.9477595576016, -1298.9477595576016, -1298.9477595576016, -1298.9477595576016], 
[422260.4398418245, 422260.4398418245, 13564.653701448238, 13564.653701448238, 2894.678302366261, 2813.66790534145, -956.2637491532009, -956.2637491532009, -956.2637491532009, -956.2637491532009, -1217.8837542950146, -1217.8837542950146, -1217.8837542950146, -1277.8632670958918, -1277.8632670958918, -1277.8632670958918, -1293.1376773977404, -1293.1376773977404, -1293.1376773977404, -1293.1376773977404], 
[3034816.705797183, 509720.2591630677, 469906.81982175715, 26035.40629135978, 3094.5186029212846, 2313.3673364763417, -1150.1331360396043, -1235.3885878418748, -1235.3885878418748, -1235.3885878418748, -1235.3885878418748, -1249.3962809153497, -1249.3962809153497, -1249.3962809153497, -1249.3962809153497, -1249.3962809153497, -1286.9065503510958, -1293.680137640601, -1293.680137640601, -1293.680137640601], 
[538729.4906721599, 31514.185557468038, 31514.185557468038, 31514.185557468038, 18070.872223261606, 9706.314532820184, 1206.0023508991053, 735.8568749445378, -694.4666939746066, -694.4666939746066, -789.0948607147614, -827.5101712037143, -1145.719649349897, -1145.719649349897, -1294.225392652483, -1294.225392652483, -1294.225392652483, -1295.3520716089106, -1295.3520716089106, -1295.3520716089106], 
[1008465.4712221572, 1008465.4712221572, 3157.1265719459516, 3157.1265719459516, 3157.1265719459516, 1384.6468282707579, 176.46674948811892, 176.46674948811892, -1227.454127431427, -1227.454127431427, -1227.454127431427, -1227.454127431427, -1239.8950327054117, -1239.8950327054117, -1277.9941571951256, -1277.9941571951256, -1277.9941571951256, -1282.1764334162763, -1290.6212556919616, -1290.6212556919616], 
[367515.07070710923, 367515.07070710923, 367515.07070710923, 20442.261659198433, -407.46827743564415, -407.46827743564415, -407.46827743564415, -766.2105534397405, -908.6820519577332, -908.6820519577332, -908.6820519577332, -1088.6175549585562, -1240.2584369148283, -1298.9270388557322, -1298.9270388557322, -1298.9270388557322, -1298.933389541899, -1298.933389541899, -1299.011550525153, -1299.011550525153], 
[20490.64454098787, 20490.64454098787, 2742.777923498825, 2742.777923498825, 397.1716453729341, 397.1716453729341, 397.1716453729341, -851.8957634986473, -932.321554027104, -1224.586663792864, -1224.586663792864, -1224.586663792864, -1298.1284742589364, -1298.1284742589364, -1298.1284742589364, -1298.1284742589364, -1298.8051858456813, -1298.8051858456813, -1298.8051858456813, -1298.8051858456813], 
[386697.4330495729, 386697.4330495729, 224073.82977319427, 3089.500331158354, 3089.500331158354, -920.1003908297819, -920.1003908297819, -920.1003908297819, -1014.8447436610763, -1100.4375158251703, -1291.1169266724396, -1291.1169266724396, -1291.1169266724396, -1291.1169266724396, -1293.0749011831438, -1293.0749011831438, -1293.0749011831438, -1293.0749011831438, -1297.5655110676853, -1297.5655110676853], 
[4351411.342855225, 3861.1083303048745, 3861.1083303048745, 3861.1083303048745, 3861.1083303048745, -672.5932993938283, -672.5932993938283, -672.5932993938283, -672.5932993938283, -806.7977837622728, -1170.7101270466428, -1170.7101270466428, -1170.7101270466428, -1241.174241634916, -1241.174241634916, -1247.067622890464, -1292.424616175614, -1292.424616175614, -1292.424616175614, -1296.767488331701], 
[437364.6714424231, 437364.6714424231, 108713.01437330425, 11840.99535124222, 4179.315018321973, 2141.6035919138203, -941.7774726891753, -953.0657471524294, -953.0657471524294, -953.0657471524294, -953.0657471524294, -1200.1651421899094, -1200.1651421899094, -1200.1651421899094, -1238.4024597969726, -1298.5127305901415, -1298.5127305901415, -1298.5127305901415, -1298.5127305901415, -1298.5127305901415], 
[495950.25595762976, 107097.75326532459, 1739.0872193421928, -878.7203564308581, -878.7203564308581, -878.7203564308581, -878.7203564308581, -878.7203564308581, -1264.143614773298, -1264.143614773298, -1264.143614773298, -1264.143614773298, -1264.143614773298, -1274.1953195662431, -1274.1953195662431, -1274.1953195662431, -1291.0282876112842, -1291.0282876112842, -1291.0282876112842, -1291.0282876112842], 
[1970999.8373697973, 859566.9393451986, 325063.50262479816, 40355.82657201385, -120.4317247527215, -120.4317247527215, -1069.2754172479151, -1069.2754172479151, -1223.6152483887395, -1223.6152483887395, -1223.6152483887395, -1223.6152483887395, -1273.5957702772491, -1273.5957702772491, -1273.5957702772491, -1292.2247049903863, -1296.3330573270152, -1296.3330573270152, -1296.3330573270152, -1296.3330573270152], 
[13064.916438867791, 13064.916438867791, 13064.916438867791, 13064.916438867791, -616.3827038446416, -1138.0559074254536, -1138.0559074254536, -1138.0559074254536, -1138.0559074254536, -1138.0559074254536, -1180.3339095385409, -1189.0346147664984, -1205.9401911675934, -1262.9840958037444, -1262.9840958037444, -1292.194422307018, -1299.0741659837367, -1299.0741659837367, -1299.0741659837367, -1299.0741659837367], 
[377987.1922823086, 14012.722285043224, 14012.722285043224, 14012.722285043224, 7932.225620432197, 7932.225620432197, -926.4930483948488, -926.4930483948488, -926.4930483948488, -1082.5357977058247, -1269.3910110888976, -1269.3910110888976, -1278.2060843854526, -1278.2060843854526, -1278.2060843854526, -1297.3536550584402, -1297.3536550584402, -1298.6869488431041, -1299.3495057182452, -1299.3495057182452], 
[806806.094489354, 482999.4996430871, 77217.84089703139, 18381.24924796412, 7222.51574496361, 5796.65618741296, 5796.65618741296, 863.9599291604254, -501.38433600465737, -1209.075520680807, -1209.075520680807, -1209.075520680807, -1261.6661902615585, -1261.6661902615585, -1261.6661902615585, -1286.2286769586456, -1286.2286769586456, -1286.2286769586456, -1290.5433434979484, -1290.5433434979484], 
[42786.63750651431, 42786.63750651431, 3746.0128227155556, 3746.0128227155556, 3746.0128227155556, 3746.0128227155556, 511.71773213939537, 511.71773213939537, 157.80707449684246, -158.98025285384097, -158.98025285384097, -876.8448753770474, -876.8448753770474, -1264.7297434891589, -1290.4075346520963, -1290.4075346520963, -1290.4075346520963, -1292.8325263201145, -1292.8325263201145, -1292.8325263201145], 
[371879.73051686084, 351792.475041654, 351792.475041654, 209054.1817374334, 933.281137867908, -334.1318169839253, -334.1318169839253, -334.1318169839253, -1163.1616914533652, -1163.1616914533652, -1163.1616914533652, -1163.1616914533652, -1163.1616914533652, -1191.8209972219058, -1191.8209972219058, -1290.3420252422854, -1290.3420252422854, -1291.665165281507, -1291.665165281507, -1291.665165281507], 
[514306.4912716198, 69623.46572792076, 69623.46572792076, 2912.093485680427, 2912.093485680427, 493.810048366199, -1299.573117899299, -1299.573117899299, -1299.573117899299, -1299.573117899299, -1299.573117899299, -1299.573117899299, -1299.573117899299, -1299.573117899299, -1299.573117899299, -1299.573117899299, -1299.573117899299, -1299.573117899299, -1299.573117899299, -1299.573117899299], 
[213248.24349284405, 2666.845571500702, 2666.845571500702, 2666.845571500702, 1420.9367287452087, 1420.9367287452087, -691.2270631348296, -940.0346031181125, -940.0346031181125, -940.0346031181125, -940.0346031181125, -949.1180957052836, -1259.567214144596, -1281.8675380807485, -1281.8675380807485, -1281.8675380807485, -1295.3965907774536, -1295.3965907774536, -1295.3965907774536, -1295.3965907774536], 
[61462.33793872718, 8758.080007418635, 8758.080007418635, 8758.080007418635, 6073.601989160759, 5690.327071287842, 5690.327071287842, 5690.327071287842, 5690.327071287842, 4096.787308095403, 1507.064364374863, 54.5198536366438, -758.5614503130435, -982.7467463091098, -982.7467463091098, -1037.419984779822, -1081.4160537467662, -1177.5775426751827, -1297.7217965785676, -1297.7217965785676], 
[608697.5946576773, 263518.56614037766, 263518.56614037766, 263518.56614037766, 150938.15564498436, -770.3425680979432, -770.3425680979432, -1126.5008734809412, -1126.5008734809412, -1174.26460862777, -1249.9013328554374, -1269.9801703950377, -1297.3298071224885, -1297.3298071224885, -1297.3298071224885, -1297.3434064984021, -1297.3434064984021, -1299.7250177400338, -1299.7250177400338, -1299.7250177400338], 
[57589.944150378506, 57589.944150378506, 40151.664870442924, 40151.664870442924, 1087.1933798191722, 1087.1933798191722, -728.0048162872822, -791.8423603935805, -1051.217896897526, -1211.1303661842883, -1211.1303661842883, -1211.1303661842883, -1211.1303661842883, -1211.1303661842883, -1277.207445240906, -1277.207445240906, -1277.207445240906, -1297.2956468939763, -1297.2956468939763, -1297.2956468939763], 
[6738015.922799043, 119650.61427030018, 119650.61427030018, 119650.61427030018, -74.194836804641, -74.194836804641, -74.194836804641, -1182.7065514930312, -1182.7065514930312, -1182.7065514930312, -1182.7065514930312, -1226.9422173210035, -1226.9422173210035, -1226.9422173210035, -1226.9422173210035, -1232.2223783958013, -1232.2223783958013, -1252.6674707645825, -1297.6660500170303, -1297.6660500170303], 
[12879783.486079212, 146422.78322442615, 146422.78322442615, 26098.147462420573, -744.4767966559489, -1221.7982188828125, -1221.7982188828125, -1221.7982188828125, -1221.7982188828125, -1221.7982188828125, -1221.7982188828125, -1254.9069849501866, -1254.9069849501866, -1257.846045575248, -1257.846045575248, -1257.846045575248, -1268.3917381543874, -1298.0584488009, -1299.3790898376476, -1299.3790898376476], 
[3690612.3906218302, 12390.202953090386, 2984.968939863491, 1370.4567780236393, -1269.8465121506763, -1269.8465121506763, -1269.8465121506763, -1269.8465121506763, -1269.8465121506763, -1269.8465121506763, -1269.8465121506763, -1269.8465121506763, -1269.8465121506763, -1280.1957368715896, -1280.1957368715896, -1295.0906061168478, -1295.0906061168478, -1295.0906061168478, -1295.0906061168478, -1295.0906061168478], 
