[1838449.791922966, 74230.94961514809, 36400.63291811423, 15797.975523118028, 2423.7302009275427, 2423.7302009275427, -1295.8907621587218, -1295.8907621587218, -1295.8907621587218, -1295.8907621587218, -1295.8907621587218, -1295.8907621587218, -1295.8907621587218, -1295.8907621587218, -1295.8907621587218, -1295.8907621587218, -1295.8907621587218, -1295.8907621587218, -1295.8907621587218, -1296.7322895468558], 
[373986.2459566329, 29079.30071091244, 7840.314328778848, 7840.314328778848, 7840.314328778848, 7840.314328778848, -1166.4822316403531, -1166.4822316403531, -1166.4822316403531, -1166.4822316403531, -1166.4822316403531, -1188.2098993193185, -1188.2098993193185, -1188.2098993193185, -1188.2098993193185, -1296.8422458677278, -1296.8422458677278, -1296.8422458677278, -1298.4878761789735, -1298.4878761789735], 
[210427.16754554972, 85817.01996478581, 85817.01996478581, 85817.01996478581, -602.7849628309515, -602.7849628309515, -602.7849628309515, -1224.400348378214, -1224.400348378214, -1224.400348378214, -1224.400348378214, -1224.400348378214, -1224.400348378214, -1290.6121717967867, -1290.6121717967867, -1290.6121717967867, -1291.1612533725188, -1299.3262960251388, -1299.3262960251388, -1299.3262960251388], 
[833066.3930185769, 833066.3930185769, 14577.98624468905, 2699.692435143288, 2699.692435143288, 2699.692435143288, -1284.1318474511002, -1284.1318474511002, -1284.1318474511002, -1284.1318474511002, -1284.1318474511002, -1284.1318474511002, -1284.1318474511002, -1299.0607699615314, -1299.0607699615314, -1299.0607699615314, -1299.0607699615314, -1299.0607699615314, -1299.0607699615314, -1299.0607699615314], 
[1864340.5834772445, 650089.5759124456, 450232.60583668575, 409.03989307438724, 409.03989307438724, 409.03989307438724, 409.03989307438724, -421.7055989817503, -857.5196645282149, -1276.5818390177355, -1276.5818390177355, -1276.5818390177355, -1276.5818390177355, -1276.5818390177355, -1276.5818390177355, -1280.1171281333231, -1280.1171281333231, -1280.1171281333231, -1280.1171281333231, -1280.1171281333231], 
[922594.5334930547, 295975.640499317, 30707.92738243875, -1007.794973799626, -1007.794973799626, -1007.794973799626, -1007.794973799626, -1007.794973799626, -1249.2537275525087, -1249.2537275525087, -1249.2537275525087, -1249.2537275525087, -1268.366922249468, -1268.366922249468, -1268.366922249468, -1289.6105262330732, -1289.6105262330732, -1289.6105262330732, -1295.7026184074075, -1295.7026184074075], 
[103479.83385193202, 35107.076929027564, 8946.826711843316, 434.67029102452125, 434.67029102452125, -1040.035431238448, -1040.035431238448, -1040.035431238448, -1178.3500518093558, -1178.3500518093558, -1178.3500518093558, -1178.3500518093558, -1252.0713709496017, -1252.0713709496017, -1252.0713709496017, -1277.4885158377535, -1291.6445147944598, -1297.2478309256269, -1297.2478309256269, -1297.2478309256269], 
[18908.81100016565, 18908.81100016565, 18908.81100016565, 8466.038924609657, 8466.038924609657, 6336.970124477946, 841.9216527934018, 183.31214185539488, 183.31214185539488, 183.31214185539488, 64.90932298223743, -65.5696148083207, -908.7035386998417, -908.7035386998417, -908.7035386998417, -908.7035386998417, -1258.5594028497574, -1278.4191631831438, -1288.0495812736426, -1299.4307851342162], 
[3663.0654640082166, 3663.0654640082166, 3663.0654640082166, 1986.796694069778, 1986.796694069778, -1114.7294838114021, -1114.7294838114021, -1114.7294838114021, -1114.7294838114021, -1114.7294838114021, -1151.5071950655906, -1204.874720085154, -1204.874720085154, -1212.275415000244, -1246.7114517091059, -1287.5434578014747, -1287.5434578014747, -1292.0515093899942, -1292.0515093899942, -1292.0515093899942], 
[3012389.867024585, 39429.350359642056, 39429.350359642056, 39429.350359642056, 39429.350359642056, 2967.7352295310648, -360.20108243092443, -360.20108243092443, -360.20108243092443, -739.3271214418737, -851.734855240371, -1066.9510592287181, -1133.971956348816, -1240.9607043251942, -1240.9607043251942, -1269.943300183135, -1298.0452406827737, -1298.0452406827737, -1298.0452406827737, -1298.0452406827737], 
[325445.4831321405, 75721.05124398039, 3312.2953122308545, 3312.2953122308545, 3312.2953122308545, 3312.2953122308545, -1105.024797415162, -1105.024797415162, -1264.3381014899421, -1264.3381014899421, -1264.3381014899421, -1264.3381014899421, -1264.3381014899421, -1264.3381014899421, -1264.3381014899421, -1275.8116104963983, -1296.351797551017, -1296.351797551017, -1297.9212931132845, -1297.9212931132845], 
[10566.207950694285, 10566.207950694285, 1890.3103297856546, 1890.3103297856546, 1890.3103297856546, -298.75499450935024, -298.75499450935024, -298.75499450935024, -857.7551689445098, -857.7551689445098, -857.7551689445098, -1176.734292308211, -1176.734292308211, -1244.8669672853523, -1295.3814416985688, -1295.3814416985688, -1295.3814416985688, -1295.3814416985688, -1295.3814416985688, -1295.3814416985688], 
[18121931.978625342, 81268.59672220476, 81268.59672220476, 81268.59672220476, 4001.3139561947655, -519.6816560121189, -519.6816560121189, -519.6816560121189, -519.6816560121189, -519.6816560121189, -1288.5294862805242, -1288.5294862805242, -1288.5294862805242, -1288.5294862805242, -1288.5294862805242, -1288.5294862805242, -1288.5294862805242, -1288.5294862805242, -1288.5294862805242, -1288.5294862805242], 
[7385.708984899058, -53.96659665115044, -53.96659665115044, -53.96659665115044, -1044.9513564599356, -1044.9513564599356, -1044.9513564599356, -1044.9513564599356, -1211.5893229724911, -1211.5893229724911, -1211.5893229724911, -1211.5893229724911, -1213.203554545882, -1296.814383644178, -1296.814383644178, -1296.814383644178, -1296.814383644178, -1296.814383644178, -1296.814383644178, -1299.2161455740986], 
[2572871.682530275, 17115.946922946674, 17115.946922946674, 17115.946922946674, 17115.946922946674, 17115.946922946674, 988.539146498164, 988.539146498164, -287.46199713774706, -1042.2771528715475, -1042.2771528715475, -1042.2771528715475, -1259.386231763975, -1259.386231763975, -1287.9259373718794, -1287.9259373718794, -1287.9259373718794, -1287.9259373718794, -1293.2548893804742, -1293.2548893804742], 
[30954.48395072321, 5530.628866931155, 5530.628866931155, 5530.628866931155, 5530.628866931155, 5530.628866931155, -857.4136135507445, -1147.0614304417165, -1147.0614304417165, -1255.388134938488, -1255.388134938488, -1255.388134938488, -1255.388134938488, -1255.388134938488, -1255.388134938488, -1255.388134938488, -1288.9944946694065, -1288.9944946694065, -1288.9944946694065, -1288.9944946694065], 
[3753737.212031357, 160032.22515849792, 30247.939629838198, 17975.394339828454, 2055.7233596432166, -833.6024237860813, -833.6024237860813, -833.6024237860813, -1042.8860447507489, -1042.8860447507489, -1042.8860447507489, -1195.566874173342, -1255.654631626841, -1255.654631626841, -1255.654631626841, -1270.56226588289, -1284.0848940942071, -1284.0848940942071, -1298.3437416777097, -1298.3437416777097], 
[2035785.8070912508, 2035785.8070912508, 186298.80259846314, 17175.237388387413, 1181.4697108619112, -1204.9365423056436, -1204.9365423056436, -1204.9365423056436, -1204.9365423056436, -1204.9365423056436, -1231.0570933906436, -1231.0570933906436, -1242.1125588911148, -1258.2694615416601, -1295.9872875049832, -1295.9872875049832, -1295.9872875049832, -1295.9872875049832, -1295.9872875049832, -1295.9872875049832], 
[1326073.6183085614, 4611.801022028201, 4611.801022028201, 4611.801022028201, 1619.373862954878, 0.473479670964025, 0.473479670964025, 0.473479670964025, -773.9121401983225, -773.9121401983225, -1172.4899620213334, -1173.475447922842, -1173.475447922842, -1173.475447922842, -1173.9154441568319, -1293.105891424003, -1293.105891424003, -1293.105891424003, -1293.105891424003, -1297.9727626953177], 
[5008030.978184999, 5322.7453594289245, 5322.7453594289245, 5322.7453594289245, 5322.7453594289245, 661.72810933808, 661.72810933808, -897.3598388842702, -897.3598388842702, -1271.1246567219503, -1271.1246567219503, -1271.1246567219503, -1271.1246567219503, -1271.1246567219503, -1271.1246567219503, -1290.0953924180255, -1290.0953924180255, -1290.0953924180255, -1290.0953924180255, -1290.0953924180255], 
[60852.86586727087, 60852.86586727087, 27751.471307750075, 21421.112975791082, -346.20367268384473, -346.20367268384473, -346.20367268384473, -1150.587516712643, -1150.587516712643, -1262.9785189842162, -1262.9785189842162, -1262.9785189842162, -1262.9785189842162, -1295.0543249561692, -1295.0543249561692, -1295.0543249561692, -1297.319433772695, -1297.319433772695, -1297.319433772695, -1297.319433772695], 
[881275.8763918664, 806869.1629834033, 766844.4956016518, 11026.059486531185, 11026.059486531185, 2890.806557914002, 2247.364100557079, 399.2059655324517, -766.3876978995911, -766.3876978995911, -766.3876978995911, -766.3876978995911, -1014.67785108272, -1207.781128396875, -1207.781128396875, -1293.4338363782128, -1293.4338363782128, -1293.4338363782128, -1293.4338363782128, -1293.4338363782128], 
[-294.48524155128894, -294.48524155128894, -294.48524155128894, -294.48524155128894, -294.48524155128894, -294.48524155128894, -294.48524155128894, -294.48524155128894, -930.5301795145491, -1232.229883754243, -1232.229883754243, -1232.229883754243, -1232.229883754243, -1232.229883754243, -1293.5692679690653, -1293.5692679690653, -1293.5692679690653, -1293.5692679690653, -1294.3173414469036, -1294.3173414469036], 
[511.50352321944956, 511.50352321944956, 511.50352321944956, 511.50352321944956, 511.50352321944956, 511.50352321944956, 511.50352321944956, -690.012226853011, -1248.932650587027, -1248.932650587027, -1248.932650587027, -1248.932650587027, -1248.932650587027, -1248.932650587027, -1248.932650587027, -1277.7816125695654, -1294.544203932223, -1294.544203932223, -1294.544203932223, -1294.6338065424748], 
[10438766.329992646, 2385300.415177735, 57891.564161656184, 3479.157080032701, 3479.157080032701, 3479.157080032701, -603.5232706765962, -603.5232706765962, -603.5232706765962, -603.5232706765962, -1084.7128023777752, -1084.7128023777752, -1084.7128023777752, -1084.7128023777752, -1297.3966991841583, -1297.3966991841583, -1297.3966991841583, -1297.3966991841583, -1297.3966991841583, -1297.3966991841583], 
[55598.59619832804, 55598.59619832804, 18086.492614852334, -1000.8051977822145, -1000.8051977822145, -1000.8051977822145, -1000.8051977822145, -1000.8051977822145, -1000.8051977822145, -1139.007021461299, -1181.3377777794815, -1215.2530602955226, -1247.9621791681193, -1265.4602170429503, -1265.4602170429503, -1288.3537229866229, -1288.3537229866229, -1288.3537229866229, -1295.0683203670828, -1299.4607754314052], 
[156535.68042214954, 156535.68042214954, 30559.609057378893, 23338.67605573814, 23338.67605573814, 1041.2564680504638, 1041.2564680504638, -842.4076401180487, -842.4076401180487, -842.4076401180487, -995.535172116405, -995.535172116405, -1295.1340889844369, -1295.1340889844369, -1295.1340889844369, -1295.1340889844369, -1295.1340889844369, -1295.1340889844369, -1295.1340889844369, -1299.1595280752222], 
[15557.448069498467, 15557.448069498467, 3899.251206521778, 3899.251206521778, 3899.251206521778, 3899.251206521778, 3899.251206521778, 3899.251206521778, 1969.5359872875506, 89.97748288483194, -265.4602615027436, -536.3932946991029, -1152.9074541018642, -1290.9084570809368, -1290.9084570809368, -1290.9084570809368, -1290.9084570809368, -1290.9084570809368, -1294.7988735791625, -1294.7988735791625], 
[1426540.7753790119, 148700.95906175426, 2259.3498940353443, 2259.3498940353443, 1817.2224943754513, -171.76809774279695, -730.7100244993189, -730.7100244993189, -730.7100244993189, -730.7100244993189, -901.8698084840973, -1293.2238712548526, -1293.2238712548526, -1293.2238712548526, -1293.2238712548526, -1293.2238712548526, -1293.2238712548526, -1293.2238712548526, -1293.2238712548526, -1293.2238712548526], 
[4564901.953742939, 115928.07858372027, 39001.115219955456, 4864.584636216267, 2219.4386097991096, 536.8546428682071, 536.8546428682071, -757.2207346766253, -757.2207346766253, -757.2207346766253, -1214.4854038865215, -1214.4854038865215, -1223.4149512767553, -1224.9576196409184, -1227.0615466840275, -1268.1724554201394, -1290.2741216868915, -1290.2741216868915, -1290.2741216868915, -1290.2741216868915], 
