[67645.49773487089, 67645.49773487089, 58063.55174127249, 26432.415682719715, 2082.1268372946765, -745.2873933755551, -745.2873933755551, -745.2873933755551, -1070.7003828143643, -1070.7003828143643, -1070.7003828143643, -1070.7003828143643, -1145.6624730774045, -1281.2563578543381, -1281.2563578543381, -1294.582187827487, -1294.582187827487, -1298.823289790014, -1298.823289790014, -1298.823289790014], 
[381739.8956959074, 1412.7028781236095, 1412.7028781236095, 941.697274034043, 941.697274034043, 941.697274034043, 941.697274034043, 726.3482633163578, -761.7529515499294, -777.7573753654063, -902.1717232160801, -902.1717232160801, -1158.798733677189, -1158.798733677189, -1158.798733677189, -1170.729737978978, -1170.729737978978, -1170.729737978978, -1245.2807925354487, -1268.0300370585674], 
[2536112.310151788, 137928.5973576216, 137928.5973576216, 137928.5973576216, 6433.331017403689, 3088.756738891496, 1806.5732183185523, 1142.3302647598634, -199.89770964856825, -602.5603704262475, -602.5603704262475, -602.5603704262475, -1240.7613603758539, -1240.7613603758539, -1240.7613603758539, -1299.0376469822488, -1299.0376469822488, -1299.0376469822488, -1299.0376469822488, -1299.9431166320537], 
[113128.83584625814, 6658.983939019347, 6658.983939019347, -854.8564764853154, -854.8564764853154, -854.8564764853154, -854.8564764853154, -854.8564764853154, -854.8564764853154, -854.8564764853154, -854.8564764853154, -854.8564764853154, -1158.9784063035193, -1290.688811877238, -1296.5603870859602, -1296.5603870859602, -1296.5603870859602, -1296.5603870859602, -1296.5603870859602, -1296.5603870859602], 
[41500.87130101396, 41500.87130101396, 41500.87130101396, 41500.87130101396, -587.1928563015525, -587.1928563015525, -587.1928563015525, -587.1928563015525, -587.1928563015525, -891.9802005505661, -891.9802005505661, -1186.033647740818, -1201.5583075264203, -1243.2741602988417, -1243.2741602988417, -1249.3871412186593, -1273.100363333242, -1273.100363333242, -1292.9480380328812, -1292.9480380328812], 
[4893.812576542801, 4893.812576542801, 2344.355769454173, 1290.444784622363, 1290.444784622363, -871.3478163464424, -1153.0570399735911, -1153.0570399735911, -1153.0570399735911, -1153.0570399735911, -1259.3235276600926, -1259.3235276600926, -1259.3235276600926, -1259.3235276600926, -1259.3235276600926, -1282.1487344632797, -1282.1487344632797, -1282.1487344632797, -1282.1487344632797, -1282.1487344632797], 
[1037746.012040271, 448190.7578392454, 55663.62582971041, 45397.77452545986, 14294.913290570079, 7628.64467460832, 937.4660735828534, -323.995687940504, -323.995687940504, -1206.3382837550434, -1206.3382837550434, -1272.0960927488163, -1272.0960927488163, -1272.0960927488163, -1283.7932259331499, -1283.7932259331499, -1286.5228316716646, -1291.6169734869154, -1295.7146493350554, -1295.7146493350554], 
[485813.65513702395, 413998.46808638325, 12191.015730883226, 12191.015730883226, 12191.015730883226, -570.6262234993671, -570.6262234993671, -570.6262234993671, -570.6262234993671, -1262.5050430093422, -1262.5050430093422, -1262.5050430093422, -1262.5050430093422, -1294.039683846037, -1294.039683846037, -1294.039683846037, -1294.039683846037, -1294.039683846037, -1294.039683846037, -1297.3450698524555], 
[24104.966185071433, 24104.966185071433, 9206.506936439433, 9206.506936439433, 9206.506936439433, 5637.682981461556, 3482.734308170183, 2600.8759075722137, -205.20099896874103, -205.20099896874103, -997.063622001539, -997.063622001539, -997.063622001539, -1027.7011678248464, -1154.8042519347048, -1189.147699097083, -1263.1748353999426, -1286.6991073431823, -1298.8177468421475, -1298.8177468421475], 
[326241.34345029603, 69882.70261731005, 69882.70261731005, 69882.70261731005, 5026.653742321525, 5026.653742321525, 1187.35036809569, 464.1976297833746, 464.1976297833746, -747.7964057649106, -747.7964057649106, -747.7964057649106, -844.5739964344903, -1282.3286625015905, -1282.3286625015905, -1282.3286625015905, -1290.9395273180332, -1290.9395273180332, -1290.9395273180332, -1292.6432532578287], 
[18554278.00246478, 215213.1632805075, 13432.110284453498, 13432.110284453498, 2278.834338475465, 325.2629794559434, -118.38921907274653, -118.38921907274653, -993.4122394075944, -993.4122394075944, -1117.338475850906, -1117.338475850906, -1117.338475850906, -1183.5511363343935, -1280.1670952860416, -1280.1670952860416, -1293.6938442161747, -1297.6847908883626, -1297.6847908883626, -1297.6847908883626], 
[101240.02048996802, 101240.02048996802, 101240.02048996802, 12591.079555943435, 331.4044131884498, -933.344203212404, -933.344203212404, -1132.3743938259001, -1132.3743938259001, -1132.3743938259001, -1264.0424944640124, -1295.2528390133014, -1295.2528390133014, -1295.2528390133014, -1295.2528390133014, -1295.2528390133014, -1295.547354165084, -1295.547354165084, -1295.547354165084, -1299.2483394560795], 
[417998.36126784, 213453.96950408554, 213453.96950408554, -462.44076035967123, -462.44076035967123, -462.44076035967123, -1223.3236534746623, -1223.3236534746623, -1223.3236534746623, -1223.3236534746623, -1223.3236534746623, -1223.3236534746623, -1223.3236534746623, -1296.938076202267, -1296.938076202267, -1296.938076202267, -1296.938076202267, -1296.938076202267, -1296.938076202267, -1297.5396509249558], 
[39735.670470107434, 27143.657453801512, 27143.657453801512, 909.0391768195755, -645.6050168819494, -645.6050168819494, -1139.4352709500613, -1139.4352709500613, -1139.4352709500613, -1139.4352709500613, -1139.4352709500613, -1239.9258745217192, -1239.9258745217192, -1271.4140630275017, -1271.4140630275017, -1271.4140630275017, -1271.4140630275017, -1273.1425911256438, -1278.0974327582505, -1295.499642157381], 
[356031.72293520253, 13658.22930142394, 13658.22930142394, 1364.7154270687925, 103.39510998276273, 103.39510998276273, -740.971012691308, -839.1827780649731, -839.1827780649731, -839.1827780649731, -1290.9075794458145, -1290.9075794458145, -1290.9075794458145, -1290.9075794458145, -1290.9075794458145, -1294.0383611740845, -1294.0383611740845, -1294.0383611740845, -1294.0383611740845, -1294.0383611740845], 
[156188.7397931945, 156188.7397931945, 15005.786383377255, 15005.786383377255, 4183.59162643091, -804.4310612259167, -804.4310612259167, -804.4310612259167, -804.4310612259167, -1260.4832619784966, -1263.7052663305192, -1263.7052663305192, -1263.7052663305192, -1263.7052663305192, -1263.7052663305192, -1299.4110680316571, -1299.4110680316571, -1299.4110680316571, -1299.4110680316571, -1299.4110680316571], 
[55072.202152286096, 9830.678575430606, 1057.53751270875, 1057.53751270875, 1057.53751270875, 1057.53751270875, -1176.385973154098, -1176.385973154098, -1176.385973154098, -1176.385973154098, -1176.385973154098, -1176.385973154098, -1283.1896076916582, -1283.1896076916582, -1292.3604536619703, -1292.8541094925824, -1295.8307544515812, -1295.8307544515812, -1295.8307544515812, -1295.8307544515812], 
[105039.90808293883, 105039.90808293883, 105039.90808293883, 79788.01655119234, 15494.985469746858, 3776.3802727181965, 3607.3422001403096, -624.0331702818384, -624.0331702818384, -1253.4701462525763, -1253.4701462525763, -1253.4701462525763, -1253.4701462525763, -1283.3487224505511, -1283.3487224505511, -1283.3487224505511, -1293.5040226592469, -1298.1877849382838, -1298.1877849382838, -1299.6103019536408], 
[34965.07267592708, 34965.07267592708, -1269.763130038143, -1269.763130038143, -1273.2157391831456, -1273.2157391831456, -1273.2157391831456, -1273.2157391831456, -1273.2157391831456, -1291.8168517342974, -1291.8168517342974, -1291.8168517342974, -1291.8168517342974, -1294.7579703745405, -1294.7579703745405, -1294.7579703745405, -1294.7579703745405, -1294.7579703745405, -1294.7579703745405, -1296.3196735943332], 
[109855.67923443514, 109855.67923443514, 109855.67923443514, 64383.48959562392, 2986.5158297172775, 2986.5158297172775, -219.8616490693389, -219.8616490693389, -997.9078289096215, -1166.0635109971493, -1166.0635109971493, -1166.0635109971493, -1166.0635109971493, -1171.954378910589, -1171.954378910589, -1227.0324107882514, -1297.9416799829864, -1297.9416799829864, -1297.9416799829864, -1297.9416799829864], 
[3141.0055239154226, 3141.0055239154226, 3141.0055239154226, 3141.0055239154226, 3141.0055239154226, 3141.0055239154226, -53.24464215500848, -53.24464215500848, -1213.723938607178, -1213.723938607178, -1213.723938607178, -1213.723938607178, -1278.4548814479326, -1278.4548814479326, -1278.4548814479326, -1278.4548814479326, -1293.5215363510647, -1293.5215363510647, -1293.5215363510647, -1293.5215363510647], 
[3528995.3236973304, 377432.30102076865, 64708.95498744212, 15672.622751391129, 2280.0195510235467, 2245.3534713574554, 2245.3534713574554, -929.2882703890616, -929.2882703890616, -931.67635314692, -1201.434376517262, -1207.014398307247, -1226.6435695978796, -1239.0857130371373, -1267.5800729560988, -1267.5800729560988, -1269.7476523878768, -1291.9026284747104, -1291.9026284747104, -1291.9026284747104], 
[48310.58849170688, 48310.58849170688, 10190.426711976266, 10190.426711976266, 10190.426711976266, 10190.426711976266, 203.85074511548828, 203.85074511548828, -934.8570542103109, -934.8570542103109, -934.8570542103109, -934.8570542103109, -1266.4482411040815, -1266.4482411040815, -1266.4482411040815, -1266.4482411040815, -1266.4482411040815, -1266.4482411040815, -1283.8523130550277, -1287.7620462349198], 
[154442.13090737708, 154442.13090737708, 154442.13090737708, 6484.200741776671, 6484.200741776671, 6484.200741776671, 2277.7708054293093, -535.2314327838279, -1180.522124888501, -1180.522124888501, -1262.3740079915342, -1262.3740079915342, -1262.3740079915342, -1262.3740079915342, -1262.3740079915342, -1262.3740079915342, -1275.953505718127, -1295.6067667347593, -1297.715376984336, -1297.715376984336], 
[54896.3494537953, 54896.3494537953, 54896.3494537953, 17574.782775170326, 17574.782775170326, 1102.3639741951692, 145.17911564434962, -900.1363369540866, -1287.9258626895908, -1287.9258626895908, -1287.9258626895908, -1287.9258626895908, -1287.9258626895908, -1287.9258626895908, -1287.9258626895908, -1287.9258626895908, -1299.5435964628687, -1299.5435964628687, -1299.5435964628687, -1299.5435964628687], 
[461777.5604782952, 210772.68725465145, 1063.5649385459155, 1063.5649385459155, -875.8195340892149, -1103.154864458038, -1103.154864458038, -1103.154864458038, -1103.154864458038, -1103.154864458038, -1103.154864458038, -1281.4263697804868, -1281.4263697804868, -1281.4263697804868, -1281.4263697804868, -1281.4263697804868, -1281.4263697804868, -1281.4263697804868, -1281.4263697804868, -1281.4263697804868], 
[1107.2328888441207, 1107.2328888441207, 1107.2328888441207, 1107.2328888441207, 1107.2328888441207, 1107.2328888441207, -49.32936355286756, -49.32936355286756, -49.32936355286756, -49.32936355286756, -798.6331845287834, -1104.7283394785777, -1104.7283394785777, -1104.7283394785777, -1104.7283394785777, -1247.9363281097853, -1292.9347634790388, -1292.9347634790388, -1292.9347634790388, -1294.7428971192624], 
[309238.9455422928, 309238.9455422928, 309238.9455422928, 309238.9455422928, 12820.01172275016, 3295.369943213258, 3295.369943213258, 3295.369943213258, 3295.369943213258, 3295.369943213258, 573.01191056482, -923.6293535313355, -923.6293535313355, -1093.642287266079, -1155.1169097462873, -1155.1169097462873, -1155.1169097462873, -1207.5935968940375, -1266.1071386044694, -1266.1071386044694], 
[890191.1320879023, 33012.549845767855, 33012.549845767855, 33012.549845767855, 33012.549845767855, 5725.451870460414, 982.9410607496225, 982.9410607496225, 982.9410607496225, 982.9410607496225, -984.1668856255562, -1272.9033287723553, -1272.9033287723553, -1272.9033287723553, -1272.9033287723553, -1272.9033287723553, -1284.5869810920344, -1287.7597534602285, -1287.7597534602285, -1287.7597534602285], 
[2473144.1480747224, 475339.2832066395, 8464.435363820465, 6275.323502258684, -344.52432785929466, -344.52432785929466, -710.2609350562603, -1225.463483519589, -1225.463483519589, -1225.463483519589, -1225.463483519589, -1225.463483519589, -1225.463483519589, -1280.2043843188717, -1280.2043843188717, -1280.2043843188717, -1299.7163728899534, -1299.7163728899534, -1299.7163728899534, -1299.7163728899534], 
