[64367.45425321616, 64014.290910909935, 64014.290910909935, 46590.923847998194, -57.89809843969738, -57.89809843969738, -57.89809843969738, -864.589627330466, -864.589627330466, -957.4673175344403, -1171.6938238033579, -1237.3271187373903, -1258.3316242576216, -1258.3316242576216, -1258.3316242576216, -1258.3316242576216, -1281.9716644489556, -1281.9716644489556, -1282.8313258998053, -1289.1773208255725], 
[832995.7538163653, 832995.7538163653, 15630.837119619886, 15630.837119619886, 3922.5726344150617, 3922.5726344150617, 2049.063072630261, 2049.063072630261, 2049.063072630261, -191.68594152644937, -191.68594152644937, -814.3103785698513, -814.3103785698513, -1047.4289521933708, -1047.4289521933708, -1294.1243469005403, -1294.1243469005403, -1294.1243469005403, -1294.1243469005403, -1294.1243469005403], 
[953681.1552279532, 282322.0943569725, 38129.11959379028, 1996.8439702683563, 1996.8439702683563, -1050.5969544147808, -1050.5969544147808, -1050.5969544147808, -1050.5969544147808, -1050.5969544147808, -1125.7628945432882, -1263.584708141456, -1294.8220615416617, -1294.8220615416617, -1294.8220615416617, -1294.8220615416617, -1298.3968036951644, -1298.3968036951644, -1298.3968036951644, -1298.3968036951644], 
[28260.232298907475, 28260.232298907475, 22930.01729978751, 22930.01729978751, -62.81440314475367, -62.81440314475367, -62.81440314475367, -448.8516989620166, -448.8516989620166, -834.2612792019743, -1266.7649561611577, -1266.7649561611577, -1266.7649561611577, -1266.7649561611577, -1293.4517707848622, -1293.4517707848622, -1293.4517707848622, -1299.4994051475337, -1299.4994051475337, -1299.4994051475337], 
[2120915.954607236, 2120915.954607236, 18642.95867989319, 4129.429962817361, 4129.429962817361, 4129.429962817361, 1270.3503562175383, 1270.3503562175383, -157.96750225653955, -1032.829918757557, -1032.829918757557, -1208.2151479953195, -1208.2151479953195, -1228.3254838642092, -1228.3254838642092, -1290.0319087295074, -1290.0319087295074, -1293.8120836029113, -1293.8120836029113, -1293.8120836029113], 
[49164.49790418796, 49164.49790418796, 49164.49790418796, 49164.49790418796, 3370.119835346669, 3370.119835346669, 2742.476793169043, 447.40246055890657, -982.2041472670808, -982.2041472670808, -1199.0182714179077, -1199.0182714179077, -1237.1525065598062, -1237.1525065598062, -1237.1525065598062, -1237.1525065598062, -1237.1525065598062, -1237.1525065598062, -1289.5648676326093, -1289.5648676326093], 
[126010.91707181836, 120582.68247844111, 1713.8352887642377, 1713.8352887642377, 1713.8352887642377, 685.7931453162457, 685.7931453162457, -1135.82064081991, -1200.7549339920727, -1200.7549339920727, -1200.7549339920727, -1200.7549339920727, -1200.7549339920727, -1200.7549339920727, -1228.2025227112604, -1260.9780148722944, -1295.5406431631066, -1295.5406431631066, -1295.5406431631066, -1297.4020850984737], 
[1171264.5384201356, 40915.4795632714, 1132.03455624785, 1132.03455624785, 1132.03455624785, 110.16315421644254, 110.16315421644254, 110.16315421644254, -0.55074784226872, -0.55074784226872, -542.7430262537772, -1271.138670692897, -1271.138670692897, -1271.138670692897, -1271.138670692897, -1286.2570461781, -1286.2570461781, -1291.7950838197155, -1296.2729685302595, -1296.2729685302595], 
[6578276.7492411565, 197477.9487493199, 20488.57459424915, 20488.57459424915, 20488.57459424915, 5637.317178867555, 1045.9083052734259, 1045.9083052734259, -17.108374512801447, -17.108374512801447, -861.0949520574945, -861.0949520574945, -861.0949520574945, -886.4471302959148, -1267.2175367437287, -1267.2175367437287, -1294.613066540995, -1294.613066540995, -1294.613066540995, -1295.7413343598055], 
[1767087.730993763, 48631.681116524305, 48631.681116524305, 8250.70016555959, 8250.70016555959, -932.4185418206089, -932.4185418206089, -932.4185418206089, -1274.6128692520124, -1274.6128692520124, -1274.6128692520124, -1274.6128692520124, -1274.6128692520124, -1274.6128692520124, -1292.9855340447605, -1292.9855340447605, -1292.9855340447605, -1293.7772927243457, -1293.7772927243457, -1294.9145877912658], 
[5796.611553965007, 5796.611553965007, 3948.6991352597834, 3948.6991352597834, 1535.0582696179067, 1535.0582696179067, 1535.0582696179067, 1344.5410361000918, 14.216005617685369, -76.14000161178092, -1266.8513064108615, -1298.4037104934216, -1298.4037104934216, -1298.4037104934216, -1298.4037104934216, -1298.4037104934216, -1298.4037104934216, -1298.4037104934216, -1298.4037104934216, -1298.4037104934216], 
[409032.53303549543, 409032.53303549543, 2657.864604887537, 2657.864604887537, 2657.864604887537, 2262.8651772793173, 2262.8651772793173, 2262.8651772793173, 2160.286616896347, -1147.7611849911755, -1224.2884799370952, -1250.8632104575636, -1250.8632104575636, -1261.759748440154, -1261.759748440154, -1261.759748440154, -1280.7499545873718, -1280.7499545873718, -1280.7499545873718, -1297.384154714033], 
[1113122.0281218204, 206129.5999271018, 49363.61808098842, 15974.363159604247, 2495.9405172291617, -718.5163467879996, -718.5163467879996, -718.5163467879996, -1294.721217668579, -1294.721217668579, -1294.721217668579, -1294.721217668579, -1294.721217668579, -1294.721217668579, -1294.721217668579, -1294.721217668579, -1294.721217668579, -1294.721217668579, -1294.721217668579, -1299.937563419652], 
[2018778.9379778272, 513819.4346624394, 146306.43439481553, 4687.650942321584, 4687.650942321584, -208.25913977883488, -1051.3273916220594, -1051.3273916220594, -1194.1273131023795, -1194.1273131023795, -1194.1273131023795, -1239.946174595754, -1239.946174595754, -1243.0352376495503, -1296.9469714038798, -1296.9469714038798, -1296.9469714038798, -1296.9469714038798, -1296.9469714038798, -1296.9469714038798], 
[1147578.8228590833, 61845.813967896014, 61845.813967896014, 61845.813967896014, 2182.680292616498, 1001.0534370941341, -248.77653930302426, -908.2519797601251, -908.2519797601251, -908.2519797601251, -1216.8600046361757, -1216.8600046361757, -1221.868310318133, -1221.868310318133, -1268.643511636361, -1292.9276437738217, -1292.9276437738217, -1292.9276437738217, -1292.9276437738217, -1295.5887558421382], 
[277522.08642679633, 65609.52965474899, 25018.187339688895, 25018.187339688895, 3866.5889091227646, -968.4391554119395, -968.4391554119395, -1199.2716311492643, -1199.2716311492643, -1199.2716311492643, -1199.2716311492643, -1199.2716311492643, -1265.8687069112493, -1265.8687069112493, -1265.8687069112493, -1265.8687069112493, -1286.5896398789605, -1286.5896398789605, -1286.5896398789605, -1298.5410102437509], 
[714111.7948826317, 7859.909557081743, 7859.909557081743, 7859.909557081743, 4065.384047772911, -282.91506920017423, -282.91506920017423, -282.91506920017423, -1216.858968346206, -1216.858968346206, -1216.858968346206, -1227.9415529208195, -1227.9415529208195, -1257.9186610938398, -1276.3650104020815, -1276.3650104020815, -1276.3650104020815, -1276.3650104020815, -1290.1768342611915, -1290.1768342611915], 
[-435.42613291318594, -435.42613291318594, -435.42613291318594, -435.42613291318594, -435.42613291318594, -435.42613291318594, -435.42613291318594, -1270.8300562356571, -1270.8300562356571, -1270.8300562356571, -1270.8300562356571, -1270.8300562356571, -1270.8300562356571, -1270.8300562356571, -1270.8300562356571, -1296.8920214735442, -1296.8920214735442, -1296.8920214735442, -1298.369467868815, -1298.369467868815], 
[13568.376264126771, 13568.376264126771, 13568.376264126771, 6015.306971978947, 6015.306971978947, 6015.306971978947, -981.7956980754061, -981.7956980754061, -981.7956980754061, -1126.9554327079381, -1126.9554327079381, -1168.602667620091, -1291.342231082171, -1291.342231082171, -1291.342231082171, -1291.342231082171, -1291.342231082171, -1291.342231082171, -1291.342231082171, -1299.2734369008442], 
[280998.6404078485, 280998.6404078485, 13261.3213522009, 13261.3213522009, 1828.0394341745723, 976.9860981133725, 931.96500428634, 702.256064029151, -1034.9927557279789, -1034.9927557279789, -1238.7202649953826, -1238.7202649953826, -1238.7202649953826, -1238.7202649953826, -1252.6362484151475, -1272.2358736343242, -1273.2600533798407, -1279.904603831199, -1284.140292413322, -1288.3622755271128], 
[4892585.79630869, 341466.91069038265, 3436.5562804362826, 3436.5562804362826, 265.36840772618075, 265.36840772618075, 265.36840772618075, -365.110753690613, -365.110753690613, -365.110753690613, -1000.7041076596496, -1000.7041076596496, -1036.5442773722211, -1236.6698506322834, -1236.6698506322834, -1236.6698506322834, -1284.8165344849144, -1284.8165344849144, -1290.4865732290384, -1290.4865732290384], 
[1181299.1856597834, 351045.3892709771, 7525.014463329508, 2592.524404172395, 2592.524404172395, 2592.524404172395, 2592.524404172395, 98.83796845567076, -1209.6186608018352, -1209.6186608018352, -1209.6186608018352, -1209.6186608018352, -1209.6186608018352, -1209.6186608018352, -1275.090342378637, -1275.090342378637, -1279.6181036991702, -1279.6181036991702, -1289.0359736354294, -1296.4832934782478], 
[1115318.2199598153, 97962.76466812174, 97962.76466812174, 12079.137757845114, 12079.137757845114, 921.1095556605728, 921.1095556605728, 921.1095556605728, -1141.6548236080812, -1141.6548236080812, -1141.6548236080812, -1264.3261709708493, -1264.3261709708493, -1267.149556551305, -1284.0421360697335, -1284.0421360697335, -1284.0421360697335, -1284.0421360697335, -1296.2646144574908, -1296.2646144574908], 
[447435.0032080539, 157092.1046480242, 11182.056664429252, 11182.056664429252, -83.07386456466065, -325.24979022118873, -1053.405439839348, -1053.405439839348, -1053.405439839348, -1093.61000986376, -1294.0176524148367, -1294.0176524148367, -1294.0176524148367, -1294.0176524148367, -1294.0176524148367, -1294.0176524148367, -1297.0220295087902, -1297.0220295087902, -1297.0220295087902, -1297.0220295087902], 
[441923.3620468414, 441923.3620468414, 441923.3620468414, 13316.623040851571, 13316.623040851571, 2431.5180015104274, 244.66576381062237, 244.66576381062237, 244.66576381062237, -230.42660012104625, -1277.7709447940294, -1277.7709447940294, -1277.7709447940294, -1277.7709447940294, -1277.7709447940294, -1277.7709447940294, -1277.7709447940294, -1277.7709447940294, -1296.9021954622074, -1296.9021954622074], 
[882409.322781671, 882409.322781671, 51035.950693057384, 583.7578170545225, 583.7578170545225, -480.8893202503069, -480.8893202503069, -480.8893202503069, -480.8893202503069, -480.8893202503069, -480.8893202503069, -702.5055599634527, -765.7825406892846, -1293.5929811709311, -1293.5929811709311, -1293.5929811709311, -1293.5929811709311, -1293.5929811709311, -1293.5929811709311, -1293.5929811709311], 
[122202.40757789748, 122202.40757789748, 122202.40757789748, 1467.0615430355879, 1467.0615430355879, 1467.0615430355879, 1065.3335733346812, -778.8389238220267, -1160.9710757880891, -1160.9710757880891, -1160.9710757880891, -1270.5485922095854, -1270.5485922095854, -1270.5485922095854, -1275.109164497522, -1286.5409151476726, -1286.5409151476726, -1293.7027442186559, -1293.7027442186559, -1298.0570796114346], 
[488529.6925535535, 488529.6925535535, 25177.934568402132, 25177.934568402132, 7336.052092379918, 68.907415954714, 68.907415954714, 68.907415954714, -1035.2325313732251, -1035.2325313732251, -1035.2325313732251, -1035.2325313732251, -1035.2325313732251, -1162.606394532387, -1288.2105743766786, -1288.2105743766786, -1288.2105743766786, -1288.2105743766786, -1290.930461001549, -1297.557226054556], 
[1362817.0738121714, 486666.51174244715, 42665.73522843433, 16235.905408693161, 1866.6215888839533, 1866.6215888839533, 1001.0204010726275, 1001.0204010726275, -294.99260358011827, -709.7858318313437, -885.0153541338655, -950.0433530562107, -950.0433530562107, -1155.6407963987015, -1175.673372937319, -1274.561998285188, -1275.2277413149732, -1275.2277413149732, -1290.2017873521656, -1290.2017873521656], 
[11212.52435504787, 11212.52435504787, 10781.905784126742, 10781.905784126742, 2739.844755969798, -916.1037998174647, -916.1037998174647, -916.1037998174647, -916.1037998174647, -1276.4595763637192, -1276.4595763637192, -1276.4595763637192, -1276.4595763637192, -1276.4595763637192, -1276.4595763637192, -1276.4595763637192, -1276.4595763637192, -1276.4595763637192, -1282.4543249621845, -1282.4543249621845], 
