[1954905.4495044346, 157762.37369491172, 157762.37369491172, 3420.5586453436827, 3420.5586453436827, 3420.5586453436827, 3420.5586453436827, -1077.2652779840507, -1077.2652779840507, -1212.9906937190995, -1212.9906937190995, -1212.9906937190995, -1212.9906937190995, -1234.3336684427452, -1234.3336684427452, -1291.820286509932, -1295.5656261375236, -1295.5656261375236, -1295.5656261375236, -1295.5656261375236], 
[498522.0564060497, 138419.5060535474, 6093.495562246262, 3837.4318002455884, 3837.4318002455884, 1133.3294510142541, 216.01414687974966, 216.01414687974966, -108.89514675536702, -1261.2039641965282, -1261.2039641965282, -1261.2039641965282, -1296.3214101728536, -1296.3214101728536, -1296.3214101728536, -1296.3214101728536, -1296.3214101728536, -1296.3214101728536, -1296.3214101728536, -1296.3214101728536], 
[15287.23209028285, 15287.23209028285, 15287.23209028285, 914.7039469477409, 914.7039469477409, -1123.1766541387071, -1123.1766541387071, -1123.1766541387071, -1123.1766541387071, -1123.1766541387071, -1183.8620525549657, -1183.8620525549657, -1183.8620525549657, -1183.8620525549657, -1183.8620525549657, -1278.8771543327805, -1278.8771543327805, -1278.8771543327805, -1278.8771543327805, -1278.8771543327805], 
[1327605.857074073, 480739.5393859916, 151501.85310129783, 38380.04869246042, 38380.04869246042, -409.4965365467008, -461.1438951421816, -461.1438951421816, -461.1438951421816, -830.4932581976988, -1276.9399359591841, -1276.9399359591841, -1276.9399359591841, -1290.9223329569472, -1290.9223329569472, -1290.9223329569472, -1290.9223329569472, -1290.9223329569472, -1290.9223329569472, -1290.9223329569472], 
[98274.6065293009, 98274.6065293009, -551.6721769923778, -551.6721769923778, -551.6721769923778, -829.7391820708515, -829.7391820708515, -829.7391820708515, -829.7391820708515, -1197.2580148830527, -1197.2580148830527, -1197.2580148830527, -1197.2580148830527, -1217.6537694857652, -1262.7811552683859, -1294.764983317557, -1294.764983317557, -1294.764983317557, -1294.764983317557, -1294.764983317557], 
[584011.5470291423, 57490.00113062291, 11244.08363719608, 11244.08363719608, 1962.7382333299392, 1962.7382333299392, 1097.997385782901, -579.8323456503208, -579.8323456503208, -798.5553427621905, -798.5553427621905, -1206.5109214761928, -1206.5109214761928, -1231.0038444584732, -1259.6488186906402, -1259.6488186906402, -1276.3712602370392, -1297.0525314649885, -1297.0525314649885, -1299.4643601001044], 
[540272.6313258028, 15409.058870862817, 5303.46532660167, 5303.46532660167, 3011.335628159861, 3011.335628159861, 2830.048067873435, 2830.048067873435, -381.74667208939786, -941.6805407988705, -995.9894292120107, -999.823949593648, -1251.127005461553, -1251.127005461553, -1251.127005461553, -1299.9738364183363, -1299.9738364183363, -1299.9738364183363, -1299.9738364183363, -1299.9738364183363], 
[707471.9122644407, 707471.9122644407, 504978.9842402313, 67355.31042454271, 5601.122486225682, 5601.122486225682, -861.4421235387464, -861.4421235387464, -861.4421235387464, -861.4421235387464, -1121.5373493169948, -1237.5095875856568, -1237.5095875856568, -1294.3951213754192, -1294.3951213754192, -1294.3951213754192, -1294.3951213754192, -1294.3951213754192, -1294.3951213754192, -1294.3951213754192], 
[35735.867157753404, 35735.867157753404, 35735.867157753404, 35735.867157753404, 12663.930568613758, -488.39379674946247, -989.8266567016736, -989.8266567016736, -989.8266567016736, -989.8266567016736, -989.8266567016736, -1215.303474823164, -1293.247222162094, -1293.247222162094, -1293.247222162094, -1293.247222162094, -1293.247222162094, -1294.6444999583352, -1294.6444999583352, -1294.6444999583352], 
[6259083.10955267, 112038.3211566623, 36677.97486912418, 36677.97486912418, 4539.174662679816, 1854.6611549295644, -607.7325653994689, -607.7325653994689, -1266.2529610708566, -1266.2529610708566, -1266.2529610708566, -1266.2529610708566, -1266.2529610708566, -1266.2529610708566, -1266.2529610708566, -1266.2529610708566, -1266.2529610708566, -1266.2529610708566, -1278.9938901267813, -1297.4127502047638], 
[221239.2721775394, 35345.73233048026, 28706.018312012824, 1254.258748358954, 1254.258748358954, 1254.258748358954, 66.0490200149161, 66.0490200149161, -245.14378960395447, -755.6834072095301, -755.6834072095301, -755.6834072095301, -755.6834072095301, -755.6834072095301, -1021.0531049571237, -1246.0297095823623, -1249.1525552042342, -1256.8190191659633, -1256.8190191659633, -1277.9405716890117], 
[912852.5182912075, 75642.03377045726, 37310.05977998805, 133.10723760889255, 133.10723760889255, -277.80745819462277, -277.80745819462277, -277.80745819462277, -927.778988418017, -927.778988418017, -927.778988418017, -1216.1909004198703, -1216.1909004198703, -1216.1909004198703, -1216.1909004198703, -1216.1909004198703, -1296.6565251994766, -1296.6565251994766, -1296.6565251994766, -1299.5652550855402], 
[235582.47966130034, 24024.659096817544, 24024.659096817544, 24024.659096817544, 24024.659096817544, 881.8343928026143, -869.3737656084024, -1106.491105200284, -1277.1197921025523, -1277.1197921025523, -1277.1197921025523, -1277.1197921025523, -1277.1197921025523, -1277.1197921025523, -1277.1197921025523, -1277.1197921025523, -1277.1197921025523, -1288.2418192418777, -1288.2418192418777, -1288.2418192418777], 
[221968.01506581478, 35175.4736010566, 35175.4736010566, 11342.195102870282, -112.64652048457947, -112.64652048457947, -112.64652048457947, -1140.4571035395154, -1140.4571035395154, -1140.4571035395154, -1143.8789891503116, -1294.377359579049, -1294.377359579049, -1294.377359579049, -1297.2526787716279, -1297.2526787716279, -1297.2526787716279, -1297.2526787716279, -1297.2526787716279, -1297.2526787716279], 
[558030.1993510298, -1084.7893235084457, -1084.7893235084457, -1084.7893235084457, -1084.7893235084457, -1084.7893235084457, -1084.7893235084457, -1084.7893235084457, -1084.7893235084457, -1084.7893235084457, -1084.7893235084457, -1231.8627073863208, -1231.8627073863208, -1273.6739768799807, -1292.0707888104937, -1294.0692907280186, -1294.0692907280186, -1294.0692907280186, -1294.0692907280186, -1298.6586625884092], 
[78910.85741117105, 78910.85741117105, 8356.067538619558, 362.10318344766847, 362.10318344766847, 362.10318344766847, -205.5060773868738, -205.5060773868738, -631.7364434739046, -1197.2692992453674, -1197.2692992453674, -1197.2692992453674, -1197.2692992453674, -1197.2692992453674, -1252.4934288844834, -1252.4934288844834, -1252.4934288844834, -1280.249631446519, -1293.393350404956, -1293.393350404956], 
[6023.2458132268375, 6023.2458132268375, 6023.2458132268375, 6023.2458132268375, 1176.550031651725, 1176.550031651725, -1247.7152911528237, -1247.7152911528237, -1247.7152911528237, -1247.7152911528237, -1247.7152911528237, -1277.7625431411657, -1277.7625431411657, -1277.7625431411657, -1277.7625431411657, -1277.7625431411657, -1286.9236148048262, -1286.9236148048262, -1286.9236148048262, -1286.9236148048262], 
[2115743.287097209, 483269.5329857159, 49603.20235467996, 24656.249549846572, 24656.249549846572, 27.110268250073204, 27.110268250073204, -551.1029849186035, -990.0790390378714, -990.0790390378714, -990.0790390378714, -990.0790390378714, -1296.0207543036445, -1296.0207543036445, -1296.0207543036445, -1296.0207543036445, -1296.0207543036445, -1296.0207543036445, -1296.0207543036445, -1296.0207543036445], 
[425642.4421381776, 425642.4421381776, 7274.750034511053, 7274.750034511053, 7274.750034511053, 3622.007783292798, 3622.007783292798, -786.6439730334614, -786.6439730334614, -786.6439730334614, -1242.4720680182422, -1242.4720680182422, -1242.4720680182422, -1242.4720680182422, -1287.6020127601682, -1287.6020127601682, -1287.6020127601682, -1287.6020127601682, -1287.6020127601682, -1287.6020127601682], 
[181962.8892531548, 181962.8892531548, 181962.8892531548, -816.2719272731782, -816.2719272731782, -816.2719272731782, -816.2719272731782, -816.2719272731782, -816.2719272731782, -816.2719272731782, -816.2719272731782, -936.9660818514564, -1278.8679058431867, -1278.8679058431867, -1278.8679058431867, -1278.8679058431867, -1278.8679058431867, -1295.30074195819, -1295.30074195819, -1297.4775411607598], 
[166493.9063897063, 396.18952783858094, 396.18952783858094, 396.18952783858094, 396.18952783858094, 396.18952783858094, 396.18952783858094, 396.18952783858094, -742.2038207032697, -1271.2787573340938, -1271.2787573340938, -1271.2787573340938, -1271.2787573340938, -1271.2787573340938, -1271.2787573340938, -1271.2787573340938, -1293.611837547974, -1293.611837547974, -1293.611837547974, -1293.611837547974], 
[1967964.7031466567, 188896.3668668061, 188896.3668668061, 3480.6115163224213, 3480.6115163224213, 261.99839058358657, 261.99839058358657, 261.99839058358657, -1181.8782886476179, -1181.8782886476179, -1188.8224520956753, -1280.1533097060737, -1280.1533097060737, -1294.7481630940465, -1294.7481630940465, -1294.7481630940465, -1294.7481630940465, -1294.7481630940465, -1294.7481630940465, -1295.357568649553], 
[3928180.0395575995, 38548.79936574389, 9034.8812363575, 288.02298065990476, 288.02298065990476, 288.02298065990476, 288.02298065990476, 288.02298065990476, -1281.973012631501, -1281.973012631501, -1281.973012631501, -1281.973012631501, -1281.973012631501, -1281.973012631501, -1281.973012631501, -1281.973012631501, -1281.973012631501, -1298.9486586644762, -1298.9486586644762, -1298.9486586644762], 
[3404217.0642315624, 3223431.153116148, 947903.7251512808, 14602.91335928387, 14602.91335928387, 704.2933528151486, 704.2933528151486, 704.2933528151486, 242.37993276475504, -426.5603538383225, -426.5603538383225, -852.5901170183456, -852.5901170183456, -1114.1532899175124, -1249.605043187809, -1249.605043187809, -1276.553099428338, -1276.553099428338, -1293.1331397082838, -1293.1331397082838], 
[219659.12409027683, 47566.35593438254, 47566.35593438254, 5875.435846134202, 384.34977520890925, -677.041797572113, -942.1913056623164, -1085.9863499454175, -1278.0435264195503, -1287.4607930103334, -1287.4607930103334, -1287.4607930103334, -1287.4607930103334, -1287.4607930103334, -1287.4607930103334, -1287.4607930103334, -1293.5973930461998, -1293.5973930461998, -1299.4282690792265, -1299.4282690792265], 
[75777.76518013596, 2656.3144205158133, -1022.1536116734972, -1022.1536116734972, -1022.1536116734972, -1022.1536116734972, -1022.1536116734972, -1220.5094976446483, -1220.5094976446483, -1220.5094976446483, -1220.5094976446483, -1220.5094976446483, -1220.5094976446483, -1278.0304534670984, -1278.0304534670984, -1292.0234487507862, -1292.0234487507862, -1292.0234487507862, -1292.0234487507862, -1292.0234487507862], 
[24379.533078448287, 24379.533078448287, 8845.888100096005, 8845.888100096005, 8845.888100096005, -969.6420793186485, -1264.606115759133, -1264.606115759133, -1264.606115759133, -1264.606115759133, -1264.606115759133, -1264.606115759133, -1264.606115759133, -1299.6462202574771, -1299.6462202574771, -1299.6462202574771, -1299.6462202574771, -1299.6462202574771, -1299.6462202574771, -1299.6462202574771], 
[7956459.923867447, 1646759.4186624778, 29443.534879768402, 1167.3963118154297, -464.03602238870076, -464.03602238870076, -464.03602238870076, -464.03602238870076, -547.5927080681084, -1001.0172727409114, -1001.0172727409114, -1005.3034304507205, -1194.227316712237, -1194.227316712237, -1220.6174041666584, -1288.4015777676273, -1288.4015777676273, -1288.4015777676273, -1288.4015777676273, -1288.4015777676273], 
[788484.5764485989, 788484.5764485989, 535.9873968779198, 535.9873968779198, 535.9873968779198, 535.9873968779198, -36.097687076764714, -1220.1178166199425, -1220.1178166199425, -1271.3402136547154, -1271.3402136547154, -1271.3402136547154, -1271.3402136547154, -1271.3402136547154, -1272.442091055206, -1286.9829390240711, -1286.9829390240711, -1299.1616565955883, -1299.1616565955883, -1299.1616565955883], 
[126038.84356677838, 108375.93090531783, 108375.93090531783, 59769.067930825964, 1098.4735667282812, 840.6634133965499, 840.6634133965499, -91.35139836738585, -91.35139836738585, -91.35139836738585, -1035.8114789135418, -1035.8114789135418, -1100.1483681337386, -1100.1483681337386, -1258.226396821623, -1282.0464853376018, -1282.5546036875558, -1291.9583451219735, -1291.9583451219735, -1291.9583451219735], 
