[1159953.9541701523, 462838.2743162615, 462838.2743162615, 462838.2743162615, 14054.07777286293, 3517.336735843105, 2240.620464890024, -625.3033349625291, -625.3033349625291, -625.3033349625291, -743.0967128023283, -932.6962767139305, -932.6962767139305, -1223.5541050442298, -1223.5541050442298, -1260.104169819, -1292.9894870461549, -1292.9894870461549, -1292.9894870461549, -1292.9894870461549], 
[422260.4398418245, 422260.4398418245, 38882.829674170534, 505.9694642357681, 505.9694642357681, 505.9694642357681, 505.9694642357681, -1064.595481320555, -1064.595481320555, -1064.595481320555, -1064.595481320555, -1088.957314090877, -1161.8859268073809, -1195.6246846489908, -1195.6246846489908, -1276.7187258678684, -1276.7187258678684, -1276.7187258678684, -1276.7187258678684, -1289.011427674632], 
[3034816.705797183, 509720.2591630677, 271605.7816277274, 11767.264853781871, 11767.264853781871, 995.5211141064283, 995.5211141064283, -1224.0156742820984, -1224.0156742820984, -1245.0791643499324, -1245.0791643499324, -1245.0791643499324, -1245.0791643499324, -1292.0298189878674, -1292.0298189878674, -1292.0298189878674, -1292.0298189878674, -1292.0298189878674, -1298.7643394428912, -1298.7643394428912], 
[538729.4906721599, 31514.185557468038, 11358.381979745303, 11125.439600913222, -39.401027488211184, -39.401027488211184, -747.9593166808195, -747.9593166808195, -747.9593166808195, -747.9593166808195, -878.1963861879217, -1277.5957931427542, -1277.5957931427542, -1277.5957931427542, -1277.5957931427542, -1277.5957931427542, -1287.7211816872932, -1287.7211816872932, -1287.7211816872932, -1287.7211816872932], 
[1008465.4712221572, 1008465.4712221572, 259955.19114807784, 96420.55608952363, 4581.522527096571, -136.34311029473065, -136.34311029473065, -1277.7203770128651, -1277.7203770128651, -1277.7203770128651, -1277.7203770128651, -1277.7203770128651, -1277.7203770128651, -1277.7203770128651, -1277.828431563186, -1277.828431563186, -1277.828431563186, -1288.5883095336596, -1288.5883095336596, -1295.5663997331847], 
[367515.07070710923, 367515.07070710923, 52792.14246420889, 52792.14246420889, 44325.25989777415, -1261.8318559321285, -1261.8318559321285, -1261.8318559321285, -1261.8318559321285, -1261.8318559321285, -1261.8318559321285, -1261.8318559321285, -1261.8318559321285, -1261.8318559321285, -1261.8318559321285, -1299.2330513237257, -1299.2330513237257, -1299.2330513237257, -1299.2330513237257, -1299.2330513237257], 
[20490.64454098787, 20490.64454098787, 128.31337892554166, 128.31337892554166, 128.31337892554166, 128.31337892554166, -556.2869582068743, -556.2869582068743, -696.3967100215087, -870.9282895919799, -1273.6209507897042, -1273.6209507897042, -1273.6209507897042, -1273.6209507897042, -1273.6209507897042, -1273.6209507897042, -1273.6209507897042, -1273.6209507897042, -1273.6209507897042, -1296.7722971319015], 
[386697.4330495729, 386697.4330495729, 203164.32163138036, 60821.107823385726, 6910.416772812687, -1017.6329574969549, -1017.6329574969549, -1017.6329574969549, -1203.3768732986448, -1203.3768732986448, -1203.3768732986448, -1203.3768732986448, -1214.7263314480128, -1273.9377173403645, -1274.8065207946345, -1274.8065207946345, -1274.8065207946345, -1274.8065207946345, -1274.8065207946345, -1294.4112494404249], 
[4351411.342855225, 3861.1083303048745, 3861.1083303048745, 3861.1083303048745, -391.3640528289005, -391.3640528289005, -391.3640528289005, -909.1508872813373, -909.1508872813373, -909.1508872813373, -1003.193827718707, -1003.193827718707, -1003.193827718707, -1228.5978469270653, -1271.6866842621341, -1271.6866842621341, -1271.6866842621341, -1299.7667652936943, -1299.7667652936943, -1299.7667652936943], 
[437364.6714424231, 437364.6714424231, 331298.240490786, 2151.966535156159, 2151.966535156159, 1583.9236667030077, 963.8555559965503, -1124.081162655137, -1124.081162655137, -1124.081162655137, -1146.9786554072305, -1190.2350850059618, -1241.069339100438, -1241.069339100438, -1241.069339100438, -1274.5849938315343, -1274.5849938315343, -1285.263677038153, -1285.263677038153, -1299.0991701915984], 
[495950.25595762976, 107097.75326532459, 55694.76893847987, 11254.402790343427, 11254.402790343427, 11254.402790343427, 1196.2662255537198, 19.780525690530112, -157.5660474461447, -1259.6344185753862, -1259.6344185753862, -1259.6344185753862, -1259.6344185753862, -1259.6344185753862, -1259.6344185753862, -1269.7853470993564, -1290.6874271633974, -1290.6874271633974, -1290.6874271633974, -1290.6874271633974], 
[1970999.8373697973, 859566.9393451986, 200425.47304500523, 6242.594794548853, 6242.594794548853, 5566.516750983383, 1620.3784370738267, 1620.3784370738267, 530.5268179071729, 530.5268179071729, -262.85084448972134, -409.9331463879214, -1207.0450006790031, -1292.682900549648, -1292.682900549648, -1292.682900549648, -1292.682900549648, -1292.682900549648, -1292.682900549648, -1299.77698660786], 
[13064.916438867791, 13064.916438867791, 13064.916438867791, 5986.951721469816, 5074.30058598882, 3182.434660380698, -342.1161347040951, -1187.3614069269056, -1187.3614069269056, -1187.3614069269056, -1187.3614069269056, -1187.3614069269056, -1278.4405015783955, -1287.7212294397455, -1287.7212294397455, -1295.8606489314266, -1295.8606489314266, -1295.8606489314266, -1295.8606489314266, -1295.8606489314266], 
[377987.1922823086, 14012.722285043224, 14012.722285043224, 3095.0812546280076, 2524.8303457217658, -826.4665835778998, -826.4665835778998, -1002.7916274304154, -1058.5277324674446, -1058.5277324674446, -1218.8443780023636, -1218.8443780023636, -1253.1355732490024, -1253.1355732490024, -1253.1355732490024, -1278.5548483795392, -1278.5548483795392, -1278.5548483795392, -1278.5548483795392, -1296.1544136826737], 
[806806.094489354, 482999.4996430871, 161988.61506448616, 714.4294778228029, -1267.8353258558577, -1267.8353258558577, -1267.8353258558577, -1267.8353258558577, -1299.5987091388256, -1299.5987091388256, -1299.5987091388256, -1299.5987091388256, -1299.5987091388256, -1299.5987091388256, -1299.5987091388256, -1299.5987091388256, -1299.5987091388256, -1299.5987091388256, -1299.5987091388256, -1299.5987091388256], 
[42786.63750651431, 42786.63750651431, 11275.413500161314, 11275.413500161314, 11275.413500161314, 3382.0618001237935, 1262.627801628778, 1262.627801628778, -792.4563427369103, -1237.3547016639614, -1299.7797391481104, -1299.7797391481104, -1299.7797391481104, -1299.7797391481104, -1299.7797391481104, -1299.7797391481104, -1299.7797391481104, -1299.7797391481104, -1299.7797391481104, -1299.7797391481104], 
[371879.73051686084, 351792.475041654, 351792.475041654, 9182.560884839946, 9182.560884839946, 5292.064462397632, 440.7263727921609, -1055.2823571861923, -1055.2823571861923, -1055.2823571861923, -1055.2823571861923, -1193.925669311299, -1265.431251908478, -1265.431251908478, -1265.431251908478, -1287.6149575969353, -1287.6149575969353, -1287.6149575969353, -1287.6149575969353, -1296.4156567743285], 
[514306.4912716198, 69623.46572792076, 7557.595016967516, 7557.595016967516, -813.2681477883777, -813.2681477883777, -813.2681477883777, -925.72410657262, -925.72410657262, -925.72410657262, -1021.3397237097697, -1068.1772755820227, -1191.265772679872, -1222.9316482260235, -1297.9300342838278, -1297.9300342838278, -1297.9300342838278, -1297.9300342838278, -1297.9300342838278, -1297.9300342838278], 
[213248.24349284405, 2666.845571500702, 2666.845571500702, 2666.845571500702, 2666.845571500702, 2666.845571500702, 892.6141483465635, 401.14378003324396, -978.7754530323191, -978.7754530323191, -1265.5519578115193, -1265.5519578115193, -1285.0671030290991, -1285.0671030290991, -1285.0671030290991, -1285.0671030290991, -1285.0671030290991, -1298.4097456311358, -1298.4097456311358, -1298.4097456311358], 
[61462.33793872718, 8758.080007418635, 8758.080007418635, 2503.1383850944876, 2503.1383850944876, 120.83160019838988, 120.83160019838988, 120.83160019838988, 120.83160019838988, 120.83160019838988, -265.043175126556, -265.043175126556, -281.26351460826424, -560.0434367151199, -1240.2169834389176, -1240.2169834389176, -1271.878391833101, -1271.878391833101, -1293.4712547935778, -1293.4712547935778], 
[608697.5946576773, 263518.56614037766, 155500.87014555736, 155500.87014555736, 1232.7625156563654, 1232.7625156563654, 648.5154363870067, -1293.6394666015265, -1293.6394666015265, -1293.6394666015265, -1293.6394666015265, -1293.6394666015265, -1293.6394666015265, -1293.6394666015265, -1293.6394666015265, -1293.6394666015265, -1293.6394666015265, -1293.6394666015265, -1293.6394666015265, -1294.9535494745378], 
[57589.944150378506, 57589.944150378506, 169.14900635589356, 169.14900635589356, 169.14900635589356, -210.88878836599497, -406.9739836809978, -1189.0639590211495, -1189.0639590211495, -1189.0639590211495, -1189.0639590211495, -1189.0639590211495, -1190.6515129240506, -1285.4589747883701, -1285.4589747883701, -1285.4589747883701, -1285.4589747883701, -1299.6295746093447, -1299.6295746093447, -1299.6295746093447], 
[6738015.922799043, 119650.61427030018, 119650.61427030018, 61985.92683239556, 17147.77765606896, 2394.236118257545, 1592.1644026347549, -158.27597207513008, -158.27597207513008, -806.127879335527, -1027.6048312151993, -1027.6048312151993, -1027.6048312151993, -1139.4800397631343, -1139.4800397631343, -1282.2767242841692, -1297.05663043487, -1297.05663043487, -1297.05663043487, -1297.05663043487], 
[12879783.486079212, 146422.78322442615, 71663.27211161076, 6894.185966705751, 785.2283741935303, -1115.1252024876471, -1115.1252024876471, -1198.9632593146575, -1198.9632593146575, -1198.9632593146575, -1264.457056577944, -1269.7078377350178, -1269.7078377350178, -1269.7078377350178, -1269.7078377350178, -1296.0981757049574, -1296.0981757049574, -1296.0981757049574, -1296.0981757049574, -1296.0981757049574], 
[3690612.3906218302, 12390.202953090386, -427.5934277999727, -427.5934277999727, -520.5689013587672, -520.5689013587672, -520.5689013587672, -520.5689013587672, -534.8659983029396, -534.8659983029396, -1291.782236134868, -1291.782236134868, -1291.782236134868, -1291.782236134868, -1297.3791052836941, -1297.3791052836941, -1297.3791052836941, -1297.3791052836941, -1297.3791052836941, -1297.3791052836941], 
[1838449.791922966, 74230.94961514809, 74230.94961514809, 74230.94961514809, -1067.4035564816086, -1067.4035564816086, -1067.4035564816086, -1067.4035564816086, -1207.353742940122, -1207.353742940122, -1207.353742940122, -1281.714142828372, -1281.714142828372, -1281.714142828372, -1281.714142828372, -1281.714142828372, -1281.714142828372, -1281.714142828372, -1281.714142828372, -1281.714142828372], 
[373986.2459566329, 29079.30071091244, -601.3789740069772, -601.3789740069772, -601.3789740069772, -601.3789740069772, -767.1632597803159, -767.1632597803159, -1105.5370536988682, -1158.3260015913759, -1294.4972846235305, -1294.4972846235305, -1294.4972846235305, -1294.4972846235305, -1294.4972846235305, -1294.4972846235305, -1294.4972846235305, -1294.4972846235305, -1294.4972846235305, -1299.2113641286596], 
[210427.16754554972, 85817.01996478581, 85817.01996478581, 50993.69649948149, 26125.488688818736, 193.85361190128856, -786.1569405899082, -1237.956537789656, -1237.956537789656, -1237.956537789656, -1237.956537789656, -1294.2706376289955, -1294.2706376289955, -1294.2706376289955, -1294.2706376289955, -1294.2706376289955, -1294.2706376289955, -1294.2706376289955, -1294.2706376289955, -1294.2706376289955], 
[833066.3930185769, 833066.3930185769, 6852.843726531892, 6852.843726531892, 6852.843726531892, 4136.2938686776415, -344.29596915027037, -1094.605845935867, -1094.605845935867, -1094.605845935867, -1288.9662979909037, -1288.9662979909037, -1288.9662979909037, -1288.9662979909037, -1288.9662979909037, -1288.9662979909037, -1288.9662979909037, -1288.9662979909037, -1289.631622207801, -1289.631622207801], 
[1864340.5834772445, 650089.5759124456, 385269.9417072327, 91903.74871161138, 13805.763215582618, -1135.5237405584012, -1135.5237405584012, -1135.5237405584012, -1135.5237405584012, -1135.5237405584012, -1135.5237405584012, -1234.0252195127105, -1234.0252195127105, -1291.993127599395, -1291.993127599395, -1299.1334389937304, -1299.1334389937304, -1299.1334389937304, -1299.1334389937304, -1299.1334389937304], 
