[49164.49790418796, 49164.49790418796, 49164.49790418796, 13963.91904641918, 3080.1325169802612, 3080.1325169802612, 67.9720542046598, 67.9720542046598, 67.9720542046598, -691.0532543544591, -1000.2562639896383, -1289.8120665475076, -1289.8120665475076, -1289.8120665475076, -1289.8120665475076, -1289.8120665475076, -1289.8120665475076, -1289.8120665475076, -1291.6660170627931, -1291.6660170627931], 
[126010.91707181836, 120582.68247844111, 120582.68247844111, 51119.961598370544, 2657.3387597748156, 640.5626718067936, -681.5100312567985, -681.5100312567985, -681.5100312567985, -1289.9169769729924, -1289.9169769729924, -1289.9169769729924, -1289.9169769729924, -1289.9169769729924, -1289.9169769729924, -1289.9169769729924, -1289.9169769729924, -1299.8286539452718, -1299.8286539452718, -1299.8286539452718], 
[1171264.5384201356, 40915.4795632714, 34124.41784543012, -918.7949057759262, -918.7949057759262, -918.7949057759262, -918.7949057759262, -918.7949057759262, -1158.9812800433187, -1158.9812800433187, -1158.9812800433187, -1165.001265512256, -1165.001265512256, -1165.001265512256, -1296.269560957202, -1296.269560957202, -1296.269560957202, -1296.269560957202, -1296.269560957202, -1297.012399973321], 
[6578276.7492411565, 197477.9487493199, 197477.9487493199, 5531.350377045272, 5531.350377045272, 4115.795585692308, 4115.795585692308, 2380.541822560001, 707.0332778124555, -405.82875378550455, -848.6740530759716, -1006.2961802182199, -1203.3567289205032, -1203.3567289205032, -1292.3120968702617, -1292.3120968702617, -1292.3120968702617, -1292.3120968702617, -1293.042036917239, -1296.0173579783325], 
[1767087.730993763, 48631.681116524305, 483.2499121532487, 483.2499121532487, 483.2499121532487, -195.57680615802406, -1100.8475513403362, -1100.8475513403362, -1100.8475513403362, -1100.8475513403362, -1100.8475513403362, -1153.523959016135, -1279.9878672962311, -1279.9878672962311, -1279.9878672962311, -1279.9878672962311, -1297.0823762553325, -1297.0823762553325, -1297.0823762553325, -1297.0823762553325], 
[5796.611553965007, 5796.611553965007, 5796.611553965007, 5796.611553965007, 5796.611553965007, 421.43790556345107, 421.43790556345107, -1238.2861236837168, -1238.2861236837168, -1238.2861236837168, -1238.2861236837168, -1238.2861236837168, -1293.287299488883, -1293.287299488883, -1293.287299488883, -1293.287299488883, -1299.5091422698629, -1299.5091422698629, -1299.95837642598, -1299.95837642598], 
[409032.53303549543, 409032.53303549543, 168160.81202640047, 72428.38816704263, 898.3086621768448, 898.3086621768448, 898.3086621768448, 898.3086621768448, -172.73064140828546, -372.3320051046635, -1027.653988394396, -1278.1169734784437, -1278.1169734784437, -1278.1169734784437, -1298.5285669711584, -1298.5285669711584, -1298.5285669711584, -1298.5285669711584, -1298.5285669711584, -1298.5285669711584], 
[1113122.0281218204, 206129.5999271018, 206129.5999271018, 2644.52114884582, 2644.52114884582, 2282.7533743400863, -13.312770551575568, -1224.1980896632656, -1224.1980896632656, -1264.5068655786188, -1294.5139431973253, -1294.5139431973253, -1294.5139431973253, -1294.5139431973253, -1294.5139431973253, -1296.5801517774303, -1296.5801517774303, -1296.5801517774303, -1297.9181562167953, -1297.9181562167953], 
[2018778.9379778272, 513819.4346624394, 19525.96817465351, 19525.96817465351, 3652.438446203262, -759.8750576192525, -1028.2987965705047, -1219.7480884397144, -1219.7480884397144, -1268.5939075664362, -1268.5939075664362, -1268.5939075664362, -1268.5939075664362, -1291.7371532389682, -1291.7371532389682, -1291.7371532389682, -1291.7371532389682, -1295.950609997295, -1295.950609997295, -1298.2958394921034], 
[1147578.8228590833, 61845.813967896014, 2985.323480854602, 2985.323480854602, 2985.323480854602, 2985.323480854602, 731.3682410722877, -1232.3560119048068, -1232.3560119048068, -1232.3560119048068, -1232.3560119048068, -1245.5899132325728, -1245.5899132325728, -1245.5899132325728, -1293.645854010036, -1293.645854010036, -1293.645854010036, -1293.645854010036, -1293.645854010036, -1298.1193527898606], 
[277522.08642679633, 65609.52965474899, 8517.34396336631, 8517.34396336631, -501.51656543517254, -501.51656543517254, -501.51656543517254, -501.51656543517254, -1298.586225283677, -1298.586225283677, -1298.586225283677, -1298.586225283677, -1298.586225283677, -1298.586225283677, -1298.586225283677, -1298.586225283677, -1298.586225283677, -1298.586225283677, -1298.586225283677, -1298.586225283677], 
[714111.7948826317, 7859.909557081743, 7859.909557081743, 7859.909557081743, 7859.909557081743, 82.58217790600474, 82.58217790600474, 82.58217790600474, -1134.4978737557358, -1134.4978737557358, -1134.4978737557358, -1231.8778505329292, -1231.8778505329292, -1253.6948416520331, -1253.6948416520331, -1253.6948416520331, -1277.6227518863443, -1277.6227518863443, -1289.8839818634974, -1289.8839818634974], 
[-435.42613291318594, -435.42613291318594, -435.42613291318594, -435.42613291318594, -435.42613291318594, -435.42613291318594, -435.42613291318594, -1004.8237864044173, -1004.8237864044173, -1004.8237864044173, -1004.8237864044173, -1004.8237864044173, -1192.1204017427515, -1216.9528464416458, -1216.9528464416458, -1216.9528464416458, -1234.726218191982, -1276.744088392628, -1276.744088392628, -1276.744088392628], 
[13568.376264126771, 13568.376264126771, 13568.376264126771, 13568.376264126771, 6847.392719238545, -613.5628779798029, -1251.5975150748573, -1251.5975150748573, -1251.5975150748573, -1251.5975150748573, -1251.5975150748573, -1251.5975150748573, -1251.5975150748573, -1251.5975150748573, -1295.7255957951857, -1295.7255957951857, -1295.7255957951857, -1295.7255957951857, -1295.7255957951857, -1295.7255957951857], 
[280998.6404078485, 280998.6404078485, 61210.05083012847, 10288.263037551831, 2272.141709410035, 1190.5228119559897, -1270.4791686285555, -1270.4791686285555, -1270.4791686285555, -1270.4791686285555, -1270.4791686285555, -1270.4791686285555, -1270.4791686285555, -1270.4791686285555, -1270.4791686285555, -1270.4791686285555, -1280.4762933790976, -1280.4762933790976, -1281.39530526719, -1281.39530526719], 
[4892585.79630869, 341466.91069038265, 63104.79448221848, 63104.79448221848, 10892.997043391973, 7913.132883288961, 7913.132883288961, 1777.7806203651912, 1777.7806203651912, -299.42286821663447, -692.9363876180488, -1232.7346881689396, -1232.7346881689396, -1291.186707122313, -1291.186707122313, -1291.186707122313, -1291.186707122313, -1291.186707122313, -1291.186707122313, -1291.186707122313], 
[1181299.1856597834, 351045.3892709771, 113118.93418372008, 25280.98705666524, 2067.6013125113345, 2067.6013125113345, 2067.6013125113345, -421.263552474583, -421.263552474583, -603.9826300771842, -926.5571870896334, -1260.3721027077327, -1260.3721027077327, -1260.3721027077327, -1289.8522464586208, -1297.868666677847, -1297.868666677847, -1297.868666677847, -1297.868666677847, -1298.1994723461755], 
[1115318.2199598153, 97962.76466812174, 97962.76466812174, 97962.76466812174, 10770.824729960754, 2264.8859109061023, 2264.8859109061023, 29.14160758210096, -631.507794063893, -1206.393375261989, -1206.393375261989, -1257.2430082350209, -1291.9858396633072, -1291.9858396633072, -1291.9858396633072, -1291.9858396633072, -1291.9858396633072, -1291.9858396633072, -1291.9858396633072, -1294.9892500744427], 
[447435.0032080539, 157092.1046480242, 157092.1046480242, 301.06370942310195, -1163.0719390618308, -1163.0719390618308, -1224.305679608318, -1224.305679608318, -1224.305679608318, -1274.142660279172, -1274.142660279172, -1274.142660279172, -1274.142660279172, -1274.142660279172, -1275.5189988358254, -1292.2166494999776, -1292.2166494999776, -1294.3411087457762, -1294.3411087457762, -1298.960145576671], 
[441923.3620468414, 441923.3620468414, 850.611128914029, 850.611128914029, 850.611128914029, 850.611128914029, 850.611128914029, 850.611128914029, -1095.3366208587654, -1095.3366208587654, -1095.3366208587654, -1292.6294294422835, -1292.6294294422835, -1292.6294294422835, -1292.6294294422835, -1292.6294294422835, -1293.002650254816, -1293.6346876312036, -1293.6346876312036, -1293.6346876312036], 
[882409.322781671, 882409.322781671, 22649.584037251385, 22649.584037251385, -881.3739630818438, -881.3739630818438, -881.3739630818438, -1111.94728103322, -1111.94728103322, -1111.94728103322, -1111.94728103322, -1111.94728103322, -1111.94728103322, -1271.0665727157948, -1271.0665727157948, -1271.0665727157948, -1273.6342801456763, -1289.275525493196, -1293.2095236879775, -1298.9624859780126], 
[122202.40757789748, 122202.40757789748, 48026.06227609664, 48026.06227609664, -1232.0763948046756, -1232.0763948046756, -1232.0763948046756, -1232.0763948046756, -1232.0763948046756, -1232.0763948046756, -1232.0763948046756, -1232.0763948046756, -1257.7080970522934, -1257.7080970522934, -1292.6717481314413, -1293.585982873864, -1293.585982873864, -1294.3141862227533, -1294.3141862227533, -1294.3141862227533], 
[488529.6925535535, 488529.6925535535, 27207.91263661252, 27207.91263661252, 3584.919368250513, 3257.3375820915044, 1542.1250042979768, 1452.8022061333609, -169.1559503935066, -508.87023646962564, -508.87023646962564, -851.1890822193345, -851.1890822193345, -1159.5082266736154, -1159.5082266736154, -1267.450539348433, -1276.145175707423, -1276.145175707423, -1276.145175707423, -1291.7942946358905], 
[1362817.0738121714, 486666.51174244715, 1262.5976041108106, -1015.0885646827809, -1015.0885646827809, -1015.0885646827809, -1015.0885646827809, -1015.0885646827809, -1143.9668261179368, -1143.9668261179368, -1294.6271718489072, -1294.6271718489072, -1294.6271718489072, -1294.6271718489072, -1294.6271718489072, -1294.6271718489072, -1298.063253868141, -1299.9181927396617, -1299.9181927396617, -1299.9181927396617], 
[11212.52435504787, 11212.52435504787, 11212.52435504787, 11212.52435504787, 127.76529188099403, 127.76529188099403, 127.76529188099403, 127.76529188099403, -988.5915557864981, -988.5915557864981, -1172.3548730102202, -1172.3548730102202, -1172.3548730102202, -1239.978717856394, -1277.2624139554814, -1277.2624139554814, -1277.2624139554814, -1299.469570146207, -1299.469570146207, -1299.469570146207], 
[1954905.4495044346, 157762.37369491172, 137634.9665303281, 3914.855630666094, 3914.855630666094, -349.2131389887154, -349.2131389887154, -625.9047298554698, -625.9047298554698, -969.534857400346, -1147.1747765468008, -1147.1747765468008, -1258.5964030525108, -1258.5964030525108, -1258.5964030525108, -1258.5964030525108, -1258.5964030525108, -1258.5964030525108, -1296.0933861447195, -1296.0933861447195], 
[498522.0564060497, 138419.5060535474, 12657.023616632725, 12657.023616632725, 12657.023616632725, 2790.996674970655, -391.3060880431075, -391.3060880431075, -1177.6668680736148, -1177.6668680736148, -1177.6668680736148, -1177.6668680736148, -1177.6668680736148, -1264.4682705409139, -1267.0214076821724, -1299.9950893540686, -1299.9950893540686, -1299.9950893540686, -1299.9950893540686, -1299.9950893540686], 
[15287.23209028285, 15287.23209028285, 15287.23209028285, 15287.23209028285, 2388.542335141134, 2388.542335141134, -971.3285358029163, -971.3285358029163, -971.3285358029163, -1021.378167203194, -1021.378167203194, -1021.378167203194, -1021.378167203194, -1021.378167203194, -1224.2982871820623, -1224.2982871820623, -1272.0805770998495, -1283.3609495773044, -1283.3609495773044, -1283.3609495773044], 
[1327605.857074073, 480739.5393859916, 218162.1114959831, 74.94063728547326, 74.94063728547326, 74.94063728547326, 74.94063728547326, 74.94063728547326, 74.94063728547326, -1232.1685923055832, -1232.1685923055832, -1299.201837755729, -1299.201837755729, -1299.201837755729, -1299.201837755729, -1299.201837755729, -1299.201837755729, -1299.201837755729, -1299.201837755729, -1299.201837755729], 
[98274.6065293009, 98274.6065293009, 16242.174119053612, 16242.174119053612, 2158.161208756861, 2158.161208756861, 2158.161208756861, 2158.161208756861, 318.60054200908826, 273.3286494708252, -1243.5672239115402, -1243.5672239115402, -1243.5672239115402, -1243.5672239115402, -1243.5672239115402, -1265.3516103664697, -1294.847743213913, -1294.847743213913, -1294.847743213913, -1296.7278811501221], 
