[235.716887669152, 106.85345734656933, 106.85345734656933, 106.85345734656933, 106.85345734656933, 106.85345734656933, 106.85345734656933, 106.85345734656933, 106.85345734656933, 106.85345734656933, 106.85345734656933, 106.85345734656933, 106.85345734656933, 106.85345734656933, 106.85345734656933, 106.85345734656933, 106.85345734656933, 106.85345734656933, 106.85345734656933, 102.15492678692901], 
[207.30789192908858, 207.30789192908858, 207.30789192908858, 87.82496404541115, 87.82496404541115, 34.36657037673995, 15.41897129533338, 15.41897129533338, 15.41897129533338, 0.45533095979989235, 0.45533095979989235, 0.45533095979989235, 0.45533095979989235, 0.1839437835097291, 0.1839437835097291, 0.1839437835097291, 0.1839437835097291, 0.1839437835097291, 0.1839437835097291, 0.1839437835097291], 
[330.2478857555479, 217.82042282612215, 217.82042282612215, 88.97629523990736, 72.03341133747632, 72.03341133747632, 72.03341133747632, 72.03341133747632, 68.41889249812029, 68.41889249812029, 68.41889249812029, 68.41889249812029, 0.47710616371435116, 0.47710616371435116, 0.47710616371435116, 0.47710616371435116, 0.47710616371435116, 0.47710616371435116, 0.47710616371435116, 0.47710616371435116], 
[295.05714170840855, 237.49795119280535, 237.49795119280535, 122.13760914320164, 58.700934637040056, 58.700934637040056, 16.718050816214607, 16.718050816214607, 16.718050816214607, 6.707692628945059, 6.176724091687401, 6.176724091687401, 6.176724091687401, 2.155069138285509, 2.155069138285509, 2.155069138285509, 1.7356690828163912, 1.7356690828163912, 1.4274476099306965, 1.4274476099306965], 
[223.37597692571663, 123.34129711623964, 40.84231831789149, 40.84231831789149, 2.562679199638077, 2.562679199638077, 2.562679199638077, 2.562679199638077, 2.562679199638077, 2.562679199638077, 2.562679199638077, 2.562679199638077, 2.562679199638077, 0.49857596777000357, 0.49857596777000357, 0.414174384227496, 0.414174384227496, 0.02212010173860484, 0.02212010173860484, 0.02212010173860484], 
[262.6157745233918, 262.6157745233918, 70.91986551213367, 70.91986551213367, 70.91986551213367, 59.575835291395045, 59.575835291395045, 59.575835291395045, 4.188466037621353, 4.188466037621353, 4.188466037621353, 4.188466037621353, 4.188466037621353, 2.840099879376595, 0.3051033716265723, 0.3051033716265723, 0.3051033716265723, 0.3051033716265723, 0.20161228234614395, 0.14697660563854703], 
[285.9905341363077, 285.9905341363077, 16.919234500871088, 16.919234500871088, 16.919234500871088, 16.919234500871088, 16.919234500871088, 16.919234500871088, 16.919234500871088, 16.919234500871088, 3.603632839814259, 3.603632839814259, 3.603632839814259, 3.603632839814259, 3.603632839814259, 1.5495168486110111, 1.5495168486110111, 1.5495168486110111, 1.5495168486110111, 1.5495168486110111], 
[167.67989123409782, 103.51774073273526, 103.51774073273526, 97.36248272535434, 97.36248272535434, 97.36248272535434, 97.36248272535434, 82.93076755722319, 82.93076755722319, 82.93076755722319, 56.21805119246603, 56.21805119246603, 56.21805119246603, 56.21805119246603, 56.21805119246603, 56.21805119246603, 9.976822976443064, 3.3473314620952763, 1.4868129983602598, 1.4868129983602598], 
[249.71787458625315, 249.71787458625315, 201.3758168778947, 201.3758168778947, 123.54289522383988, 51.819880609215225, 51.819880609215225, 51.819880609215225, 51.819880609215225, 51.819880609215225, 30.521780436782922, 30.521780436782922, 5.982937683639667, 5.982937683639667, 5.982937683639667, 5.982937683639667, 5.982937683639667, 5.282335672764238, 1.0543423865314288, 1.0543423865314288], 
[439.5475775757949, 268.38800551234465, 116.10503851257118, 115.87017062581185, 103.80457216750034, 62.71916874740227, 62.71916874740227, 5.326751686169136, 5.326751686169136, 5.326751686169136, 5.326751686169136, 5.326751686169136, 0.9107011857621755, 0.7245354567452736, 0.7245354567452736, 0.6922613579708355, 0.5020747774909443, 0.5020747774909443, 0.07158519753077192, 0.07158519753077192], 
[401.15545862233023, 236.49157207232972, 233.2353944593398, 93.84946602943884, 21.671526866640225, 21.671526866640225, 21.671526866640225, 21.671526866640225, 21.671526866640225, 7.370960210021664, 1.851761042861914, 1.851761042861914, 1.851761042861914, 1.851761042861914, 1.851761042861914, 1.677148982952585, 1.677148982952585, 1.677148982952585, 1.0451291234491407, 0.4410013025323837], 
[360.0062244210693, 300.4395047257374, 292.1547058823799, 77.57167520117618, 77.57167520117618, 11.79950623097039, 11.79950623097039, 11.79950623097039, 8.115679075376782, 8.115679075376782, 8.115679075376782, 3.7559599808559363, 1.6778483777528928, 1.6778483777528928, 1.1622033556503542, 1.1622033556503542, 1.1622033556503542, 1.1622033556503542, 0.7567215579946287, 0.23757037266600822], 
[238.57878741517052, 238.57878741517052, 121.1250250933679, 121.1250250933679, 121.1250250933679, 121.1250250933679, 93.87245591121385, 93.87245591121385, 93.87245591121385, 93.87245591121385, 33.2501969565637, 22.713078329823084, 19.897718333172858, 19.897718333172858, 5.83691102985987, 5.83691102985987, 2.102913284373211, 2.102913284373211, 2.102913284373211, 1.6594193937600845], 
[240.60866378485758, 240.60866378485758, 216.84947146220463, 183.50139381403366, 183.50139381403366, 8.323461854019019, 8.323461854019019, 8.323461854019019, 8.323461854019019, 8.323461854019019, 8.323461854019019, 8.323461854019019, 8.323461854019019, 7.389919531646207, 7.389919531646207, 1.156421715212506, 1.156421715212506, 1.156421715212506, 0.5780339997949528, 0.5780339997949528], 
[259.99259453144913, 259.99259453144913, 259.99259453144913, 189.91134295344648, 96.17254435910515, 96.17254435910515, 96.17254435910515, 96.17254435910515, 75.58124214900153, 75.58124214900153, 75.58124214900153, 18.79268619008263, 5.737361983048149, 5.737361983048149, 1.1424545858034916, 1.1424545858034916, 1.1424545858034916, 1.1424545858034916, 1.1424545858034916, 1.1424545858034916], 
[366.8939357962603, 156.6488228913502, 156.6488228913502, 156.6488228913502, 88.91854142891835, 88.91854142891835, 88.91854142891835, 88.91854142891835, 59.24333580024616, 59.24333580024616, 28.937010925349163, 10.560751177038567, 10.560751177038567, 10.560751177038567, 10.560751177038567, 10.560751177038567, 4.691949033064186, 4.691949033064186, 4.691949033064186, 3.889112819393809], 
[206.50779801179698, 68.80221784586819, 68.80221784586819, 68.80221784586819, 68.80221784586819, 68.80221784586819, 55.00426826876065, 55.00426826876065, 8.252511312010956, 8.252511312010956, 8.252511312010956, 3.9216816647717088, 3.9216816647717088, 3.8247203002000325, 3.8247203002000325, 1.4545230310551296, 1.4545230310551296, 1.4545230310551296, 1.4545230310551296, 0.2937410184505352], 
[96.42455835775786, 96.42455835775786, 96.42455835775786, 87.87862676939235, 87.87862676939235, 87.87862676939235, 66.33068733393885, 64.56133400160749, 12.461449121213283, 12.461449121213283, 4.322062124685996, 4.322062124685996, 4.322062124685996, 4.322062124685996, 4.322062124685996, 4.322062124685996, 1.142851208584662, 1.142851208584662, 0.3249467814936854, 0.3249467814936854], 
[311.57659722323746, 165.74946401889392, 165.74946401889392, 165.74946401889392, 110.10835172821943, 110.10835172821943, 110.10835172821943, 110.10835172821943, 100.22519831544093, 92.60023653790836, 11.1764228351173, 11.1764228351173, 5.84962705618465, 5.84962705618465, 2.336658342256344, 1.7500134826716982, 0.9018751174842752, 0.9018751174842752, 0.9018751174842752, 0.9018751174842752], 
[322.6023642863485, 91.48967762596251, 91.48967762596251, 91.48967762596251, 91.48967762596251, 91.48967762596251, 91.48967762596251, 91.48967762596251, 91.48967762596251, 58.972072325583625, 58.93841740950775, 58.93841740950775, 24.076478466073244, 24.076478466073244, 24.076478466073244, 2.954075282278535, 2.954075282278535, 1.5303632257963002, 1.5303632257963002, 1.5303632257963002], 
[21.772555254410225, 21.772555254410225, 21.772555254410225, 21.772555254410225, 21.772555254410225, 21.772555254410225, 21.772555254410225, 21.772555254410225, 21.772555254410225, 21.772555254410225, 5.996840307073751, 5.996840307073751, 0.909209124942136, 0.909209124942136, 0.909209124942136, 0.909209124942136, 0.3885378730723663, 0.3885378730723663, 0.3885378730723663, 0.3885378730723663], 
[277.3969247713999, 262.17439331558063, 262.17439331558063, 239.4252061998792, 239.4252061998792, 239.4252061998792, 207.01140011919142, 6.821961936941616, 6.821961936941616, 6.821961936941616, 6.821961936941616, 6.821961936941616, 6.821961936941616, 6.821961936941616, 6.821961936941616, 6.821961936941616, 6.821961936941616, 3.505186851310409, 1.4120889614150711, 1.4120889614150711], 
[214.15537628355648, 214.15537628355648, 214.15537628355648, 181.34932618797168, 126.5922809245273, 126.5922809245273, 96.7574795211357, 96.7574795211357, 81.47426471982877, 53.467746881252644, 15.876496972713078, 15.876496972713078, 15.876496972713078, 15.876496972713078, 15.876496972713078, 15.876496972713078, 15.876496972713078, 15.876496972713078, 1.2540905090574435, 1.2540905090574435], 
[540.2409389545751, 281.4902804143452, 220.60452015827664, 144.35778040386566, 144.35778040386566, 131.727410161059, 131.727410161059, 53.92515174624319, 53.92515174624319, 3.111206434365343, 3.111206434365343, 3.111206434365343, 3.111206434365343, 3.111206434365343, 3.111206434365343, 3.111206434365343, 3.111206434365343, 2.6841888389531503, 0.22228345733961563, 0.22228345733961563], 
[426.4236314546652, 399.21177769474286, 347.8864262561545, 254.74613486368014, 253.54971913671832, 253.54971913671832, 253.54971913671832, 199.12817605116385, 199.12817605116385, 85.17441635436684, 85.17441635436684, 85.17441635436684, 59.61069130610677, 45.58515228456506, 45.58515228456506, 45.58515228456506, 19.43276372562453, 19.43276372562453, 16.15313502780071, 16.15313502780071], 
[381.5393097069711, 212.08803402378763, 209.65478441582837, 48.62162277732804, 48.62162277732804, 48.62162277732804, 48.62162277732804, 19.177416448484536, 19.177416448484536, 8.759326553861966, 8.759326553861966, 8.759326553861966, 6.207003537759632, 2.597903315378514, 2.597903315378514, 2.597903315378514, 0.5152622075486573, 0.5152622075486573, 0.5152622075486573, 0.46712153093781844], 
[397.0467331637794, 237.49007838049607, 197.75016221213002, 197.75016221213002, 156.07338765391563, 156.07338765391563, 146.3939522501835, 22.720313559310036, 22.720313559310036, 22.720313559310036, 22.720313559310036, 22.720313559310036, 14.328842773878335, 13.985517408741464, 8.130502139169426, 8.130502139169426, 4.462132581080273, 4.462132581080273, 2.495261747407115, 0.6266550999467478], 
[201.4920525311324, 201.4920525311324, 201.4920525311324, 176.9444927659367, 145.26481105292723, 10.073349612227283, 10.073349612227283, 10.073349612227283, 1.3841920335430056, 1.3841920335430056, 1.3841920335430056, 0.4201845415441128, 0.40757738843651325, 0.40757738843651325, 0.40757738843651325, 0.40757738843651325, 0.2094686600871413, 0.2094686600871413, 0.2094686600871413, 0.2094686600871413], 
[311.088061898505, 241.49314663651919, 241.49314663651919, 241.49314663651919, 219.00183334539008, 41.396757375806295, 41.396757375806295, 41.396757375806295, 41.396757375806295, 17.067424425563473, 17.067424425563473, 3.7489041072331095, 3.7489041072331095, 2.415484880496224, 1.7138320079933687, 1.7138320079933687, 1.7138320079933687, 1.7138320079933687, 1.4046864266777284, 0.5381721176789646], 
[236.1839479903083, 236.1839479903083, 135.14353593082984, 135.14353593082984, 135.14353593082984, 135.14353593082984, 135.14353593082984, 135.14353593082984, 135.14353593082984, 135.14353593082984, 104.86975272568199, 104.86975272568199, 104.86975272568199, 104.86975272568199, 54.31525612653555, 54.31525612653555, 54.31525612653555, 39.303983241791386, 39.303983241791386, 39.303983241791386], 
