[157.44055327706204, 86.37778557300106, 86.37778557300106, 86.37778557300106, 56.76942487726961, 14.064167558206968, 14.064167558206968, 14.064167558206968, 7.362164335193661, 7.362164335193661, 6.087540683872491, 2.0943173979078655, 1.7355971042639058, 1.2931787987359367, 0.913405367224427, 0.913405367224427, 0.21475318089318957, 0.21475318089318957, 0.21475318089318957, 0.21475318089318957], 
[99.21313362492707, 87.41223200910949, 81.56119284255855, 81.56119284255855, 31.351021733286508, 31.351021733286508, 31.351021733286508, 29.147388868835908, 25.752052232878647, 2.1509971107462658, 2.1509971107462658, 2.1509971107462658, 2.1509971107462658, 2.1509971107462658, 0.9559874213058155, 0.7608681808030662, 0.6725451240009243, 0.5778278027277408, 0.39925631611567847, 0.17647449199689313], 
[89.50990890683724, 85.75479640698119, 85.75479640698119, 21.40212107890496, 21.40212107890496, 21.40212107890496, 18.323198605515046, 18.323198605515046, 12.625721186396184, 12.625721186396184, 4.905657169149448, 4.286035607458166, 3.050126722798173, 3.050126722798173, 0.9786131323420519, 0.5669422948145286, 0.5669422948145286, 0.5397304804662573, 0.06954217348243834, 0.06954217348243834], 
[95.83689515503346, 75.57274506043684, 75.57274506043684, 75.57274506043684, 48.97884290396643, 18.688414806188504, 18.688414806188504, 15.963562641209238, 3.148675863803697, 3.148675863803697, 3.148675863803697, 0.8221854394934113, 0.8221854394934113, 0.8221854394934113, 0.8221854394934113, 0.8221854394934113, 0.8221854394934113, 0.6454375731017914, 0.27980246260442365, 0.1760651863632402], 
[149.3570608036856, 77.64755693430513, 60.037651576314616, 60.037651576314616, 60.037651576314616, 19.642859430606592, 5.544745670285001, 5.544745670285001, 5.544745670285001, 2.4919173512668102, 0.7170704763230117, 0.7170704763230117, 0.7170704763230117, 0.7170704763230117, 0.7170704763230117, 0.7170704763230117, 0.3524024446017444, 0.3477110082798903, 0.08801815254891032, 0.08801815254891032], 
[118.01677164894711, 118.01677164894711, 118.01677164894711, 115.90040789271798, 111.43198231271909, 91.2890974081261, 91.2890974081261, 36.481859639687826, 31.42347011279547, 10.45286829700091, 10.45286829700091, 6.876537958664677, 6.052524441206179, 3.8894886134587603, 3.8894886134587603, 0.31087727559977274, 0.31087727559977274, 0.31087727559977274, 0.31087727559977274, 0.31087727559977274], 
[145.75431988893013, 115.11893088872229, 76.87165077555608, 76.87165077555608, 76.87165077555608, 56.55856607924861, 17.118678190298063, 17.118678190298063, 4.374108151170633, 4.374108151170633, 4.374108151170633, 4.374108151170633, 1.5041012069933666, 1.5041012069933666, 0.9840815770742882, 0.9840815770742882, 0.8937243399683272, 0.2551641054029946, 0.17490121507626818, 0.17490121507626818], 
[139.31169932646722, 115.71108699033856, 45.26209585335205, 45.26209585335205, 45.26209585335205, 36.1938793953406, 7.084055393447414, 7.084055393447414, 4.981421708279875, 0.7197399571332477, 0.7197399571332477, 0.7197399571332477, 0.7197399571332477, 0.16028117748214357, 0.16028117748214357, 0.16028117748214357, 0.11311904615972856, 0.11311904615972856, 0.11311904615972856, 0.11311904615972856], 
[132.21650805789903, 127.04276476862972, 114.1776069618877, 114.1776069618877, 114.06673350809348, 105.79977963726083, 104.02221386439716, 100.47389397215798, 100.47389397215798, 100.12369646017225, 100.12369646017225, 100.12369646017225, 100.12369646017225, 100.12369646017225, 100.11215518472576, 100.11215518472576, 100.05315599925423, 100.05315599925423, 100.04970944665463, 100.01658121061388], 
[82.75412571870822, 82.75412571870822, 33.48052994653488, 33.48052994653488, 33.48052994653488, 33.48052994653488, 33.48052994653488, 9.782046578612547, 8.032043524184928, 6.012401057206834, 5.059150875078719, 1.8930943069058743, 1.8930943069058743, 0.5951816596032277, 0.5951816596032277, 0.1706088758361899, 0.1706088758361899, 0.1706088758361899, 0.09722196462479367, 0.09722196462479367], 
[147.95944757098104, 87.61386689351171, 87.61386689351171, 87.61386689351171, 82.25155440828533, 82.25155440828533, 82.25155440828533, 51.10114302110547, 51.10114302110547, 46.62304785229805, 30.37838859424772, 12.680853578593531, 6.414878862602038, 6.414878862602038, 2.955687972826353, 1.132286674080316, 1.132286674080316, 1.0864040311995184, 1.0864040311995184, 1.0864040311995184], 
[111.00549634373472, 111.00549634373472, 105.32818109094922, 105.32818109094922, 92.03911263547863, 92.03911263547863, 92.03911263547863, 84.5660885986911, 13.862509204036641, 13.862509204036641, 13.862509204036641, 13.862509204036641, 9.086329227954774, 3.8347028217263897, 3.2571011703340123, 1.2752654419968552, 1.2752654419968552, 1.2752654419968552, 0.7191084778795659, 0.5443637792960765], 
[120.99562763194172, 69.46612839193335, 69.46612839193335, 19.287086807677497, 19.287086807677497, 19.287086807677497, 14.849162879137081, 10.884474253547099, 10.884474253547099, 8.224682118801162, 2.6029336986215, 1.59705900288336, 1.59705900288336, 0.8937403055970861, 0.6830757003447636, 0.3403181650661954, 0.3403181650661954, 0.2404684927037965, 0.16118981042518077, 0.16118981042518077], 
[118.47405329440952, 118.47405329440952, 106.7201405905723, 57.67117877130684, 43.26738209687215, 43.26738209687215, 43.26738209687215, 43.26738209687215, 17.870034457018395, 17.870034457018395, 4.5292033977945, 4.442107276947199, 1.9516172482206977, 1.3362526595394657, 1.3362526595394657, 1.3362526595394657, 1.1964683537366612, 0.6472997513581125, 0.6472997513581125, 0.6472997513581125], 
[72.51626933488009, 72.51626933488009, 72.51626933488009, 72.51626933488009, 4.26987949892929, 4.26987949892929, 3.5008593941839585, 3.5008593941839585, 2.290744851481622, 2.290744851481622, 0.5596737443847453, 0.5596737443847453, 0.5596737443847453, 0.5596737443847453, 0.46919577839731014, 0.46919577839731014, 0.16753541613796274, 0.16753541613796274, 0.11787615005488697, 0.10263132622796882], 
[119.47074865122025, 119.47074865122025, 119.47074865122025, 82.72716868554618, 82.72716868554618, 53.69882978555786, 53.69882978555786, 21.34698870889197, 21.34698870889197, 3.8420125309778137, 3.8420125309778137, 3.8420125309778137, 3.8420125309778137, 2.515153224084906, 2.515153224084906, 1.8745609285753173, 1.5316043301178377, 1.5316043301178377, 1.5316043301178377, 0.41940004773480455], 
[48.43987724822323, 48.43987724822323, 48.43987724822323, 48.43987724822323, 48.43987724822323, 48.43987724822323, 48.43987724822323, 19.988600167166137, 6.489874238504056, 6.489874238504056, 3.596189714045912, 3.596189714045912, 1.5469349494159108, 1.5469349494159108, 1.5469349494159108, 0.8455809311895368, 0.8455809311895368, 0.8455809311895368, 0.6191877960566076, 0.3634403205551217], 
[37.88145018212148, 37.88145018212148, 37.88145018212148, 8.128571363000763, 8.128571363000763, 8.128571363000763, 8.128571363000763, 7.9315796497683735, 1.8012064142103847, 1.8012064142103847, 1.8012064142103847, 1.8012064142103847, 0.748237892269265, 0.748237892269265, 0.748237892269265, 0.748237892269265, 0.20632657282524364, 0.20632657282524364, 0.20632657282524364, 0.085921263111144], 
[97.26821962768157, 97.26821962768157, 97.24706862613934, 96.53724599158974, 38.43366388749981, 38.43366388749981, 6.054527383399438, 6.054527383399438, 6.054527383399438, 6.054527383399438, 6.054527383399438, 1.6516903581928783, 1.3171316245763243, 1.136627086822157, 0.40847090582678225, 0.40847090582678225, 0.25864529637758216, 0.25864529637758216, 0.25864529637758216, 0.1648908842326194], 
[83.88359083697628, 83.88359083697628, 66.3167049149049, 66.3167049149049, 33.11502727407577, 7.852135005702127, 7.852135005702127, 7.852135005702127, 5.160236951283291, 5.160236951283291, 1.3352633311864461, 1.3352633311864461, 1.3352633311864461, 1.3352633311864461, 0.6654505065064199, 0.40554848393110404, 0.40554848393110404, 0.15793940170708368, 0.15793940170708368, 0.15793940170708368], 
[39.433735908402895, 39.433735908402895, 39.433735908402895, 39.433735908402895, 39.433735908402895, 14.802794686579901, 14.802794686579901, 14.802794686579901, 10.874510852921867, 9.4256053251239, 8.075406724848325, 8.075406724848325, 5.502292454846151, 0.7003581104682233, 0.7003581104682233, 0.7003581104682233, 0.25916028384632994, 0.25916028384632994, 0.14746831984328965, 0.14746831984328965], 
[112.97908201846766, 105.73353309146583, 105.73353309146583, 78.66854362942271, 38.966400425402405, 38.966400425402405, 38.966400425402405, 29.288562997220794, 29.288562997220794, 24.435556164042836, 5.540431238145008, 4.361465655942937, 4.084443689766876, 4.084443689766876, 2.0150935515739423, 2.0150935515739423, 0.9691351986237164, 0.1713958215164771, 0.1713958215164771, 0.1713958215164771], 
[128.52524852031195, 128.43890150523367, 111.72980979165413, 78.54171165876791, 53.25639960594811, 36.973429864290296, 22.683964049887027, 3.1797590318251907, 3.1797590318251907, 3.1797590318251907, 3.1797590318251907, 3.1797590318251907, 3.1797590318251907, 1.2434778638144384, 1.2434778638144384, 0.463578118260772, 0.463578118260772, 0.463578118260772, 0.463578118260772, 0.13138686051896792], 
[125.1870074044956, 103.75192006180592, 103.75192006180592, 103.75192006180592, 103.75192006180592, 47.206159865715705, 41.14446723970847, 25.578060820736255, 11.53550959889531, 4.263790666944814, 4.263790666944814, 4.263790666944814, 1.521213296442609, 1.521213296442609, 0.6681221649123624, 0.6394423219323571, 0.6394423219323571, 0.5830707710513282, 0.3186348599612564, 0.21553768135990467], 
[123.39070388623205, 107.29470963587123, 106.49483269201738, 106.49483269201738, 106.37624163844919, 101.76362623333982, 101.76362623333982, 100.9522545723972, 100.9522545723972, 100.5997354558276, 100.2122407806055, 100.2122407806055, 100.2122407806055, 100.2122407806055, 100.03041981977245, 100.03041981977245, 100.03041981977245, 100.03041981977245, 100.03041981977245, 100.03005951854085], 
[55.07585034185275, 55.07585034185275, 55.07585034185275, 55.07585034185275, 25.587170774403145, 9.795360744743359, 9.795360744743359, 9.795360744743359, 1.3031941918481555, 1.3031941918481555, 1.3031941918481555, 1.3031941918481555, 1.3031941918481555, 1.3031941918481555, 0.9411405157432031, 0.6711638612673542, 0.6711638612673542, 0.6711638612673542, 0.4030986138641875, 0.10556069288889218], 
[134.31762633944055, 126.72326346612942, 121.08588947855786, 113.25153314171158, 104.48799944466704, 104.48799944466704, 97.48567617602772, 59.96419993471956, 8.46196513555591, 8.46196513555591, 8.46196513555591, 8.46196513555591, 2.552990789750293, 1.218935208143733, 1.218935208143733, 1.218935208143733, 1.218935208143733, 0.6042978658929891, 0.27093585810433685, 0.27093585810433685], 
[63.511340446843136, 63.511340446843136, 63.511340446843136, 63.511340446843136, 63.511340446843136, 63.511340446843136, 17.769941548769598, 9.101443351017569, 9.101443351017569, 3.6608312391951214, 0.9668458603096298, 0.9668458603096298, 0.9668458603096298, 0.9668458603096298, 0.6793265422838618, 0.4652519142002348, 0.4652519142002348, 0.4213901048439072, 0.11969201974354796, 0.11969201974354796], 
[85.51117068851939, 84.60028739762811, 84.60028739762811, 46.148377658371075, 37.23098516326904, 20.251469840180224, 20.251469840180224, 17.014186719701783, 7.9776898964414285, 3.8054702115603494, 2.446772032230791, 2.446772032230791, 2.2762752096881154, 0.9160579136524933, 0.4317011149946874, 0.4317011149946874, 0.4317011149946874, 0.40202900566414496, 0.40202900566414496, 0.18071527953870303], 
[132.87605017874642, 80.80100816319722, 80.80100816319722, 80.80100816319722, 55.53197460845172, 46.36092979880729, 46.36092979880729, 23.13895100655217, 23.13895100655217, 15.372067124732155, 4.21688914079933, 4.054089043673713, 3.0663787084257192, 1.4691919074139244, 1.3647710272389322, 0.9954019968308219, 0.9954019968308219, 0.3449181502624505, 0.026449142039688546, 0.026449142039688546], 
