[112306.23177944751, 54797.33851597394, 54797.33851597394, -991.9282736581831, -991.9282736581831, -991.9282736581831, -991.9282736581831, -991.9282736581831, -991.9282736581831, -991.9282736581831, -1189.7273667253735, -1189.7273667253735, -1189.7273667253735, -1190.8202492981372, -1283.747711757016, -1283.747711757016, -1283.982707078505, -1292.0466921302418, -1292.0466921302418, -1292.3652032590185], 
[552902.6919212794, 552902.6919212794, 20131.11935702043, 20131.11935702043, -878.9731067621572, -878.9731067621572, -1161.251089886037, -1161.251089886037, -1161.251089886037, -1161.251089886037, -1229.7851922855698, -1229.7851922855698, -1229.7851922855698, -1229.7851922855698, -1249.58755238532, -1249.58755238532, -1282.3164848778472, -1282.3164848778472, -1282.3164848778472, -1293.8861137580534], 
[589175.0860412838, 36694.377968081615, 1234.080561381788, 1234.080561381788, 1234.080561381788, 1234.080561381788, -173.78208754620027, -173.78208754620027, -1059.207287044283, -1059.207287044283, -1059.207287044283, -1267.19935756697, -1267.19935756697, -1267.19935756697, -1267.19935756697, -1267.19935756697, -1276.8019430031281, -1297.3569238986586, -1297.3569238986586, -1297.3569238986586], 
[909796.7906451124, 19431.824005191094, 19431.824005191094, 19431.824005191094, 13239.839943486355, -950.8852864695975, -950.8852864695975, -950.8852864695975, -950.8852864695975, -950.8852864695975, -950.8852864695975, -950.8852864695975, -1296.8926756970425, -1296.8926756970425, -1296.8926756970425, -1296.8926756970425, -1296.8926756970425, -1296.8926756970425, -1296.8926756970425, -1297.7987156972401], 
[461750.66464419826, 11048.45587943331, 11048.45587943331, 10435.524301963158, 10435.524301963158, 2773.370798095358, 366.9430510557545, 366.9430510557545, 142.60277721754073, 84.98923309819361, -1083.109302873103, -1083.109302873103, -1299.7915779802843, -1299.7915779802843, -1299.7915779802843, -1299.7915779802843, -1299.7915779802843, -1299.7915779802843, -1299.7915779802843, -1299.7915779802843], 
[182956.34544407038, 74078.10990308033, 18265.819208667624, 18265.819208667624, 14795.139903966034, 3461.4514351030202, 508.31867777930825, -1082.068898841648, -1082.068898841648, -1082.068898841648, -1082.068898841648, -1232.8851475195825, -1232.8851475195825, -1238.130501588508, -1238.130501588508, -1291.0562569137178, -1291.0562569137178, -1291.0562569137178, -1296.9211949384667, -1298.8368829290032], 
[2828135.0237961365, 2509.1517742111537, 2509.1517742111537, -607.6891482685892, -607.6891482685892, -896.5552275396154, -896.5552275396154, -1158.4041326630172, -1158.4041326630172, -1274.7036312384305, -1274.7036312384305, -1274.7036312384305, -1274.7036312384305, -1297.5535213555736, -1297.5535213555736, -1297.5535213555736, -1297.5535213555736, -1297.5535213555736, -1297.5535213555736, -1297.8860993315043], 
[2865104.610391343, 88029.12852100693, -73.3093215199383, -73.3093215199383, -73.3093215199383, -73.3093215199383, -73.3093215199383, -73.3093215199383, -182.052675554183, -1048.113947401902, -1048.113947401902, -1226.6615616454521, -1276.4442412183425, -1276.4442412183425, -1292.4101822819655, -1295.696931287272, -1295.696931287272, -1295.696931287272, -1295.696931287272, -1295.8979577278947], 
[537056.85345364, 537056.85345364, 475002.14023510355, 53543.064512033765, 53543.064512033765, 4175.847424110497, -110.39172749720797, -499.7432950943976, -1237.466257038953, -1272.124074517889, -1272.124074517889, -1272.124074517889, -1272.124074517889, -1272.124074517889, -1284.4047562968958, -1284.4047562968958, -1284.4047562968958, -1291.3484812785125, -1291.3484812785125, -1296.244924463768], 
[68705.02430984651, 68705.02430984651, 68705.02430984651, 43324.85915401688, 236.01027295882272, 236.01027295882272, -87.35183880793556, -87.35183880793556, -87.35183880793556, -1275.9582512988538, -1275.9582512988538, -1275.9582512988538, -1275.9582512988538, -1275.9582512988538, -1275.9582512988538, -1275.9582512988538, -1282.0814674009096, -1284.504145196084, -1284.504145196084, -1295.7673165091462], 
[2943048.4559203503, 505101.5593906171, 66307.61801902423, 3642.0420775625944, 1822.8023458048128, -540.4130448360753, -540.4130448360753, -1196.4313860392242, -1196.4313860392242, -1196.4313860392242, -1196.4313860392242, -1196.4313860392242, -1196.4313860392242, -1197.9869890752027, -1227.3063717795312, -1248.0899139597877, -1268.4795924466875, -1286.1082026088104, -1290.2437472895035, -1290.2437472895035], 
[71992.7410422935, 71992.7410422935, 19781.877276900952, 2192.2875373964994, 2192.2875373964994, 2192.2875373964994, -1030.6851900768952, -1067.7751199443337, -1067.7751199443337, -1067.7751199443337, -1088.1133959963097, -1088.1133959963097, -1153.5614936204602, -1153.5614936204602, -1266.1256163158823, -1266.1256163158823, -1266.1256163158823, -1266.1256163158823, -1284.2254531809654, -1284.2254531809654], 
[40032.47974414602, 40032.47974414602, 26201.94084961776, 8007.035367572438, 1630.4567495094147, 1630.4567495094147, 1630.4567495094147, -948.4314923071506, -1154.5473148927308, -1154.5473148927308, -1283.44236273732, -1283.44236273732, -1283.44236273732, -1283.44236273732, -1283.44236273732, -1283.44236273732, -1283.44236273732, -1290.9548881253013, -1290.9548881253013, -1297.9857495058966], 
[4414771.108023244, 286056.20122289454, 14819.596981976614, 10469.898250009965, 4344.037579458084, -404.076762000974, -404.076762000974, -404.076762000974, -987.1768131116607, -987.1768131116607, -1221.7461151952887, -1269.2826769495973, -1269.2826769495973, -1273.696227168367, -1298.1017087990572, -1298.1017087990572, -1298.1017087990572, -1298.1017087990572, -1298.1017087990572, -1298.1017087990572], 
[1851084.6942986199, 1002735.3382464125, 1002735.3382464125, -305.8358639345388, -933.147534864567, -933.147534864567, -933.147534864567, -933.147534864567, -933.147534864567, -1226.1733291887504, -1226.1733291887504, -1289.2353715512636, -1289.2353715512636, -1289.2353715512636, -1289.2353715512636, -1291.422333092652, -1293.493739221094, -1298.9943106584417, -1298.9943106584417, -1298.9943106584417], 
[885365.6547739018, 18564.305026254187, 18564.305026254187, -398.13686877737575, -398.13686877737575, -398.13686877737575, -548.4301378652938, -548.4301378652938, -899.8380431792864, -1266.9317247231281, -1266.9317247231281, -1266.9317247231281, -1266.9317247231281, -1279.6090150645168, -1279.6090150645168, -1279.6090150645168, -1296.411525595313, -1296.411525595313, -1296.411525595313, -1296.411525595313], 
[1123015.1810618471, 1123015.1810618471, 52529.94195419593, 52529.94195419593, -706.9315087774257, -706.9315087774257, -1007.52510262923, -1173.914701163278, -1173.914701163278, -1173.914701163278, -1173.914701163278, -1173.914701163278, -1291.4605146509748, -1291.4605146509748, -1291.4605146509748, -1291.4605146509748, -1293.3807903641803, -1299.688196844485, -1299.688196844485, -1299.688196844485], 
[780499.5382946188, 23955.85261620915, 23955.85261620915, 1123.3160074493703, -152.9094734311234, -152.9094734311234, -872.6131432424238, -872.6131432424238, -872.6131432424238, -872.6131432424238, -1118.9074717009073, -1118.9074717009073, -1141.9694859578292, -1141.9694859578292, -1215.9212160579777, -1265.257412514385, -1278.5054821072795, -1282.2090531153008, -1282.308032607483, -1289.4381808013666], 
[447158.78194340237, 2956.5444648603298, 2956.5444648603298, 1716.3029392156477, 1716.3029392156477, 1716.3029392156477, 1113.100073708344, 1113.100073708344, 36.22781167959147, -522.249323594305, -1103.098313875642, -1103.098313875642, -1287.3324832946287, -1287.3324832946287, -1287.3324832946287, -1293.3633611248383, -1293.3633611248383, -1293.3633611248383, -1293.3633611248383, -1299.1230053636154], 
[47977.599368819756, 47977.599368819756, 47977.599368819756, 47977.599368819756, 5220.092592862897, 5220.092592862897, 2127.6069808103493, -1202.2107502430315, -1202.2107502430315, -1202.2107502430315, -1202.2107502430315, -1202.2107502430315, -1279.1041881186325, -1279.1041881186325, -1279.1041881186325, -1279.1041881186325, -1279.1041881186325, -1279.1041881186325, -1294.891680933423, -1294.891680933423], 
[2795026.4568472602, 77166.71433030296, 21739.773290692483, 21739.773290692483, 10741.570150421821, 1386.615784767528, -286.73281622743116, -286.73281622743116, -286.73281622743116, -1156.6470616043985, -1270.514355065053, -1270.514355065053, -1270.514355065053, -1270.514355065053, -1270.514355065053, -1280.4111611309056, -1280.4111611309056, -1280.4111611309056, -1280.4111611309056, -1280.4111611309056], 
[4025467.915487633, 4025467.915487633, 6624.7451781368745, 6624.7451781368745, 6624.7451781368745, 6624.7451781368745, 6624.7451781368745, 6624.7451781368745, 2935.2120913058516, 2935.2120913058516, 2893.332030853193, 755.288752775903, 755.288752775903, 310.0999970573057, -120.70771404595894, -120.70771404595894, -1069.8429851343972, -1164.585936181632, -1206.4159662725701, -1299.003838183853], 
[139149.18252189193, 139149.18252189193, 139149.18252189193, 8595.970261271252, -981.0246677819457, -981.0246677819457, -981.0246677819457, -981.0246677819457, -981.0246677819457, -1164.4471589154466, -1164.4471589154466, -1164.4471589154466, -1164.4471589154466, -1188.065208465037, -1213.8081759932431, -1255.2300896631339, -1275.3381908686565, -1275.3381908686565, -1286.2030737629261, -1286.2030737629261], 
[506383.54201160965, 86828.99805816481, 86828.99805816481, 49787.97109816623, 49787.97109816623, -1020.2433634565153, -1160.6463550460753, -1160.6463550460753, -1292.3033968993782, -1292.3033968993782, -1292.3033968993782, -1292.3033968993782, -1292.3033968993782, -1292.3033968993782, -1292.3033968993782, -1292.3033968993782, -1297.1550474767419, -1297.1550474767419, -1297.1550474767419, -1297.1550474767419], 
[61184.51109598308, 61184.51109598308, 2413.892659709282, 2413.892659709282, 2413.892659709282, 2413.892659709282, 2413.892659709282, 915.1539423128165, 915.1539423128165, -992.4148163186674, -1125.4847278652712, -1125.4847278652712, -1195.3688523719113, -1195.3688523719113, -1262.1107313595323, -1284.4408637450827, -1284.4408637450827, -1284.4408637450827, -1284.4408637450827, -1284.4408637450827], 
[6437.027209504803, 6437.027209504803, 6437.027209504803, 6437.027209504803, 6437.027209504803, 6437.027209504803, 6437.027209504803, 4176.05762155426, 907.0766724529071, -72.64751734711126, -72.64751734711126, -72.64751734711126, -1021.3017566645626, -1216.5078097659668, -1216.5078097659668, -1216.5078097659668, -1248.1893128995541, -1248.1893128995541, -1275.8187083647526, -1275.8187083647526], 
[1711566.7960379345, 1711566.7960379345, 185347.71593418537, 140295.73860420872, -1075.0222113589202, -1075.0222113589202, -1075.0222113589202, -1075.0222113589202, -1075.0222113589202, -1075.0222113589202, -1249.417951475618, -1267.4081909828055, -1267.4081909828055, -1268.2586979765967, -1289.7891289054035, -1289.7891289054035, -1289.7891289054035, -1289.7891289054035, -1296.383224425056, -1298.4724085521386], 
[138785.61343159506, -1293.8696282044616, -1293.8696282044616, -1293.8696282044616, -1293.8696282044616, -1293.8696282044616, -1293.8696282044616, -1293.8696282044616, -1293.8696282044616, -1293.8696282044616, -1293.8696282044616, -1293.8696282044616, -1293.8696282044616, -1293.8696282044616, -1293.8696282044616, -1294.0922329546, -1294.0922329546, -1294.0922329546, -1294.0922329546, -1294.0922329546], 
[1981597.778634394, 17815.936013436945, 17815.936013436945, 17815.936013436945, 1918.8570531524097, 1239.6571044933467, 1239.6571044933467, 1239.6571044933467, 108.96888030710033, -1217.3984122139907, -1263.473625117963, -1263.473625117963, -1263.473625117963, -1264.2666122319192, -1264.2666122319192, -1264.2666122319192, -1264.2666122319192, -1264.2666122319192, -1288.0131612329592, -1288.0131612329592], 
[2104312.2134865685, 52648.99939332387, 2733.2095035660127, 2733.2095035660127, 2733.2095035660127, 2733.2095035660127, 1753.4462224550325, -728.8351980048953, -728.8351980048953, -1263.3408773826031, -1263.3408773826031, -1263.3408773826031, -1263.3408773826031, -1263.3408773826031, -1268.0851707593279, -1268.0851707593279, -1268.0851707593279, -1268.0851707593279, -1268.0851707593279, -1280.6865177963355], 
