[0.8252442710138892, 0.8252442710138892, 0.8252442710138892, 0.7088992244828809, 0.6398718435321507, 0.6398718435321507, 0.6398718435321507, 0.6398718435321507, 0.5114056312802839, 0.5114056312802839, 0.20024783839126004, 0.20024783839126004, 0.11652503114866475, 0.11652503114866475, 0.09996429958329767, 0.09996429958329767, 0.09996429958329767, 0.039438075161056574, 0.039438075161056574, 0.039438075161056574], 
[1.8424119801776326, 0.6567814245698562, 0.6567814245698562, 0.6038499373150343, 0.6038499373150343, 0.4320250827084271, 0.40409599901449056, 0.21935018828604935, 0.21935018828604935, 0.1659068676692761, 0.10799087604998148, 0.10799087604998148, 0.10799087604998148, 0.05093234704910721, 0.03958588620558334, 0.03958588620558334, 0.03958588620558334, 0.03958588620558334, 0.03958588620558334, 0.03958588620558334], 
[0.36758391703964666, 0.36758391703964666, 0.36758391703964666, 0.36758391703964666, 0.36758391703964666, 0.33523126214416576, 0.3315013235351696, 0.3315013235351696, 0.3011815336868837, 0.09953274029268178, 0.09953274029268178, 0.09953274029268178, 0.07991334899750813, 0.07991334899750813, 0.04282155690714706, 0.04282155690714706, 0.04282155690714706, 0.04282155690714706, 0.04062014512404888, 0.03390588772505376], 
[0.9130689123968212, 0.8912416619084267, 0.8912416619084267, 0.8912416619084267, 0.8912416619084267, 0.8912416619084267, 0.8912416619084267, 0.8253895415202006, 0.8253895415202006, 0.8253895415202006, 0.8253895415202006, 0.8253895415202006, 0.8253895415202006, 0.8253895415202006, 0.8253895415202006, 0.8163137352304419, 0.792724358883643, 0.7788851199475637, 0.7788851199475637, 0.7788851199475637], 
[1.0006069787603806, 1.0006069787603806, 1.0006069787603806, 1.0006069787603806, 0.6937995552818377, 0.6937995552818377, 0.6937995552818377, 0.6937995552818377, 0.5548122345522222, 0.5548122345522222, 0.5548122345522222, 0.5548122345522222, 0.5548122345522222, 0.5548122345522222, 0.5548122345522222, 0.10708049983452383, 0.10708049983452383, 0.10708049983452383, 0.10708049983452383, 0.10708049983452383], 
[1.292127797105838, 0.9079202050705342, 0.3931359658030589, 0.3931359658030589, 0.3931359658030589, 0.3931359658030589, 0.33969671471875085, 0.33969671471875085, 0.2075075429403106, 0.15459234099055408, 0.08206135143671656, 0.08206135143671656, 0.08206135143671656, 0.06638762283838506, 0.04025486535837697, 0.04025486535837697, 0.04025486535837697, 0.03755317614700937, 0.03371714611804988, 0.018841988763943274], 
[1.239034808398011, 1.239034808398011, 1.239034808398011, 1.239034808398011, 1.239034808398011, 0.9121584622979153, 0.7264159788074096, 0.7264159788074096, 0.4367485305294343, 0.4367485305294343, 0.3016359648886451, 0.148855983176313, 0.05153515352096605, 0.05153515352096605, 0.05153515352096605, 0.05153515352096605, 0.05153515352096605, 0.05153515352096605, 0.04759836375738624, 0.028094841879665378], 
[1.2691062638352526, 1.1991966923712623, 0.6635787905722381, 0.5324718276326381, 0.5324718276326381, 0.11616322894227293, 0.11616322894227293, 0.11616322894227293, 0.11616322894227293, 0.1081480905615706, 0.1081480905615706, 0.1081480905615706, 0.10652353843680684, 0.10652353843680684, 0.06893733033734373, 0.0367350315949162, 0.0367350315949162, 0.02473722776100029, 0.02473722776100029, 0.00985128688584247], 
[1.1908099811163253, 0.6633535918916706, 0.6633535918916706, 0.6143665030681396, 0.6143665030681396, 0.6143665030681396, 0.6143665030681396, 0.6143665030681396, 0.5534178716375395, 0.5534178716375395, 0.5534178716375395, 0.5430950069825133, 0.3108935187493569, 0.049243254924904, 0.049243254924904, 0.049243254924904, 0.049243254924904, 0.049243254924904, 0.049243254924904, 0.049243254924904], 
[0.8936159340716214, 0.8936159340716214, 0.8936159340716214, 0.6148128547699758, 0.6148128547699758, 0.3524540135583152, 0.3524540135583152, 0.3524540135583152, 0.3524540135583152, 0.3524540135583152, 0.3524540135583152, 0.3524540135583152, 0.19031039463050448, 0.05819217260081366, 0.05819217260081366, 0.05819217260081366, 0.05819217260081366, 0.05819217260081366, 0.05819217260081366, 0.05819217260081366], 
[0.5080468996537957, 0.5080468996537957, 0.3717079817233886, 0.3717079817233886, 0.3717079817233886, 0.2100687366175591, 0.2100687366175591, 0.2100687366175591, 0.2100687366175591, 0.2100687366175591, 0.2100687366175591, 0.2100687366175591, 0.20940962664844776, 0.20940962664844776, 0.20940962664844776, 0.18378604094710482, 0.18378604094710482, 0.18378604094710482, 0.18378604094710482, 0.18378604094710482], 
[0.8100322165955935, 0.8100322165955935, 0.68707525726643, 0.68707525726643, 0.68707525726643, 0.68707525726643, 0.68707525726643, 0.3486007579392427, 0.3486007579392427, 0.3486007579392427, 0.1996948561867109, 0.1996948561867109, 0.13499040436722698, 0.13499040436722698, 0.067224544627277, 0.067224544627277, 0.067224544627277, 0.067224544627277, 0.067224544627277, 0.04049956072516103], 
[0.8046483870715546, 0.6637691163249988, 0.6637691163249988, 0.6637691163249988, 0.6637691163249988, 0.5046122416588785, 0.3555099942716389, 0.3555099942716389, 0.20512172745888346, 0.1818751869127233, 0.1818751869127233, 0.1818751869127233, 0.1818751869127233, 0.17915584268264784, 0.09245510319236061, 0.033525923510799416, 0.0038909842212495604, 0.0038909842212495604, 0.0038909842212495604, 0.0038909842212495604], 
[1.605100032678004, 0.8862111807265949, 0.8862111807265949, 0.8862111807265949, 0.4100040294178102, 0.4100040294178102, 0.4100040294178102, 0.4100040294178102, 0.4100040294178102, 0.4100040294178102, 0.4100040294178102, 0.4100040294178102, 0.4100040294178102, 0.38683145273634345, 0.3711163100853456, 0.25902105745148685, 0.23303218661173197, 0.21613973494759886, 0.19672805493001855, 0.07302873766486417], 
[1.0936949694232068, 0.7240732384514534, 0.7240732384514534, 0.6780644024215556, 0.6350788039369637, 0.6350788039369637, 0.6350788039369637, 0.6350788039369637, 0.6350788039369637, 0.6350788039369637, 0.6109355712455713, 0.5913829135948565, 0.5913088398485202, 0.42099966649274734, 0.3707060178849826, 0.3045790348771913, 0.30129975813433774, 0.17263711689418937, 0.17263711689418937, 0.05915604969568555], 
[0.33587266308762853, 0.2609965155812968, 0.2609965155812968, 0.2609965155812968, 0.2609965155812968, 0.2609965155812968, 0.2609965155812968, 0.2609965155812968, 0.2609965155812968, 0.2609965155812968, 0.2609965155812968, 0.2609965155812968, 0.2609965155812968, 0.19812714427841538, 0.19812714427841538, 0.14039192512068244, 0.14039192512068244, 0.08092696035586933, 0.08092696035586933, 0.08092696035586933], 
[1.3940070498891917, 1.0731333385280757, 1.0731333385280757, 0.551958677256553, 0.4655642586227291, 0.27973161498946686, 0.2775270310532889, 0.2670248234356505, 0.2129415333170952, 0.11101103937643275, 0.10393637841857029, 0.08817952692738418, 0.08817952692738418, 0.08817952692738418, 0.07376098929756392, 0.03931133744534243, 0.027260462875005942, 0.027260462875005942, 0.027260462875005942, 0.013547702143168472], 
[1.6117725759267723, 0.585804069901541, 0.585804069901541, 0.585804069901541, 0.585804069901541, 0.585804069901541, 0.3164575369099132, 0.3164575369099132, 0.3164575369099132, 0.3164575369099132, 0.3164575369099132, 0.2010512745662072, 0.2010512745662072, 0.2010512745662072, 0.13706436632011965, 0.13706436632011965, 0.13706436632011965, 0.13706436632011965, 0.13706436632011965, 0.13706436632011965], 
[0.6984096357269758, 0.6984096357269758, 0.6984096357269758, 0.6984096357269758, 0.6984096357269758, 0.6984096357269758, 0.6984096357269758, 0.6712454193774686, 0.6712454193774686, 0.3857564651555192, 0.3857564651555192, 0.3857564651555192, 0.3857564651555192, 0.3382787741031814, 0.3382787741031814, 0.17274576750111947, 0.1466494006576684, 0.1466494006576684, 0.09429193971893923, 0.09429193971893923], 
[1.158814802252226, 1.158814802252226, 1.158814802252226, 0.36879114388821943, 0.36879114388821943, 0.36879114388821943, 0.36879114388821943, 0.3166371974133728, 0.3166371974133728, 0.2989233205859523, 0.17900752076597115, 0.14663665036561024, 0.1052589406596911, 0.08717402179623379, 0.08717402179623379, 0.06979128018795411, 0.005658932656827709, 0.005658932656827709, 0.005658932656827709, 0.005658932656827709], 
[1.1245773748955266, 0.6379821609173284, 0.6379821609173284, 0.6379821609173284, 0.6379821609173284, 0.6379821609173284, 0.6379821609173284, 0.6379821609173284, 0.6379821609173284, 0.5299695538023075, 0.36313708867864625, 0.36313708867864625, 0.36313708867864625, 0.21339676138027563, 0.21339676138027563, 0.15297775062526675, 0.15297775062526675, 0.0951796040927162, 0.0951796040927162, 0.0951796040927162], 
[1.6115691607593083, 1.2035802042318462, 0.386248349048369, 0.386248349048369, 0.386248349048369, 0.15504345296071342, 0.15504345296071342, 0.15504345296071342, 0.1357475236121224, 0.1357475236121224, 0.1357475236121224, 0.12699090472217645, 0.11326227676688383, 0.11326227676688383, 0.053569944971992633, 0.053569944971992633, 0.053569944971992633, 0.0399069848186695, 0.0399069848186695, 0.0399069848186695], 
[0.7257834437411188, 0.7257834437411188, 0.4407102113341237, 0.4407102113341237, 0.4407102113341237, 0.4407102113341237, 0.31754419858153593, 0.2885181268192545, 0.2885181268192545, 0.16526377485265265, 0.08687879422576161, 0.08687879422576161, 0.08687879422576161, 0.06448815706879696, 0.06448815706879696, 0.05498670233625269, 0.036823051673612106, 0.036823051673612106, 0.036823051673612106, 0.036823051673612106], 
[0.8024014621191782, 0.8024014621191782, 0.8024014621191782, 0.8024014621191782, 0.8024014621191782, 0.8024014621191782, 0.8024014621191782, 0.7561230912242056, 0.4219980266620773, 0.3212312624428537, 0.3212312624428537, 0.3212312624428537, 0.3212312624428537, 0.2592787623522703, 0.2592787623522703, 0.2592787623522703, 0.2592787623522703, 0.22867234774449585, 0.20598025216714522, 0.20598025216714522], 
[1.33112604851451, 0.5748288708857978, 0.5748288708857978, 0.46165348932331796, 0.46165348932331796, 0.46165348932331796, 0.46165348932331796, 0.46165348932331796, 0.41392482725097235, 0.3482776347306684, 0.056655337749697665, 0.056655337749697665, 0.056655337749697665, 0.056655337749697665, 0.056655337749697665, 0.056655337749697665, 0.056655337749697665, 0.056655337749697665, 0.056655337749697665, 0.04123958053727872], 
[1.2976435252026048, 0.8804555412771613, 0.8804555412771613, 0.8804555412771613, 0.6639495498088737, 0.5654440635341, 0.5654440635341, 0.21034147399793657, 0.21034147399793657, 0.21034147399793657, 0.10452802247265458, 0.10452802247265458, 0.10452802247265458, 0.10452802247265458, 0.10452802247265458, 0.09634015603069424, 0.09634015603069424, 0.0648583914948162, 0.05519457898661795, 0.05519457898661795], 
[1.3994456486945754, 1.33155064959481, 1.2699690612758485, 0.8582237983911836, 0.8582237983911836, 0.8582237983911836, 0.519270265619272, 0.519270265619272, 0.519270265619272, 0.39102666613122317, 0.06621369335312544, 0.06621369335312544, 0.021345754901665792, 0.021345754901665792, 0.021345754901665792, 0.021345754901665792, 0.021345754901665792, 0.021345754901665792, 0.021345754901665792, 0.021345754901665792], 
[1.4722480152801016, 0.5465082499669114, 0.5465082499669114, 0.5465082499669114, 0.5465082499669114, 0.1745303285518962, 0.1745303285518962, 0.17087579524866126, 0.17087579524866126, 0.17087579524866126, 0.15222085060631807, 0.14415339120350623, 0.07901259494954171, 0.06972595920925873, 0.06972595920925873, 0.05010718732830011, 0.024024778474184494, 0.024024778474184494, 0.024024778474184494, 0.024024778474184494], 
[1.139484696021234, 0.6321739081362918, 0.6321739081362918, 0.6321739081362918, 0.6321739081362918, 0.6321739081362918, 0.4107808269074993, 0.2994234668575242, 0.21827672761875672, 0.21827672761875672, 0.19030552416225932, 0.19030552416225932, 0.039353687169484175, 0.039353687169484175, 0.017687715612867194, 0.017687715612867194, 0.017687715612867194, 0.017687715612867194, 0.017687715612867194, 0.017687715612867194], 
[0.2165756323257786, 0.2165756323257786, 0.2165756323257786, 0.2165756323257786, 0.2165756323257786, 0.2165756323257786, 0.2165756323257786, 0.2165756323257786, 0.2165756323257786, 0.1830577782349163, 0.13824393282132963, 0.10787039811667487, 0.10787039811667487, 0.10787039811667487, 0.08953873198550966, 0.08953873198550966, 0.08953873198550966, 0.04667120526500179, 0.02654869258218806, 0.02654869258218806], 
