[9023.624840432944, 7905.902232415181, 7905.902232415181, 7693.302253991863, 6902.216423616914, 6902.216423616914, 6902.216423616914, 6455.055491955183, 6455.055491955183, 6154.446855571006, 5544.615072585427, 5406.30776192875, 4935.509978760347, 4935.509978760347, 4935.509978760347, 4814.809008035109, 4464.525956457608, 4373.29276365813, 4373.29276365813, 4373.29276365813], 
[11647.411531410562, 9059.812842049834, 9059.812842049834, 7510.67637291897, 7510.67637291897, 6672.635956254876, 5535.5190772649385, 5535.5190772649385, 5535.5190772649385, 5535.5190772649385, 5356.923832155043, 5312.37954078723, 5285.3321776182565, 4888.61982987358, 4696.6655984905265, 4618.066959435647, 4476.794109770431, 4476.794109770431, 4476.794109770431, 4452.238396447943], 
[9462.813704888464, 9462.813704888464, 8670.64175913267, 8670.64175913267, 7929.066063573004, 7673.561040335628, 7673.561040335628, 6936.9880978731, 6936.9880978731, 6814.732117564556, 6802.473909507249, 6717.152200875989, 4619.787501623184, 4595.496896682294, 4595.496896682294, 4595.496896682294, 4595.496896682294, 4595.496896682294, 4031.555932533132, 4031.555932533132], 
[9688.121295070689, 9508.087841386712, 8413.171027346327, 8413.171027346327, 8058.287400554777, 8058.287400554777, 7945.911022045374, 7065.682327688072, 7065.682327688072, 6795.703941004616, 6435.909969870395, 6395.426576140757, 4380.545201857461, 4380.545201857461, 4380.545201857461, 4380.545201857461, 4380.545201857461, 4380.545201857461, 4380.545201857461, 4345.133291318418], 
[8181.675105898638, 7701.284241376793, 7627.104449840168, 7627.104449840168, 7627.104449840168, 7034.477209974438, 7034.477209974438, 6172.931805928675, 6172.931805928675, 5010.684625088663, 4741.778234283397, 4741.778234283397, 4741.778234283397, 4741.778234283397, 4676.238075640392, 4604.633124945322, 4382.278428824569, 4382.278428824569, 3418.4569829995767, 3225.0076253441525], 
[10120.22326071749, 9954.47341189791, 9892.642394978211, 9296.413008224756, 7868.940901172417, 7868.940901172417, 6485.415483355553, 6485.415483355553, 6431.9659500843, 5226.004349707137, 5226.004349707137, 5226.004349707137, 5189.656784192178, 4549.578929246791, 4424.856990318567, 4412.821495097675, 4412.821495097675, 4362.10443905144, 4225.655082730417, 4225.655082730417], 
[10057.765409257896, 9217.715283878317, 9217.715283878317, 9217.715283878317, 8962.09320081633, 7995.696974253973, 7995.696974253973, 7995.696974253973, 7627.323161077079, 6890.2716354140175, 6890.2716354140175, 6888.545949025341, 6806.8708791629715, 6330.644500921289, 6053.949313370263, 4748.661969673552, 4748.661969673552, 4748.661969673552, 4748.661969673552, 4748.661969673552], 
[9121.678004351885, 9121.678004351885, 9121.678004351885, 9121.678004351885, 8477.394154022868, 7814.029226448408, 4550.577455642845, 4550.577455642845, 4550.577455642845, 4550.577455642845, 4124.696950649117, 3998.929538537005, 3998.929538537005, 3937.63735093207, 3937.63735093207, 3894.121471871536, 3894.121471871536, 3894.121471871536, 3894.121471871536, 3894.121471871536], 
[10102.505625100084, 10102.505625100084, 7924.611603843838, 7924.611603843838, 7598.716315884324, 7598.716315884324, 7477.325306905967, 6875.054826213566, 6752.897251559972, 6752.897251559972, 6673.818060824, 6673.818060824, 6673.818060824, 6673.818060824, 6137.257705122634, 5712.53978778363, 5593.392926586859, 5340.58602911566, 5340.58602911566, 4910.320960925955], 
[9981.452726036094, 8017.23801302009, 7738.310052741717, 7426.818925845371, 6651.279859539796, 6651.279859539796, 6651.279859539796, 6427.219128938796, 6233.044856234883, 6233.044856234883, 6233.044856234883, 6233.044856234883, 6233.044856234883, 5856.038283356625, 5496.563364998944, 5469.770472228451, 5139.762254221027, 4841.76689592698, 3969.822850359336, 3969.822850359336], 
[11426.082969777563, 7907.601803491464, 7907.601803491464, 6889.854476112883, 6889.854476112883, 6889.854476112883, 6889.854476112883, 5692.996532374072, 5692.996532374072, 5418.41175461523, 5418.41175461523, 5086.8671705150555, 5086.8671705150555, 3661.053076272543, 3661.053076272543, 3661.053076272543, 3470.1717565168005, 2343.235053276533, 2343.235053276533, 2343.235053276533], 
[8683.684269332285, 7931.220101411565, 7812.894006940852, 7812.894006940852, 7812.894006940852, 7275.530055224267, 7275.530055224267, 6925.728219670512, 6433.845316951727, 6433.845316951727, 6015.065535293027, 6015.065535293027, 4911.311339528237, 4844.455902773151, 4844.455902773151, 4844.455902773151, 4844.455902773151, 4720.814034111731, 4084.9761458274197, 3332.0367316933757], 
[12934.802531336645, 11160.476895408065, 10961.484242414752, 10248.538354233759, 10248.538354233759, 7666.590803888234, 7254.854688562209, 7254.854688562209, 6420.429364943271, 5782.041655149957, 5782.041655149957, 5679.49430060307, 5415.079720286438, 5415.079720286438, 4937.71756206812, 4835.491547842961, 4835.491547842961, 4799.495213281572, 4799.495213281572, 4799.495213281572], 
[11713.512712590538, 10510.20213020103, 10510.20213020103, 7586.00276974225, 7586.00276974225, 7586.00276974225, 7586.00276974225, 7586.00276974225, 6762.796974188146, 6762.796974188146, 6033.367112099328, 6033.367112099328, 5946.090644117444, 5946.090644117444, 5813.995366664448, 5813.995366664448, 5813.995366664448, 5758.7023870282255, 5031.448970498489, 5023.531855437722], 
[9468.687221776549, 9431.383364587637, 6838.703306300583, 6838.703306300583, 6541.528272449545, 6541.528272449545, 5899.655563612177, 5899.655563612177, 5899.655563612177, 5899.655563612177, 5899.655563612177, 4983.869311798654, 4983.869311798654, 4942.234714824797, 4588.782827393917, 4588.782827393917, 4588.782827393917, 4444.863136843299, 4444.863136843299, 4444.863136843299], 
[10748.992446388804, 10626.916476734585, 10041.526892155285, 10041.526892155285, 9295.924891929659, 9261.758915342356, 7874.374887926997, 7722.4250298216775, 7377.306794630581, 7377.306794630581, 6614.562341458941, 5509.032502550824, 5509.032502550824, 5509.032502550824, 5093.303381275225, 4573.819928348188, 4573.819928348188, 4573.819928348188, 3494.3751544534825, 3494.3751544534825], 
[8599.649267361541, 8599.649267361541, 8283.455202879813, 8283.455202879813, 8283.455202879813, 7038.816445429959, 7038.816445429959, 5982.142980556626, 5982.142980556626, 5651.855777988708, 4583.387714247587, 4583.387714247587, 4583.387714247587, 4583.387714247587, 4583.387714247587, 4583.387714247587, 4192.831443521233, 3819.761435561662, 3739.4435077824883, 3736.3564425701416], 
[8658.24769322421, 8658.24769322421, 6549.5303418701415, 6549.5303418701415, 6549.5303418701415, 6027.717392102935, 5546.522023772209, 5546.522023772209, 5546.522023772209, 5546.522023772209, 5546.522023772209, 5205.174123670123, 5205.174123670123, 5205.174123670123, 4535.365525064383, 4535.365525064383, 4535.365525064383, 4535.365525064383, 4487.741283220407, 3720.7569237330954], 
[10952.829012089536, 10472.741750208233, 10276.637262913955, 9910.822653205472, 9464.129287467382, 8359.587981662316, 8136.070472496612, 6536.222043945718, 6359.841456186966, 6359.841456186966, 6359.841456186966, 6359.841456186966, 6269.9695653565295, 5613.345448615168, 5613.345448615168, 5613.345448615168, 5202.246143932862, 5191.664633070071, 4636.5835245732715, 4636.5835245732715], 
[8670.03247839871, 8670.03247839871, 8377.647609436473, 7638.888101843124, 7638.888101843124, 5725.245811666035, 5725.245811666035, 5624.598943612636, 5624.598943612636, 5624.598943612636, 5624.598943612636, 5624.598943612636, 5624.598943612636, 5624.598943612636, 5624.598943612636, 5624.598943612636, 5394.088193882243, 5233.958892050298, 4779.807489384706, 4661.4391119207085], 
[10614.115254784965, 9822.58788372519, 7940.261743882537, 7940.261743882537, 7709.349016986574, 7709.349016986574, 7709.349016986574, 6602.967296841875, 6564.712384508983, 6051.8154898802695, 5248.155849912819, 5248.155849912819, 5208.389935435685, 5208.389935435685, 5208.389935435685, 4512.040473732972, 4512.040473732972, 4490.902970212647, 3656.1719022964094, 3551.8229478192593], 
[12301.38663380105, 12300.318527166764, 12158.831019946143, 10029.31064880279, 9741.061601007481, 9465.195366405374, 9114.479740164445, 9026.946495544877, 7139.685458991126, 7139.685458991126, 7101.7820095471725, 7101.7820095471725, 6962.392554253075, 6208.342804789702, 6145.935507654434, 6089.790971751318, 5777.88378664194, 5042.448122770698, 5031.566531743243, 3734.1542336204334], 
[7353.342294245297, 7353.342294245297, 6130.740740807409, 6130.740740807409, 6130.740740807409, 6130.740740807409, 5352.902858569989, 5343.644154696658, 5343.644154696658, 5343.644154696658, 4845.050229424131, 4713.84068831226, 4713.84068831226, 4698.849715778254, 3817.334692212156, 3805.4850252591004, 3805.4850252591004, 3805.4850252591004, 3805.4850252591004, 3617.199040711703], 
[10226.709889915288, 9523.38203633484, 9217.65607711784, 8380.916549320675, 8348.415735198403, 7973.843583500325, 6934.9697222821915, 6921.273872493804, 6857.366127629988, 6857.366127629988, 6663.292584457592, 5101.202631130905, 5048.96059634967, 4908.010744543223, 4908.010744543223, 4908.010744543223, 4815.99827553228, 4815.99827553228, 4521.689574022495, 4521.689574022495], 
[9084.664732342279, 7875.809484417074, 7628.440339626413, 7401.615278452163, 7194.786409085082, 5017.249111900925, 5017.249111900925, 5017.249111900925, 5017.249111900925, 4971.7350719283495, 4971.7350719283495, 4971.7350719283495, 4971.7350719283495, 4971.7350719283495, 4460.988783857604, 4460.988783857604, 3516.333786506024, 3340.1010647694525, 3340.1010647694525, 3340.1010647694525], 
[10872.764555872634, 9409.957064324244, 9409.957064324244, 8955.866681473253, 7118.605925274649, 7118.605925274649, 7020.890931132379, 5758.863413728929, 5758.863413728929, 5758.863413728929, 5758.863413728929, 5523.693531887444, 5523.693531887444, 5051.140909268357, 4442.498683092761, 4442.498683092761, 4385.246380949753, 4385.246380949753, 4385.246380949753, 4137.36026166391], 
[9149.515737595546, 9149.515737595546, 9121.014034140022, 8763.654623161532, 8064.049709698658, 7293.749297342103, 7293.749297342103, 7250.882426473488, 7250.882426473488, 6422.062672409562, 6277.427717358245, 5903.724781019433, 4649.432373776532, 4649.432373776532, 4649.432373776532, 4649.432373776532, 4649.432373776532, 4649.432373776532, 3612.2442908793905, 3612.2442908793905], 
[6604.498532026356, 6604.498532026356, 6604.498532026356, 6384.272112019178, 6384.272112019178, 6251.875846856909, 6251.875846856909, 5506.339376973438, 5169.590454399357, 4981.091344221742, 4981.091344221742, 4981.091344221742, 4518.020057246, 4518.020057246, 4518.020057246, 2851.762109626591, 2851.762109626591, 2851.762109626591, 2851.762109626591, 2851.762109626591], 
[6850.003372003419, 6850.003372003419, 6850.003372003419, 6850.003372003419, 6850.003372003419, 6783.11226686603, 6605.97537588495, 6605.97537588495, 6605.97537588495, 4603.941136800457, 4603.941136800457, 4603.941136800457, 4324.797689005007, 4226.279869777332, 4213.146508748377, 4213.146508748377, 4147.896263261871, 4147.896263261871, 3882.6526111830253, 3866.6969029778197], 
[8487.892385075962, 8487.892385075962, 8487.892385075962, 8487.892385075962, 7441.540758682188, 7441.540758682188, 7441.540758682188, 7347.53522392654, 6958.264179668986, 6911.628163270184, 5065.44857108739, 4920.260163375965, 4920.260163375965, 4920.260163375965, 4920.260163375965, 4497.190493916387, 4497.190493916387, 4497.190493916387, 4473.829625402173, 3053.6180272973597], 
