[1036.146036904974, 1036.146036904974, 1036.146036904974, 901.7912240719793, 901.7912240719793, 899.7576926388473, 899.7576926388473, 899.7576926388473, 791.5559037566579, 782.2948676446983, 752.310019841206, 752.310019841206, 722.5009582349074, 722.5009582349074, 706.6797368080483, 706.6797368080483, 706.6797368080483, 706.6797368080483, 706.6797368080483, 569.6762741140623], 
[942.6754484835096, 942.6754484835096, 942.6754484835096, 941.5272957436044, 941.5272957436044, 839.0741494633554, 839.0741494633554, 839.0741494633554, 795.8980171815926, 795.8980171815926, 769.2678822805825, 750.5520632516925, 696.0063512353989, 696.0063512353989, 696.0063512353989, 681.6970700016084, 681.6970700016084, 681.6970700016084, 681.6970700016084, 681.6970700016084], 
[1018.7392199450738, 1018.7392199450738, 1018.7392199450738, 910.7583436431871, 910.7583436431871, 910.7583436431871, 910.7583436431871, 910.7583436431871, 910.7583436431871, 808.8855892029848, 808.8855892029848, 808.8855892029848, 808.8855892029848, 808.8855892029848, 807.3324380051066, 807.3324380051066, 738.3349309305615, 738.3349309305615, 692.1952901086821, 658.89243896813], 
[1098.3498433749205, 1098.3498433749205, 974.8038447626833, 974.8038447626833, 883.1414363682613, 883.1414363682613, 849.6130456446786, 849.6130456446786, 849.6130456446786, 774.072689299642, 774.072689299642, 774.072689299642, 774.072689299642, 744.0794127544928, 695.0943532688738, 631.4535474328696, 631.4535474328696, 631.4535474328696, 631.4535474328696, 631.4535474328696], 
[825.9070585384093, 825.9070585384093, 825.9070585384093, 825.9070585384093, 825.9070585384093, 825.9070585384093, 795.5292097509704, 795.5292097509704, 795.5292097509704, 795.5292097509704, 795.5292097509704, 795.5292097509704, 795.5292097509704, 795.5292097509704, 778.2839954300358, 741.7859404724227, 703.2968114753934, 696.4529642485496, 654.9193432371183, 649.7593274019596], 
[1124.282695429392, 983.2271036325182, 983.2271036325182, 983.2271036325182, 983.2271036325182, 917.2060089937758, 917.2060089937758, 917.2060089937758, 917.2060089937758, 829.8142357689579, 787.8338572732428, 740.3008398845777, 740.3008398845777, 722.0068271853248, 694.2483516001527, 694.2483516001527, 694.2483516001527, 694.2483516001527, 694.2483516001527, 677.7972522378382], 
[929.6113195646686, 914.4033138620988, 914.4033138620988, 914.4033138620988, 914.4033138620988, 879.1608230345687, 879.1608230345687, 826.9393181748902, 742.2806743766189, 742.2806743766189, 742.2806743766189, 742.2806743766189, 742.2806743766189, 686.1057554735654, 676.6809686864576, 676.6809686864576, 676.6809686864576, 658.4545860559755, 651.983895273478, 651.983895273478], 
[944.7986960278593, 944.7986960278593, 944.7986960278593, 874.7681470275177, 874.7681470275177, 874.7681470275177, 874.7681470275177, 874.7681470275177, 864.8177226494375, 864.8177226494375, 823.61241021979, 770.8714946274291, 770.8714946274291, 770.8714946274291, 665.5338747248312, 665.5338747248312, 634.7583553613945, 634.7583553613945, 634.7583553613945, 634.7583553613945], 
[1141.8354738041412, 1061.3249359680806, 1061.3249359680806, 1028.619969340077, 1013.7835547621593, 912.0573901366399, 912.0573901366399, 898.3191944328429, 898.3191944328429, 887.6267534555417, 839.9591849550128, 784.6110001591471, 784.6110001591471, 763.6270294040445, 763.6270294040445, 763.6270294040445, 763.6270294040445, 763.6270294040445, 751.5887010635151, 720.1265548483691], 
[1172.981714069595, 1054.7013132561744, 1032.6280565153322, 1032.6280565153322, 994.2464932887568, 994.2464932887568, 993.3548185418341, 962.5446959976554, 858.5445972095673, 807.6624743273508, 807.6624743273508, 797.5900794262691, 795.962725658144, 647.8644522906794, 647.8644522906794, 647.8644522906794, 647.8644522906794, 647.8644522906794, 585.3218720151561, 558.5638896660283], 
[1051.6080410897325, 1051.6080410897325, 1051.6080410897325, 1051.6080410897325, 1040.4773439312876, 1022.5254113857654, 946.7434740765832, 925.4443231998862, 820.4737497509778, 746.8152646407356, 746.8152646407356, 738.7644222354946, 738.7644222354946, 728.6722815631205, 728.6722815631205, 728.6722815631205, 728.6722815631205, 728.6722815631205, 728.6722815631205, 728.6722815631205], 
[1307.6338993104764, 1244.7032958708664, 1105.5601786142547, 1105.3988573423358, 1105.3988573423358, 918.0562166507442, 918.0562166507442, 918.0562166507442, 908.6062907231006, 844.5889437520574, 844.5889437520574, 828.4185431866509, 747.7947268717166, 747.7947268717166, 634.7845602056193, 543.7710034528179, 543.7710034528179, 543.7710034528179, 543.7710034528179, 543.7710034528179], 
[1020.2152144825121, 1020.2152144825121, 996.9915377605203, 996.9915377605203, 904.8807322161979, 892.6893052926995, 892.6893052926995, 797.3294940086365, 776.8827736992552, 776.8827736992552, 770.0170466039509, 770.0170466039509, 770.0170466039509, 707.8352106167994, 706.9074439165079, 706.9074439165079, 706.9074439165079, 706.9074439165079, 665.8181430871412, 665.8181430871412], 
[1275.6911211838724, 1224.6892518598586, 1065.597242698239, 1054.8228234036292, 1054.8228234036292, 913.4390557369302, 714.3892522813044, 714.3892522813044, 714.3892522813044, 714.3892522813044, 714.3892522813044, 714.3892522813044, 713.2521967927954, 713.2521967927954, 670.3755956694065, 670.3755956694065, 656.9589840834092, 656.9589840834092, 656.9589840834092, 656.9589840834092], 
[890.2878052067839, 890.2878052067839, 846.3687435375349, 846.3687435375349, 846.3687435375349, 820.4868633774456, 820.4868633774456, 793.5643912852555, 755.1902465025425, 755.1902465025425, 755.1902465025425, 755.1902465025425, 746.0254186188812, 746.0254186188812, 738.78720958993, 738.78720958993, 728.121204404465, 728.121204404465, 715.3144580115872, 706.4646042412174], 
[855.8662260524948, 855.8662260524948, 855.8662260524948, 855.8662260524948, 769.9131769892587, 719.5188669574837, 719.5188669574837, 703.2626013710833, 703.2626013710833, 703.2626013710833, 703.2626013710833, 703.2626013710833, 623.9169268612768, 609.0912615986812, 609.0912615986812, 609.0912615986812, 609.0912615986812, 609.0912615986812, 597.0008388961584, 597.0008388961584], 
[1163.824374546314, 1102.5963310452078, 1041.5619039084943, 914.4241421698657, 914.4241421698657, 914.4241421698657, 914.4241421698657, 870.8403275372912, 793.8022641957566, 788.0453886801197, 680.8651213695991, 627.464069421008, 627.464069421008, 627.464069421008, 627.464069421008, 627.464069421008, 627.464069421008, 590.2947812483708, 549.3619009762041, 549.3619009762041], 
[1149.8428416863817, 1149.8428416863817, 1024.0090763428027, 1024.0090763428027, 996.5968807374596, 996.5968807374596, 919.3334162955925, 789.7850552976842, 742.9039330898698, 739.7972115180274, 739.7972115180274, 739.7972115180274, 739.7972115180274, 739.7972115180274, 739.7972115180274, 679.6019715442606, 679.6019715442606, 599.3608884948482, 599.3608884948482, 599.3608884948482], 
[1133.3408636498368, 1057.6899752128377, 1040.1133532957601, 926.3985647645832, 906.4506340162825, 906.4506340162825, 902.772505872793, 892.3833477931574, 806.1096630736606, 806.1096630736606, 806.1096630736606, 806.1096630736606, 781.5159411410774, 781.5159411410774, 781.5159411410774, 781.5159411410774, 655.3041273100984, 655.3041273100984, 655.3041273100984, 639.5140183454769], 
[1046.2632635442512, 1046.2632635442512, 1046.2632635442512, 1046.2632635442512, 825.4154881685349, 761.2870298225989, 761.2870298225989, 761.2870298225989, 761.2870298225989, 761.2870298225989, 761.2870298225989, 761.2870298225989, 749.4778538329688, 726.3896191944947, 726.3896191944947, 726.3896191944947, 726.3896191944947, 677.4509291639465, 638.2307372416794, 632.4950500951105], 
[1084.9144876731489, 871.0852183327096, 681.3546270361958, 681.3546270361958, 681.3546270361958, 681.3546270361958, 679.6216809352172, 679.6216809352172, 679.6216809352172, 679.6216809352172, 679.6216809352172, 679.6216809352172, 679.6216809352172, 679.6216809352172, 679.6216809352172, 679.6216809352172, 679.1344882575609, 679.1344882575609, 679.1344882575609, 679.1344882575609], 
[1166.2456891558966, 1065.7971639573723, 1018.216908092185, 1018.216908092185, 972.1784635823307, 861.0463448515937, 844.5938831875816, 844.5938831875816, 844.5938831875816, 843.4143145825797, 711.3841958011799, 711.3841958011799, 661.3612895944897, 639.272081835322, 622.8102672280197, 622.8102672280197, 622.8102672280197, 622.8102672280197, 622.8102672280197, 622.8102672280197], 
[1081.6825473304898, 1081.6825473304898, 930.4042829795668, 924.6935506530755, 924.6935506530755, 924.6935506530755, 924.6935506530755, 866.1411021770492, 837.0832543961897, 837.0832543961897, 837.0832543961897, 837.069790070622, 764.3694470343122, 749.3509596376798, 749.3509596376798, 728.0290293844126, 717.4609157743722, 690.8441884331725, 663.3012572112383, 663.3012572112383], 
[1151.4892647189017, 1117.9536484286102, 1051.6362736018086, 960.4492207254355, 960.4492207254355, 960.4492207254355, 930.0253690996598, 930.0253690996598, 867.4317763453732, 833.1860859808729, 833.1860859808729, 833.1860859808729, 794.5290594955175, 794.5290594955175, 598.4467385531619, 598.4467385531619, 598.4467385531619, 598.4467385531619, 598.4467385531619, 598.4467385531619], 
[1172.6666122672575, 1172.6666122672575, 1035.24713518136, 896.2593899196486, 896.2593899196486, 858.7028645192781, 831.6845944299499, 800.9381738648734, 800.9381738648734, 800.9381738648734, 800.9381738648734, 760.6254189972053, 755.3265548827317, 733.7777151563275, 719.875911818076, 682.0670737736186, 682.0670737736186, 671.957905137581, 671.957905137581, 671.957905137581], 
[971.6138069394016, 971.6138069394016, 958.78553702571, 958.78553702571, 958.78553702571, 958.78553702571, 958.78553702571, 958.78553702571, 883.4677728899903, 773.0351064469776, 773.0351064469776, 760.9436368531907, 645.8208087589095, 645.8208087589095, 645.8208087589095, 645.8208087589095, 645.8208087589095, 645.8208087589095, 645.8208087589095, 645.8208087589095], 
[966.4454413543227, 966.4454413543227, 966.4454413543227, 966.4454413543227, 966.4454413543227, 950.4977916959764, 838.3944884588387, 838.3944884588387, 727.660606452689, 727.660606452689, 727.660606452689, 727.660606452689, 698.3742201426016, 634.0125842383563, 634.0125842383563, 632.5088068910356, 632.5088068910356, 622.4890912024908, 622.4890912024908, 622.4890912024908], 
[1202.7449108429776, 1114.2631884986897, 1074.0845374569628, 989.0376257794193, 980.1766194795076, 980.1766194795076, 789.7739604023377, 789.7739604023377, 789.7739604023377, 789.7739604023377, 761.1111735558956, 761.1111735558956, 761.1111735558956, 743.2350870766304, 732.9265217176998, 717.9896367169652, 717.9896367169652, 717.9896367169652, 717.9896367169652, 697.9305120795913], 
[1051.5648358958472, 1051.5648358958472, 1003.0468571120424, 812.4917849594844, 812.4917849594844, 764.4970736603948, 764.4970736603948, 764.4970736603948, 746.2566372600049, 746.2566372600049, 725.0695135720011, 696.410247894513, 696.410247894513, 696.410247894513, 696.410247894513, 696.410247894513, 696.410247894513, 696.410247894513, 681.574391855129, 639.6533215388266], 
[1178.694089866333, 1163.729985264881, 1148.2535622902235, 1113.8356056762732, 1013.5873444833102, 1009.2463765035634, 1009.2463765035634, 947.2382608383044, 907.6796345086535, 826.3316613471807, 826.3316613471807, 801.6396539730338, 671.4759173460294, 671.4759173460294, 671.4759173460294, 671.4759173460294, 607.7901092981508, 607.7901092981508, 607.7901092981508, 607.7901092981508], 
