[981.2456383937946, 981.2456383937946, 981.2456383937946, 981.2456383937946, 882.6604906534998, 831.937836762534, 831.937836762534, 831.937836762534, 831.937836762534, 831.937836762534, 831.937836762534, 751.7039328041253, 751.7039328041253, 751.7039328041253, 699.0321436388721, 699.0321436388721, 680.4017651711847, 680.4017651711847, 680.4017651711847, 648.2569635843672], 
[1086.4872282099934, 1083.331786629321, 1083.331786629321, 1071.2259763594666, 1071.2259763594666, 1035.5117764068746, 982.4562692857074, 982.4562692857074, 954.6372911798212, 905.2409934490186, 905.2409934490186, 905.2409934490186, 905.2409934490186, 862.2251856667522, 857.3518085099588, 757.3655728268551, 755.5857006718295, 755.5857006718295, 755.5857006718295, 732.4505325255122], 
[1038.514560037252, 1038.514560037252, 1038.514560037252, 1038.514560037252, 988.9380652630969, 957.1430124793053, 957.1430124793053, 946.7093236196083, 846.0107049583735, 846.0107049583735, 818.5616558065161, 818.5616558065161, 818.5616558065161, 778.7663227439865, 778.7663227439865, 778.7663227439865, 717.9516461593228, 651.8308357849864, 651.8308357849864, 651.8308357849864], 
[1165.5005746528125, 1096.3714133961898, 1092.6094870120921, 1089.0781718510505, 1061.955522710466, 1061.955522710466, 1005.8143498724079, 941.3329866529464, 934.1391752065633, 934.1391752065633, 934.1391752065633, 810.5879636302063, 766.4165929332313, 766.4165929332313, 686.1569417462448, 638.5178133525783, 629.1923446274466, 629.1923446274466, 629.1923446274466, 629.1923446274466], 
[1029.2918470595237, 1024.9875742080724, 988.2208453496085, 924.4848677109965, 862.4825196470185, 862.4825196470185, 862.4825196470185, 862.4825196470185, 814.7008000910282, 752.714482206724, 752.714482206724, 752.714482206724, 752.714482206724, 752.714482206724, 649.2463755946213, 649.2463755946213, 649.2463755946213, 649.2463755946213, 649.2463755946213, 649.2463755946213], 
[967.2123930137586, 909.5754159529635, 909.5754159529635, 909.5754159529635, 909.5754159529635, 899.3947635201957, 865.6228674129447, 830.9046746049232, 830.9046746049232, 830.9046746049232, 796.2268294062332, 736.6677670535908, 680.1859654809429, 680.1859654809429, 680.1859654809429, 680.1859654809429, 680.1859654809429, 680.1859654809429, 680.1859654809429, 654.3775841754538], 
[1038.4503778251967, 898.8360356237658, 898.8360356237658, 898.8360356237658, 880.3944434661602, 880.3944434661602, 880.3944434661602, 875.6554318113681, 875.6554318113681, 875.6554318113681, 873.1711712412725, 847.2024923248159, 821.2201312756164, 821.2201312756164, 709.113115119199, 709.113115119199, 704.5164729590683, 657.9380654387625, 657.9380654387625, 657.9380654387625], 
[1098.4913560086084, 1098.4913560086084, 1098.4913560086084, 1054.1009455660774, 936.750488521111, 936.750488521111, 871.6869539797751, 807.3325557182244, 807.3325557182244, 807.3325557182244, 756.7139138279522, 742.8780855223401, 698.2596462966842, 697.7485203297982, 688.9280737716682, 653.1125586153438, 653.1125586153438, 599.9487871187001, 597.489493842907, 566.8574719308378], 
[1206.9885260951814, 1195.4241732051746, 1195.4241732051746, 1188.4224470321374, 1142.4369839042877, 1038.5716665287164, 961.7251019145932, 908.1600503834688, 908.1600503834688, 908.1600503834688, 880.9249220930403, 880.9249220930403, 789.5522323408801, 751.9308128579123, 751.9308128579123, 751.9308128579123, 751.9308128579123, 751.9308128579123, 751.9308128579123, 736.9855318255169], 
[1073.0105566098127, 1073.0105566098127, 1073.0105566098127, 966.2296899512074, 966.2296899512074, 966.2296899512074, 956.580605190204, 842.756206642933, 819.5815882545502, 771.4051813089511, 761.9935324970487, 713.2222121902022, 713.2222121902022, 713.2222121902022, 713.2222121902022, 713.2222121902022, 671.5277771070297, 671.5277771070297, 635.4262291603359, 597.2269140159772], 
[1114.07366102568, 976.9770718917179, 976.9612093740072, 976.9612093740072, 803.9312946250244, 803.9312946250244, 803.9312946250244, 803.9312946250244, 803.9312946250244, 803.9312946250244, 803.9312946250244, 758.696664069494, 758.696664069494, 758.696664069494, 758.696664069494, 758.696664069494, 680.2025867134694, 680.2025867134694, 680.2025867134694, 626.695207856364], 
[1154.4152392936535, 1023.3935674263709, 1010.59238403277, 976.0941304769126, 933.7031789809168, 908.764952270433, 824.685701012023, 824.685701012023, 824.685701012023, 772.6000089333874, 772.6000089333874, 771.7968233154277, 753.1721511324653, 753.1721511324653, 718.8095904229526, 718.8095904229526, 704.9980866491743, 690.9682385092802, 690.9682385092802, 690.9682385092802], 
[1090.3489867961998, 1083.1355517172424, 1069.3213712922613, 1069.3213712922613, 1052.6340873552222, 1052.6340873552222, 1018.4251287253533, 889.1200099833645, 831.4919926535861, 734.7228959302299, 718.940830306937, 718.940830306937, 718.940830306937, 707.1691368658534, 707.1691368658534, 707.1691368658534, 674.6352211740672, 674.6352211740672, 674.6352211740672, 640.6875338498144], 
[941.7558154908733, 930.539549591499, 922.3384645520988, 885.0595157924664, 885.0595157924664, 885.0595157924664, 873.9544347897103, 861.2804519940142, 839.7545001437035, 805.2605080094231, 770.1556539512328, 721.2773934730163, 721.2773934730163, 695.242940392927, 660.6710897112092, 638.7861100733205, 638.7861100733205, 557.2460752329963, 543.0833469584918, 543.0833469584918], 
[1133.1952259915843, 1133.1952259915843, 1133.1952259915843, 1027.2908865597622, 1027.2908865597622, 1027.2908865597622, 779.4781508784522, 779.4781508784522, 779.4781508784522, 779.4781508784522, 735.7831695246692, 735.7831695246692, 735.7831695246692, 735.7831695246692, 735.7831695246692, 735.7036828483949, 721.2572641192533, 701.1642640689281, 701.1642640689281, 701.1642640689281], 
[1035.4891721822255, 1035.4891721822255, 1035.4891721822255, 926.6137065856531, 899.4753731998717, 899.4753731998717, 899.4753731998717, 899.4753731998717, 658.5815193937945, 658.5815193937945, 609.6890110909741, 609.6890110909741, 609.6890110909741, 609.6890110909741, 609.6890110909741, 609.6890110909741, 606.883616650474, 606.883616650474, 595.199321125707, 595.199321125707], 
[1009.8017152997963, 935.3662303573423, 935.3662303573423, 935.3481225787486, 907.6862974690575, 906.5521287635155, 764.3140449157958, 764.3140449157958, 764.3140449157958, 721.0755625934047, 721.0755625934047, 721.0755625934047, 721.0755625934047, 693.7150387465621, 693.7150387465621, 693.7150387465621, 693.7150387465621, 613.4570828087284, 606.0810591488597, 606.0810591488597], 
[1091.4759361446665, 1038.7665716721324, 959.3745826819811, 955.0049003314714, 955.0049003314714, 793.7918009098076, 793.7918009098076, 793.7918009098076, 791.6804488531288, 791.6804488531288, 791.6804488531288, 731.9736361138459, 717.09669200794, 712.8491662194051, 712.8491662194051, 690.9322915857437, 690.9322915857437, 664.9766113782823, 664.9766113782823, 588.5295264847284], 
[984.3342331721362, 695.5529148417312, 695.5529148417312, 634.6247481358316, 634.6247481358316, 634.6247481358316, 634.6247481358316, 634.6247481358316, 634.6247481358316, 634.6247481358316, 634.6247481358316, 634.6247481358316, 634.6247481358316, 634.6247481358316, 630.5573130033861, 630.5573130033861, 624.1878905164023, 624.1878905164023, 622.2457419254657, 622.2457419254657], 
[1184.396023376227, 1072.7402740067598, 1025.681617927605, 1025.681617927605, 1022.0160216325297, 869.5226088759753, 869.5226088759753, 869.5226088759753, 816.4946113927974, 816.4946113927974, 816.4385852889372, 790.9507753387794, 790.9507753387794, 773.0015931853912, 709.2884402942025, 709.2884402942025, 709.2884402942025, 709.2884402942025, 709.2884402942025, 709.2884402942025], 
[892.2922727125325, 892.2922727125325, 892.2922727125325, 892.2922727125325, 825.0116998082113, 825.0116998082113, 825.0116998082113, 825.0116998082113, 818.9370274340837, 780.8409584003292, 780.8409584003292, 707.2508175869011, 707.2508175869011, 707.2508175869011, 671.3195087980031, 671.3195087980031, 671.3195087980031, 671.3195087980031, 671.3195087980031, 628.0612677051852], 
[1053.314078316415, 861.8395774500192, 861.8395774500192, 860.7525688674654, 860.7525688674654, 860.7525688674654, 860.7525688674654, 860.7525688674654, 753.1175564897854, 753.1175564897854, 753.1175564897854, 753.1175564897854, 753.1175564897854, 738.4905505520408, 718.4695702489698, 718.4695702489698, 612.4372607185292, 612.4372607185292, 612.4372607185292, 612.4372607185292], 
[1104.2875007379498, 1051.3396682664506, 1032.7415205216146, 999.7703590412634, 997.3059060590302, 984.2880500907803, 915.4156461651638, 915.4156461651638, 915.4156461651638, 899.798047224048, 899.798047224048, 855.1011035110519, 832.2977738969909, 826.3869803988276, 802.3977016945977, 802.3977016945977, 759.1567867238398, 758.4887064451354, 733.8707760122951, 696.9725797445393], 
[1049.7366844654553, 1006.3208631800636, 1006.3208631800636, 1006.3208631800636, 987.0418513227689, 952.0613933965382, 950.0397552393426, 816.1727092011533, 816.1727092011533, 816.1727092011533, 816.1727092011533, 816.1727092011533, 763.2356794646724, 763.2356794646724, 763.2356794646724, 763.2356794646724, 763.2356794646724, 738.718713764077, 728.7974943001731, 719.2180261656774], 
[957.7855826757304, 957.7855826757304, 914.9793104312324, 907.5083937543792, 809.1046092508753, 809.1046092508753, 809.1046092508753, 809.1046092508753, 809.1046092508753, 809.1046092508753, 809.1046092508753, 781.5428147062961, 781.5428147062961, 781.5428147062961, 781.5428147062961, 758.1726119724767, 711.7825609642867, 702.6638847500731, 702.6638847500731, 659.7887264624441], 
[1072.1584276146905, 907.2447716084669, 886.1027410859995, 886.1027410859995, 886.1027410859995, 886.1027410859995, 815.764162147109, 782.3961414535202, 782.3961414535202, 782.3961414535202, 782.3961414535202, 782.3961414535202, 782.3961414535202, 732.8072884493564, 732.8072884493564, 732.8072884493564, 709.4073237599406, 709.4073237599406, 709.4073237599406, 709.4073237599406], 
[1214.7987618493269, 1214.7987618493269, 1108.147879496908, 1107.3923189925413, 1107.3923189925413, 977.8236853648662, 959.0793820465186, 957.8025725745069, 755.1567937736326, 755.1567937736326, 755.1567937736326, 755.1567937736326, 755.1567937736326, 750.4364668134301, 750.4364668134301, 750.4364668134301, 750.4364668134301, 750.4364668134301, 744.7492061932082, 744.7492061932082], 
[838.4771677772675, 838.4771677772675, 838.4771677772675, 809.2432610099877, 795.9293676607471, 795.9293676607471, 795.9293676607471, 724.1196868323418, 724.1196868323418, 724.1196868323418, 724.1196868323418, 724.1196868323418, 724.1196868323418, 669.0739862675424, 669.0739862675424, 669.0739862675424, 669.0739862675424, 669.0739862675424, 669.0739862675424, 573.4061252525928], 
[1197.6482889616104, 1037.5338718673006, 1037.5338718673006, 972.1084318029681, 972.1084318029681, 972.1084318029681, 972.1084318029681, 931.7914491119477, 931.7914491119477, 928.0449389585077, 860.4974233542557, 820.1995250358208, 784.1286013273851, 649.4117085647036, 649.4117085647036, 649.4117085647036, 649.4117085647036, 649.4117085647036, 649.4117085647036, 649.4117085647036], 
[1052.0054615804272, 929.7319645823623, 929.7319645823623, 929.7319645823623, 929.7319645823623, 868.5906151939062, 848.7278354847423, 836.7079257790347, 757.0617943715379, 747.7337665986298, 725.6147955214117, 625.6850005383312, 625.6850005383312, 625.6850005383312, 569.9153578919321, 480.8550075969838, 480.8550075969838, 480.8550075969838, 480.8550075969838, 480.8550075969838], 
