[8864.751466018817, 8757.829996045117, 8711.814549112412, 8632.09636301203, 8564.15471324764, 8161.833633639511, 8161.833633639511, 8161.833633639511, 8161.833633639511, 8161.833633639511, 7902.465924425619, 7761.283113046666, 7556.109263577708, 7550.336041776243, 7550.336041776243, 7523.181488031175, 7216.273734067732, 7216.273734067732, 6988.855040778691, 6969.244099941663], 
[8722.578672785981, 8722.578672785981, 8722.578672785981, 7924.2835338484765, 7924.2835338484765, 7924.2835338484765, 7806.567117112437, 7806.567117112437, 7726.2104646369935, 7726.2104646369935, 7726.2104646369935, 7726.2104646369935, 7726.2104646369935, 7726.2104646369935, 7671.690273014096, 7412.638675285491, 7412.638675285491, 7145.224249553897, 7145.224249553897, 7145.224249553897], 
[8706.50938030741, 8579.983916842619, 8579.983916842619, 8334.8482339359, 8334.8482339359, 8334.8482339359, 7841.428948257612, 7508.984496344717, 7459.283827633853, 7459.283827633853, 7459.283827633853, 7459.283827633853, 7459.283827633853, 7168.600725244542, 7168.600725244542, 7168.600725244542, 7023.958583633429, 6641.335401607276, 6641.335401607276, 6641.335401607276], 
[8626.009252354124, 8609.610613046767, 8609.610613046767, 8603.569472282414, 8351.671782605343, 8351.671782605343, 8351.671782605343, 7800.702603407646, 7800.702603407646, 7800.702603407646, 7800.702603407646, 7800.702603407646, 7800.702603407646, 7800.702603407646, 7800.702603407646, 7778.617488252298, 7778.617488252298, 7662.109828077577, 7662.109828077577, 7662.109828077577], 
[9014.043853251853, 8842.052063527586, 8842.052063527586, 8842.052063527586, 8842.052063527586, 8596.91574499081, 8077.198159393251, 8077.198159393251, 8077.198159393251, 8077.198159393251, 8077.198159393251, 8077.198159393251, 7836.286978949282, 7836.286978949282, 7836.286978949282, 7483.404475582438, 7483.404475582438, 7483.404475582438, 7322.532057564768, 7251.972178818615], 
[9001.673677390994, 8734.261503626898, 8630.089064998425, 8630.089064998425, 8630.089064998425, 8630.089064998425, 8630.089064998425, 8591.615548289068, 8547.765477496467, 8223.120884821023, 8223.120884821023, 8223.120884821023, 7913.516982384742, 7633.745687464259, 7633.745687464259, 7633.745687464259, 7633.745687464259, 7310.246208027566, 7310.246208027566, 7310.246208027566], 
[8994.200631058666, 8969.69732623422, 8707.38994795434, 8707.38994795434, 8596.302828199803, 8596.302828199803, 8524.44105020311, 8485.066272226832, 8365.00503179646, 8365.00503179646, 8365.00503179646, 8195.597385666832, 7695.499239396401, 7695.499239396401, 7695.499239396401, 7357.2759860654505, 7343.657052258677, 7314.835248546563, 7307.456815821639, 7058.00795452366], 
[8947.41705073585, 8739.40962517641, 8323.293445757805, 8323.293445757805, 8323.293445757805, 8323.293445757805, 8323.293445757805, 8323.293445757805, 7550.028997744407, 7524.5496392813975, 7524.5496392813975, 7487.534810788119, 7487.534810788119, 7397.983658339222, 7397.983658339222, 7397.983658339222, 7287.2936644222345, 7287.2936644222345, 7286.1267020753285, 6602.745319142439], 
[8407.152938805142, 8407.152938805142, 8407.152938805142, 7846.407568445746, 7846.407568445746, 7846.407568445746, 7846.407568445746, 7846.407568445746, 7625.058050940346, 7625.058050940346, 7591.244485749972, 7591.244485749972, 7528.540227372833, 7528.540227372833, 7528.540227372833, 7254.666637871995, 7254.666637871995, 7039.402968096262, 7039.402968096262, 7039.402968096262], 
[9027.408866004938, 9027.408866004938, 8848.677951732181, 8652.786457240953, 8652.786457240953, 8401.517572505827, 8031.884477638553, 7986.348848010904, 7986.348848010904, 7986.348848010904, 7986.348848010904, 7986.348848010904, 7212.644680831811, 7212.644680831811, 7212.644680831811, 7212.644680831811, 7212.644680831811, 7106.222096116386, 7106.222096116386, 7070.541330687337], 
[9046.299271576401, 8986.01565184884, 8841.049103297328, 8841.049103297328, 8544.223051669594, 8544.223051669594, 8544.223051669594, 8283.094183234216, 8283.094183234216, 8283.094183234216, 8283.094183234216, 8283.094183234216, 8033.615689727874, 7739.310301166079, 7496.704730413484, 7496.704730413484, 7496.704730413484, 7324.605801950084, 7324.605801950084, 7324.605801950084], 
[8805.256377674497, 8805.256377674497, 8407.635901634609, 8407.635901634609, 8407.635901634609, 8407.635901634609, 7866.999773693222, 7866.999773693222, 7866.999773693222, 7866.999773693222, 7866.999773693222, 7700.097428777881, 7700.097428777881, 7700.097428777881, 7700.097428777881, 7560.488984681567, 7390.374395912289, 7390.374395912289, 7390.374395912289, 7156.818760706532], 
[8881.356127554684, 8879.239280950322, 8677.685000841813, 8440.079295490274, 8377.971839028609, 8107.460039606289, 8107.445112221861, 8029.354721777651, 7615.867434313775, 7590.843558092803, 7590.843558092803, 7511.294052242965, 7511.294052242965, 7511.294052242965, 7511.294052242965, 7479.80981008931, 7435.7493026029215, 7435.7493026029215, 7435.7493026029215, 7258.797863367819], 
[8252.436303827788, 8252.436303827788, 7648.487889092608, 7648.487889092608, 7434.625207191048, 7229.779762100226, 7229.779762100226, 7217.322618015675, 7217.322618015675, 7217.322618015675, 7217.322618015675, 7217.322618015675, 7217.322618015675, 7217.322618015675, 7217.322618015675, 7083.012096054225, 7083.012096054225, 7083.012096054225, 7083.012096054225, 7083.012096054225], 
[8716.421355013592, 8480.399297644257, 8394.164445659182, 8103.036616770357, 8103.036616770357, 8103.036616770357, 8103.036616770357, 8103.036616770357, 8103.036616770357, 8077.603308645328, 8077.603308645328, 7960.856863359167, 7960.856863359167, 7960.856863359167, 7945.244247001022, 7860.474247409494, 7664.224927623114, 7400.56602945848, 7236.872003532359, 7236.872003532359], 
[9362.488284380957, 9265.003615069076, 8846.025329095017, 8773.79024075329, 8773.79024075329, 8575.64524390913, 8575.64524390913, 8575.64524390913, 8380.815503680624, 8380.815503680624, 8345.188837051319, 8302.38924540874, 8007.26755047935, 8007.26755047935, 7736.869454075236, 7736.869454075236, 7736.869454075236, 7736.869454075236, 7024.132976690132, 6913.586672099923], 
[8308.398012961012, 8308.398012961012, 8224.529204200076, 8224.529204200076, 8224.529204200076, 8224.529204200076, 8224.529204200076, 8107.875135498589, 7706.968732736896, 7706.968732736896, 7706.968732736896, 7706.968732736896, 7634.081045102299, 7634.081045102299, 7634.081045102299, 7230.201724910139, 7230.201724910139, 6576.769298563844, 6576.769298563844, 6555.195471161591], 
[7966.737064575329, 7811.187218667316, 7677.7478609898635, 7677.7478609898635, 7677.7478609898635, 7677.7478609898635, 7677.7478609898635, 7677.7478609898635, 7677.7478609898635, 7677.7478609898635, 7677.7478609898635, 7639.75485510685, 7639.75485510685, 7639.75485510685, 7566.386436502733, 7566.386436502733, 7528.670151204624, 7217.273555482805, 7217.273555482805, 7149.74369105408], 
[8578.126510024093, 8578.126510024093, 8297.055030576894, 8297.055030576894, 7984.185298380434, 7984.185298380434, 7984.185298380434, 7984.185298380434, 7984.185298380434, 7984.185298380434, 7526.929935266581, 7526.929935266581, 7526.929935266581, 7526.929935266581, 7520.655640048169, 7520.655640048169, 7520.655640048169, 7038.294100642173, 7038.294100642173, 7038.294100642173], 
[9137.554261904592, 9137.554261904592, 9058.471008009252, 8775.89438717509, 8775.89438717509, 8423.660122188274, 8423.660122188274, 8423.660122188274, 8423.660122188274, 8266.436855121116, 8171.980055216767, 8066.034080670537, 8066.034080670537, 8059.2337132046605, 7950.256463240423, 7922.424963096519, 7896.020492843814, 7713.1991469216855, 7713.1991469216855, 7442.438235249668], 
[9032.47809474719, 9032.47809474719, 9032.47809474719, 8784.984783731914, 8730.872205717531, 8315.993178487359, 8315.993178487359, 8183.8982206475885, 8183.8982206475885, 8183.8982206475885, 8087.999422677872, 8037.174542042211, 8037.174542042211, 7810.380696444285, 7810.380696444285, 7810.380696444285, 7810.380696444285, 7694.143111601889, 7435.4338398385635, 7404.408491096669], 
[9402.456207883353, 9281.681184750094, 8865.632186682556, 8708.346705036294, 8645.371024574524, 8645.371024574524, 8545.173146567753, 8495.759756311068, 8106.859288178225, 7786.915430981466, 7462.438552196525, 7462.438552196525, 7462.438552196525, 7462.438552196525, 7384.854879193516, 7188.453132063021, 6513.329222730331, 6513.329222730331, 6513.329222730331, 6513.329222730331], 
[9046.34506079606, 8651.316303509857, 8651.316303509857, 8375.552235630601, 8375.552235630601, 7740.59810178288, 7740.59810178288, 7740.59810178288, 7740.59810178288, 7740.59810178288, 7740.59810178288, 7740.59810178288, 7740.59810178288, 7637.081921197341, 7422.082036673139, 7422.082036673139, 7422.082036673139, 7294.446958460253, 7294.446958460253, 7294.446958460253], 
[8522.81349551783, 8522.81349551783, 8522.81349551783, 8353.527317301292, 8353.527317301292, 8353.527317301292, 7926.689262886007, 7926.689262886007, 7926.689262886007, 7668.592048791697, 7649.893446530937, 7649.893446530937, 7649.893446530937, 7649.893446530937, 7445.25580917541, 7445.25580917541, 7445.25580917541, 7204.853683587633, 7204.853683587633, 7160.398906994581], 
[8981.425688507281, 8425.585646148815, 8425.585646148815, 8425.585646148815, 8259.786254832201, 8259.786254832201, 8259.786254832201, 8259.786254832201, 8067.741434645315, 8067.741434645315, 7843.634485278288, 7843.634485278288, 7843.634485278288, 7672.7369159927875, 7672.7369159927875, 7620.61387134904, 7620.61387134904, 7589.860875539538, 7484.850780366961, 7305.2296237238115], 
[9078.950569084605, 8816.676665778177, 8816.676665778177, 8704.575265543182, 8704.575265543182, 8704.575265543182, 8392.360154519136, 8392.360154519136, 7708.661622843323, 7708.661622843323, 7708.661622843323, 7539.941612007953, 7508.517918885269, 7508.517918885269, 7460.5479984793665, 7460.5479984793665, 7460.5479984793665, 7266.029685074046, 7266.029685074046, 7266.029685074046], 
[8453.107325084402, 8102.286667297442, 8102.286667297442, 8102.286667297442, 7893.097614378612, 7618.01837308014, 7618.01837308014, 7618.01837308014, 7618.01837308014, 7618.01837308014, 7294.005445225008, 7294.005445225008, 7294.005445225008, 7294.005445225008, 7294.005445225008, 7294.005445225008, 7294.005445225008, 6815.820056765024, 6815.820056765024, 6815.820056765024], 
[8377.36830789249, 8377.36830789249, 8374.335619084524, 8374.335619084524, 8374.335619084524, 8374.335619084524, 8374.335619084524, 8260.845694001215, 8128.674745894713, 8074.2604082980515, 8074.2604082980515, 8037.11413089428, 7872.726138050366, 7872.726138050366, 7859.998862888625, 7541.370329338583, 7105.839180988763, 7035.482364430118, 7035.482364430118, 6898.135947857158], 
[8321.057036192993, 8321.057036192993, 8321.057036192993, 8321.057036192993, 8205.86782302204, 8007.527400084417, 8007.527400084417, 8007.527400084417, 8007.527400084417, 7947.149638635842, 7947.149638635842, 7481.761817734743, 7481.761817734743, 7435.475811725385, 7435.475811725385, 7435.475811725385, 7435.475811725385, 7170.182572174975, 7170.182572174975, 7170.182572174975], 
[8886.936648265491, 8886.936648265491, 8853.830259554506, 8853.830259554506, 8662.780105488893, 7983.219009958717, 7983.219009958717, 7983.219009958717, 7983.219009958717, 7908.799034704626, 7506.859077003703, 7506.859077003703, 7506.859077003703, 7506.859077003703, 7388.199260068244, 7351.5570205242175, 7283.665282748165, 7229.32141869554, 7211.041934688576, 7211.041934688576], 
