[2.4990083997955774, 2.4990083997955774, 2.4990083997955774, 2.4990083997955774, 2.4990083997955774, 2.4990083997955774, 2.4990083997955774, 2.4990083997955774, 2.4990083997955774, 2.4990083997955774, 2.4990083997955774, 2.4990083997955774, 2.4990083997955774, 2.4990083997955774, 2.4990083997955774, 2.4990083997955774, 2.4990083997955774, 2.4990083997955774, 2.4990083997955774, 2.4990083997955774], 
[4.84234744097464, 4.719717199882997, 4.04772580848877, 3.921703560426803, 3.770460081291356, 3.770460081291356, 3.770460081291356, 3.770460081291356, 3.770460081291356, 3.770460081291356, 3.1312673305634293, 3.1312673305634293, 3.1312673305634293, 3.1312673305634293, 3.1312673305634293, 3.1312673305634293, 3.1312673305634293, 3.1312673305634293, 3.1312673305634293, 3.067938180463116], 
[3.655656506468895, 3.655656506468895, 3.655656506468895, 3.321518351381676, 3.321518351381676, 3.321518351381676, 3.321518351381676, 3.321518351381676, 3.321518351381676, 3.321518351381676, 3.321518351381676, 3.321518351381676, 3.321518351381676, 3.2673639283298237, 3.2673639283298237, 3.2673639283298237, 3.2673639283298237, 3.2673639283298237, 3.2673639283298237, 3.2673639283298237], 
[4.292058881444052, 4.292058881444052, 4.292058881444052, 4.292058881444052, 4.292058881444052, 4.292058881444052, 3.742225578620275, 3.1797269910300674, 3.1797269910300674, 3.1797269910300674, 3.1797269910300674, 3.1797269910300674, 3.1797269910300674, 3.1797269910300674, 3.1797269910300674, 3.1797269910300674, 3.1797269910300674, 3.1797269910300674, 3.1797269910300674, 3.125776558504424], 
[4.7201190270372155, 3.9124867108440755, 3.9124867108440755, 3.9124867108440755, 3.9124867108440755, 3.9124867108440755, 3.849509366959104, 3.849509366959104, 3.849509366959104, 3.849509366959104, 3.7699363110162087, 3.7699363110162087, 3.7699363110162087, 3.7699363110162087, 3.7699363110162087, 3.7699363110162087, 3.7699363110162087, 3.7699363110162087, 3.7699363110162087, 3.7699363110162087], 
[4.831326857911185, 4.485797129628392, 3.5518898298883577, 3.5518898298883577, 3.5518898298883577, 3.5518898298883577, 3.5518898298883577, 3.5518898298883577, 3.5518898298883577, 3.5518898298883577, 3.479375523796324, 3.479375523796324, 3.479375523796324, 3.479375523796324, 3.479375523796324, 3.479375523796324, 3.479375523796324, 3.479375523796324, 3.479375523796324, 3.479375523796324], 
[3.549921182754678, 3.549921182754678, 3.549921182754678, 3.549921182754678, 3.549921182754678, 3.549921182754678, 3.549921182754678, 3.549921182754678, 3.549921182754678, 3.549921182754678, 3.549921182754678, 3.549921182754678, 3.549921182754678, 3.549921182754678, 3.549921182754678, 3.549921182754678, 3.549921182754678, 3.549921182754678, 3.549921182754678, 3.549921182754678], 
[4.160124069143153, 4.160124069143153, 4.160124069143153, 4.160124069143153, 4.160124069143153, 3.1787952316626145, 3.1787952316626145, 3.1787952316626145, 3.1787952316626145, 3.1787952316626145, 3.1787952316626145, 3.1787952316626145, 3.1787952316626145, 3.1787952316626145, 3.1787952316626145, 3.1787952316626145, 3.1787952316626145, 3.1787952316626145, 3.1787952316626145, 3.1787952316626145], 
[3.8326351791080464, 3.8326351791080464, 3.8326351791080464, 3.8326351791080464, 3.8326351791080464, 3.8326351791080464, 3.6931828604536063, 3.6931828604536063, 3.6931828604536063, 3.6931828604536063, 3.6931828604536063, 3.6931828604536063, 3.6931828604536063, 3.6931828604536063, 3.6931828604536063, 3.6931828604536063, 3.6931828604536063, 3.0246909295833118, 3.0246909295833118, 2.9465319339952023], 
[3.032296247281921, 3.032296247281921, 3.032296247281921, 3.032296247281921, 3.032296247281921, 3.032296247281921, 3.032296247281921, 3.032296247281921, 3.032296247281921, 3.032296247281921, 3.032296247281921, 3.032296247281921, 3.032296247281921, 3.032296247281921, 3.032296247281921, 3.032296247281921, 3.032296247281921, 3.032296247281921, 3.032296247281921, 3.032296247281921], 
[4.104836771332464, 3.846229731866109, 3.2007259715122336, 3.2007259715122336, 3.2007259715122336, 3.2007259715122336, 3.2007259715122336, 3.2007259715122336, 3.2007259715122336, 3.2007259715122336, 3.2007259715122336, 3.2007259715122336, 3.2007259715122336, 3.2007259715122336, 3.2007259715122336, 3.2007259715122336, 3.2007259715122336, 3.2007259715122336, 3.2007259715122336, 3.2007259715122336], 
[4.203809299225708, 3.735123436007316, 3.735123436007316, 3.735123436007316, 3.735123436007316, 3.735123436007316, 3.735123436007316, 3.735123436007316, 3.5402728432142783, 3.5402728432142783, 3.5402728432142783, 3.5402728432142783, 3.5402728432142783, 3.5402728432142783, 3.5204333258357288, 3.5204333258357288, 3.371716996707053, 3.371716996707053, 3.371716996707053, 3.371716996707053], 
[3.589945565800724, 3.589945565800724, 3.589945565800724, 3.589945565800724, 3.589945565800724, 3.589945565800724, 3.589945565800724, 3.589945565800724, 3.589945565800724, 2.6628321132976587, 2.6628321132976587, 2.6628321132976587, 2.6628321132976587, 2.6628321132976587, 2.6628321132976587, 2.6628321132976587, 2.6628321132976587, 2.6628321132976587, 2.6628321132976587, 2.6628321132976587], 
[5.511970514414325, 3.494619202360802, 3.494619202360802, 3.494619202360802, 3.494619202360802, 3.494619202360802, 3.494619202360802, 3.494619202360802, 3.494619202360802, 3.494619202360802, 3.494619202360802, 3.494619202360802, 3.494619202360802, 3.494619202360802, 3.494619202360802, 2.8080289480836913, 2.8080289480836913, 2.8080289480836913, 2.8080289480836913, 2.8080289480836913], 
[4.349608405595273, 4.1221652079746205, 4.1221652079746205, 3.66047272822654, 3.634754945057005, 3.1457829659173795, 3.1457829659173795, 3.1457829659173795, 3.1457829659173795, 3.1457829659173795, 3.1457829659173795, 3.1457829659173795, 3.1457829659173795, 3.1457829659173795, 3.1457829659173795, 3.1457829659173795, 3.1457829659173795, 3.1457829659173795, 3.1457829659173795, 3.1457829659173795], 
[4.861985141468447, 4.858530748089206, 4.858530748089206, 4.681687298307014, 4.38315439657817, 3.1017617135853945, 3.1017617135853945, 3.1017617135853945, 3.1017617135853945, 3.1017617135853945, 3.1017617135853945, 3.1017617135853945, 3.1017617135853945, 3.1017617135853945, 3.1017617135853945, 3.1017617135853945, 3.1017617135853945, 3.1017617135853945, 3.063769184745482, 3.063769184745482], 
[3.946039170040414, 3.946039170040414, 3.946039170040414, 3.946039170040414, 3.946039170040414, 3.946039170040414, 3.946039170040414, 3.946039170040414, 3.946039170040414, 3.5403835868827143, 3.5403835868827143, 3.5403835868827143, 3.5403835868827143, 3.5403835868827143, 3.5403835868827143, 3.5403835868827143, 3.5403835868827143, 3.5403835868827143, 3.5403835868827143, 3.0788822264126456], 
[4.045108832167942, 3.43296207974879, 3.43296207974879, 3.43296207974879, 3.43296207974879, 3.43296207974879, 3.43296207974879, 3.43296207974879, 2.790635162581658, 2.790635162581658, 2.790635162581658, 2.790635162581658, 2.790635162581658, 2.790635162581658, 2.790635162581658, 2.790635162581658, 2.790635162581658, 2.790635162581658, 2.790635162581658, 2.790635162581658], 
[3.9615417266420985, 3.9615417266420985, 3.764242844857072, 3.764242844857072, 3.764242844857072, 3.764242844857072, 3.764242844857072, 3.764242844857072, 3.764242844857072, 3.764242844857072, 3.225206909520443, 3.225206909520443, 2.927326612502033, 2.927326612502033, 2.927326612502033, 2.927326612502033, 2.927326612502033, 2.927326612502033, 2.927326612502033, 2.927326612502033], 
[3.635877426461873, 3.635877426461873, 3.635877426461873, 3.635877426461873, 3.635877426461873, 3.635877426461873, 3.635877426461873, 3.635877426461873, 3.635877426461873, 3.635877426461873, 3.635877426461873, 3.635877426461873, 3.635877426461873, 3.635877426461873, 3.635877426461873, 3.635877426461873, 3.635877426461873, 3.635877426461873, 2.722216236878372, 2.722216236878372], 
[5.002551457025238, 4.298589399952465, 3.9094720371541247, 3.9094720371541247, 3.9094720371541247, 3.4680760099343586, 3.4680760099343586, 3.4680760099343586, 3.4680760099343586, 3.4680760099343586, 3.4680760099343586, 3.4680760099343586, 3.398085015196043, 3.398085015196043, 3.398085015196043, 3.398085015196043, 3.398085015196043, 3.398085015196043, 3.398085015196043, 3.398085015196043], 
[5.039163765281309, 4.462922851733672, 4.462922851733672, 4.170809589997884, 4.095150487272463, 4.095150487272463, 3.8755379236560152, 3.368374435540183, 3.368374435540183, 3.368374435540183, 3.368374435540183, 3.368374435540183, 3.368374435540183, 3.368374435540183, 3.368374435540183, 3.368374435540183, 3.368374435540183, 3.368374435540183, 3.368374435540183, 3.368374435540183], 
[4.304652860013034, 4.304652860013034, 4.304652860013034, 4.304652860013034, 4.304652860013034, 3.95421717459867, 2.304000708235412, 2.304000708235412, 2.304000708235412, 2.304000708235412, 2.304000708235412, 2.304000708235412, 2.304000708235412, 2.304000708235412, 2.304000708235412, 2.304000708235412, 2.304000708235412, 2.304000708235412, 2.304000708235412, 2.304000708235412], 
[4.375798266953416, 3.6097904343191174, 3.6097904343191174, 3.6097904343191174, 3.6097904343191174, 3.6097904343191174, 3.6097904343191174, 3.601231209708439, 3.2845798904408396, 3.2845798904408396, 3.2845798904408396, 3.2845798904408396, 3.2845798904408396, 3.2845798904408396, 3.2845798904408396, 2.6571777503586906, 2.6571777503586906, 2.6571777503586906, 2.6571777503586906, 2.6571777503586906], 
[4.185387652585664, 4.185387652585664, 4.185387652585664, 4.185387652585664, 4.185387652585664, 4.185387652585664, 4.185387652585664, 3.5510990916659075, 3.5510990916659075, 3.5510990916659075, 3.5510990916659075, 3.2004462035226635, 3.2004462035226635, 3.2004462035226635, 3.2004462035226635, 3.2004462035226635, 3.2004462035226635, 3.2004462035226635, 3.2004462035226635, 3.2004462035226635], 
[4.604417417488893, 4.604417417488893, 3.9307552075381444, 3.9307552075381444, 3.9307552075381444, 3.9307552075381444, 3.9307552075381444, 3.9307552075381444, 3.9307552075381444, 3.9307552075381444, 3.9307552075381444, 3.9307552075381444, 3.57872307294401, 3.57872307294401, 3.57872307294401, 3.57872307294401, 3.57872307294401, 3.38012414120865, 3.38012414120865, 3.0008456796661824], 
[3.37234227323801, 3.37234227323801, 3.37234227323801, 3.37234227323801, 3.37234227323801, 3.37234227323801, 3.37234227323801, 3.37234227323801, 3.37234227323801, 3.37234227323801, 3.37234227323801, 3.37234227323801, 3.37234227323801, 3.37234227323801, 3.37234227323801, 3.37234227323801, 3.37234227323801, 3.37234227323801, 3.37234227323801, 3.37234227323801], 
[4.801908989172455, 4.801908989172455, 4.792421757544372, 4.72773151668608, 4.325017750111783, 4.325017750111783, 4.325017750111783, 4.325017750111783, 3.9701383081341772, 3.9701383081341772, 3.3815399437314153, 3.3815399437314153, 3.3815399437314153, 3.3815399437314153, 3.3815399437314153, 3.3815399437314153, 3.3815399437314153, 3.3815399437314153, 3.3815399437314153, 3.3815399437314153], 
[4.343616667531008, 3.4170418782582264, 3.4170418782582264, 3.4170418782582264, 3.3211213128657793, 3.3211213128657793, 3.3211213128657793, 2.3373630571768826, 2.3373630571768826, 2.3373630571768826, 2.3373630571768826, 2.3373630571768826, 2.3373630571768826, 2.3373630571768826, 2.3373630571768826, 2.3373630571768826, 2.3373630571768826, 2.3373630571768826, 2.3373630571768826, 2.3373630571768826], 
[4.819864902260465, 4.819864902260465, 4.6491489465746945, 4.593547198683258, 3.8706502494349406, 3.8706502494349406, 3.8706502494349406, 3.4849594799968404, 3.4849594799968404, 3.4849594799968404, 3.4849594799968404, 3.4849594799968404, 3.4849594799968404, 3.4849594799968404, 3.4849594799968404, 3.4849594799968404, 3.3665359783530358, 2.813202608935966, 2.813202608935966, 2.813202608935966], 
