[2215.639585036487, 2183.6043500691067, 2179.7308331580534, 2017.7336635621568, 2017.7336635621568, 1998.1125316459668, 1922.5920315019378, 1794.2165069459286, 1483.198456974223, 1483.198456974223, 1432.8490411454568, 1432.8490411454568, 1432.8490411454568, 1365.1350964737753, 1365.1350964737753, 1256.4546834085859, 1256.4546834085859, 1160.0452608186501, 1079.1425069238119, 1079.1425069238119], 
[2250.101265226776, 2187.2953088896857, 2000.0872447272682, 2000.0872447272682, 1977.3752700825837, 1899.0869551838473, 1631.0301825175495, 1631.0301825175495, 1625.5446040194133, 1456.8591418100505, 1456.8591418100505, 1456.8591418100505, 1398.9140093486344, 1398.9140093486344, 1384.6800750202947, 1383.038205256033, 1351.1061614815862, 1194.3383816720097, 1146.7190768537903, 1146.7190768537903], 
[2353.821319253065, 2132.7280458527885, 2132.7280458527885, 1998.5350790383004, 1998.5350790383004, 1881.2907452695133, 1832.0586312875025, 1792.6590138344777, 1688.468656967793, 1688.468656967793, 1688.1244081064929, 1688.1244081064929, 1555.7656164242999, 1416.8091167000844, 1416.8091167000844, 1416.8091167000844, 1416.8091167000844, 1327.8695473479418, 1285.3487737342095, 1232.3972153541827], 
[2002.0927348971177, 1974.3516720353748, 1974.3516720353748, 1974.3516720353748, 1974.3516720353748, 1974.3516720353748, 1849.3114297065108, 1834.230393126273, 1834.230393126273, 1793.9705724658706, 1675.9962116862775, 1561.8848562955004, 1561.6186505394912, 1451.7373662061852, 1411.81937760754, 1352.775142036634, 1352.775142036634, 1297.097791135835, 1293.445173934083, 1213.8360629642464], 
[1941.3243504807413, 1708.4850681054377, 1668.0433518635027, 1668.0433518635027, 1668.0433518635027, 1648.0636860149548, 1447.2360522911927, 1447.2360522911927, 1447.2360522911927, 1407.8183516798695, 1407.8183516798695, 1407.8183516798695, 1407.8183516798695, 1343.0581756229947, 1343.0581756229947, 1183.0796813870709, 1176.5344658259628, 1126.4477674228926, 1101.975061946741, 1101.975061946741], 
[2135.657170294853, 2135.657170294853, 2135.657170294853, 1919.393124139503, 1668.7009939615166, 1624.5635828797567, 1624.5635828797567, 1623.9790447768748, 1623.9790447768748, 1623.9790447768748, 1623.9790447768748, 1623.9790447768748, 1623.9790447768748, 1615.1452713346393, 1590.5488979580769, 1517.4567776469682, 1369.2756292442643, 1364.7744569644622, 1168.1873798143686, 1168.1873798143686], 
[1792.7282727484687, 1792.7282727484687, 1792.7282727484687, 1695.965467829165, 1672.0239464184006, 1672.0239464184006, 1567.6608527937556, 1567.6608527937556, 1564.7653274085424, 1381.990178150082, 1381.990178150082, 1381.990178150082, 1381.990178150082, 1299.9775795320975, 1296.3978817963664, 1296.3978817963664, 1287.4960609043103, 1030.2753345985286, 894.3340903375694, 894.3340903375694], 
[2328.89514187316, 2207.396960650601, 2207.396960650601, 2207.396960650601, 2169.5367316827687, 1927.879671012889, 1887.0765488808315, 1887.0765488808315, 1627.571123647988, 1487.7910616653821, 1487.7910616653821, 1487.7910616653821, 1487.7910616653821, 1487.7910616653821, 1483.3631431956765, 1483.3631431956765, 1277.835471824816, 1273.1446512792918, 1024.4499611855074, 1023.2319511708417], 
[2041.128920121062, 2041.128920121062, 1787.6596073663989, 1597.4580619549101, 1597.4580619549101, 1597.4580619549101, 1589.4923423776122, 1589.4923423776122, 1405.9810470140346, 1405.9810470140346, 1405.9810470140346, 1405.9810470140346, 1343.9947922312888, 1316.3708355910255, 1307.143741707259, 1307.143741707259, 1111.0332372730954, 1073.0084786205289, 1073.0084786205289, 1073.0084786205289], 
[2033.7765132568848, 2033.7765132568848, 1941.589223196407, 1941.589223196407, 1941.589223196407, 1600.451945842504, 1545.9291373654014, 1545.9291373654014, 1545.9291373654014, 1545.9291373654014, 1545.9291373654014, 1545.9291373654014, 1510.1310458786334, 1334.1870168253606, 1306.6039593013825, 1165.4391031300675, 1110.453283716371, 1110.453283716371, 1110.453283716371, 994.0098704837285], 
[2297.6555765230914, 2170.6067478203267, 2170.6067478203267, 2069.7613614555003, 2069.2132283102624, 1933.5227158802215, 1887.0935334985595, 1887.0935334985595, 1721.1346219786424, 1674.522051416086, 1631.367868462451, 1631.367868462451, 1631.367868462451, 1514.8098000604841, 1514.8098000604841, 1425.159466201024, 1205.5247490236043, 1200.136019382624, 1170.8554023559366, 1138.1571057909684], 
[2113.6177458935585, 2060.211606501455, 1935.7798826435737, 1934.1497753810206, 1926.2429133276296, 1926.2429133276296, 1778.4334346426988, 1586.6795639551935, 1562.2541937117328, 1494.0694509999794, 1494.0694509999794, 1492.9402486161002, 1436.0041292881488, 1436.0041292881488, 1436.0041292881488, 1436.0041292881488, 1396.0229766983064, 1275.7244166796222, 1275.7244166796222, 1194.6691258934725], 
[1552.0664957781444, 1490.0734466005586, 1465.1452996549297, 1465.1452996549297, 1437.94322962453, 1437.94322962453, 1437.94322962453, 1252.2392358415611, 1252.2392358415611, 1252.2392358415611, 1252.2392358415611, 1252.2392358415611, 1252.2392358415611, 1252.2392358415611, 1249.302100213396, 1228.7949050820453, 1150.784181446361, 1150.784181446361, 1150.784181446361, 1150.784181446361], 
[2189.003016793024, 2164.5056054887527, 2164.5056054887527, 2156.5900095280685, 1831.1492272508392, 1702.4641277948303, 1652.4494213068724, 1652.4494213068724, 1637.5531332373612, 1593.3990090551956, 1593.3990090551956, 1593.3990090551956, 1559.171756785117, 1554.1195138031635, 1513.4892564247914, 1471.6339260368204, 1165.8739432543946, 1165.8739432543946, 1165.8739432543946, 1165.8739432543946], 
[1949.1731713146833, 1949.1731713146833, 1949.1731713146833, 1949.1731713146833, 1949.1731713146833, 1826.5297222532947, 1743.4726725541032, 1638.871479251146, 1608.4163707110179, 1563.7136980915163, 1536.116140171092, 1392.028779302172, 1392.028779302172, 1392.028779302172, 1310.09305985466, 1310.09305985466, 1246.1367168539502, 1239.3996285082596, 1222.6986899927954, 1191.3463051462847], 
[2206.257402174246, 2017.214077640474, 2017.214077640474, 2017.214077640474, 1807.639432523452, 1807.639432523452, 1807.639432523452, 1572.3622743261426, 1569.9392917338937, 1569.9392917338937, 1564.6894901490734, 1437.3692514858242, 1437.3692514858242, 1437.3692514858242, 1369.1044272318738, 1325.2248621309518, 1311.9061767194578, 1211.5135304819983, 1211.5135304819983, 1183.0808978563919], 
[1963.6726447674089, 1963.6726447674089, 1963.6726447674089, 1959.4264428926167, 1756.917159392151, 1756.917159392151, 1701.9166488342516, 1701.126688018396, 1697.2720938028008, 1645.1339666206425, 1645.1339666206425, 1570.0063707852369, 1568.0874550258238, 1526.3666952158014, 1507.2951038001984, 1357.206662954599, 1357.206662954599, 1277.1286305804012, 1277.1286305804012, 1277.1286305804012], 
[2275.653829736119, 2271.265493597192, 2013.593688579726, 2013.593688579726, 1841.812022608771, 1835.3002766516329, 1833.9547130095134, 1829.870420160583, 1728.5473056849717, 1508.6416816709368, 1508.6416816709368, 1508.6416816709368, 1482.0268154938767, 1439.9253220064404, 1333.5755640448383, 1333.5755640448383, 1275.5152688783, 1227.6406927684982, 1227.6406927684982, 1227.6406927684982], 
[2363.34179849961, 2327.9159030871433, 2218.5114730862147, 2104.8171456634545, 2104.8171456634545, 2104.8171456634545, 1626.827630275176, 1622.3937488170523, 1622.3937488170523, 1577.2467385040552, 1577.2467385040552, 1493.373145409647, 1493.373145409647, 1493.373145409647, 1444.740514365344, 1216.060738164999, 1216.060738164999, 1216.060738164999, 1095.0804381390672, 1095.0804381390672], 
[2235.2524626241943, 2214.9280901428538, 2176.314096353438, 2166.359528774313, 2133.0321721306277, 2022.4003228825943, 1821.2306990572852, 1729.877141767505, 1526.1903130016626, 1526.1903130016626, 1526.1903130016626, 1454.1993844685417, 1454.1993844685417, 1365.5227927935002, 1365.5227927935002, 1133.7507576085445, 1133.7507576085445, 1133.7507576085445, 1120.2944058899604, 1043.3699037474437], 
[2126.4793951102406, 2126.4793951102406, 2126.4793951102406, 2047.777960773325, 1938.5427663283426, 1928.321486722145, 1833.4978549314346, 1745.5737336275863, 1745.5737336275863, 1745.5737336275863, 1681.5020066444074, 1681.5020066444074, 1477.9765515278505, 1464.8949197103198, 1453.0477616550972, 1329.9047746682622, 1329.9047746682622, 1325.4366149736495, 1325.4366149736495, 1253.5458249498274], 
[2063.9617300724685, 2026.5049296168486, 2008.849654283723, 1995.057929130975, 1873.9241767143137, 1790.0099628139603, 1758.3584065435161, 1712.4357725725786, 1533.140068975251, 1533.140068975251, 1533.140068975251, 1421.6341517416845, 1370.6671022006522, 1370.6671022006522, 1370.6671022006522, 1337.9464794827845, 1337.9464794827845, 1248.3916804904957, 1234.0067178523045, 1119.5614482143096], 
[2155.62971313423, 2067.350084838847, 1998.8911176474471, 1983.9644557200813, 1972.5812217618352, 1888.6001914588178, 1888.6001914588178, 1863.3826270413856, 1641.4381666565075, 1395.305124647956, 1395.305124647956, 1334.031238391748, 1304.284395216639, 1266.8305578412853, 1260.0487630657208, 1260.0487630657208, 1238.6639292667514, 1233.9240201318848, 1176.6627643381016, 1169.2041293570114], 
[2302.548662554964, 2283.135607868276, 2139.8602897782885, 2117.850591150246, 1758.910335479657, 1758.910335479657, 1691.7044808564558, 1431.2691909808318, 1431.2691909808318, 1431.2691909808318, 1431.2691909808318, 1334.4171709246407, 1318.7316966458818, 1189.6618041624772, 1189.6618041624772, 1170.6694441903487, 1088.7150234806763, 1088.7150234806763, 1051.683160955291, 1051.683160955291], 
[2364.9377951279694, 2364.9377951279694, 2364.9377951279694, 2217.8692246763685, 2083.0108997427865, 2066.165276474364, 2044.843946927612, 1803.8232722552334, 1788.4779235940446, 1775.5603946305673, 1775.5603946305673, 1510.342971683156, 1510.342971683156, 1510.342971683156, 1498.4178351685673, 1480.5440116700377, 1466.2907633610266, 1466.2907633610266, 1466.2907633610266, 1286.0274263794317], 
[1852.1951912797374, 1852.1951912797374, 1852.1951912797374, 1852.1951912797374, 1600.8076782127985, 1570.1803925109089, 1570.1803925109089, 1570.1803925109089, 1536.8547451837226, 1327.9168693320007, 1327.9168693320007, 1327.9168693320007, 1327.9168693320007, 1234.937736617695, 1234.937736617695, 1234.937736617695, 1190.7035207472638, 1190.7035207472638, 1190.7035207472638, 1160.6375400060224], 
[2289.94806739377, 2176.9827789776687, 2171.8921480729614, 2069.0606303156032, 1922.8978827335234, 1905.8500792588934, 1812.6825105332903, 1726.5302887623586, 1726.5302887623586, 1613.8513229093344, 1531.7916140182315, 1531.7916140182315, 1515.6410635800385, 1408.3004068945431, 1269.7160771651866, 1269.7160771651866, 1269.7160771651866, 1251.7811463807705, 1177.7916671159608, 1177.7916671159608], 
[2362.491553510246, 2334.434855482189, 2084.640285507406, 2084.640285507406, 1984.7879254613963, 1957.8424414079323, 1957.8424414079323, 1856.739556614289, 1770.4149310249925, 1554.6848498468637, 1523.5362426087324, 1446.5920320435437, 1446.5920320435437, 1355.5218402130763, 1355.5218402130763, 1300.9397800785928, 1219.735902329588, 1210.6474578754237, 1147.316034939729, 1089.608535383789], 
[1991.7137953663384, 1991.7137953663384, 1991.7137953663384, 1945.0433278498297, 1937.7659401319677, 1905.5413873142809, 1771.2973403888336, 1757.5027522469811, 1491.5364557244611, 1491.5364557244611, 1491.5364557244611, 1491.5364557244611, 1427.7883245854193, 1378.2999323687627, 1335.1074798844609, 1335.1074798844609, 1335.1074798844609, 1198.1948041712085, 1198.1948041712085, 1157.67609223751], 
[2159.008249877519, 2159.008249877519, 2159.008249877519, 2135.1641097779357, 2117.4790083909447, 2117.4790083909447, 1924.4144997725812, 1916.1271937227111, 1820.1864906642043, 1650.3063205178419, 1623.877389243832, 1617.4269817350494, 1617.4269817350494, 1338.5566785073402, 1338.5566785073402, 1200.1733712585228, 1200.1733712585228, 1191.8708119465773, 1134.2372373039152, 1043.4724550686972], 
