[1779404727.211086, 1225558388.0154798, 880399926.8982978, 880399926.8982978, 880399926.8982978, 807120318.220807, 807120318.220807, 807120318.220807, 807120318.220807, 726109774.6218951, 726109774.6218951, 658778723.8767087, 658778723.8767087, 658778723.8767087, 520593106.1702119, 461345308.561205, 335774149.38678443, 335774149.38678443, 300158305.95602685, 300158305.95602685], 
[1497341256.904682, 1102445902.1513042, 866487343.7077632, 828380683.9769135, 828380683.9769135, 828380683.9769135, 828380683.9769135, 828380683.9769135, 541351049.8352423, 541351049.8352423, 541351049.8352423, 529927962.51502293, 529927962.51502293, 529927962.51502293, 498865983.07446665, 498865983.07446665, 403894314.39665896, 403894314.39665896, 403894314.39665896, 403894314.39665896], 
[1084216119.4817653, 1084216119.4817653, 1084216119.4817653, 619875765.4728447, 619875765.4728447, 619875765.4728447, 619875765.4728447, 619875765.4728447, 525469438.0065283, 525469438.0065283, 453735552.67804515, 453735552.67804515, 453735552.67804515, 453735552.67804515, 453735552.67804515, 453735552.67804515, 453735552.67804515, 365548911.07659066, 365548911.07659066, 309845700.794892], 
[1727116843.817146, 1336125345.9816625, 1336125345.9816625, 1336125345.9816625, 1291897896.1724403, 1206328419.151902, 1206328419.151902, 1004211673.3753587, 734386110.2464358, 734386110.2464358, 734386110.2464358, 734386110.2464358, 664189788.36608, 664189788.36608, 664189788.36608, 664189788.36608, 664189788.36608, 654332342.348024, 591726255.7167699, 591726255.7167699], 
[847985840.6987432, 847985840.6987432, 847985840.6987432, 829979924.5249485, 628863303.4934859, 628863303.4934859, 628863303.4934859, 628863303.4934859, 628863303.4934859, 628863303.4934859, 553057468.2939154, 525101210.45673114, 525101210.45673114, 525101210.45673114, 525101210.45673114, 525101210.45673114, 525101210.45673114, 511844050.0010101, 487327996.9713672, 487327996.9713672], 
[1548124297.5016508, 1384493626.4551082, 1029459912.2707803, 1029459912.2707803, 1029459912.2707803, 996007058.2415826, 900855855.7937118, 809837530.3788282, 756029259.9223293, 678069011.8556535, 678069011.8556535, 667656197.1239762, 667656197.1239762, 667656197.1239762, 319001860.9474005, 319001860.9474005, 300777371.31268525, 300777371.31268525, 300777371.31268525, 300777371.31268525], 
[781684928.3389696, 742427828.1547463, 742427828.1547463, 742427828.1547463, 742427828.1547463, 740940343.2729264, 540273030.0680394, 540273030.0680394, 513629238.74369085, 513629238.74369085, 513629238.74369085, 510797490.85999167, 507673531.0906258, 507673531.0906258, 500515125.86655354, 473012292.5938665, 473012292.5938665, 357866059.6743808, 357866059.6743808, 357866059.6743808], 
[1321159631.725877, 688813394.9461867, 688813394.9461867, 648685918.3488978, 648685918.3488978, 648685918.3488978, 648685918.3488978, 639611179.9554421, 450503751.2220579, 450503751.2220579, 450503751.2220579, 450503751.2220579, 450503751.2220579, 450503751.2220579, 450503751.2220579, 440740979.0806643, 440740979.0806643, 412468263.9534417, 378772154.69816744, 355776816.58656985], 
[1306552456.4435549, 1022076558.6973237, 992697169.4905746, 992697169.4905746, 841505262.8049579, 747394121.0378869, 747394121.0378869, 622406618.6900882, 620783188.5360713, 620783188.5360713, 506067927.42001754, 506067927.42001754, 506067927.42001754, 506067927.42001754, 422375008.3395327, 422375008.3395327, 422375008.3395327, 416954211.507778, 416954211.507778, 416954211.507778], 
[854987680.5671608, 854987680.5671608, 728060279.7527574, 633636713.9918739, 544286768.3934708, 544286768.3934708, 504482674.0683549, 504482674.0683549, 469542241.4734412, 469542241.4734412, 469542241.4734412, 433371280.5037696, 433371280.5037696, 433371280.5037696, 433371280.5037696, 433371280.5037696, 433371280.5037696, 421041779.1580163, 417555529.8436819, 365771086.6609653], 
[1478035107.2670043, 1468001618.3253887, 1417015149.7977552, 1355185954.0834453, 1151702479.4858108, 1151614314.570447, 838928670.7826791, 838928670.7826791, 822952509.6909393, 797155686.5590885, 736390729.8588114, 690790936.5110829, 584971349.5700178, 490977256.53528607, 490977256.53528607, 490977256.53528607, 418086194.0545749, 418086194.0545749, 418086194.0545749, 260966458.89003435], 
[1229470082.870655, 1229470082.870655, 1103594672.7390745, 1103423883.9674802, 726938208.250228, 657146942.0424974, 657146942.0424974, 657146942.0424974, 657146942.0424974, 521654858.2759198, 508870066.15089107, 508870066.15089107, 508870066.15089107, 502520296.3380323, 502520296.3380323, 486011197.83712816, 451177509.4166511, 371970017.492803, 371970017.492803, 371970017.492803], 
[1183520957.2677674, 1183520957.2677674, 1183520957.2677674, 751000426.0021956, 751000426.0021956, 669486977.305284, 605896279.5020523, 605896279.5020523, 605896279.5020523, 605896279.5020523, 605896279.5020523, 570680223.4884549, 570680223.4884549, 540531880.6434695, 540531880.6434695, 486654242.8347608, 486654242.8347608, 486654242.8347608, 486654242.8347608, 486654242.8347608], 
[1520530705.8042629, 1309284055.5823362, 990281859.7003691, 840162865.7378331, 840162865.7378331, 667306277.134351, 667306277.134351, 667306277.134351, 493860410.48508155, 493860410.48508155, 493860410.48508155, 493860410.48508155, 493860410.48508155, 408619410.0868354, 408619410.0868354, 408619410.0868354, 408619410.0868354, 400892631.1369554, 400892631.1369554, 400892631.1369554], 
[1291099885.4982185, 1291099885.4982185, 1233100714.499044, 1095305314.152078, 1095305314.152078, 999985594.2800795, 766399274.0623784, 766399274.0623784, 766399274.0623784, 766399274.0623784, 604178715.1370704, 604178715.1370704, 604178715.1370704, 491020749.54507434, 464199758.27803016, 464199758.27803016, 457646011.04155636, 457646011.04155636, 437633253.30895543, 331584200.7045685], 
[1099636893.6143332, 642537671.0267801, 642537671.0267801, 407771740.6454649, 407771740.6454649, 407771740.6454649, 407771740.6454649, 354369535.9310343, 354369535.9310343, 354369535.9310343, 354369535.9310343, 354369535.9310343, 354369535.9310343, 354369535.9310343, 354369535.9310343, 353574000.0869751, 353574000.0869751, 277496604.6352863, 277496604.6352863, 257219633.428606], 
[1368347210.5808597, 1344746816.5982466, 1234131884.4662633, 1169626304.7336123, 996994717.4315225, 967820045.8290887, 917901704.9727964, 696677611.2790942, 506739566.5456967, 506739566.5456967, 506739566.5456967, 498492611.8028017, 498492611.8028017, 498492611.8028017, 498492611.8028017, 498492611.8028017, 498492611.8028017, 437884446.9225388, 360884004.7457048, 360884004.7457048], 
[1273295563.2679517, 1236816475.7265153, 1236816475.7265153, 1098672665.641344, 738337592.5476341, 738337592.5476341, 651815860.8042144, 578274215.9076389, 578274215.9076389, 578274215.9076389, 578274215.9076389, 578274215.9076389, 578274215.9076389, 554292161.1347756, 554292161.1347756, 543636081.288664, 325365279.0073364, 325365279.0073364, 325365279.0073364, 325365279.0073364], 
[1056393961.3758187, 1056393961.3758187, 1056393961.3758187, 867813920.0447605, 867813920.0447605, 629439425.6219715, 608233154.2050416, 608233154.2050416, 371968059.94646585, 371968059.94646585, 371968059.94646585, 371968059.94646585, 371968059.94646585, 327841695.61900187, 327841695.61900187, 327841695.61900187, 327841695.61900187, 327841695.61900187, 327841695.61900187, 327841695.61900187], 
[1395302074.7575285, 1395302074.7575285, 1261344166.0682204, 1124034884.5901234, 1106605201.844831, 1073410573.5561999, 1015704050.4716343, 836333025.1413728, 836333025.1413728, 836333025.1413728, 808719213.1790581, 808719213.1790581, 672180336.3362966, 672180336.3362966, 620796756.1048869, 550184043.6099964, 550184043.6099964, 550184043.6099964, 519737266.1325316, 519737266.1325316], 
[999349817.0019767, 999349817.0019767, 999349817.0019767, 999349817.0019767, 863579136.5567356, 853514854.154803, 605537731.547263, 605537731.547263, 350980287.26070356, 350980287.26070356, 350980287.26070356, 350980287.26070356, 350980287.26070356, 245294497.6860437, 245294497.6860437, 229788376.36573523, 229788376.36573523, 229788376.36573523, 229788376.36573523, 229788376.36573523], 
[1010915657.138603, 1010915657.138603, 1010915657.138603, 1010915657.138603, 1010915657.138603, 765980366.473042, 645892180.9058394, 645892180.9058394, 645892180.9058394, 645892180.9058394, 645892180.9058394, 636287093.6519874, 559085980.4778576, 417021746.28918946, 417021746.28918946, 417021746.28918946, 417021746.28918946, 417021746.28918946, 363909194.16294867, 363909194.16294867], 
[1544925240.1864479, 1544925240.1864479, 1140225359.663915, 1140225359.663915, 1063266847.4254467, 1033476270.2680644, 976988223.8114804, 976988223.8114804, 964641039.8704702, 723310922.352725, 723310922.352725, 713740496.914032, 543466116.5191689, 543466116.5191689, 454459981.5088211, 410313853.57011545, 410313853.57011545, 319144816.550954, 319144816.550954, 319144816.550954], 
[1004251859.8958176, 1004251859.8958176, 859318107.1174004, 738322361.2827168, 738322361.2827168, 687969844.1840217, 687969844.1840217, 687969844.1840217, 687969844.1840217, 570863106.8685002, 570863106.8685002, 570863106.8685002, 551906020.1463, 499425530.052429, 499425530.052429, 499425530.052429, 480092884.59996724, 368572141.12760484, 368572141.12760484, 368572141.12760484], 
[788570462.7131933, 760466083.4399518, 697865528.1375244, 697865528.1375244, 697865528.1375244, 697865528.1375244, 594388997.4516538, 594388997.4516538, 593472794.6758682, 583559896.5239873, 567547206.1817617, 567547206.1817617, 567547206.1817617, 563304179.2510471, 356881583.82746077, 356881583.82746077, 356881583.82746077, 356881583.82746077, 327962781.3464409, 327962781.3464409], 
[1310512655.4829352, 1074062106.4446645, 1074062106.4446645, 1051564988.2538565, 747832862.8827206, 747832862.8827206, 618974377.0193076, 532037888.7194374, 532037888.7194374, 532037888.7194374, 491422831.6712852, 350302546.57343316, 350302546.57343316, 309551521.5062276, 309551521.5062276, 309551521.5062276, 309551521.5062276, 309551521.5062276, 309551521.5062276, 309551521.5062276], 
[1458710698.300539, 1348074701.7248518, 1079790520.0413084, 640821306.9873546, 640821306.9873546, 640821306.9873546, 640821306.9873546, 640821306.9873546, 640821306.9873546, 640821306.9873546, 640821306.9873546, 640821306.9873546, 586184429.5883374, 586184429.5883374, 567395384.3671787, 567395384.3671787, 567395384.3671787, 521492785.5890518, 521492785.5890518, 478981603.67585415], 
[1209547107.3839095, 1089358977.8977492, 1089358977.8977492, 1060207495.8824722, 814444915.8824046, 814444915.8824046, 814444915.8824046, 814444915.8824046, 685527234.9768466, 685527234.9768466, 678004856.1882037, 678004856.1882037, 621663615.5649005, 594863700.1456008, 339966491.19987524, 339966491.19987524, 337944003.9154925, 337944003.9154925, 331457862.7128494, 331457862.7128494], 
[1342665975.0986085, 1172521396.976911, 1018026091.4069847, 789636048.4348124, 789636048.4348124, 678722804.6927958, 678722804.6927958, 562794827.7224528, 534852820.94459736, 481812935.6995989, 481812935.6995989, 481812935.6995989, 481812935.6995989, 481812935.6995989, 311625755.04467773, 311625755.04467773, 311625755.04467773, 311625755.04467773, 311625755.04467773, 311625755.04467773], 
[1002651880.6385908, 1002651880.6385908, 1002651880.6385908, 889152507.6583307, 889152507.6583307, 889152507.6583307, 847286856.0790964, 678232181.8574586, 678232181.8574586, 678232181.8574586, 632199483.3493675, 632199483.3493675, 632199483.3493675, 435730790.8322358, 396874906.55792165, 376106693.9224624, 376106693.9224624, 376106693.9224624, 376106693.9224624, 376106693.9224624], 
