[14.999999999999545, 14.999999999998998, 14.999999999998998, 14.99999999963945, 14.99999999963945, 14.999999998282624, 14.999999998282624, 14.999999998282624, 14.999999998282624, 14.999999998282624, 14.999999998282624, 14.999999998282624, 14.999999998282624, 14.999999998282624, 14.999999986828124, 14.999999986828124, 14.999999986828124, 14.999999986828124, 14.999999986828124, 14.999910612283898], 
[14.99999999966074, 14.99999999966074, 14.99999999966074, 14.99999999966074, 14.99999999966074, 14.99999999966074, 14.999999743960359, 14.999999743960359, 14.999999743960359, 14.99996521598602, 14.99996521598602, 14.99996521598602, 14.99996521598602, 14.99996521598602, 14.99996521598602, 14.99996521598602, 14.999898395273142, 14.999898395273142, 14.999898395273142, 14.995740646208171], 
[14.99999999995899, 14.99999999995899, 14.99999999995899, 14.99999999995899, 14.999999999955888, 14.999999986811188, 14.999997218786941, 14.999997218786941, 14.999997218786941, 14.999997218786941, 14.999997218786941, 14.999997218786941, 14.999989660067689, 14.999989660067689, 14.999989660067689, 14.999946664375315, 14.999946664375315, 14.999946664375315, 14.999946664375315, 14.999946664375315], 
[14.999999999997996, 14.999999999997996, 14.999999999980496, 14.999999999980496, 14.999999999965857, 14.999999999700707, 14.999999999700707, 14.999999999700707, 14.99999999934508, 14.99999999651559, 14.99999999651559, 14.99999999651559, 14.999999981576046, 14.975010163599638, 14.766394260755142, 14.766394260755142, 14.766394260755142, 14.766394260755142, 14.735226108146236, 14.735226108146236], 
[14.999999999985862, 14.99999999988604, 14.99999999988604, 14.999999999127583, 14.999999999127583, 14.999999999127583, 14.999999999127583, 14.999999999127583, 14.99156672890445, 14.99156672890445, 14.99156672890445, 14.99156672890445, 14.99156672890445, 14.99156672890445, 14.99156672890445, 14.99156672890445, 14.99156672890445, 14.99156672890445, 14.99156672890445, 14.99156672890445], 
[15.0, 14.999999999999858, 14.999999999988109, 14.999999999988109, 14.999999999988109, 14.999999999988109, 14.999999999988109, 14.999999999854722, 14.999999999654557, 14.999999999458652, 14.999999999458652, 14.999999998950535, 14.999999998950535, 14.999999996837618, 14.999999996418989, 14.999999996418989, 14.999999996418989, 14.999999944914691, 14.999999944914691, 14.999999944914691], 
[14.999999999999998, 14.99999999999929, 14.99999999999929, 14.999999996557515, 14.999999996557515, 14.999999996557515, 14.999998041536793, 14.999998041536793, 14.999985346452087, 14.999985346452087, 14.999985346452087, 14.999985346452087, 14.999985346452087, 14.999985346452087, 14.999673421204681, 14.999673421204681, 14.999673421204681, 14.999673421204681, 14.999673421204681, 14.999673421204681], 
[14.999999999999986, 14.99999999880036, 14.99999999880036, 14.99999999880036, 14.99999999880036, 14.99999999880036, 14.99999999880036, 14.999999998152857, 14.99999999544915, 14.999999944760921, 14.999999944760921, 14.999999944760921, 14.999999944760921, 14.999999935101808, 14.999999935101808, 14.999999807940025, 14.999999807940025, 14.999999807940025, 14.999999807940025, 14.999999807940025], 
[14.99999999999999, 14.999999999896362, 14.999999977079021, 14.999999977079021, 14.999999977079021, 14.999999977079021, 14.999999977079021, 14.999999470240546, 14.999999470240546, 14.999999470240546, 14.999999470240546, 14.999999470240546, 14.999999470240546, 14.999999470240546, 14.999999470240546, 14.999999470240546, 14.999813347043167, 14.999813347043167, 14.999813347043167, 14.999813347043167], 
[14.999999480599836, 14.999999480599836, 14.999999480599836, 14.999999480599836, 14.999999480599836, 14.999999480599836, 14.999999480599836, 14.999999480599836, 14.999999480599836, 14.999999480599836, 14.999999480599836, 14.999999480599836, 14.999999480599836, 14.999916030881897, 14.999916030881897, 14.999916030881897, 14.999916030881897, 14.999916030881897, 14.999916030881897, 14.999916030881897], 
[15.0, 14.999999999999948, 14.999999999999558, 14.999999999999558, 14.9999999999992, 14.9999999999992, 14.9999999999992, 14.999999999986482, 14.999999999986482, 14.999999999986482, 14.999999999888857, 14.999999999888857, 14.999999999888857, 14.999999999357627, 14.999999999357627, 14.999999996915212, 14.999999996915212, 14.999999996915212, 14.999999996915212, 14.999999996915212], 
[14.999999999991449, 14.999999999977444, 14.999999999960268, 14.999999999891644, 14.999999999891644, 14.999999999891644, 14.999999999891644, 14.999999999891644, 14.999999999891644, 14.999999999891644, 14.99999999981445, 14.99999999981445, 14.99999995191744, 14.99999995191744, 14.99999970921974, 14.99999970921974, 14.99999970921974, 14.99999970921974, 14.99999970921974, 14.99999970921974], 
[14.999999999999934, 14.99999999999992, 14.999999999997405, 14.999999999997405, 14.999999999997405, 14.999999999997405, 14.999999997094639, 14.999999997094639, 14.999999997094639, 14.999999997094639, 14.999999997094639, 14.999999997094639, 14.999999997094639, 14.999999997094639, 14.999999997094639, 14.999999997094639, 14.999999997094639, 14.999999997094639, 14.999999997094639, 14.999999997094639], 
[14.99999998446495, 14.99999998446495, 14.99999998446495, 14.99999998446495, 14.99999998446495, 14.99999998446495, 14.99999998446495, 14.99999998446495, 14.99999998446495, 14.99999998446495, 14.99999998446495, 14.99999998446495, 14.99999998446495, 14.99999998446495, 14.99999998446495, 14.99999998446495, 14.99999998446495, 14.822687196868683, 14.822687196868683, 14.822687196868683], 
[14.999999999970548, 14.999999999970548, 14.999999999200895, 14.999999999200895, 14.999999999200895, 14.999999973340845, 14.999999973340845, 14.999999973340845, 14.999999973340845, 14.999999973340845, 14.999999973340845, 14.999999900690442, 14.997982682565272, 14.997982682565272, 14.997982682565272, 14.997982682565272, 14.997982682565272, 14.997982682565272, 14.997982682565272, 14.997982682565272], 
[14.999999999999995, 14.999999999999979, 14.999999999999977, 14.999999999999792, 14.999999999999346, 14.999999999924679, 14.999999999924679, 14.999999999924679, 14.999999999924679, 14.999999999924679, 14.999999999924679, 14.999999999924679, 14.999999999924679, 14.999999999898996, 14.999999999898996, 14.99999910124869, 14.99989412988007, 14.99989412988007, 14.99989412988007, 14.99989412988007], 
[14.99999999999999, 14.99999999999999, 14.999999999960785, 14.99999999982198, 14.99999999982198, 14.99999999982198, 14.999999999425764, 14.999999999425764, 14.999999999425764, 14.999999999425764, 14.999999999425764, 14.999999999425764, 14.999999997326128, 14.999999997326128, 14.999999997326128, 14.999999997326128, 14.999999997326128, 14.999999985847273, 14.99999547155854, 14.99999547155854], 
[14.999999999992614, 14.999999999976309, 14.99999999962775, 14.99999999962775, 14.99999999962775, 14.99999999962775, 14.99999999962775, 14.999999999508859, 14.999999996919334, 14.999999993381156, 14.999999993381156, 14.999999993381156, 14.999999993381156, 14.999990824318429, 14.999990824318429, 14.999990824318429, 14.999990824318429, 14.999990824318429, 14.999990824318429, 14.999990824318429], 
[14.999999976215605, 14.999999976215605, 14.999999976215605, 14.999999976215605, 14.999999976215605, 14.999999976215605, 14.999999976215605, 14.999999976215605, 14.999999976215605, 14.999945004048978, 14.999945004048978, 14.999945004048978, 14.999945004048978, 14.999945004048978, 14.999945004048978, 14.999945004048978, 14.999945004048978, 14.999945004048978, 14.999945004048978, 14.999945004048978], 
[14.99999999999884, 14.99999999999884, 14.99999999999884, 14.999999999744302, 14.999999999744302, 14.999999999744302, 14.999999999744302, 14.999999999744302, 14.999999999744302, 14.999999997242305, 14.999998518712399, 14.999998518712399, 14.999998518712399, 14.999998518712399, 14.9999794230104, 14.9999794230104, 14.9999794230104, 14.999972000765865, 14.995120959676873, 14.690687473030643], 
[14.96314730840033, 14.96314730840033, 14.96314730840033, 14.96314730840033, 14.96314730840033, 14.96314730840033, 14.96314730840033, 14.96314730840033, 14.96314730840033, 14.935086278534143, 14.935086278534143, 14.935086278534143, 14.935086278534143, 14.90303023166621, 14.90303023166621, 14.90303023166621, 14.77469499497129, 14.77469499497129, 14.77469499497129, 14.77469499497129], 
[14.999999999938174, 14.999999999938174, 14.999999999938174, 14.999999999938174, 14.999999999938174, 14.99999998885265, 14.99999998885265, 14.99999998885265, 14.99999998885265, 14.99999998885265, 14.99999998885265, 14.99999998885265, 14.999999983968936, 14.999999473720933, 14.999999473720933, 14.999999473720933, 14.99999410328774, 14.99999410328774, 14.99999410328774, 14.99999410328774], 
[14.999999999976522, 14.999999999976522, 14.999999999976522, 14.99999997924186, 14.99999997924186, 14.99999997924186, 14.99999997924186, 14.99999997924186, 14.99999997924186, 14.99999997924186, 14.99999997924186, 14.99999997924186, 14.99999997924186, 14.99999997924186, 14.99999997924186, 14.99999997924186, 14.99999997924186, 14.99999997924186, 14.99999997924186, 14.99999997924186], 
[14.999999963241446, 14.999999963241446, 14.999995534614758, 14.999995534614758, 14.999995534614758, 14.99999504497609, 14.99999504497609, 14.99999504497609, 14.99999504497609, 14.99999504497609, 14.99999504497609, 14.99999504497609, 14.99999504497609, 14.99999504497609, 14.99999504497609, 14.99999504497609, 14.99999504497609, 14.99999504497609, 14.99999504497609, 14.99999504497609], 
[14.999999999990152, 14.99999941637229, 14.99999941637229, 14.99999941637229, 14.99999941637229, 14.99999941637229, 14.99999941637229, 14.99999941637229, 14.99999941637229, 14.99999554558939, 14.99999554558939, 14.999366330986554, 14.999366330986554, 14.999366330986554, 14.997050352066749, 14.997050352066749, 14.997050352066749, 14.997050352066749, 14.997050352066749, 14.997050352066749], 
[14.999999999999991, 14.999999999999961, 14.999999999999815, 14.999999999999815, 14.999999999999414, 14.999999999999414, 14.999999999910216, 14.99999999982293, 14.99999999982293, 14.999999999019442, 14.999999999019442, 14.999999999019442, 14.999999999019442, 14.999999999019442, 14.999999981614893, 14.999999981614893, 14.999999981614893, 14.999999921698532, 14.999999921698532, 14.999999921698532], 
[14.999999999999817, 14.999999999994879, 14.999999999994879, 14.999999999994879, 14.99999999998008, 14.99999999998008, 14.99999970387867, 14.99999970387867, 14.99999970387867, 14.99999970387867, 14.99999970387867, 14.99999970387867, 14.999999587819865, 14.999999132350379, 14.999999132350379, 14.999999132350379, 14.999965404802358, 14.999965404802358, 14.999965404802358, 14.999965404802358], 
[14.999999999999785, 14.999999999991273, 14.999999121155255, 14.999999121155255, 14.999999121155255, 14.999999121155255, 14.999999121155255, 14.999999121155255, 14.999999121155255, 14.999999121155255, 14.999999121155255, 14.999999121155255, 14.999999121155255, 14.999999121155255, 14.999990577731932, 14.999990577731932, 14.999990577731932, 14.999990577731932, 14.999990577731932, 14.999990577731932], 
[14.99999999974197, 14.999999602558457, 14.999999602558457, 14.999999602558457, 14.99999958367061, 14.99999958367061, 14.99999958367061, 14.99999958367061, 14.99999958367061, 14.999986895236585, 14.999986895236585, 14.999986895236585, 14.999986895236585, 14.999986895236585, 14.999986895236585, 14.999986895236585, 14.999986895236585, 14.999986895236585, 14.999986895236585, 14.99997969746144], 
[14.999999999999675, 14.999999989203813, 14.999999989203813, 14.999922244410946, 14.999922244410946, 14.999922244410946, 14.999922244410946, 14.999922244410946, 14.999922244410946, 14.999922244410946, 14.999922244410946, 14.999922244410946, 14.999922244410946, 14.999627221452533, 14.999627221452533, 14.999627221452533, 14.999627221452533, 14.999627221452533, 14.999627221452533, 14.999627221452533], 
