[4431.995692323469, 4431.995692323469, 4082.250937385652, 4082.250937385652, 4082.250937385652, 4082.250937385652, 4082.250937385652, 4082.250937385652, 4082.250937385652, 4082.250937385652, 4067.147830073638, 4067.147830073638, 4067.147830073638, 4067.147830073638, 3905.1765131107145, 3905.1765131107145, 3446.3129878158384, 3446.3129878158384, 3446.21910097856, 3374.8266474485436], 
[4429.188072406764, 4429.188072406764, 4429.188072406764, 4183.298760750081, 4183.298760750081, 4183.298760750081, 4183.298760750081, 4183.298760750081, 4183.298760750081, 4183.298760750081, 4183.298760750081, 4183.298760750081, 4183.298760750081, 4183.298760750081, 4183.298760750081, 3850.071863164646, 3850.071863164646, 3850.071863164646, 3850.071863164646, 3776.3678383759716], 
[4831.8192712515365, 4670.930261410137, 4670.930261410137, 4605.780775457294, 4605.780775457294, 4605.780775457294, 4605.780775457294, 4555.457014867299, 4029.7567231861826, 4029.7567231861826, 4029.7567231861826, 3957.81011836356, 3835.1245414797595, 3385.8605200185066, 3385.8605200185066, 3299.1284403874693, 3299.1284403874693, 3244.2737578651686, 3244.2737578651686, 3080.203175501013], 
[4819.61632267428, 4819.61632267428, 4644.099674078882, 4644.099674078882, 4644.099674078882, 4370.153738422646, 4370.153738422646, 4370.153738422646, 4370.153738422646, 4370.153738422646, 4370.153738422646, 4370.153738422646, 4370.153738422646, 4328.573582353523, 4328.573582353523, 4268.033903694818, 4206.079851371612, 3708.5417072010055, 3708.5417072010055, 3708.5417072010055], 
[4811.28610749372, 4811.28610749372, 4500.1825916479, 4500.1825916479, 4500.1825916479, 4500.1825916479, 4500.1825916479, 4500.1825916479, 4500.1825916479, 4500.1825916479, 4500.1825916479, 4431.5525265942915, 4431.5525265942915, 4431.5525265942915, 3659.9999206696416, 3659.9999206696416, 3659.9999206696416, 3659.9999206696416, 3639.7996739717696, 3639.7996739717696], 
[5567.391365887681, 5133.680908540369, 5081.560356502202, 4920.059678410168, 4885.596681835201, 4754.942247113387, 4754.942247113387, 4754.942247113387, 4754.942247113387, 4662.358969737482, 4273.327522631491, 4063.6866694519913, 4063.6866694519913, 4063.6866694519913, 4063.6866694519913, 4063.6866694519913, 4063.6866694519913, 4063.6866694519913, 4063.6866694519913, 4063.6866694519913], 
[4446.240310537793, 4446.240310537793, 4320.463382216068, 4320.463382216068, 4320.463382216068, 4320.463382216068, 4320.463382216068, 4320.463382216068, 4320.463382216068, 4320.463382216068, 4320.463382216068, 4320.463382216068, 4320.463382216068, 4320.463382216068, 4320.463382216068, 4186.526925672287, 4046.048705108916, 3809.4806589082664, 3711.561813463571, 3219.718631445219], 
[4708.335027611568, 4708.335027611568, 4548.436861955375, 3978.476737390394, 3978.476737390394, 3978.476737390394, 3978.476737390394, 3978.476737390394, 3978.476737390394, 3978.476737390394, 3978.476737390394, 3978.476737390394, 3978.476737390394, 3978.476737390394, 3978.476737390394, 3978.476737390394, 3950.147017017584, 3798.323350766867, 3798.323350766867, 3629.4604493419456], 
[4915.991170479952, 4836.755456799328, 4276.049831473538, 4276.049831473538, 4276.049831473538, 4276.049831473538, 4276.049831473538, 4272.241577354985, 4272.241577354985, 4216.606988404868, 4179.437570634669, 4071.3966537688934, 3452.3969386929807, 3452.3969386929807, 3452.3969386929807, 3400.393790034677, 3398.127363459424, 3398.127363459424, 3398.127363459424, 3389.4584350276928], 
[4510.796368135245, 4510.796368135245, 4510.796368135245, 4510.796368135245, 4221.6192364065855, 4221.6192364065855, 4221.6192364065855, 4209.029462251163, 4186.4766259260305, 4029.0681922888475, 3898.754914099901, 3860.562922255127, 3860.562922255127, 3849.4400890744346, 3795.6302450756107, 3208.7694108548785, 3053.0061381334945, 3053.0061381334945, 3053.0061381334945, 3053.0061381334945], 
[4408.053120900388, 4408.053120900388, 4408.053120900388, 4234.261914098322, 4234.261914098322, 4234.261914098322, 3936.306040040874, 3936.306040040874, 3936.306040040874, 3936.306040040874, 3936.306040040874, 3936.306040040874, 3932.0704075873837, 3932.0704075873837, 3903.4160682849665, 3903.4160682849665, 3903.4160682849665, 3903.4160682849665, 3872.5008197049383, 3756.5323464575094], 
[4696.168693271906, 4696.168693271906, 4696.168693271906, 4429.200060119878, 4429.200060119878, 4369.534384275252, 4369.534384275252, 4359.248451622916, 4359.248451622916, 4359.248451622916, 4359.248451622916, 4359.248451622916, 4097.829044233085, 4097.829044233085, 3410.339893400665, 3293.7083220507066, 3293.7083220507066, 3293.7083220507066, 3293.7083220507066, 3293.7083220507066], 
[5089.979421564688, 4482.137140078812, 4482.137140078812, 4482.137140078812, 4482.137140078812, 4482.137140078812, 4429.179390695258, 4429.179390695258, 4429.179390695258, 4373.768929343136, 4008.375426447724, 4008.375426447724, 4008.375426447724, 4008.375426447724, 4008.375426447724, 4008.375426447724, 3807.143382326226, 3807.143382326226, 3573.9716880371006, 3423.756877837888], 
[4881.112331076961, 4700.5541703157, 4700.5541703157, 4681.9466185301635, 4681.9466185301635, 4640.2336020710145, 4590.82610710309, 4590.82610710309, 4590.82610710309, 4536.143459267928, 4536.143459267928, 4536.143459267928, 4536.143459267928, 4536.143459267928, 4372.578897894296, 4345.170018957142, 4345.170018957142, 4175.355919899049, 4175.355919899049, 4175.355919899049], 
[4797.1579667527085, 4796.213033692648, 4796.213033692648, 4791.6150225040865, 4791.6150225040865, 4544.680917595904, 4544.680917595904, 4544.680917595904, 4390.850805349678, 4390.850805349678, 4390.850805349678, 4174.664319141305, 4174.664319141305, 4174.664319141305, 3981.1375757197507, 3890.568906670358, 3642.5504273507067, 3614.182268948794, 3614.182268948794, 3614.182268948794], 
[4453.203030366107, 4126.951940705695, 4126.951940705695, 4126.951940705695, 4126.951940705695, 4126.951940705695, 4126.951940705695, 4126.951940705695, 4126.951940705695, 4126.951940705695, 4126.951940705695, 4126.951940705695, 4126.951940705695, 4105.310645026825, 4105.310645026825, 4105.310645026825, 4105.310645026825, 4105.310645026825, 4102.182197280697, 4102.182197280697], 
[4591.970111417879, 4357.319573515092, 4357.319573515092, 4357.319573515092, 4121.099963543135, 4121.099963543135, 4121.099963543135, 4121.099963543135, 4121.099963543135, 4121.099963543135, 4121.099963543135, 4121.099963543135, 3942.858737960013, 3942.858737960013, 3802.149642169963, 3685.867537233651, 3381.156196516406, 3381.156196516406, 3370.854185926291, 3370.854185926291], 
[4900.234410376822, 4900.234410376822, 4135.918256301716, 4135.918256301716, 4135.918256301716, 4135.918256301716, 4135.918256301716, 4135.918256301716, 4135.918256301716, 4135.918256301716, 4135.918256301716, 4135.918256301716, 4135.918256301716, 4135.918256301716, 3916.7678928225123, 3438.830384737136, 3408.280275117709, 3408.280275117709, 3408.280275117709, 3408.280275117709], 
[4590.644332923355, 4590.644332923355, 4590.644332923355, 4590.644332923355, 4590.644332923355, 4590.644332923355, 4590.644332923355, 4590.644332923355, 4590.644332923355, 4590.644332923355, 4570.515876133884, 4386.018557970013, 4365.122774692267, 4318.295983001384, 4318.295983001384, 4318.295983001384, 3865.9711587930256, 3865.9711587930256, 3591.7902608320364, 3591.7902608320364], 
[4484.034953360151, 4484.034953360151, 4255.591608093399, 4255.591608093399, 4145.15858313501, 4145.15858313501, 4145.15858313501, 4145.15858313501, 4142.193259368803, 4142.193259368803, 4128.992904726172, 3909.2281306462996, 3909.2281306462996, 3909.2281306462996, 3909.2281306462996, 3869.9379680922066, 3388.0410801604344, 3388.0410801604344, 3387.3174804460396, 3387.3174804460396], 
[4468.02110534579, 4461.729448063348, 4461.729448063348, 4461.729448063348, 4461.729448063348, 4461.729448063348, 4445.2368734634365, 4445.2368734634365, 4445.2368734634365, 4445.2368734634365, 4445.2368734634365, 4445.2368734634365, 4339.996416333412, 3913.605232666911, 3861.868817742122, 3861.868817742122, 3861.868817742122, 3843.7634212927574, 3802.8873025367498, 3802.8873025367498], 
[4141.531389053361, 4141.531389053361, 4141.531389053361, 4141.531389053361, 4141.531389053361, 4055.289836767987, 4055.289836767987, 4035.1779227032152, 3862.687208627788, 3838.4069464542326, 3838.4069464542326, 3265.2049567783597, 3265.2049567783597, 3265.2049567783597, 3265.2049567783597, 3227.6651762415017, 3227.6651762415017, 3227.6651762415017, 3227.6651762415017, 3227.6651762415017], 
[4644.312950726842, 4644.312950726842, 4455.062454751462, 4455.062454751462, 4455.062454751462, 4455.062454751462, 4455.062454751462, 4455.062454751462, 4455.062454751462, 4328.315997857643, 4255.517203527963, 4255.517203527963, 3996.946551894802, 3996.946551894802, 3996.946551894802, 3855.162323213891, 3722.124746207945, 3639.6239169687387, 3314.547784509174, 3314.547784509174], 
[4412.416288758747, 4412.416288758747, 4412.416288758747, 4412.416288758747, 4405.554342871196, 4405.554342871196, 4405.554342871196, 4153.884811006789, 4153.884811006789, 4153.884811006789, 4153.884811006789, 4043.444043498597, 4043.444043498597, 4043.444043498597, 4043.444043498597, 3773.0057864598325, 3773.0057864598325, 3692.6473998017445, 3592.311728639468, 3592.311728639468], 
[4883.102462827048, 4268.016776156504, 4268.016776156504, 4183.470511757484, 4183.470511757484, 4183.470511757484, 4183.470511757484, 4183.470511757484, 4183.470511757484, 4183.470511757484, 4007.6082140385324, 3993.6597212094293, 3993.6597212094293, 3756.3431303775337, 3756.3431303775337, 3638.2948302017076, 3638.2948302017076, 3490.410846014912, 3490.410846014912, 3490.410846014912], 
[4947.719351621297, 4814.439606059268, 4814.439606059268, 4814.439606059268, 4814.439606059268, 4651.557522936637, 4651.557522936637, 4332.503539303503, 4332.503539303503, 3685.143507583733, 3685.143507583733, 3685.143507583733, 3685.143507583733, 3685.143507583733, 3685.143507583733, 3685.143507583733, 3685.143507583733, 3685.143507583733, 3685.143507583733, 3685.143507583733], 
[3967.6380365084146, 3780.7151108146936, 3780.7151108146936, 3780.7151108146936, 3780.7151108146936, 3780.7151108146936, 3780.7151108146936, 3780.7151108146936, 3780.7151108146936, 3780.7151108146936, 3780.7151108146936, 3780.7151108146936, 3780.7151108146936, 3780.7151108146936, 3780.7151108146936, 3780.7151108146936, 3780.7151108146936, 3755.830947358209, 3652.8930248949973, 3568.6024528214634], 
[5113.679820904521, 5037.744012394817, 5037.744012394817, 5037.744012394817, 5037.744012394817, 5037.744012394817, 5037.744012394817, 4918.8430231487455, 4918.8430231487455, 4918.8430231487455, 4621.540628510598, 4473.6099810603455, 4241.646330435033, 4241.646330435033, 4103.14413877485, 4103.14413877485, 3766.712524881564, 3766.712524881564, 3543.8363851597255, 3543.8363851597255], 
[4663.6009876020935, 4568.579737791726, 4568.579737791726, 4568.579737791726, 4568.579737791726, 4423.60383584797, 4423.60383584797, 4423.60383584797, 4423.60383584797, 4423.60383584797, 4304.0670208421, 4304.0670208421, 4304.0670208421, 4304.0670208421, 4304.0670208421, 4304.0670208421, 4304.0670208421, 4304.0670208421, 4304.0670208421, 4304.0670208421], 
[4066.493829970125, 3862.861573801122, 3862.861573801122, 3862.861573801122, 3862.861573801122, 3862.861573801122, 3862.861573801122, 3862.861573801122, 3862.861573801122, 3855.1088589619376, 3855.1088589619376, 3614.5584046163144, 3614.5584046163144, 3491.6152545343816, 3491.6152545343816, 3491.6152545343816, 3491.6152545343816, 3491.6152545343816, 3491.6152545343816, 3460.860038621734], 
