[1708.7186547784784, 1605.73296594004, 1605.73296594004, 1605.73296594004, 1605.73296594004, 1605.73296594004, 1602.492279737901, 1584.890295151552, 1514.5680518318668, 1514.5680518318668, 1514.5680518318668, 1514.5680518318668, 1514.5680518318668, 1458.8625649252863, 1458.8625649252863, 1458.8625649252863, 1458.8625649252863, 1458.8625649252863, 1427.5040755830553, 1427.5040755830553], 
[1752.0599745525794, 1676.10525236089, 1676.10525236089, 1632.9366437368735, 1632.9366437368735, 1604.9696582064796, 1578.6180074182314, 1578.6180074182314, 1512.7335537961048, 1512.7335537961048, 1512.7335537961048, 1512.7335537961048, 1512.7335537961048, 1512.7335537961048, 1497.324941358344, 1497.324941358344, 1497.324941358344, 1475.7431065370174, 1475.7431065370174, 1473.0724263925624], 
[1631.9585022289104, 1631.9585022289104, 1621.837762722564, 1600.259025208847, 1600.259025208847, 1580.6123639606756, 1580.6123639606756, 1580.6123639606756, 1487.1333867940227, 1487.1333867940227, 1487.1333867940227, 1487.1333867940227, 1487.1333867940227, 1487.1333867940227, 1487.1333867940227, 1446.854151261191, 1446.854151261191, 1446.854151261191, 1446.854151261191, 1445.5230878744187], 
[1703.7429425947416, 1650.7049193468008, 1650.7049193468008, 1650.7049193468008, 1552.3375123990816, 1536.6606780703862, 1536.6606780703862, 1536.6606780703862, 1500.9209767369741, 1500.9209767369741, 1496.279662779537, 1496.279662779537, 1496.279662779537, 1496.279662779537, 1496.279662779537, 1471.798880564168, 1454.469426675934, 1445.721023294842, 1445.721023294842, 1435.0705553458076], 
[1587.8977866155726, 1587.8977866155726, 1587.8977866155726, 1587.8977866155726, 1530.4030952523979, 1530.4030952523979, 1530.4030952523979, 1530.4030952523979, 1525.5272053916997, 1510.5146773124577, 1510.5146773124577, 1510.5146773124577, 1510.5146773124577, 1510.5146773124577, 1507.1358711384537, 1499.2997787236056, 1488.3362835252315, 1445.7517382853323, 1445.7517382853323, 1445.7517382853323], 
[1657.2478311969794, 1657.2478311969794, 1657.2478311969794, 1657.2478311969794, 1567.9285070554881, 1567.9285070554881, 1567.9285070554881, 1567.9285070554881, 1567.9285070554881, 1567.9285070554881, 1567.9285070554881, 1567.9285070554881, 1565.7602485946768, 1565.7602485946768, 1565.7602485946768, 1548.1805663055882, 1534.7622391232003, 1514.8894222109236, 1514.8894222109236, 1514.8894222109236], 
[1685.9047611881233, 1685.9047611881233, 1641.028583962598, 1641.028583962598, 1628.0785114714752, 1615.4522082187677, 1615.4522082187677, 1565.5426324685627, 1565.5426324685627, 1526.8015261033443, 1526.8015261033443, 1526.8015261033443, 1526.8015261033443, 1526.8015261033443, 1526.8015261033443, 1526.1671584286532, 1517.039302555969, 1517.039302555969, 1509.9443160190704, 1491.3796604223862], 
[1612.5111581712713, 1612.5111581712713, 1612.5111581712713, 1612.5111581712713, 1612.5111581712713, 1605.6623436792127, 1592.2666864635737, 1592.2666864635737, 1591.3797067405133, 1586.057850096107, 1586.057850096107, 1586.057850096107, 1586.057850096107, 1466.9435189392111, 1466.9435189392111, 1455.784839164431, 1455.784839164431, 1455.784839164431, 1455.784839164431, 1455.784839164431], 
[1782.1645493298192, 1679.5991813942842, 1679.5991813942842, 1673.9749193474631, 1637.7761834074788, 1632.0202630915562, 1619.9132689523258, 1617.0788198009488, 1586.0910827184643, 1566.5952931400698, 1408.50043820732, 1408.50043820732, 1408.50043820732, 1408.50043820732, 1408.50043820732, 1408.50043820732, 1408.50043820732, 1408.50043820732, 1408.50043820732, 1408.50043820732], 
[1676.5610372708998, 1653.387791955294, 1653.387791955294, 1653.387791955294, 1653.387791955294, 1653.387791955294, 1590.3721837789692, 1547.5087617866345, 1547.5087617866345, 1544.299479096301, 1544.299479096301, 1544.299479096301, 1485.1634738775003, 1464.7904016186114, 1464.7904016186114, 1437.7103145923309, 1437.7103145923309, 1437.7103145923309, 1418.763669395178, 1418.763669395178], 
[1768.7659757252331, 1729.935303205283, 1720.1089024439725, 1720.1089024439725, 1688.7421005173542, 1602.9119327704286, 1571.8924963664697, 1527.1607366984797, 1527.1607366984797, 1527.1607366984797, 1510.2147010808053, 1510.2147010808053, 1510.2147010808053, 1510.2147010808053, 1510.2147010808053, 1510.2147010808053, 1471.8283129576116, 1471.8283129576116, 1461.911958679982, 1459.8277107756005], 
[1586.5116477653164, 1586.5116477653164, 1586.5116477653164, 1568.4696861924297, 1568.4696861924297, 1568.4696861924297, 1568.4696861924297, 1528.5501765092008, 1528.5501765092008, 1528.5501765092008, 1528.5501765092008, 1528.5501765092008, 1528.5501765092008, 1468.1399917046615, 1468.1399917046615, 1468.1399917046615, 1456.0634096587098, 1456.0634096587098, 1431.1759008545043, 1431.1759008545043], 
[1671.4315966739118, 1671.4315966739118, 1671.4315966739118, 1670.2510438620793, 1413.67322059662, 1413.67322059662, 1413.67322059662, 1413.67322059662, 1413.67322059662, 1413.67322059662, 1413.67322059662, 1413.67322059662, 1413.67322059662, 1413.67322059662, 1413.67322059662, 1413.67322059662, 1413.67322059662, 1412.652636537036, 1412.652636537036, 1412.652636537036], 
[1529.2707640653227, 1529.2707640653227, 1529.2707640653227, 1529.2707640653227, 1529.2707640653227, 1529.2707640653227, 1529.2707640653227, 1529.2707640653227, 1529.2707640653227, 1529.2707640653227, 1529.2707640653227, 1529.2707640653227, 1529.2707640653227, 1529.2707640653227, 1529.2707640653227, 1440.8747358650005, 1440.8747358650005, 1440.8747358650005, 1440.8747358650005, 1412.467880281747], 
[1598.7435848519747, 1598.7435848519747, 1598.7435848519747, 1598.7435848519747, 1598.7435848519747, 1598.7435848519747, 1595.4600033547688, 1455.561766472937, 1455.561766472937, 1455.561766472937, 1455.561766472937, 1455.561766472937, 1455.561766472937, 1455.561766472937, 1455.561766472937, 1455.561766472937, 1455.561766472937, 1455.561766472937, 1455.561766472937, 1445.9295551135913], 
[1775.4901725424693, 1683.167401221793, 1658.5281937175569, 1612.9698320249634, 1612.9698320249634, 1612.9698320249634, 1612.9698320249634, 1612.9698320249634, 1601.8271855213484, 1601.8271855213484, 1532.2275146602985, 1532.2275146602985, 1532.2275146602985, 1500.0022745306117, 1500.0022745306117, 1480.0294177082706, 1480.0294177082706, 1480.0294177082706, 1468.5465726140058, 1468.5465726140058], 
[1763.9089702250415, 1603.434082397598, 1603.434082397598, 1603.434082397598, 1603.434082397598, 1603.434082397598, 1603.434082397598, 1603.434082397598, 1562.7789559389093, 1553.4559576858364, 1553.4559576858364, 1546.3963002406265, 1532.624069038347, 1532.624069038347, 1529.2025480263942, 1518.9165698483491, 1507.4048090454796, 1506.4394389339059, 1506.4394389339059, 1478.0547793825112], 
[1690.918453464843, 1690.918453464843, 1648.5524841278836, 1630.192871758597, 1602.1534723810012, 1569.603791637907, 1569.603791637907, 1559.4947907157107, 1559.4947907157107, 1536.4286572537542, 1517.3110788148872, 1511.6638493875346, 1511.6638493875346, 1506.302249455949, 1506.302249455949, 1506.302249455949, 1506.302249455949, 1488.4445384681878, 1488.4445384681878, 1444.7323427666986], 
[1631.9612443370593, 1631.9612443370593, 1607.3261172137336, 1585.0491815076994, 1585.0491815076994, 1585.0491815076994, 1585.0491815076994, 1570.456355441911, 1570.456355441911, 1558.7712121183151, 1558.7712121183151, 1558.7712121183151, 1551.0710352470892, 1551.0710352470892, 1526.0924528395512, 1406.0300512569888, 1406.0300512569888, 1406.0300512569888, 1406.0300512569888, 1406.0300512569888], 
[1628.428296041327, 1628.428296041327, 1605.5368921252236, 1605.5368921252236, 1605.5368921252236, 1544.0352653162627, 1544.0352653162627, 1544.0352653162627, 1544.0352653162627, 1492.2621745153056, 1492.2621745153056, 1492.2621745153056, 1492.2621745153056, 1492.2621745153056, 1456.761316640667, 1447.4516629349869, 1447.4516629349869, 1447.4516629349869, 1447.4516629349869, 1447.4516629349869], 
[1669.9433616557492, 1636.6383617872193, 1636.6383617872193, 1596.695262019408, 1596.695262019408, 1596.695262019408, 1595.7276481326073, 1590.0858891029025, 1489.505053373045, 1489.505053373045, 1489.505053373045, 1468.1343227212392, 1468.1343227212392, 1468.1343227212392, 1468.1343227212392, 1468.1343227212392, 1468.1343227212392, 1468.1343227212392, 1468.1343227212392, 1468.1343227212392], 
[1626.22366938533, 1626.22366938533, 1626.22366938533, 1607.816653709933, 1607.816653709933, 1569.8639936027835, 1569.8639936027835, 1541.5476386159298, 1541.5476386159298, 1541.5476386159298, 1541.5476386159298, 1541.5476386159298, 1541.5476386159298, 1539.1554513233484, 1512.5386379923443, 1512.5386379923443, 1496.562657629081, 1496.562657629081, 1496.562657629081, 1496.562657629081], 
[1714.3404898317292, 1677.8512821600302, 1677.8512821600302, 1653.1036576118818, 1653.1036576118818, 1653.1036576118818, 1525.2216063727255, 1525.2216063727255, 1525.2216063727255, 1525.2216063727255, 1525.2216063727255, 1441.5141473555777, 1441.5141473555777, 1441.5141473555777, 1441.5141473555777, 1440.3584689483455, 1440.3584689483455, 1440.3584689483455, 1440.3584689483455, 1440.3584689483455], 
[1544.8758049906464, 1544.8758049906464, 1544.8758049906464, 1544.8758049906464, 1530.2544642725939, 1530.2544642725939, 1530.2544642725939, 1530.2544642725939, 1523.8710566497703, 1523.8710566497703, 1523.8710566497703, 1523.8710566497703, 1493.5461469668035, 1493.5461469668035, 1493.5461469668035, 1493.5461469668035, 1493.5461469668035, 1493.5461469668035, 1493.5461469668035, 1493.5461469668035], 
[1694.624147982841, 1619.4304978282698, 1619.4304978282698, 1619.4304978282698, 1614.0827252416536, 1614.0827252416536, 1614.0827252416536, 1577.1950907226046, 1577.1950907226046, 1577.1950907226046, 1553.7511080081586, 1553.7511080081586, 1537.3649249706477, 1521.7734803167086, 1521.7734803167086, 1471.6948285245567, 1471.6948285245567, 1471.6948285245567, 1471.6948285245567, 1470.9430363169222], 
[1579.2672203926923, 1579.2672203926923, 1579.2672203926923, 1579.2672203926923, 1579.2672203926923, 1579.2672203926923, 1579.2672203926923, 1579.2672203926923, 1579.2672203926923, 1579.2672203926923, 1571.3935507628428, 1571.3935507628428, 1571.3935507628428, 1543.2742691523968, 1543.2742691523968, 1531.2982294045983, 1509.4083761972436, 1488.7831359068402, 1488.7831359068402, 1488.7831359068402], 
[1682.5257306649862, 1649.4919123085488, 1560.0869644550148, 1560.0869644550148, 1560.0869644550148, 1560.0869644550148, 1560.0869644550148, 1560.0869644550148, 1560.0869644550148, 1560.0869644550148, 1560.0869644550148, 1560.0869644550148, 1560.0869644550148, 1502.7375351859876, 1502.7375351859876, 1502.7375351859876, 1493.9072409332593, 1493.9072409332593, 1493.9072409332593, 1493.9072409332593], 
[1643.3032895065007, 1643.3032895065007, 1643.3032895065007, 1643.3032895065007, 1617.5212244670042, 1617.5212244670042, 1512.3016032015873, 1512.3016032015873, 1512.3016032015873, 1512.3016032015873, 1512.3016032015873, 1512.3016032015873, 1512.3016032015873, 1512.3016032015873, 1512.3016032015873, 1415.0987516904786, 1377.5452484330592, 1365.4914756849898, 1365.4914756849898, 1365.4914756849898], 
[1717.6821714350008, 1717.6821714350008, 1717.6821714350008, 1618.0261737562607, 1618.0261737562607, 1609.4811202178794, 1571.786105013651, 1571.786105013651, 1571.786105013651, 1571.786105013651, 1571.786105013651, 1529.3419456300426, 1529.3419456300426, 1529.3419456300426, 1529.3419456300426, 1529.3419456300426, 1529.3419456300426, 1529.3419456300426, 1529.3419456300426, 1528.5429914257504], 
[1698.1196562523876, 1687.7353675054076, 1687.7353675054076, 1679.3196513712885, 1618.4126362406182, 1583.8071977374439, 1583.8071977374439, 1583.8071977374439, 1554.1458998747848, 1554.1458998747848, 1554.1458998747848, 1485.7229311226333, 1485.7229311226333, 1485.7229311226333, 1485.7229311226333, 1485.7229311226333, 1485.7229311226333, 1485.7229311226333, 1485.7229311226333, 1485.7229311226333], 
