[8222.679961789918, 7494.233956087862, 7494.233956087862, 7494.233956087862, 6696.662516432625, 6509.434232217778, 6509.434232217778, 6509.434232217778, 6504.7684096015055, 6504.7684096015055, 5300.904212184776, 5300.904212184776, 5300.904212184776, 5300.904212184776, 5300.904212184776, 5297.991641407236, 5260.25758819552, 4810.9747695154365, 4810.9747695154365, 4747.979890206424], 
[6834.572368082351, 6834.572368082351, 6133.331524105723, 6133.331524105723, 6133.331524105723, 6133.331524105723, 5963.917967841131, 5963.917967841131, 5963.917967841131, 5963.917967841131, 5910.1122674214985, 5584.677029543875, 5190.100558898124, 5190.100558898124, 5046.404446949791, 5046.404446949791, 5046.404446949791, 5046.404446949791, 4643.683233203578, 4643.683233203578], 
[7998.11679802284, 7998.11679802284, 7201.853398611304, 7201.853398611304, 7201.853398611304, 7201.853398611304, 7201.58204171947, 6894.497347489007, 6787.0759172913895, 6787.0759172913895, 6787.0759172913895, 6787.0759172913895, 6106.069188416595, 6073.851406014711, 6073.851406014711, 6011.305694933196, 6011.305694933196, 5544.907954183156, 5544.907954183156, 5544.907954183156], 
[7675.451753541025, 7660.492076890801, 6698.075113744861, 6698.075113744861, 6682.480088753011, 6501.008940605501, 6501.008940605501, 6450.382527838159, 5967.25438024791, 5967.25438024791, 5382.5970658178085, 5228.358216862384, 5228.358216862384, 4719.439484167831, 4719.439484167831, 4719.439484167831, 4506.05777577895, 4462.756231071089, 4462.756231071089, 4462.756231071089], 
[7734.960378060374, 7115.759184266944, 6556.835822152838, 6556.835822152838, 6270.443267788798, 6166.352163350775, 5835.569780796868, 5719.596429573679, 5719.596429573679, 5719.596429573679, 5621.342518026132, 5621.342518026132, 5621.342518026132, 5246.215616843259, 5246.215616843259, 5246.215616843259, 5246.215616843259, 5170.9800807861975, 4431.7431600318, 4431.7431600318], 
[6863.482610088262, 6709.5767681679, 5923.10474543093, 5923.10474543093, 5923.10474543093, 5923.10474543093, 5923.10474543093, 5801.995160856772, 5787.102974677758, 5787.102974677758, 5787.102974677758, 5693.528501738316, 5693.528501738316, 5525.921011620983, 5525.921011620983, 5525.921011620983, 5376.937142048609, 5027.7006940438305, 5027.7006940438305, 5027.7006940438305], 
[8176.643114377504, 7386.8200603773685, 7386.8200603773685, 7040.5622352910705, 7040.5622352910705, 7040.5622352910705, 7040.5622352910705, 6913.149474413621, 6699.809170193191, 6567.0801486487, 6542.3602234141, 6472.054030128089, 6005.265882914081, 6005.265882914081, 6005.265882914081, 5967.741929509115, 5379.51814624495, 5379.51814624495, 5379.51814624495, 5379.51814624495], 
[7004.274488932275, 6813.921235321062, 6534.816897882283, 6534.816897882283, 6534.816897882283, 6534.816897882283, 6528.664441347919, 6519.680686901156, 6102.9845904909425, 5526.067489403351, 5429.84918208429, 5429.84918208429, 5276.248756325478, 5276.248756325478, 5243.547674282401, 5154.530511107905, 5154.530511107905, 5097.815836724563, 5097.815836724563, 4975.806774363147], 
[6330.756232580679, 6330.756232580679, 6330.756232580679, 6330.756232580679, 6330.756232580679, 6330.756232580679, 6330.756232580679, 6330.756232580679, 6330.756232580679, 6081.269699156817, 5865.741784040227, 5720.373808260304, 5720.373808260304, 5720.373808260304, 5568.687403963724, 5568.687403963724, 5461.722777000447, 5461.722777000447, 5347.170139348858, 5100.54614429171], 
[8085.478069845447, 8085.478069845447, 6817.2537839043425, 6692.84689000974, 6692.84689000974, 6189.941367847276, 6189.941367847276, 6189.941367847276, 6189.941367847276, 6189.941367847276, 6147.467089469259, 6147.467089469259, 6127.0404896783875, 6127.0404896783875, 6041.488192245011, 6041.488192245011, 6041.488192245011, 5803.986593421643, 5706.183651727771, 5290.110490825466], 
[7707.7936373515295, 7707.7936373515295, 7276.152731849798, 7162.9074837752105, 7142.873453554746, 6483.080623005124, 6330.637778193122, 6306.608568809862, 5831.563337527245, 5831.563337527245, 5831.563337527245, 5535.422048882412, 5446.761394034558, 5446.761394034558, 5414.514949670177, 5410.249674835748, 5410.249674835748, 5367.332388423516, 5367.332388423516, 5350.9707195696665], 
[6500.148800725418, 6406.7812862646615, 6406.7812862646615, 6345.267040829958, 6345.267040829958, 6212.636137602716, 6179.732794741865, 5994.215687311259, 5835.248623093143, 5835.248623093143, 5835.248623093143, 5835.248623093143, 5835.248623093143, 5835.248623093143, 5835.248623093143, 5835.248623093143, 5141.546145609313, 5141.546145609313, 5141.546145609313, 5114.606196389126], 
[7890.355352634672, 7890.355352634672, 7890.355352634672, 7019.447997890449, 7019.447997890449, 7019.447997890449, 6225.866100693067, 6225.866100693067, 6225.866100693067, 5618.593530817694, 5618.593530817694, 5618.593530817694, 5558.721378441001, 5077.268958448289, 5077.268958448289, 4925.483945872561, 4925.483945872561, 4925.483945872561, 4925.483945872561, 4375.177228224799], 
[7586.453728631257, 6351.732378715231, 6351.732378715231, 6351.732378715231, 6351.732378715231, 6351.732378715231, 6351.732378715231, 6351.732378715231, 6103.175467788769, 6103.175467788769, 6103.175467788769, 6103.175467788769, 6103.175467788769, 6103.175467788769, 6071.9843175961, 5498.230190792752, 4959.978170226033, 4959.978170226033, 4959.978170226033, 4959.978170226033], 
[7172.735094289452, 6716.489850772734, 6716.489850772734, 6654.11345396744, 6175.532197202364, 6175.532197202364, 6175.532197202364, 6175.532197202364, 6175.532197202364, 6107.602435117402, 6107.602435117402, 6107.602435117402, 5708.0678251072995, 5642.969479760607, 5597.823434137702, 5184.262009046643, 5184.262009046643, 5144.817066740285, 5144.817066740285, 5144.817066740285], 
[5301.36201672316, 5214.802867186137, 4877.9013088249285, 4877.9013088249285, 4852.708852503983, 4852.708852503983, 4852.708852503983, 4852.708852503983, 4852.708852503983, 4852.708852503983, 4787.520771297444, 4667.819771362847, 4667.819771362847, 4530.250015625042, 4530.250015625042, 4400.172148923823, 4356.155471954082, 4356.155471954082, 4356.155471954082, 4356.155471954082], 
