[2.0915534035734548e+16, 2.0915534035734548e+16, 2.0915534035734548e+16, 8766184339174243.0, 8766184339174243.0, 8766184339174243.0, 4656785565102056.0, 4656785565102056.0, 4656785565102056.0, 4656785565102056.0, 4656785565102056.0, 4656785565102056.0, 389758790246966.44, 389758790246966.44, 389758790246966.44, 389758790246966.44, 389758790246966.44, 389758790246966.44, 389758790246966.44, 389758790246966.44], 
[7.114667891862543e+16, 5054927787572211.0, 5054927787572211.0, 5054927787572211.0, 85286054916715.97, 85286054916715.97, 85286054916715.97, 85286054916715.97, 85286054916715.97, 85286054916715.97, 85286054916715.97, 85286054916715.97, 85286054916715.97, 85286054916715.97, 85286054916715.97, 85286054916715.97, 85286054916715.97, 85286054916715.97, 85286054916715.97, 85286054916715.97], 
[2.8483915016469588e+16, 3773138336566440.0, 3773138336566440.0, 3773138336566440.0, 3773138336566440.0, 3773138336566440.0, 3773138336566440.0, 3773138336566440.0, 3773138336566440.0, 3773138336566440.0, 3773138336566440.0, 3569388728222121.0, 3569388728222121.0, 3569388728222121.0, 3569388728222121.0, 3569388728222121.0, 3569388728222121.0, 3569388728222121.0, 3569388728222121.0, 3569388728222121.0], 
[1297410323916412.2, 709225481208841.2, 709225481208841.2, 709225481208841.2, 709225481208841.2, 24202313632813.574, 24202313632813.574, 24202313632813.574, 24202313632813.574, 24202313632813.574, 24202313632813.574, 24202313632813.574, 24202313632813.574, 24202313632813.574, 24202313632813.574, 24202313632813.574, 24202313632813.574, 24202313632813.574, 24202313632813.574, 24202313632813.574], 
[2.647059804979042e+16, 2.647059804979042e+16, 2.100032840887653e+16, 2.100032840887653e+16, 2.100032840887653e+16, 2.100032840887653e+16, 2.100032840887653e+16, 2.100032840887653e+16, 2.100032840887653e+16, 2.100032840887653e+16, 2.100032840887653e+16, 1.1540336380233694e+16, 1.1540336380233694e+16, 9693818138357340.0, 9693818138357340.0, 9693818138357340.0, 1668721935929456.8, 1668721935929456.8, 1668721935929456.8, 1668721935929456.8], 
[2.0045758109558544e+16, 2.0045758109558544e+16, 7054081801579226.0, 7054081801579226.0, 7054081801579226.0, 7054081801579226.0, 7054081801579226.0, 7054081801579226.0, 4793641661109048.0, 4793641661109048.0, 3431254925374670.5, 3431254925374670.5, 3431254925374670.5, 3431254925374670.5, 3431254925374670.5, 3431254925374670.5, 3431254925374670.5, 1998437770574833.2, 1996624840774361.2, 1996624840774361.2], 
[2.5122960623520216e+16, 2.5122960623520216e+16, 5257340286424143.0, 581725046760163.2, 581725046760163.2, 581725046760163.2, 581725046760163.2, 145546980222376.53, 145546980222376.53, 145546980222376.53, 145546980222376.53, 145546980222376.53, 145546980222376.53, 145546980222376.53, 145546980222376.53, 145546980222376.53, 145546980222376.53, 145546980222376.53, 145546980222376.53, 145546980222376.53], 
[7.450877676707953e+17, 4460610536813285.5, 4460610536813285.5, 4460610536813285.5, 4460610536813285.5, 4460610536813285.5, 4460610536813285.5, 4460610536813285.5, 4460610536813285.5, 4460610536813285.5, 4460610536813285.5, 255984013566303.06, 255984013566303.06, 255984013566303.06, 93424800516091.72, 93424800516091.72, 93424800516091.72, 93424800516091.72, 93424800516091.72, 93424800516091.72], 
[2.1240497771038176e+16, 2.1240497771038176e+16, 2.1240497771038176e+16, 2.1240497771038176e+16, 1.4500997282674582e+16, 1.4500997282674582e+16, 1.4500997282674582e+16, 1.4500997282674582e+16, 1.4500997282674582e+16, 1.4500997282674582e+16, 1.4500997282674582e+16, 1.4500997282674582e+16, 2416250524734526.0, 2098875787953962.8, 2098875787953962.8, 2098875787953962.8, 2098875787953962.8, 2098875787953962.8, 783249526850235.0, 783249526850235.0], 
[9.119619094745019e+17, 9.119619094745019e+17, 1.5885857798746918e+16, 1.5885857798746918e+16, 1.5885857798746918e+16, 1.5885857798746918e+16, 1.5885857798746918e+16, 4165035482296737.5, 4165035482296737.5, 4165035482296737.5, 4165035482296737.5, 4165035482296737.5, 4165035482296737.5, 4165035482296737.5, 4165035482296737.5, 4165035482296737.5, 4165035482296737.5, 4165035482296737.5, 4165035482296737.5, 4165035482296737.5], 
[1421172934764372.8, 1421172934764372.8, 1395056285977774.5, 1395056285977774.5, 1395056285977774.5, 1395056285977774.5, 1395056285977774.5, 1395056285977774.5, 1220286357331998.0, 1220286357331998.0, 1220286357331998.0, 1220286357331998.0, 1220286357331998.0, 1220286357331998.0, 584442190804743.9, 584442190804743.9, 584442190804743.9, 584442190804743.9, 584442190804743.9, 584442190804743.9], 
[1.040804348731992e+17, 2.8668639985188504e+16, 2.8668639985188504e+16, 2.8668639985188504e+16, 2.8668639985188504e+16, 2.8668639985188504e+16, 2.8668639985188504e+16, 2.8668639985188504e+16, 2.8668639985188504e+16, 2.8668639985188504e+16, 2.8668639985188504e+16, 2.8668639985188504e+16, 2.8668639985188504e+16, 1.4093468345070722e+16, 1.4093468345070722e+16, 1.4093468345070722e+16, 1.4093468345070722e+16, 9862404686840768.0, 170353537719980.16, 170353537719980.16], 
[2790856793927300.0, 2790856793927300.0, 1495934461658719.2, 1495934461658719.2, 1495934461658719.2, 59633196200258.11, 59633196200258.11, 59633196200258.11, 59633196200258.11, 59633196200258.11, 59633196200258.11, 59633196200258.11, 51561340013016.81, 51561340013016.81, 51561340013016.81, 51561340013016.81, 51561340013016.81, 51561340013016.81, 23900451732446.535, 23900451732446.535], 
[5022011602486259.0, 5022011602486259.0, 2138610855736883.0, 547717254979666.9, 547717254979666.9, 50733011774422.7, 50733011774422.7, 50733011774422.7, 50733011774422.7, 50733011774422.7, 50733011774422.7, 50733011774422.7, 50733011774422.7, 50733011774422.7, 50733011774422.7, 50733011774422.7, 50733011774422.7, 50733011774422.7, 50733011774422.7, 50733011774422.7], 
[2.3833422628586828e+16, 2.3833422628586828e+16, 2.3833422628586828e+16, 1.0863162470606526e+16, 1.0863162470606526e+16, 2020508644385559.2, 2020508644385559.2, 2020508644385559.2, 2020508644385559.2, 2020508644385559.2, 2020508644385559.2, 2020508644385559.2, 2020508644385559.2, 2020508644385559.2, 2020508644385559.2, 2020508644385559.2, 912710792956080.9, 629896054370826.5, 629896054370826.5, 629896054370826.5], 
[1.825857758309396e+16, 1.825857758309396e+16, 1.825857758309396e+16, 1.825857758309396e+16, 1.411362026644211e+16, 1.411362026644211e+16, 1.411362026644211e+16, 1.411362026644211e+16, 1.411362026644211e+16, 1.411362026644211e+16, 1.411362026644211e+16, 1.411362026644211e+16, 1.411362026644211e+16, 1.411362026644211e+16, 95515475738348.34, 95515475738348.34, 95515475738348.34, 95515475738348.34, 95515475738348.34, 95515475738348.34], 
[5864100902877328.0, 5864100902877328.0, 3660743546785163.5, 3660743546785163.5, 3660743546785163.5, 3660743546785163.5, 3660743546785163.5, 3660743546785163.5, 3660743546785163.5, 1249269664166364.8, 1249269664166364.8, 1249269664166364.8, 1249269664166364.8, 1249269664166364.8, 1140899912513855.2, 1140899912513855.2, 1140899912513855.2, 1140899912513855.2, 1140899912513855.2, 1140899912513855.2], 
[1.7513508721091104e+17, 2.986633766859721e+16, 2.986633766859721e+16, 2.986633766859721e+16, 2.986633766859721e+16, 2.986633766859721e+16, 2.986633766859721e+16, 5869865029059013.0, 5869865029059013.0, 5869865029059013.0, 5869865029059013.0, 5869865029059013.0, 5869865029059013.0, 5869865029059013.0, 5869865029059013.0, 1339813817683272.5, 1339813817683272.5, 1339813817683272.5, 1339813817683272.5, 1339813817683272.5], 
[2.3503881045601843e+18, 949900773701616.1, 949900773701616.1, 949900773701616.1, 949900773701616.1, 949900773701616.1, 949900773701616.1, 949900773701616.1, 949900773701616.1, 949900773701616.1, 949900773701616.1, 949900773701616.1, 949900773701616.1, 949900773701616.1, 949900773701616.1, 949900773701616.1, 949900773701616.1, 949900773701616.1, 949900773701616.1, 949900773701616.1], 
[2.753629518284558e+16, 2.753629518284558e+16, 2.753629518284558e+16, 2.753629518284558e+16, 2.753629518284558e+16, 2.6548753873614532e+16, 2.6548753873614532e+16, 2.6548753873614532e+16, 2.6548753873614532e+16, 2.6548753873614532e+16, 7194832460284130.0, 7194832460284130.0, 3925548063096250.5, 3925548063096250.5, 3925548063096250.5, 3925548063096250.5, 3925548063096250.5, 3925548063096250.5, 442644813883375.75, 442644813883375.75], 
[1.0257210390941745e+19, 1.9572242692161562e+18, 1.9572242692161562e+18, 1.7770803212007834e+17, 1.7770803212007834e+17, 1.7770803212007834e+17, 3.656024301175106e+16, 1.4514213208663724e+16, 1.4514213208663724e+16, 1.4514213208663724e+16, 1.4514213208663724e+16, 1.4514213208663724e+16, 1.4514213208663724e+16, 1.4514213208663724e+16, 1.4514213208663724e+16, 1.4514213208663724e+16, 1.4514213208663724e+16, 1.4514213208663724e+16, 1.4514213208663724e+16, 8813415594028186.0], 
[8.499831067484694e+17, 1.2037308537421314e+16, 1.2037308537421314e+16, 3237930926817015.0, 3237930926817015.0, 3237930926817015.0, 3237930926817015.0, 3237930926817015.0, 3237930926817015.0, 3237930926817015.0, 3237930926817015.0, 3237930926817015.0, 3237930926817015.0, 3237930926817015.0, 3237930926817015.0, 3237930926817015.0, 3237930926817015.0, 3237930926817015.0, 3237930926817015.0, 3237930926817015.0], 
[1887194857973420.5, 649635902472312.5, 125636294640413.6, 18842520777839.465, 18842520777839.465, 18842520777839.465, 18842520777839.465, 18842520777839.465, 18842520777839.465, 18842520777839.465, 18842520777839.465, 18842520777839.465, 18842520777839.465, 18842520777839.465, 18842520777839.465, 18842520777839.465, 18842520777839.465, 18842520777839.465, 18842520777839.465, 18842520777839.465], 
[2933615154504509.5, 2933615154504509.5, 128020273727919.39, 128020273727919.39, 128020273727919.39, 104361105541198.55, 18719530027321.47, 18719530027321.47, 18719530027321.47, 18719530027321.47, 18719530027321.47, 18719530027321.47, 18719530027321.47, 18719530027321.47, 18719530027321.47, 18719530027321.47, 18719530027321.47, 18719530027321.47, 18719530027321.47, 18719530027321.47], 
[2.7844138616098826e+17, 2.3267052614654493e+17, 9956839176381854.0, 9956839176381854.0, 9956839176381854.0, 9956839176381854.0, 9956839176381854.0, 9956839176381854.0, 8337743667276343.0, 7764907305907048.0, 7764907305907048.0, 7764907305907048.0, 7764907305907048.0, 7764907305907048.0, 7764907305907048.0, 7764907305907048.0, 7764907305907048.0, 7764907305907048.0, 7764907305907048.0, 7764907305907048.0], 
[1.4936886930000416e+17, 1.4936886930000416e+17, 1.1271639151427206e+17, 1.1271639151427206e+17, 8.557018719029498e+16, 7.87390583774311e+16, 2.367071666805136e+16, 2.367071666805136e+16, 2.367071666805136e+16, 2.367071666805136e+16, 2.367071666805136e+16, 9191548428281302.0, 3968490445785340.0, 3968490445785340.0, 3968490445785340.0, 3968490445785340.0, 3968490445785340.0, 3968490445785340.0, 3968490445785340.0, 3968490445785340.0], 
[3.187396764709605e+16, 7455787106274662.0, 7455787106274662.0, 7455787106274662.0, 4597075695037678.0, 4597075695037678.0, 4597075695037678.0, 4597075695037678.0, 4597075695037678.0, 4597075695037678.0, 4597075695037678.0, 4597075695037678.0, 4597075695037678.0, 2251211605547773.2, 2251211605547773.2, 2251211605547773.2, 2251211605547773.2, 946506901823805.5, 946506901823805.5, 946506901823805.5], 
[6.168678095580218e+17, 6.168678095580218e+17, 1.3899269128694213e+17, 3800262537789346.5, 3800262537789346.5, 3800262537789346.5, 3800262537789346.5, 3800262537789346.5, 3800262537789346.5, 3800262537789346.5, 3800262537789346.5, 3800262537789346.5, 3800262537789346.5, 3800262537789346.5, 3800262537789346.5, 3800262537789346.5, 3800262537789346.5, 3800262537789346.5, 3800262537789346.5, 3800262537789346.5], 
[195606536270124.28, 195606536270124.28, 195606536270124.28, 195606536270124.28, 195606536270124.28, 195606536270124.28, 69578062057779.016, 46771988355945.695, 46771988355945.695, 46771988355945.695, 46771988355945.695, 46771988355945.695, 6079515131186.368, 6079515131186.368, 6079515131186.368, 6079515131186.368, 6079515131186.368, 6079515131186.368, 6079515131186.368, 6079515131186.368], 
[1317036783985868.5, 1317036783985868.5, 1317036783985868.5, 168479112227733.34, 168479112227733.34, 168479112227733.34, 168479112227733.34, 168479112227733.34, 168479112227733.34, 168479112227733.34, 168479112227733.34, 168479112227733.34, 168479112227733.34, 168479112227733.34, 168479112227733.34, 168479112227733.34, 145521269437041.4, 145521269437041.4, 145521269437041.4, 145521269437041.4], 
