[45.09683477439018, 42.69983410045962, 42.69983410045962, 42.69983410045962, 42.69983410045962, 42.69983410045962, 42.69983410045962, 42.69983410045962, 41.62523871775804, 41.62523871775804, 41.62523871775804, 41.62523871775804, 41.62523871775804, 41.580686195260654, 41.580686195260654, 40.10852978012555, 40.10852978012555, 40.10852978012555, 40.10852978012555, 40.10852978012555], 
[45.916981000417, 45.916981000417, 45.605743009302046, 42.852379796659875, 42.852379796659875, 42.852379796659875, 42.852379796659875, 42.852379796659875, 42.852379796659875, 42.646859032343855, 42.646859032343855, 42.16877756247056, 42.16877756247056, 42.16079297073726, 41.13820139368114, 39.99995670619479, 37.90934470513258, 37.90934470513258, 37.90934470513258, 37.90934470513258], 
[45.163540352776224, 45.163540352776224, 43.32243766956819, 43.32243766956819, 41.691044439989795, 41.691044439989795, 41.691044439989795, 41.691044439989795, 41.691044439989795, 41.691044439989795, 41.691044439989795, 41.691044439989795, 40.28906427623056, 40.28906427623056, 40.28906427623056, 40.28906427623056, 40.28906427623056, 40.28906427623056, 40.28906427623056, 40.28906427623056], 
[47.593175242976024, 46.86914903618463, 45.27769526762269, 43.00655049389925, 43.00655049389925, 43.00655049389925, 43.00655049389925, 43.00655049389925, 43.00655049389925, 43.00655049389925, 42.63108538038888, 42.63108538038888, 42.63108538038888, 42.63108538038888, 42.08411330625337, 42.08411330625337, 41.97413870051833, 41.97413870051833, 40.90538602099048, 40.90538602099048], 
[44.48497589396225, 44.48497589396225, 43.48404439390727, 43.48404439390727, 43.48404439390727, 43.48404439390727, 43.48404439390727, 41.89252019042843, 41.89252019042843, 41.89252019042843, 41.89252019042843, 41.89252019042843, 41.89252019042843, 41.89252019042843, 41.724383706305964, 41.724383706305964, 41.724383706305964, 41.724383706305964, 41.724383706305964, 41.724383706305964], 
[43.058641662141525, 43.058641662141525, 43.058641662141525, 43.058641662141525, 43.058641662141525, 43.058641662141525, 43.058641662141525, 43.058641662141525, 43.058641662141525, 43.058641662141525, 43.058641662141525, 42.743685938639594, 42.743685938639594, 42.743685938639594, 42.18168186219297, 42.18168186219297, 42.18168186219297, 40.98120912013487, 40.98120912013487, 40.98120912013487], 
[45.65787369985844, 43.37040096986826, 43.37040096986826, 43.37040096986826, 43.37040096986826, 43.37040096986826, 43.37040096986826, 43.37040096986826, 43.37040096986826, 38.3577745218291, 38.3577745218291, 38.3577745218291, 38.3577745218291, 38.3577745218291, 38.3577745218291, 38.3577745218291, 38.3577745218291, 38.3577745218291, 38.3577745218291, 38.3577745218291], 
[45.33887984318191, 42.604802107173164, 42.604802107173164, 42.604802107173164, 42.604802107173164, 40.52740845411449, 40.52740845411449, 40.52740845411449, 40.52740845411449, 40.52740845411449, 40.52740845411449, 40.52740845411449, 40.52740845411449, 40.52740845411449, 40.52740845411449, 40.52740845411449, 40.52740845411449, 40.52740845411449, 40.52740845411449, 40.52740845411449], 
[47.07104753100667, 46.398559591373534, 45.74765138273682, 45.277424869733025, 43.392317603824466, 43.392317603824466, 43.392317603824466, 43.392317603824466, 43.392317603824466, 43.392317603824466, 43.392317603824466, 43.12080624273939, 43.12080624273939, 43.12080624273939, 39.21009027050392, 39.21009027050392, 39.21009027050392, 39.21009027050392, 39.21009027050392, 39.21009027050392], 
[44.04635414791105, 44.04635414791105, 43.61163596578359, 41.77611812113685, 41.77611812113685, 41.77611812113685, 41.77611812113685, 41.77611812113685, 41.77611812113685, 41.331982238648706, 40.61036951304651, 39.37900004968703, 39.37900004968703, 39.37900004968703, 39.37900004968703, 39.37900004968703, 39.37900004968703, 39.37900004968703, 39.37900004968703, 39.37900004968703], 
[45.87370589152343, 45.87370589152343, 43.72033446268048, 43.24133502359908, 43.24133502359908, 43.24133502359908, 43.123958957147316, 39.302463035790446, 39.302463035790446, 39.302463035790446, 39.302463035790446, 39.302463035790446, 36.92436666041763, 36.92436666041763, 36.92436666041763, 36.92436666041763, 36.92436666041763, 36.92436666041763, 36.92436666041763, 36.92436666041763], 
[44.59499162490297, 44.59499162490297, 44.59499162490297, 44.23599066511884, 44.23599066511884, 44.23599066511884, 42.93821496672189, 42.93821496672189, 39.862657927801784, 39.862657927801784, 39.862657927801784, 39.862657927801784, 39.862657927801784, 39.862657927801784, 39.862657927801784, 39.862657927801784, 39.862657927801784, 39.862657927801784, 39.862657927801784, 39.862657927801784], 
[44.36360392240406, 44.36360392240406, 44.36360392240406, 43.73383090753542, 43.73383090753542, 43.73383090753542, 43.73383090753542, 43.73383090753542, 43.73383090753542, 42.884578205850985, 41.143028484125836, 41.143028484125836, 41.143028484125836, 41.143028484125836, 40.603114198823555, 40.603114198823555, 40.603114198823555, 40.603114198823555, 40.571755174643435, 40.571755174643435], 
[41.97902266435638, 41.97902266435638, 41.97902266435638, 41.97902266435638, 41.97902266435638, 41.97902266435638, 41.97902266435638, 41.97902266435638, 41.97902266435638, 41.17823807113881, 41.17823807113881, 41.17823807113881, 41.17823807113881, 41.17823807113881, 41.17823807113881, 41.17823807113881, 41.17823807113881, 39.32252492516341, 39.32252492516341, 39.32252492516341], 
[45.62923886854118, 43.06042924305301, 43.06042924305301, 43.06042924305301, 43.06042924305301, 43.06042924305301, 43.06042924305301, 42.50462129951224, 42.50462129951224, 42.50462129951224, 41.92901125210072, 41.92901125210072, 40.907029439651254, 40.490507436561074, 40.490507436561074, 40.490507436561074, 40.490507436561074, 40.490507436561074, 40.490507436561074, 40.490507436561074], 
[45.79211902368385, 41.52028088736505, 41.52028088736505, 41.52028088736505, 41.52028088736505, 41.52028088736505, 41.52028088736505, 41.52028088736505, 41.470326684163425, 41.470326684163425, 41.470326684163425, 41.44409804788455, 41.44409804788455, 40.2983018347545, 40.2983018347545, 40.2983018347545, 40.2983018347545, 40.2983018347545, 40.2983018347545, 40.2983018347545], 
[46.14114348823036, 45.31228257138975, 45.31228257138975, 43.94064858900009, 43.94064858900009, 43.94064858900009, 43.650827499804066, 43.650827499804066, 43.650827499804066, 43.193282261144745, 43.193282261144745, 42.36038729122225, 42.36038729122225, 39.337041715334436, 39.337041715334436, 39.337041715334436, 39.337041715334436, 39.337041715334436, 39.337041715334436, 39.337041715334436], 
[45.309953257914145, 45.309953257914145, 44.65813539237963, 44.56847506050091, 44.56847506050091, 44.56847506050091, 43.90447855787842, 43.595231823191206, 42.0114681554309, 42.0114681554309, 41.82029558591878, 41.82029558591878, 41.82029558591878, 41.82029558591878, 41.82029558591878, 41.27725862636164, 39.54731033806327, 39.54731033806327, 39.54731033806327, 39.54731033806327], 
[46.25167003659532, 44.98153462439538, 44.98153462439538, 43.27642636560125, 43.27642636560125, 43.27642636560125, 42.36145164729463, 42.36145164729463, 40.077452781207725, 40.077452781207725, 40.077452781207725, 40.077452781207725, 40.077452781207725, 40.077452781207725, 40.077452781207725, 40.077452781207725, 40.077452781207725, 40.077452781207725, 40.077452781207725, 40.077452781207725], 
[45.257981397332074, 45.07098304940098, 45.07098304940098, 44.09078438870106, 43.553080835234574, 43.553080835234574, 43.553080835234574, 43.144699038051655, 42.56469310619653, 42.56469310619653, 42.56469310619653, 41.5100450819767, 41.5100450819767, 41.5100450819767, 41.5100450819767, 41.5100450819767, 41.5100450819767, 39.60466805908881, 39.60466805908881, 39.60466805908881], 
[45.886261727819004, 44.72783446563605, 43.09713595481822, 43.09713595481822, 43.09713595481822, 43.09713595481822, 42.94753393660933, 41.96195740613293, 41.96195740613293, 41.96195740613293, 41.96195740613293, 41.96195740613293, 41.96195740613293, 41.96195740613293, 41.96195740613293, 41.96195740613293, 41.96195740613293, 41.420436886267616, 41.420436886267616, 41.34525976608462], 
[44.9425561516, 44.9425561516, 44.9425561516, 43.894126942917104, 43.894126942917104, 43.134845778647716, 43.134845778647716, 43.134845778647716, 43.134845778647716, 43.134845778647716, 43.134845778647716, 42.55463118799713, 42.55463118799713, 42.55463118799713, 42.55463118799713, 42.55463118799713, 42.55463118799713, 42.55463118799713, 41.7704693063209, 40.868461773106915], 
[45.97432714328986, 44.895660696040125, 42.72340290439581, 40.531891412107505, 40.531891412107505, 40.531891412107505, 40.531891412107505, 40.531891412107505, 40.531891412107505, 40.531891412107505, 40.531891412107505, 39.23617003496112, 39.23617003496112, 39.23617003496112, 39.23617003496112, 39.23617003496112, 39.23617003496112, 39.23617003496112, 38.116738370069925, 37.614847699044965], 
[45.7740866295154, 45.7740866295154, 42.27389517677459, 42.27389517677459, 42.27389517677459, 42.27389517677459, 42.27389517677459, 42.27389517677459, 42.27389517677459, 42.27389517677459, 41.69770421572629, 40.47874473062134, 40.47874473062134, 40.47874473062134, 40.47874473062134, 40.47874473062134, 40.47874473062134, 40.47874473062134, 40.47874473062134, 40.027247012301274], 
[44.42331904698621, 44.42331904698621, 43.14403717634018, 43.14403717634018, 43.06899591562687, 43.06899591562687, 41.95140095222624, 41.95140095222624, 41.95140095222624, 41.95140095222624, 41.95140095222624, 41.95140095222624, 41.73102306448382, 41.73102306448382, 41.73102306448382, 40.98511573564069, 40.98511573564069, 40.98511573564069, 40.82156914733284, 40.82156914733284], 
[42.10429882450692, 42.10429882450692, 42.10429882450692, 42.10429882450692, 42.10429882450692, 42.10429882450692, 42.10429882450692, 41.34619027572223, 41.34619027572223, 41.34619027572223, 41.34619027572223, 40.87372349821117, 40.87372349821117, 40.87372349821117, 40.87372349821117, 40.87372349821117, 40.87372349821117, 40.87372349821117, 40.87372349821117, 39.58747391137621], 
[45.72479147963572, 43.4261903380732, 43.4261903380732, 43.4261903380732, 42.68538262063869, 42.68538262063869, 42.68538262063869, 42.68538262063869, 42.68538262063869, 42.68538262063869, 42.68538262063869, 42.68538262063869, 42.68538262063869, 42.68538262063869, 42.68538262063869, 42.68538262063869, 41.52976705099067, 41.52976705099067, 41.52976705099067, 41.52976705099067], 
[45.36625146980242, 43.81521574851606, 43.81521574851606, 42.17748819210266, 42.17748819210266, 39.92325472034518, 39.92325472034518, 39.92325472034518, 39.92325472034518, 39.92325472034518, 39.92325472034518, 39.92325472034518, 39.92325472034518, 39.92325472034518, 39.92325472034518, 39.92325472034518, 39.92325472034518, 39.58387840816302, 39.58387840816302, 39.58387840816302], 
[45.34699204588866, 45.34699204588866, 43.897984774633194, 41.11809897732622, 41.11809897732622, 41.11809897732622, 41.11809897732622, 41.11809897732622, 41.11809897732622, 41.11809897732622, 41.11809897732622, 41.11809897732622, 41.11809897732622, 41.11809897732622, 41.11809897732622, 41.11809897732622, 40.66113169086189, 40.66113169086189, 40.513058711985956, 40.513058711985956], 
[42.95241515867327, 41.01688330725987, 41.01688330725987, 41.01688330725987, 41.01688330725987, 41.01688330725987, 41.01688330725987, 41.01688330725987, 41.01688330725987, 41.01688330725987, 41.01688330725987, 41.01688330725987, 41.01688330725987, 41.01688330725987, 41.01688330725987, 41.01688330725987, 41.01688330725987, 41.01688330725987, 39.633610283222254, 39.633610283222254], 
