[2859953583.058987, 2365622823.7330804, 2349017411.5413065, 1718355904.650118, 1718355904.650118, 1618004772.8638012, 1618004772.8638012, 1618004772.8638012, 1618004772.8638012, 1618004772.8638012, 1618004772.8638012, 1213713460.570339, 1213713460.570339, 1213713460.570339, 1213713460.570339, 1213713460.570339, 1213713460.570339, 1213713460.570339, 1213713460.570339, 1213713460.570339], 
[1908850614.586429, 1328997497.2880633, 1328997497.2880633, 1328997497.2880633, 1328997497.2880633, 1328997497.2880633, 1328997497.2880633, 1328997497.2880633, 1328997497.2880633, 1328997497.2880633, 1328997497.2880633, 1328997497.2880633, 1145267776.040331, 1145267776.040331, 1145267776.040331, 1145267776.040331, 1145267776.040331, 1145267776.040331, 1145267776.040331, 1145267776.040331], 
[1529005662.385202, 1529005662.385202, 1529005662.385202, 1529005662.385202, 1529005662.385202, 1529005662.385202, 1529005662.385202, 1529005662.385202, 1529005662.385202, 1529005662.385202, 1529005662.385202, 1316400543.4116127, 1316400543.4116127, 1316400543.4116127, 1316400543.4116127, 1316400543.4116127, 983195629.3564734, 983195629.3564734, 983195629.3564734, 983195629.3564734], 
[1680886477.1287007, 1680886477.1287007, 1511557729.5952878, 1511557729.5952878, 1511557729.5952878, 1511557729.5952878, 1511557729.5952878, 1384029343.8480692, 1378627924.5054338, 1378627924.5054338, 1378627924.5054338, 1378627924.5054338, 1378627924.5054338, 1378627924.5054338, 1378627924.5054338, 1031108046.7632427, 1031108046.7632427, 1031108046.7632427, 1031108046.7632427, 1031108046.7632427], 
[2371884007.5117817, 2343454594.0207415, 1597174123.8085985, 1597174123.8085985, 1597174123.8085985, 1597174123.8085985, 1597174123.8085985, 1265102523.21382, 1265102523.21382, 1265102523.21382, 1265102523.21382, 1265102523.21382, 1265102523.21382, 1265102523.21382, 1265102523.21382, 1265102523.21382, 1265102523.21382, 1265102523.21382, 1265102523.21382, 1265102523.21382], 
[2228382548.7736397, 2197465170.7100124, 2197465170.7100124, 2197465170.7100124, 2197465170.7100124, 2197465170.7100124, 2197465170.7100124, 2197465170.7100124, 2197465170.7100124, 2197465170.7100124, 1327339883.7103047, 1327339883.7103047, 1327339883.7103047, 1327339883.7103047, 1327339883.7103047, 1327339883.7103047, 1327339883.7103047, 1327339883.7103047, 1327339883.7103047, 1327339883.7103047], 
[2063901843.6127393, 2063901843.6127393, 2063901843.6127393, 2063901843.6127393, 2063901843.6127393, 2017075564.4861648, 1619558761.8863127, 1619558761.8863127, 1619558761.8863127, 1619558761.8863127, 458778208.4960823, 458778208.4960823, 458778208.4960823, 458778208.4960823, 458778208.4960823, 458778208.4960823, 458778208.4960823, 458778208.4960823, 458778208.4960823, 458778208.4960823], 
[2413470204.596475, 2413470204.596475, 2413470204.596475, 2413470204.596475, 2413470204.596475, 2413470204.596475, 1964841103.4139457, 1630776584.2681296, 1630776584.2681296, 1630776584.2681296, 1630776584.2681296, 1630776584.2681296, 1630776584.2681296, 1630776584.2681296, 1630776584.2681296, 1630776584.2681296, 1630776584.2681296, 1557577456.0941148, 977970066.6699879, 977970066.6699879], 
[1496940058.672121, 999072333.3386731, 999072333.3386731, 999072333.3386731, 999072333.3386731, 999072333.3386731, 999072333.3386731, 999072333.3386731, 999072333.3386731, 999072333.3386731, 999072333.3386731, 999072333.3386731, 999072333.3386731, 999072333.3386731, 999072333.3386731, 999072333.3386731, 999072333.3386731, 999072333.3386731, 999072333.3386731, 999072333.3386731], 
[2492341421.249032, 2404952442.602172, 1495081851.8240867, 1495081851.8240867, 1495081851.8240867, 1495081851.8240867, 1495081851.8240867, 1495081851.8240867, 1495081851.8240867, 1495081851.8240867, 1495081851.8240867, 1096287991.551027, 1096287991.551027, 1096287991.551027, 1096287991.551027, 1096287991.551027, 1096287991.551027, 1096287991.551027, 1096287991.551027, 1096287991.551027], 
[2944924975.9849315, 1450441556.1610174, 1450441556.1610174, 1450441556.1610174, 1450441556.1610174, 1450441556.1610174, 1450441556.1610174, 1450441556.1610174, 1450441556.1610174, 1450441556.1610174, 1450441556.1610174, 1450441556.1610174, 1450441556.1610174, 1450441556.1610174, 1450441556.1610174, 1450441556.1610174, 1450441556.1610174, 1066051039.3798623, 1066051039.3798623, 1066051039.3798623], 
[1519310761.7677546, 1519310761.7677546, 1519310761.7677546, 1519310761.7677546, 1519310761.7677546, 1519310761.7677546, 1519310761.7677546, 1519310761.7677546, 1519310761.7677546, 1519310761.7677546, 1519310761.7677546, 1519310761.7677546, 1519310761.7677546, 1519310761.7677546, 1519310761.7677546, 1519310761.7677546, 1519310761.7677546, 1519310761.7677546, 1519310761.7677546, 841387163.0449938], 
[2464873575.1692452, 1815299343.35407, 1815299343.35407, 1475670133.1953511, 1375340908.5783024, 413350836.01582557, 413350836.01582557, 413350836.01582557, 413350836.01582557, 413350836.01582557, 413350836.01582557, 413350836.01582557, 413350836.01582557, 413350836.01582557, 413350836.01582557, 413350836.01582557, 413350836.01582557, 413350836.01582557, 413350836.01582557, 413350836.01582557], 
[2469219575.4571457, 2469219575.4571457, 2469219575.4571457, 2266319666.681642, 979187371.0357429, 979187371.0357429, 979187371.0357429, 979187371.0357429, 979187371.0357429, 979187371.0357429, 979187371.0357429, 979187371.0357429, 979187371.0357429, 979187371.0357429, 979187371.0357429, 979187371.0357429, 979187371.0357429, 979187371.0357429, 979187371.0357429, 979187371.0357429], 
[2008623440.1930983, 2008623440.1930983, 1880160182.9194176, 1880160182.9194176, 1170835413.7754614, 1170835413.7754614, 1170835413.7754614, 1170835413.7754614, 1170835413.7754614, 1170835413.7754614, 1170835413.7754614, 1170835413.7754614, 1170835413.7754614, 1170835413.7754614, 1170835413.7754614, 1170835413.7754614, 1170835413.7754614, 1170835413.7754614, 1170835413.7754614, 1170835413.7754614], 
[1823435092.664185, 1823435092.664185, 1823435092.664185, 1823435092.664185, 1815838576.5667415, 1501625915.5944517, 1501625915.5944517, 1501625915.5944517, 1501625915.5944517, 1501625915.5944517, 1501625915.5944517, 1501625915.5944517, 1501625915.5944517, 1246494166.2774024, 1246494166.2774024, 1246494166.2774024, 1246494166.2774024, 1246494166.2774024, 903650704.5082952, 903650704.5082952], 
[1137376846.9268327, 1137376846.9268327, 1137376846.9268327, 1137376846.9268327, 1137376846.9268327, 1137376846.9268327, 1137376846.9268327, 1137376846.9268327, 1137376846.9268327, 1137376846.9268327, 1137376846.9268327, 1137376846.9268327, 1137376846.9268327, 1137376846.9268327, 1137376846.9268327, 1062424730.1884946, 1062424730.1884946, 1062424730.1884946, 1062424730.1884946, 1062424730.1884946], 
[2536210150.591201, 1392149014.1701705, 1392149014.1701705, 1392149014.1701705, 1392149014.1701705, 1392149014.1701705, 1392149014.1701705, 1392149014.1701705, 1392149014.1701705, 1311383341.429226, 1311383341.429226, 1311383341.429226, 1311383341.429226, 1311383341.429226, 1311383341.429226, 1311383341.429226, 1311383341.429226, 1311383341.429226, 1311383341.429226, 1311383341.429226], 
[2767263930.2358704, 2767263930.2358704, 1745572564.274358, 1745572564.274358, 1666642085.6065953, 1666642085.6065953, 1666642085.6065953, 1082443099.2555351, 1082443099.2555351, 1082443099.2555351, 1082443099.2555351, 1082443099.2555351, 960561629.185096, 960561629.185096, 960561629.185096, 960561629.185096, 960561629.185096, 960561629.185096, 960561629.185096, 960561629.185096], 
[1551325512.5735335, 1551325512.5735335, 1551325512.5735335, 1551325512.5735335, 1551325512.5735335, 1551325512.5735335, 1551325512.5735335, 1551325512.5735335, 1551325512.5735335, 1551325512.5735335, 1551325512.5735335, 1551325512.5735335, 1551325512.5735335, 1551325512.5735335, 1551325512.5735335, 1551325512.5735335, 1551325512.5735335, 1551325512.5735335, 1551325512.5735335, 1551325512.5735335], 
[2680316749.8745728, 2680316749.8745728, 1697971744.048633, 1697971744.048633, 1304854552.1183, 1304854552.1183, 1304854552.1183, 1304854552.1183, 1304854552.1183, 1304854552.1183, 1304854552.1183, 1304854552.1183, 1304854552.1183, 1304854552.1183, 1304854552.1183, 1304854552.1183, 1304854552.1183, 1304854552.1183, 1304854552.1183, 1304854552.1183], 
[3011854619.671677, 2105366951.2178988, 1381093762.4333413, 1381093762.4333413, 1381093762.4333413, 1381093762.4333413, 1381093762.4333413, 1381093762.4333413, 1381093762.4333413, 1381093762.4333413, 1381093762.4333413, 1381093762.4333413, 1381093762.4333413, 1381093762.4333413, 1381093762.4333413, 1381093762.4333413, 1381093762.4333413, 1381093762.4333413, 1150085071.5764663, 1150085071.5764663], 
[1924287709.2475874, 1924287709.2475874, 1699045332.606529, 1699045332.606529, 1699045332.606529, 1699045332.606529, 1699045332.606529, 1699045332.606529, 1699045332.606529, 1699045332.606529, 1699045332.606529, 1699045332.606529, 1699045332.606529, 1699045332.606529, 1699045332.606529, 1699045332.606529, 1699045332.606529, 1699045332.606529, 1699045332.606529, 1699045332.606529], 
[2001547942.2268343, 1375551839.4383278, 1375551839.4383278, 1375551839.4383278, 1375551839.4383278, 1375551839.4383278, 1375551839.4383278, 1375551839.4383278, 1375551839.4383278, 1375551839.4383278, 1375551839.4383278, 1375551839.4383278, 1375551839.4383278, 1375551839.4383278, 1375551839.4383278, 1375551839.4383278, 1375551839.4383278, 1375551839.4383278, 1375551839.4383278, 1375551839.4383278], 
[2854618772.830297, 2192418890.2555995, 2192418890.2555995, 2192418890.2555995, 2192418890.2555995, 1994516277.3175137, 1994516277.3175137, 1824742346.2509334, 1824742346.2509334, 1824742346.2509334, 1222340326.1122139, 1157830151.5460129, 1157830151.5460129, 1157830151.5460129, 1157830151.5460129, 1157830151.5460129, 1157830151.5460129, 1157830151.5460129, 1157830151.5460129, 1157830151.5460129], 
[1257499019.2892373, 1257499019.2892373, 1257499019.2892373, 1257499019.2892373, 1257499019.2892373, 1257499019.2892373, 1257499019.2892373, 1257499019.2892373, 1257499019.2892373, 1257499019.2892373, 1257499019.2892373, 1257499019.2892373, 1257499019.2892373, 1257499019.2892373, 1257499019.2892373, 955685557.4738259, 955685557.4738259, 955685557.4738259, 955685557.4738259, 955685557.4738259], 
[2004857020.0953405, 2004857020.0953405, 2004857020.0953405, 2004857020.0953405, 2004857020.0953405, 2004857020.0953405, 2004857020.0953405, 2004857020.0953405, 1563018880.703404, 1563018880.703404, 1563018880.703404, 1563018880.703404, 1563018880.703404, 1563018880.703404, 1563018880.703404, 1563018880.703404, 1563018880.703404, 1563018880.703404, 1563018880.703404, 1563018880.703404], 
[2239642083.648857, 2239642083.648857, 2239642083.648857, 2239642083.648857, 1554770487.8494673, 1473355706.65924, 1473355706.65924, 1473355706.65924, 1473355706.65924, 788120842.0451115, 788120842.0451115, 788120842.0451115, 788120842.0451115, 788120842.0451115, 788120842.0451115, 788120842.0451115, 788120842.0451115, 788120842.0451115, 788120842.0451115, 788120842.0451115], 
[2153223890.8260264, 1549566511.8068833, 1549566511.8068833, 1549566511.8068833, 1549566511.8068833, 1549566511.8068833, 1549566511.8068833, 1442573149.0673325, 1442573149.0673325, 1442573149.0673325, 1442573149.0673325, 1442573149.0673325, 1442573149.0673325, 1442573149.0673325, 1442573149.0673325, 1442573149.0673325, 1442573149.0673325, 1442573149.0673325, 1442573149.0673325, 1442573149.0673325], 
[3220950012.1808276, 2737110329.102056, 1954302454.2619815, 1494398713.3144357, 1494398713.3144357, 1494398713.3144357, 1069467421.114322, 1069467421.114322, 1069467421.114322, 749412266.5859449, 749412266.5859449, 749412266.5859449, 749412266.5859449, 749412266.5859449, 749412266.5859449, 749412266.5859449, 749412266.5859449, 749412266.5859449, 749412266.5859449, 749412266.5859449], 
