[10116.77127709107, 9931.411114788318, 9931.411114788318, 9931.411114788318, 9497.076441145082, 9497.076441145082, 9497.076441145082, 9497.076441145082, 9497.076441145082, 9497.076441145082, 9497.076441145082, 9497.076441145082, 9497.076441145082, 9497.076441145082, 9497.076441145082, 9497.076441145082, 9497.076441145082, 9497.076441145082, 9497.076441145082, 9497.076441145082], 
[10244.915267912202, 10244.915267912202, 10244.915267912202, 10244.915267912202, 10244.915267912202, 10244.915267912202, 10004.5188293641, 10004.5188293641, 10004.5188293641, 10004.5188293641, 9869.39346254315, 9869.39346254315, 9869.39346254315, 9869.39346254315, 9740.672574529837, 9740.672574529837, 9594.110885128428, 9594.110885128428, 9594.110885128428, 9594.110885128428], 
[10368.40654978596, 10032.262582786176, 10032.262582786176, 10032.262582786176, 10032.262582786176, 10032.262582786176, 9104.824135858798, 9104.824135858798, 9104.824135858798, 9104.824135858798, 9104.824135858798, 9104.824135858798, 9104.824135858798, 9104.824135858798, 9104.824135858798, 9104.824135858798, 9104.824135858798, 9104.824135858798, 9104.824135858798, 9104.824135858798], 
[10657.298024762205, 10571.266765088894, 10058.913197727778, 10058.913197727778, 10058.913197727778, 10058.913197727778, 9816.515284636054, 9816.515284636054, 9816.515284636054, 9816.515284636054, 9632.081674530586, 9632.081674530586, 9632.081674530586, 9632.081674530586, 9632.081674530586, 9632.081674530586, 9632.081674530586, 9632.081674530586, 9632.081674530586, 9632.081674530586], 
[9489.022956713, 9410.464030733074, 9410.464030733074, 9410.464030733074, 9410.464030733074, 9410.464030733074, 9410.464030733074, 9410.464030733074, 9410.464030733074, 9410.464030733074, 9410.464030733074, 9410.464030733074, 9410.464030733074, 9410.464030733074, 9410.464030733074, 9410.464030733074, 9410.464030733074, 9410.464030733074, 9410.464030733074, 9410.464030733074], 
[11016.308465089434, 10742.857109430997, 10438.007589154393, 10207.912771334626, 10207.912771334626, 9606.977842488393, 9606.977842488393, 9606.977842488393, 9606.977842488393, 9606.977842488393, 9606.977842488393, 9606.977842488393, 9606.977842488393, 9606.977842488393, 9606.977842488393, 9606.977842488393, 9606.977842488393, 9606.977842488393, 9606.977842488393, 9606.977842488393], 
[10092.828372948386, 10092.828372948386, 10092.828372948386, 9653.649864064704, 9653.649864064704, 9653.649864064704, 9653.649864064704, 9653.649864064704, 9653.649864064704, 9653.649864064704, 9653.649864064704, 9653.649864064704, 9653.649864064704, 9653.649864064704, 9653.649864064704, 9653.649864064704, 9653.649864064704, 9653.649864064704, 9653.649864064704, 9653.649864064704], 
[9688.628808758791, 8907.325032424364, 8907.325032424364, 8907.325032424364, 8907.325032424364, 8907.325032424364, 8907.325032424364, 8907.325032424364, 8907.325032424364, 8907.325032424364, 8907.325032424364, 8907.325032424364, 8907.325032424364, 8907.325032424364, 8907.325032424364, 8907.325032424364, 8907.325032424364, 8907.325032424364, 8907.325032424364, 8907.325032424364], 
[10539.056492431955, 10195.169970908148, 10195.169970908148, 10195.169970908148, 10195.169970908148, 10195.169970908148, 10195.169970908148, 9211.408752007907, 9211.408752007907, 9211.408752007907, 9211.408752007907, 9211.408752007907, 9211.408752007907, 9211.408752007907, 9211.408752007907, 9211.408752007907, 9211.408752007907, 9211.408752007907, 9211.408752007907, 9211.408752007907], 
[10453.646708811262, 10346.056756672804, 10223.332443955345, 10223.332443955345, 9566.218190318039, 9566.218190318039, 9566.218190318039, 9566.218190318039, 9566.218190318039, 8660.93229431939, 8660.93229431939, 8660.93229431939, 8660.93229431939, 8660.93229431939, 8660.93229431939, 8660.93229431939, 8660.93229431939, 8660.93229431939, 8660.93229431939, 8660.93229431939], 
[9816.536477861962, 9816.536477861962, 8996.99415129205, 8996.99415129205, 8996.99415129205, 8996.99415129205, 8996.99415129205, 8996.99415129205, 8996.99415129205, 8996.99415129205, 8996.99415129205, 8996.99415129205, 8996.99415129205, 8996.99415129205, 8996.99415129205, 8996.99415129205, 8996.99415129205, 8996.99415129205, 8996.99415129205, 8996.99415129205], 
[9339.663872352257, 9339.663872352257, 9339.663872352257, 9067.558358569895, 9067.558358569895, 9067.558358569895, 9067.558358569895, 9067.558358569895, 9067.558358569895, 9067.558358569895, 9067.558358569895, 9067.558358569895, 9067.558358569895, 9067.558358569895, 9067.558358569895, 9067.558358569895, 9067.558358569895, 9067.558358569895, 9067.558358569895, 9067.558358569895], 
[8933.475879540225, 8933.475879540225, 8933.475879540225, 8933.475879540225, 8933.475879540225, 8933.475879540225, 8933.475879540225, 8933.475879540225, 8933.475879540225, 8933.475879540225, 8933.475879540225, 8933.475879540225, 8933.475879540225, 8933.475879540225, 8933.475879540225, 8933.475879540225, 8933.475879540225, 8933.475879540225, 8933.475879540225, 8933.475879540225], 
[9222.02016036556, 9222.02016036556, 9222.02016036556, 9222.02016036556, 9222.02016036556, 9222.02016036556, 9222.02016036556, 9222.02016036556, 9222.02016036556, 9222.02016036556, 9222.02016036556, 9222.02016036556, 9222.02016036556, 9222.02016036556, 9222.02016036556, 9222.02016036556, 9222.02016036556, 9222.02016036556, 9222.02016036556, 9222.02016036556], 
[10278.903477335443, 10278.903477335443, 10278.903477335443, 10172.848200148284, 10172.848200148284, 9763.215996534289, 9763.215996534289, 9763.215996534289, 9763.215996534289, 9763.215996534289, 9763.215996534289, 9763.215996534289, 9648.557492514914, 9648.557492514914, 9648.557492514914, 9648.557492514914, 9648.557492514914, 9648.557492514914, 9648.557492514914, 9648.557492514914], 
[10508.056875911532, 10508.056875911532, 10508.056875911532, 10508.056875911532, 10192.62099770172, 10192.62099770172, 10192.62099770172, 10192.62099770172, 9950.794914913753, 9950.794914913753, 9950.794914913753, 9950.794914913753, 9514.03237657391, 9514.03237657391, 9514.03237657391, 9514.03237657391, 9514.03237657391, 9514.03237657391, 9514.03237657391, 9514.03237657391], 
[10406.564998549566, 10243.54511702128, 8769.78712403467, 8769.78712403467, 8769.78712403467, 8769.78712403467, 8769.78712403467, 8769.78712403467, 8769.78712403467, 8769.78712403467, 8769.78712403467, 8769.78712403467, 8769.78712403467, 8769.78712403467, 8769.78712403467, 8769.78712403467, 8769.78712403467, 8769.78712403467, 8769.78712403467, 8769.78712403467], 
[10140.802632713594, 10140.802632713594, 9872.325768351388, 9872.325768351388, 9872.325768351388, 9872.325768351388, 9872.325768351388, 9872.325768351388, 9872.325768351388, 9872.325768351388, 9872.325768351388, 9872.325768351388, 9872.325768351388, 9872.325768351388, 9872.325768351388, 9872.325768351388, 9872.325768351388, 9872.325768351388, 9872.325768351388, 9767.495393570189], 
[10714.468965121354, 10466.073525943555, 10444.03409252037, 10040.82154303544, 10040.82154303544, 10040.82154303544, 10040.82154303544, 10040.82154303544, 10040.82154303544, 9995.9671528928, 9995.9671528928, 9926.741857960078, 9228.076548768344, 9228.076548768344, 9228.076548768344, 9228.076548768344, 9228.076548768344, 9228.076548768344, 9228.076548768344, 9228.076548768344], 
[9857.606197859386, 9530.285277860794, 9530.285277860794, 9530.285277860794, 9530.285277860794, 9530.285277860794, 9530.285277860794, 9530.285277860794, 9530.285277860794, 9530.285277860794, 9530.285277860794, 9530.285277860794, 9530.285277860794, 9530.285277860794, 9530.285277860794, 9530.285277860794, 9530.285277860794, 9530.285277860794, 9530.285277860794, 9530.285277860794], 
[10643.79235566406, 10165.858708392296, 10165.858708392296, 10165.858708392296, 10165.858708392296, 9484.501718703978, 9484.501718703978, 9484.501718703978, 9484.501718703978, 9484.501718703978, 9484.501718703978, 9484.501718703978, 9484.501718703978, 9484.501718703978, 9484.501718703978, 9484.501718703978, 9484.501718703978, 9484.501718703978, 9484.501718703978, 9484.501718703978], 
[10533.2405790598, 10533.2405790598, 10342.527315604673, 10342.527315604673, 10136.652345640225, 10080.544548307187, 10080.544548307187, 10080.544548307187, 10080.544548307187, 10080.544548307187, 10080.544548307187, 10080.544548307187, 10080.544548307187, 10080.544548307187, 10080.544548307187, 9834.246789911793, 9016.95808979127, 9016.95808979127, 9016.95808979127, 9016.95808979127], 
[10532.313216726516, 9570.024228095277, 9570.024228095277, 9570.024228095277, 9570.024228095277, 9570.024228095277, 9570.024228095277, 9570.024228095277, 9546.265837688909, 9546.265837688909, 9546.265837688909, 9546.265837688909, 9546.265837688909, 9546.265837688909, 9546.265837688909, 9546.265837688909, 9546.265837688909, 9546.265837688909, 9546.265837688909, 9546.265837688909], 
[10265.833330049541, 9804.883487613924, 9804.883487613924, 9804.883487613924, 9713.168757776943, 9713.168757776943, 9713.168757776943, 9713.168757776943, 9713.168757776943, 9713.168757776943, 9713.168757776943, 9713.168757776943, 9713.168757776943, 9713.168757776943, 9713.168757776943, 9713.168757776943, 9713.168757776943, 8617.040099852384, 8617.040099852384, 8617.040099852384], 
[8347.166960600094, 8347.166960600094, 8347.166960600094, 8347.166960600094, 8347.166960600094, 8347.166960600094, 8347.166960600094, 8347.166960600094, 8347.166960600094, 8347.166960600094, 8347.166960600094, 8347.166960600094, 8347.166960600094, 8347.166960600094, 8347.166960600094, 8347.166960600094, 8347.166960600094, 8347.166960600094, 8347.166960600094, 8347.166960600094], 
[10673.978718097153, 10673.978718097153, 10673.978718097153, 10357.331936358838, 10357.331936358838, 9761.36761656852, 9761.36761656852, 9740.814823407396, 9740.814823407396, 9740.814823407396, 9740.814823407396, 9740.814823407396, 9740.814823407396, 9740.814823407396, 9282.021748660385, 9282.021748660385, 9282.021748660385, 9282.021748660385, 9282.021748660385, 9282.021748660385], 
[10620.523726800242, 10413.847286246459, 9715.891220005613, 9715.891220005613, 9715.891220005613, 9715.891220005613, 9715.891220005613, 9715.891220005613, 9715.891220005613, 9715.891220005613, 9715.891220005613, 9715.891220005613, 9715.891220005613, 9699.267661551146, 9699.267661551146, 9699.267661551146, 9699.267661551146, 9699.267661551146, 9699.267661551146, 9699.267661551146], 
[10554.242700688479, 10554.242700688479, 10457.246260999153, 9939.122655000181, 9939.122655000181, 9939.122655000181, 9939.122655000181, 9939.122655000181, 9463.72564106752, 9463.72564106752, 9463.72564106752, 9463.72564106752, 9463.72564106752, 9463.72564106752, 9463.72564106752, 9463.72564106752, 9463.72564106752, 9463.72564106752, 9463.72564106752, 9463.72564106752], 
[10583.17869077856, 10070.128631923892, 10060.07074436091, 10060.07074436091, 10060.07074436091, 10060.07074436091, 10060.07074436091, 10060.07074436091, 10060.07074436091, 10060.07074436091, 10060.07074436091, 10060.07074436091, 10060.07074436091, 9736.476394872652, 9700.956604749188, 9700.956604749188, 9700.956604749188, 9700.956604749188, 9700.956604749188, 9700.956604749188], 
[10393.161932245415, 10344.543150955202, 10021.856096436723, 10021.856096436723, 10021.856096436723, 10021.856096436723, 9977.178097784717, 9977.178097784717, 9676.811947728742, 9676.811947728742, 9344.434039133022, 9344.434039133022, 9344.434039133022, 9344.434039133022, 9344.434039133022, 9344.434039133022, 9344.434039133022, 9344.434039133022, 9206.676884555282, 9206.676884555282], 
