[1765.504040948834, 1751.8436310439292, 1751.8436310439292, 1751.8436310439292, 1751.8436310439292, 1751.8436310439292, 1751.8436310439292, 1751.8436310439292, 1642.1204596014773, 1642.1204596014773, 1642.1204596014773, 1642.1204596014773, 1642.1204596014773, 1642.1204596014773, 1642.1204596014773, 1642.1204596014773, 1642.1204596014773, 1642.1204596014773, 1642.1204596014773, 1642.1204596014773], 
[1939.428711919806, 1910.4052783147288, 1910.4052783147288, 1910.4052783147288, 1891.809390606631, 1738.9395521804809, 1738.9395521804809, 1738.9395521804809, 1738.9395521804809, 1738.9395521804809, 1691.2033906817273, 1691.2033906817273, 1691.2033906817273, 1691.2033906817273, 1691.2033906817273, 1691.2033906817273, 1691.2033906817273, 1691.2033906817273, 1691.2033906817273, 1691.2033906817273], 
[1899.0375593699855, 1899.0375593699855, 1899.0375593699855, 1799.092135084074, 1799.092135084074, 1788.2648468087543, 1788.2648468087543, 1788.2648468087543, 1788.2648468087543, 1788.2648468087543, 1788.2648468087543, 1788.2648468087543, 1788.2648468087543, 1788.2648468087543, 1784.1210459674776, 1784.1210459674776, 1784.1210459674776, 1704.948111112793, 1704.948111112793, 1704.948111112793], 
[1801.7078866086376, 1801.7078866086376, 1670.6531319429735, 1670.6531319429735, 1670.6531319429735, 1670.6531319429735, 1670.6531319429735, 1670.6531319429735, 1670.6531319429735, 1670.6531319429735, 1670.6531319429735, 1638.3282629709447, 1638.3282629709447, 1638.3282629709447, 1638.3282629709447, 1638.3282629709447, 1638.3282629709447, 1638.3282629709447, 1638.3282629709447, 1638.3282629709447], 
[1926.915926653934, 1913.6837034825107, 1861.5812635229158, 1745.501329122652, 1647.0677721474638, 1647.0677721474638, 1647.0677721474638, 1647.0677721474638, 1647.0677721474638, 1647.0677721474638, 1647.0677721474638, 1647.0677721474638, 1647.0677721474638, 1647.0677721474638, 1647.0677721474638, 1647.0677721474638, 1647.0677721474638, 1647.0677721474638, 1647.0677721474638, 1647.0677721474638], 
[2108.1352741835076, 1940.8814855977253, 1755.2524937637195, 1755.2524937637195, 1755.2524937637195, 1755.2524937637195, 1755.2524937637195, 1755.2524937637195, 1735.3313492822422, 1735.3313492822422, 1735.3313492822422, 1735.3313492822422, 1735.3313492822422, 1735.3313492822422, 1735.3313492822422, 1735.3313492822422, 1735.3313492822422, 1735.3313492822422, 1735.3313492822422, 1735.3313492822422], 
[1883.8233698017193, 1779.8389421613433, 1779.8389421613433, 1779.8389421613433, 1779.8389421613433, 1779.8389421613433, 1779.8389421613433, 1779.8389421613433, 1779.8389421613433, 1779.8389421613433, 1779.8389421613433, 1779.8389421613433, 1779.8389421613433, 1779.8389421613433, 1779.8389421613433, 1736.8195154366617, 1736.8195154366617, 1736.8195154366617, 1736.8195154366617, 1736.8195154366617], 
[1668.3676455515727, 1668.3676455515727, 1668.3676455515727, 1668.3676455515727, 1668.3676455515727, 1668.3676455515727, 1668.3676455515727, 1668.3676455515727, 1668.3676455515727, 1668.3676455515727, 1668.3676455515727, 1668.3676455515727, 1668.3676455515727, 1668.3676455515727, 1668.3676455515727, 1668.3676455515727, 1668.3676455515727, 1668.3676455515727, 1668.3676455515727, 1668.3676455515727], 
[1915.9229938920805, 1915.9229938920805, 1856.0970803971913, 1856.0970803971913, 1813.376404149753, 1813.376404149753, 1813.376404149753, 1813.376404149753, 1813.376404149753, 1707.4154860576932, 1707.4154860576932, 1707.4154860576932, 1707.4154860576932, 1707.4154860576932, 1707.4154860576932, 1707.4154860576932, 1707.4154860576932, 1707.4154860576932, 1707.4154860576932, 1707.4154860576932], 
[2064.3369702520695, 2064.3369702520695, 1996.3440827755028, 1918.7261492772398, 1906.9149136424912, 1709.1816955163742, 1709.1816955163742, 1709.1816955163742, 1709.1816955163742, 1709.1816955163742, 1709.1816955163742, 1709.1816955163742, 1709.1816955163742, 1709.1816955163742, 1709.1816955163742, 1709.1816955163742, 1709.1816955163742, 1709.1816955163742, 1709.1816955163742, 1709.1816955163742], 
[1976.4235738181146, 1976.4235738181146, 1834.1883654728906, 1834.1883654728906, 1735.533113873357, 1735.533113873357, 1735.533113873357, 1735.533113873357, 1735.533113873357, 1735.533113873357, 1735.533113873357, 1735.533113873357, 1623.1283038602025, 1623.1283038602025, 1623.1283038602025, 1623.1283038602025, 1623.1283038602025, 1623.1283038602025, 1623.1283038602025, 1623.1283038602025], 
[1757.6444104588481, 1757.6444104588481, 1757.6444104588481, 1703.2735504198022, 1703.2735504198022, 1703.2735504198022, 1703.2735504198022, 1703.2735504198022, 1703.2735504198022, 1703.2735504198022, 1703.2735504198022, 1703.2735504198022, 1703.2735504198022, 1703.2735504198022, 1703.2735504198022, 1703.2735504198022, 1670.4744575830216, 1670.4744575830216, 1670.4744575830216, 1670.4744575830216], 
[1893.4843064430152, 1812.8367094322646, 1812.8367094322646, 1812.8367094322646, 1812.8367094322646, 1812.8367094322646, 1804.6998538708585, 1804.6998538708585, 1767.6207717868538, 1767.6207717868538, 1676.358519683021, 1676.358519683021, 1676.358519683021, 1676.358519683021, 1676.358519683021, 1676.358519683021, 1676.358519683021, 1676.358519683021, 1676.358519683021, 1676.358519683021], 
[1926.832332987509, 1886.482259730085, 1807.6903330376686, 1807.6903330376686, 1807.6903330376686, 1807.6903330376686, 1807.6903330376686, 1807.6903330376686, 1807.6903330376686, 1807.6903330376686, 1807.6903330376686, 1807.6903330376686, 1807.6903330376686, 1807.6903330376686, 1807.6903330376686, 1807.6903330376686, 1807.6903330376686, 1694.6320958808187, 1694.6320958808187, 1662.4734037933792], 
[2013.576857838032, 1733.3113162294994, 1733.3113162294994, 1645.9286035144664, 1645.9286035144664, 1645.9286035144664, 1645.9286035144664, 1645.9286035144664, 1645.9286035144664, 1645.9286035144664, 1645.9286035144664, 1645.9286035144664, 1645.9286035144664, 1645.9286035144664, 1645.9286035144664, 1645.9286035144664, 1645.9286035144664, 1645.9286035144664, 1645.9286035144664, 1645.9286035144664], 
[2052.7239138229606, 1895.0292549719968, 1881.1278268809656, 1881.1278268809656, 1858.253002727597, 1858.253002727597, 1858.253002727597, 1858.253002727597, 1692.1610572700397, 1692.1610572700397, 1692.1610572700397, 1686.8339582000024, 1686.8339582000024, 1686.8339582000024, 1661.8325878265393, 1661.8325878265393, 1661.8325878265393, 1661.8325878265393, 1661.8325878265393, 1661.8325878265393], 
[1873.257282114258, 1836.690170527558, 1772.3645025317176, 1713.5153207565922, 1713.5153207565922, 1713.5153207565922, 1713.5153207565922, 1713.5153207565922, 1713.5153207565922, 1713.5153207565922, 1713.5153207565922, 1713.5153207565922, 1713.5153207565922, 1713.5153207565922, 1713.5153207565922, 1713.5153207565922, 1713.5153207565922, 1713.5153207565922, 1713.5153207565922, 1713.5153207565922], 
[1933.345750198284, 1818.840808250972, 1818.840808250972, 1818.840808250972, 1818.840808250972, 1818.840808250972, 1818.840808250972, 1767.7841593470264, 1767.7841593470264, 1767.7841593470264, 1767.7841593470264, 1767.7841593470264, 1767.7841593470264, 1708.8702741007407, 1708.8702741007407, 1708.8702741007407, 1708.8702741007407, 1708.8702741007407, 1708.8702741007407, 1708.8702741007407], 
[2029.058080220779, 1767.6701328560466, 1767.6701328560466, 1764.2399653087068, 1764.2399653087068, 1664.9268579307538, 1664.9268579307538, 1664.9268579307538, 1664.9268579307538, 1664.9268579307538, 1664.9268579307538, 1664.9268579307538, 1664.9268579307538, 1664.9268579307538, 1664.9268579307538, 1664.9268579307538, 1664.9268579307538, 1664.9268579307538, 1664.9268579307538, 1664.9268579307538], 
[1941.2907411063625, 1941.2907411063625, 1941.2907411063625, 1911.2329063698533, 1792.7325672088868, 1792.7325672088868, 1792.7325672088868, 1792.7325672088868, 1792.7325672088868, 1792.7325672088868, 1792.7325672088868, 1773.5019783824137, 1773.5019783824137, 1773.5019783824137, 1773.5019783824137, 1773.5019783824137, 1773.5019783824137, 1773.5019783824137, 1773.5019783824137, 1773.5019783824137], 
[2103.7947103186143, 1827.8525424622658, 1813.543470658332, 1813.543470658332, 1813.543470658332, 1788.9101011534854, 1788.9101011534854, 1788.9101011534854, 1773.687063573952, 1773.687063573952, 1773.687063573952, 1773.687063573952, 1773.687063573952, 1773.687063573952, 1773.687063573952, 1773.687063573952, 1773.687063573952, 1773.687063573952, 1773.687063573952, 1773.687063573952], 
[1880.9845411140263, 1880.9845411140263, 1880.9845411140263, 1756.9452730342066, 1756.9452730342066, 1756.9452730342066, 1756.9452730342066, 1694.2043924301518, 1694.2043924301518, 1694.2043924301518, 1694.2043924301518, 1694.2043924301518, 1694.2043924301518, 1694.2043924301518, 1694.2043924301518, 1694.2043924301518, 1694.2043924301518, 1694.2043924301518, 1694.2043924301518, 1681.9323734407362], 
[1955.6746261512717, 1955.6746261512717, 1955.6746261512717, 1839.779372578755, 1821.2413491052857, 1821.2413491052857, 1821.2413491052857, 1719.9086572312533, 1719.9086572312533, 1719.9086572312533, 1719.9086572312533, 1719.9086572312533, 1719.9086572312533, 1719.9086572312533, 1719.9086572312533, 1719.9086572312533, 1719.9086572312533, 1719.9086572312533, 1719.9086572312533, 1719.9086572312533], 
[2201.044948486711, 1920.8188126321465, 1846.360204626164, 1709.4526439000865, 1709.4526439000865, 1709.4526439000865, 1709.4526439000865, 1709.4526439000865, 1709.4526439000865, 1709.4526439000865, 1709.4526439000865, 1709.4526439000865, 1709.4526439000865, 1709.4526439000865, 1709.4526439000865, 1709.4526439000865, 1709.4526439000865, 1709.4526439000865, 1688.0213843936488, 1688.0213843936488], 
[1975.6019478402204, 1926.2187155027832, 1753.6824910927012, 1753.6824910927012, 1753.6824910927012, 1695.1708366426224, 1695.1708366426224, 1695.1708366426224, 1695.1708366426224, 1695.1708366426224, 1695.1708366426224, 1695.1708366426224, 1695.1708366426224, 1695.1708366426224, 1695.1708366426224, 1695.1708366426224, 1695.1708366426224, 1695.1708366426224, 1695.1708366426224, 1695.1708366426224], 
[1918.0136176646738, 1795.1536315043577, 1795.1536315043577, 1795.1536315043577, 1789.6233749214505, 1789.6233749214505, 1789.6233749214505, 1789.6233749214505, 1789.6233749214505, 1789.6233749214505, 1789.6233749214505, 1789.6233749214505, 1789.6233749214505, 1789.6233749214505, 1743.6040568293672, 1743.6040568293672, 1743.6040568293672, 1743.6040568293672, 1743.6040568293672, 1743.6040568293672], 
[1745.8146937448969, 1745.8146937448969, 1745.8146937448969, 1745.8146937448969, 1745.8146937448969, 1745.8146937448969, 1745.8146937448969, 1745.8146937448969, 1745.8146937448969, 1745.8146937448969, 1745.8146937448969, 1745.8146937448969, 1745.8146937448969, 1745.8146937448969, 1745.8146937448969, 1718.0063686280437, 1718.0063686280437, 1718.0063686280437, 1718.0063686280437, 1710.1276025772115], 
[2050.243648142284, 1738.612853244078, 1738.612853244078, 1738.612853244078, 1652.5024900323529, 1652.5024900323529, 1652.5024900323529, 1652.5024900323529, 1652.5024900323529, 1652.5024900323529, 1652.5024900323529, 1652.5024900323529, 1652.5024900323529, 1652.5024900323529, 1652.5024900323529, 1652.5024900323529, 1652.5024900323529, 1652.5024900323529, 1652.5024900323529, 1652.5024900323529], 
[1960.6782057649204, 1857.5221713610786, 1779.2865011461727, 1779.2865011461727, 1779.2255257721952, 1779.2255257721952, 1779.2255257721952, 1779.2255257721952, 1779.2255257721952, 1779.2255257721952, 1779.2255257721952, 1779.2255257721952, 1779.2255257721952, 1761.614136989885, 1761.614136989885, 1683.4220333593228, 1683.4220333593228, 1683.4220333593228, 1683.4220333593228, 1683.4220333593228], 
[1877.087495779458, 1877.087495779458, 1745.1876273245061, 1745.1876273245061, 1745.1876273245061, 1745.1876273245061, 1745.1876273245061, 1745.1876273245061, 1745.1876273245061, 1745.1876273245061, 1745.1876273245061, 1745.1876273245061, 1745.1876273245061, 1745.1876273245061, 1745.1876273245061, 1740.437647922312, 1740.437647922312, 1703.0950322733572, 1703.0950322733572, 1703.0950322733572], 
