[6664.205456242853, 6664.205456242853, 6664.205456242853, 6664.205456242853, 6664.205456242853, 6664.205456242853, 6664.205456242853, 6664.205456242853, 6664.205456242853, 6664.205456242853, 6664.205456242853, 6664.205456242853, 6664.205456242853, 6664.205456242853, 6664.205456242853, 6664.205456242853, 6664.205456242853, 5652.017248375914, 5652.017248375914, 5652.017248375914], 
[11206.375371184591, 8652.058336095299, 8652.058336095299, 8652.058336095299, 7534.696389403565, 7534.696389403565, 7270.996233014571, 7270.996233014571, 7270.996233014571, 7270.996233014571, 7270.996233014571, 7270.996233014571, 7270.996233014571, 7270.996233014571, 7270.996233014571, 7270.996233014571, 7270.996233014571, 7270.996233014571, 7270.996233014571, 7270.996233014571], 
[9663.030882216823, 8237.725376434251, 8237.725376434251, 8237.725376434251, 8237.725376434251, 8237.725376434251, 8237.725376434251, 8237.725376434251, 8237.725376434251, 8237.725376434251, 8061.845134265095, 8061.845134265095, 8061.845134265095, 8061.845134265095, 8061.845134265095, 8061.845134265095, 8061.845134265095, 8061.845134265095, 8061.845134265095, 8061.845134265095], 
[9906.934211871408, 8941.503071735731, 8647.596135189588, 8647.596135189588, 8270.532371785257, 8198.351536787392, 8198.351536787392, 8198.351536787392, 8198.351536787392, 7174.821623570504, 7174.821623570504, 7174.821623570504, 7174.821623570504, 7174.821623570504, 7174.821623570504, 7174.821623570504, 7174.821623570504, 7174.821623570504, 7174.821623570504, 7174.821623570504], 
[9896.174718367838, 9845.825874081378, 9225.36900112692, 9225.36900112692, 9225.36900112692, 9225.36900112692, 9225.36900112692, 8130.3604968373775, 8130.3604968373775, 8130.3604968373775, 8130.3604968373775, 8130.3604968373775, 7578.0006088822, 7578.0006088822, 7578.0006088822, 7578.0006088822, 7578.0006088822, 7578.0006088822, 7578.0006088822, 7578.0006088822], 
[10078.351855365278, 10008.488408239355, 10008.488408239355, 10008.488408239355, 9234.480439488601, 9234.480439488601, 9234.480439488601, 9234.480439488601, 6828.276202504182, 6828.276202504182, 6828.276202504182, 6828.276202504182, 6828.276202504182, 6828.276202504182, 6828.276202504182, 6828.276202504182, 6828.276202504182, 6828.276202504182, 6828.276202504182, 6828.276202504182], 
[9090.422254735968, 7554.215608606993, 7554.215608606993, 7554.215608606993, 7554.215608606993, 7554.215608606993, 7554.215608606993, 7554.215608606993, 7554.215608606993, 7554.215608606993, 7554.215608606993, 7554.215608606993, 7554.215608606993, 7554.215608606993, 7554.215608606993, 7554.215608606993, 7554.215608606993, 7554.215608606993, 7554.215608606993, 7554.215608606993], 
[10225.50143160694, 10225.50143160694, 9128.619322241555, 9128.619322241555, 7363.172119730417, 7363.172119730417, 7363.172119730417, 7363.172119730417, 7363.172119730417, 7363.172119730417, 7363.172119730417, 7363.172119730417, 7363.172119730417, 7363.172119730417, 7363.172119730417, 7363.172119730417, 7363.172119730417, 7363.172119730417, 7182.00907143642, 7182.00907143642], 
[7837.800686529023, 7837.800686529023, 7837.800686529023, 7837.800686529023, 7837.800686529023, 7358.215049107985, 7358.215049107985, 7358.215049107985, 7358.215049107985, 7358.215049107985, 7358.215049107985, 7358.215049107985, 7358.215049107985, 7358.215049107985, 7358.215049107985, 7358.215049107985, 7358.215049107985, 7358.215049107985, 7358.215049107985, 7358.215049107985], 
[7907.047123997859, 7907.047123997859, 7907.047123997859, 7907.047123997859, 7907.047123997859, 7907.047123997859, 7907.047123997859, 7903.7752291148445, 7903.7752291148445, 7903.7752291148445, 7903.7752291148445, 7903.7752291148445, 7903.7752291148445, 7903.7752291148445, 7903.7752291148445, 7903.7752291148445, 7903.7752291148445, 7799.932815970041, 7449.055976325475, 7449.055976325475], 
[11284.591113501145, 8230.079057684168, 8230.079057684168, 8230.079057684168, 7623.593712772734, 7623.593712772734, 7623.593712772734, 7623.593712772734, 7623.593712772734, 7623.593712772734, 7623.593712772734, 7623.593712772734, 7623.593712772734, 7623.593712772734, 7623.593712772734, 7623.593712772734, 7623.593712772734, 7623.593712772734, 7623.593712772734, 7623.593712772734], 
[10115.43700764568, 9140.7188507999, 9140.7188507999, 9140.7188507999, 8582.086572579938, 7848.424661989086, 7231.301731156891, 7231.301731156891, 7204.721363112985, 7204.721363112985, 7204.721363112985, 7204.721363112985, 7204.721363112985, 7204.721363112985, 7204.721363112985, 7204.721363112985, 7204.721363112985, 7204.721363112985, 7204.721363112985, 7204.721363112985], 
[9596.16191114085, 9114.620882279854, 7004.078617964408, 7004.078617964408, 7004.078617964408, 7004.078617964408, 7004.078617964408, 7004.078617964408, 7004.078617964408, 7004.078617964408, 7004.078617964408, 7004.078617964408, 7004.078617964408, 7004.078617964408, 7004.078617964408, 7004.078617964408, 7004.078617964408, 7004.078617964408, 7004.078617964408, 7004.078617964408], 
[9140.067504420602, 9140.067504420602, 9140.067504420602, 9140.067504420602, 7718.349598392629, 7718.349598392629, 7520.036855954057, 7520.036855954057, 7520.036855954057, 7520.036855954057, 7520.036855954057, 7520.036855954057, 7520.036855954057, 7520.036855954057, 7520.036855954057, 7520.036855954057, 7520.036855954057, 7520.036855954057, 7520.036855954057, 7520.036855954057], 
[9173.511250275084, 9173.511250275084, 9173.511250275084, 9173.511250275084, 9173.511250275084, 9173.511250275084, 9173.511250275084, 9173.511250275084, 9173.511250275084, 7140.296615672269, 7140.296615672269, 7140.296615672269, 7140.296615672269, 7140.296615672269, 7140.296615672269, 7140.296615672269, 7140.296615672269, 7140.296615672269, 7140.296615672269, 7140.296615672269], 
