[1.0427588914751585e+20, 1.3178522916945648e+16, 1.3178522916945648e+16, 1.3178522916945648e+16, 1.3178522916945648e+16, 1.3178522916945648e+16, 1.3178522916945648e+16, 1.3178522916945648e+16, 1.3178522916945648e+16, 1.3178522916945648e+16, 1.3178522916945648e+16, 1.3178522916945648e+16, 1.3178522916945648e+16, 1.3178522916945648e+16, 1.3178522916945648e+16, 1.3178522916945648e+16, 1.3178522916945648e+16, 1.3178522916945648e+16, 1.3178522916945648e+16, 1.3178522916945648e+16], 
[1513873212887890.8, 1513873212887890.8, 1513873212887890.8, 1513873212887890.8, 1513873212887890.8, 1513873212887890.8, 1513873212887890.8, 1513873212887890.8, 1513873212887890.8, 1513873212887890.8, 1513873212887890.8, 1513873212887890.8, 1513873212887890.8, 1513873212887890.8, 1513873212887890.8, 1513873212887890.8, 1513873212887890.8, 1513873212887890.8, 1513873212887890.8, 1513873212887890.8], 
[3.8740523506920326e+17, 3.8009586055884134e+17, 3.8009586055884134e+17, 3.8009586055884134e+17, 3.8009586055884134e+17, 3.8009586055884134e+17, 20907693158785.832, 20907693158785.832, 20907693158785.832, 20907693158785.832, 20907693158785.832, 20907693158785.832, 20907693158785.832, 20907693158785.832, 20907693158785.832, 20907693158785.832, 20907693158785.832, 20907693158785.832, 20907693158785.832, 20907693158785.832], 
[6.133961506293733e+20, 1.6398151579770718e+16, 1.6398151579770718e+16, 1.6398151579770718e+16, 1.6398151579770718e+16, 1.6398151579770718e+16, 1.6398151579770718e+16, 1.6398151579770718e+16, 1.6398151579770718e+16, 1.6398151579770718e+16, 1.6398151579770718e+16, 1.6398151579770718e+16, 1.6398151579770718e+16, 1.6398151579770718e+16, 1.6398151579770718e+16, 1.6398151579770718e+16, 1.6398151579770718e+16, 1.6398151579770718e+16, 1.6398151579770718e+16, 1.6398151579770718e+16], 
[5.483754322806687e+18, 4.72840964951424e+18, 4.418332918403483e+18, 4.418332918403483e+18, 4.418332918403483e+18, 4.418332918403483e+18, 2520934225178.7275, 2520934225178.7275, 2520934225178.7275, 2520934225178.7275, 2520934225178.7275, 2520934225178.7275, 2520934225178.7275, 2520934225178.7275, 2520934225178.7275, 2520934225178.7275, 2520934225178.7275, 2520934225178.7275, 2520934225178.7275, 2520934225178.7275], 
[8.597650330658066e+20, 1.1589984710412667e+19, 8.244598697280041e+18, 7.973101528413326e+17, 7.973101528413326e+17, 7.973101528413326e+17, 7.973101528413326e+17, 7.973101528413326e+17, 7.973101528413326e+17, 7.973101528413326e+17, 2.56154813103378e+17, 2.56154813103378e+17, 7259804880228943.0, 7259804880228943.0, 7259804880228943.0, 7259804880228943.0, 7259804880228943.0, 7259804880228943.0, 7259804880228943.0, 7259804880228943.0], 
[8.74399895579776e+16, 8.74399895579776e+16, 8.74399895579776e+16, 8.74399895579776e+16, 8.74399895579776e+16, 5.572489385048639e+16, 5.572489385048639e+16, 5.572489385048639e+16, 5.572489385048639e+16, 5.572489385048639e+16, 5.572489385048639e+16, 5.572489385048639e+16, 5.572489385048639e+16, 5.572489385048639e+16, 4.508253581573511e+16, 4.508253581573511e+16, 4.508253581573511e+16, 4.508253581573511e+16, 4.508253581573511e+16, 4.508253581573511e+16], 
[4.8849596333905764e+19, 1.0724532361010571e+19, 1.0471921017370692e+18, 1.0471921017370692e+18, 1.0471921017370692e+18, 1.0471921017370692e+18, 1.0471921017370692e+18, 1.0471921017370692e+18, 1.0471921017370692e+18, 1.0471921017370692e+18, 1.0471921017370692e+18, 1.0471921017370692e+18, 1.0471921017370692e+18, 1.0471921017370692e+18, 1.0471921017370692e+18, 1.0471921017370692e+18, 1.0471921017370692e+18, 1.0471921017370692e+18, 1.0471921017370692e+18, 1.0471921017370692e+18], 
[2.9379157350048848e+20, 2.9379157350048848e+20, 1.9708252123299978e+18, 1.9708252123299978e+18, 1.9708252123299978e+18, 1.9708252123299978e+18, 1.9708252123299978e+18, 1.9708252123299978e+18, 3376291174471014.0, 3376291174471014.0, 3376291174471014.0, 3376291174471014.0, 3376291174471014.0, 3376291174471014.0, 3376291174471014.0, 3376291174471014.0, 3376291174471014.0, 3376291174471014.0, 3376291174471014.0, 3376291174471014.0], 
[7.42529223052011e+19, 1.0240080555448835e+18, 1.0240080555448835e+18, 9.745347980892326e+17, 9.745347980892326e+17, 9.745347980892326e+17, 9.745347980892326e+17, 9.745347980892326e+17, 4.106346367976316e+17, 1.240166414094066e+17, 1.240166414094066e+17, 1.240166414094066e+17, 1.240166414094066e+17, 1.240166414094066e+17, 1.240166414094066e+17, 1.240166414094066e+17, 1.240166414094066e+17, 1.240166414094066e+17, 1.240166414094066e+17, 1.240166414094066e+17], 
[1.9944269310149267e+19, 1.3615834315946355e+19, 1.3615834315946355e+19, 1.3615834315946355e+19, 1.3615834315946355e+19, 1.1179735609387354e+19, 1.1179735609387354e+19, 1.1179735609387354e+19, 1.1179735609387354e+19, 1.1179735609387354e+19, 1.1179735609387354e+19, 2.0084498967718518e+18, 2.0084498967718518e+18, 1.1959303252284549e+17, 1.1959303252284549e+17, 1.1959303252284549e+17, 1.1959303252284549e+17, 1.1959303252284549e+17, 1.1959303252284549e+17, 1.1959303252284549e+17], 
[2.2106001560621146e+19, 2.0070035158562002e+18, 2.0070035158562002e+18, 2.0070035158562002e+18, 2.0070035158562002e+18, 3.3436722161054576e+16, 3.3436722161054576e+16, 3.3436722161054576e+16, 3.3436722161054576e+16, 3.3436722161054576e+16, 3.3436722161054576e+16, 9950519821167864.0, 9950519821167864.0, 9950519821167864.0, 9950519821167864.0, 9950519821167864.0, 9950519821167864.0, 9950519821167864.0, 9950519821167864.0, 9950519821167864.0], 
[1.909399278574792e+20, 2.3642811466138435e+18, 2.3642811466138435e+18, 2.3642811466138435e+18, 2.3642811466138435e+18, 2.3642811466138435e+18, 3.173093462059648e+16, 3.173093462059648e+16, 3.173093462059648e+16, 3.173093462059648e+16, 3.173093462059648e+16, 3.173093462059648e+16, 3.173093462059648e+16, 3.173093462059648e+16, 3.173093462059648e+16, 3.173093462059648e+16, 3.173093462059648e+16, 3.173093462059648e+16, 3.173093462059648e+16, 6309580136682490.0], 
[3.972942068646628e+18, 1.4645896357969622e+17, 1.4645896357969622e+17, 1.4645896357969622e+17, 1.4645896357969622e+17, 1.4645896357969622e+17, 1.4645896357969622e+17, 1.4645896357969622e+17, 9998076077131706.0, 9998076077131706.0, 9998076077131706.0, 9998076077131706.0, 9998076077131706.0, 9998076077131706.0, 9998076077131706.0, 9998076077131706.0, 9998076077131706.0, 9998076077131706.0, 9998076077131706.0, 9998076077131706.0], 
[4.240048847526307e+19, 4.240048847526307e+19, 4.240048847526307e+19, 1.912671213547802e+16, 1.912671213547802e+16, 1.912671213547802e+16, 1.912671213547802e+16, 1.912671213547802e+16, 1.912671213547802e+16, 1.912671213547802e+16, 1.912671213547802e+16, 1.912671213547802e+16, 1.912671213547802e+16, 1.912671213547802e+16, 1.912671213547802e+16, 1.912671213547802e+16, 1.912671213547802e+16, 1.912671213547802e+16, 1.912671213547802e+16, 1.912671213547802e+16], 
[4.3918334645939687e+20, 1.9967864257469694e+20, 2.0663772715975127e+19, 1.4310994531090219e+17, 1.4310994531090219e+17, 1.4310994531090219e+17, 1.4310994531090219e+17, 1.4310994531090219e+17, 1.4310994531090219e+17, 1.4310994531090219e+17, 1.4310994531090219e+17, 1.4310994531090219e+17, 1.4310994531090219e+17, 1.4310994531090219e+17, 1.4310994531090219e+17, 1.4310994531090219e+17, 1.4310994531090219e+17, 1.4310994531090219e+17, 7172294215428880.0, 7172294215428880.0], 
[2.001384186821816e+18, 2.001384186821816e+18, 2.001384186821816e+18, 2.001384186821816e+18, 2.001384186821816e+18, 2.001384186821816e+18, 2.001384186821816e+18, 2.001384186821816e+18, 2.001384186821816e+18, 2.001384186821816e+18, 2.001384186821816e+18, 2.001384186821816e+18, 2.001384186821816e+18, 2.001384186821816e+18, 2.001384186821816e+18, 2.001384186821816e+18, 2.001384186821816e+18, 2.001384186821816e+18, 2.001384186821816e+18, 7.18208875898835e+17], 
[8.968387786960218e+19, 3482588871041396.0, 3482588871041396.0, 3482588871041396.0, 3482588871041396.0, 3482588871041396.0, 3482588871041396.0, 3482588871041396.0, 3482588871041396.0, 3482588871041396.0, 3482588871041396.0, 3482588871041396.0, 3482588871041396.0, 3482588871041396.0, 3482588871041396.0, 3482588871041396.0, 3482588871041396.0, 3482588871041396.0, 3482588871041396.0, 3482588871041396.0], 
[4.061974539656337e+18, 4.061974539656337e+18, 4.061974539656337e+18, 4.061974539656337e+18, 4.061974539656337e+18, 4.061974539656337e+18, 4.061974539656337e+18, 1.99605254077534e+18, 9.671714233002386e+17, 9.671714233002386e+17, 2.9518315801814024e+16, 2.9518315801814024e+16, 2.9518315801814024e+16, 2.9518315801814024e+16, 2.9518315801814024e+16, 2.9518315801814024e+16, 2.9518315801814024e+16, 2.9518315801814024e+16, 2.9518315801814024e+16, 2.9518315801814024e+16], 
[2.676894148464219e+20, 2.0057666370039284e+20, 9.609915183139146e+18, 9.609915183139146e+18, 9.609915183139146e+18, 9.609915183139146e+18, 9.609915183139146e+18, 9.609915183139146e+18, 6.134943706307056e+16, 6.134943706307056e+16, 6.134943706307056e+16, 6.134943706307056e+16, 6.134943706307056e+16, 6.134943706307056e+16, 6.134943706307056e+16, 6.134943706307056e+16, 6.134943706307056e+16, 6.134943706307056e+16, 6.134943706307056e+16, 6.134943706307056e+16], 
[1.3679066358794823e+20, 1.3679066358794823e+20, 1.083065680716144e+19, 1.083065680716144e+19, 1.083065680716144e+19, 1.083065680716144e+19, 1.083065680716144e+19, 1.083065680716144e+19, 1.2871150885625438e+16, 1.2871150885625438e+16, 1.2871150885625438e+16, 1.2871150885625438e+16, 1.2871150885625438e+16, 1.2871150885625438e+16, 1.2871150885625438e+16, 1.2871150885625438e+16, 1.2871150885625438e+16, 1.2871150885625438e+16, 1.2871150885625438e+16, 1.2871150885625438e+16], 
[3.5811543728825795e+19, 2.597450218441038e+18, 2.597450218441038e+18, 2.597450218441038e+18, 7.533362808760379e+17, 7.533362808760379e+17, 7.533362808760379e+17, 7.533362808760379e+17, 5.492406517950949e+17, 5.492406517950949e+17, 5.492406517950949e+17, 5.492406517950949e+17, 5.492406517950949e+17, 5.492406517950949e+17, 5.492406517950949e+17, 4.931584495510945e+17, 5714673610609293.0, 5714673610609293.0, 5714673610609293.0, 2244294086353750.2], 
[8.011395888182402e+18, 8.011395888182402e+18, 8.011395888182402e+18, 8.011395888182402e+18, 2.2803138793797914e+18, 2.2803138793797914e+18, 2.2803138793797914e+18, 2.2803138793797914e+18, 2.2803138793797914e+18, 2.2803138793797914e+18, 4.735593740774636e+16, 4.735593740774636e+16, 4.735593740774636e+16, 4.735593740774636e+16, 4.735593740774636e+16, 3.1314419698583044e+16, 3.1314419698583044e+16, 3.1314419698583044e+16, 3.1314419698583044e+16, 3.1314419698583044e+16], 
[718873198244163.8, 718873198244163.8, 718873198244163.8, 718873198244163.8, 718873198244163.8, 718873198244163.8, 718873198244163.8, 718873198244163.8, 718873198244163.8, 718873198244163.8, 718873198244163.8, 718873198244163.8, 718873198244163.8, 718873198244163.8, 718873198244163.8, 718873198244163.8, 718873198244163.8, 718873198244163.8, 718873198244163.8, 718873198244163.8], 
[3.003622959747852e+16, 3.003622959747852e+16, 3.003622959747852e+16, 3.003622959747852e+16, 3.003622959747852e+16, 3.003622959747852e+16, 3.003622959747852e+16, 3.003622959747852e+16, 3.003622959747852e+16, 3.003622959747852e+16, 2914564704793790.5, 2914564704793790.5, 183197483258651.8, 183197483258651.8, 183197483258651.8, 183197483258651.8, 183197483258651.8, 183197483258651.8, 183197483258651.8, 183197483258651.8], 
[1.2126505744686712e+18, 1.1749160045072325e+17, 1.1749160045072325e+17, 1.1749160045072325e+17, 1.1749160045072325e+17, 1.1749160045072325e+17, 1.1749160045072325e+17, 1.1749160045072325e+17, 1.1749160045072325e+17, 241654842743218.75, 241654842743218.75, 241654842743218.75, 241654842743218.75, 241654842743218.75, 241654842743218.75, 241654842743218.75, 241654842743218.75, 241654842743218.75, 241654842743218.75, 241654842743218.75], 
[8.260472832343616e+20, 3.707784793715226e+20, 3.707784793715226e+20, 7.670947531689257e+17, 7.670947531689257e+17, 4.8264028028724774e+17, 4.8264028028724774e+17, 4.8264028028724774e+17, 4.8264028028724774e+17, 4.8264028028724774e+17, 4.8264028028724774e+17, 4.8264028028724774e+17, 4.8264028028724774e+17, 4.8264028028724774e+17, 4.8264028028724774e+17, 4.8264028028724774e+17, 4.0634423539764954e+17, 4.0634423539764954e+17, 4.0634423539764954e+17, 4.0634423539764954e+17], 
[3.609650318280582e+21, 1.5383156558076758e+17, 1.5383156558076758e+17, 1.5383156558076758e+17, 1.5383156558076758e+17, 1.5383156558076758e+17, 1.5383156558076758e+17, 1.5383156558076758e+17, 1.5383156558076758e+17, 1.5383156558076758e+17, 1.5383156558076758e+17, 1.5383156558076758e+17, 1.5383156558076758e+17, 1.5383156558076758e+17, 1.5383156558076758e+17, 1.5383156558076758e+17, 1.5383156558076758e+17, 1.5383156558076758e+17, 1.5383156558076758e+17, 1.5383156558076758e+17], 
[1.1298512485504641e+18, 1.1298512485504641e+18, 1.1298512485504641e+18, 6.275734584905676e+17, 6.275734584905676e+17, 6.275734584905676e+17, 4.23121140854352e+17, 4.23121140854352e+17, 4.23121140854352e+17, 4.23121140854352e+17, 4.23121140854352e+17, 4.23121140854352e+17, 4.23121140854352e+17, 4.23121140854352e+17, 130637422341994.61, 130637422341994.61, 130637422341994.61, 130637422341994.61, 130637422341994.61, 130637422341994.61], 
[2.0968479171855544e+19, 5.353826532479199e+18, 5.353826532479199e+18, 5.353826532479199e+18, 262552317831049.47, 262552317831049.47, 262552317831049.47, 262552317831049.47, 262552317831049.47, 262552317831049.47, 262552317831049.47, 262552317831049.47, 262552317831049.47, 262552317831049.47, 262552317831049.47, 262552317831049.47, 262552317831049.47, 262552317831049.47, 262552317831049.47, 262552317831049.47], 
