[403008.79412214976, 180655.297728438, 180655.297728438, 180655.297728438, 180655.297728438, 180655.297728438, 180655.297728438, 180655.297728438, 180655.297728438, 180655.297728438, 180655.297728438, 180655.297728438, 180655.297728438, 180655.297728438, 161061.98839427743, 161061.98839427743, 161061.98839427743, 151194.6448407537, 151194.6448407537, 151194.6448407537], 
[752397.3977379502, 541972.0914533503, 343140.0680233747, 343140.0680233747, 151952.34824470707, 151952.34824470707, 151952.34824470707, 151952.34824470707, 122915.77914297477, 122915.77914297477, 122915.77914297477, 122915.77914297477, 122915.77914297477, 122915.77914297477, 122915.77914297477, 122915.77914297477, 122915.77914297477, 122915.77914297477, 122915.77914297477, 122915.77914297477], 
[2583103.493746495, 342980.75349084346, 342980.75349084346, 154322.32207527864, 154322.32207527864, 154322.32207527864, 154322.32207527864, 154322.32207527864, 154322.32207527864, 154322.32207527864, 154322.32207527864, 154322.32207527864, 154322.32207527864, 154322.32207527864, 154322.32207527864, 154322.32207527864, 154322.32207527864, 154322.32207527864, 154322.32207527864, 154322.32207527864], 
[579806.8814499414, 579806.8814499414, 579806.8814499414, 579806.8814499414, 374990.1998026226, 230820.03029102017, 155675.06638051002, 155675.06638051002, 155675.06638051002, 155675.06638051002, 155675.06638051002, 141764.94575079088, 141764.94575079088, 141764.94575079088, 141764.94575079088, 141764.94575079088, 141764.94575079088, 141764.94575079088, 141764.94575079088, 141764.94575079088], 
[452151.901559777, 283332.47483178356, 283332.47483178356, 115619.49502423586, 115619.49502423586, 115619.49502423586, 115619.49502423586, 115619.49502423586, 115619.49502423586, 115619.49502423586, 115619.49502423586, 115619.49502423586, 115619.49502423586, 115619.49502423586, 115619.49502423586, 115619.49502423586, 115619.49502423586, 115619.49502423586, 115619.49502423586, 115619.49502423586], 
[448383.21496684663, 448383.21496684663, 223109.10217548496, 223109.10217548496, 181753.57978931736, 181753.57978931736, 181753.57978931736, 181753.57978931736, 174972.28169215185, 174972.28169215185, 174972.28169215185, 174972.28169215185, 171294.95881000347, 171294.95881000347, 171294.95881000347, 171294.95881000347, 171294.95881000347, 171294.95881000347, 171294.95881000347, 171294.95881000347], 
[4150535.429019445, 586914.604320558, 192917.1180723605, 192917.1180723605, 192917.1180723605, 174529.6838966183, 174529.6838966183, 174529.6838966183, 174529.6838966183, 174529.6838966183, 174529.6838966183, 114352.63091371953, 114352.63091371953, 114352.63091371953, 114352.63091371953, 114352.63091371953, 114352.63091371953, 114352.63091371953, 114352.63091371953, 114352.63091371953], 
[2639976.1448026956, 346858.3650699706, 346858.3650699706, 285313.5679523991, 285313.5679523991, 285313.5679523991, 285313.5679523991, 129925.38990904034, 129925.38990904034, 129925.38990904034, 129925.38990904034, 129925.38990904034, 129925.38990904034, 129925.38990904034, 129925.38990904034, 129925.38990904034, 129925.38990904034, 129925.38990904034, 129925.38990904034, 129925.38990904034], 
[737363.3221778553, 651021.584063308, 651021.584063308, 201120.6435986664, 201120.6435986664, 201120.6435986664, 201120.6435986664, 201120.6435986664, 201120.6435986664, 201120.6435986664, 201120.6435986664, 201120.6435986664, 201120.6435986664, 160090.79878116344, 160090.79878116344, 160090.79878116344, 160090.79878116344, 160090.79878116344, 160090.79878116344, 160090.79878116344], 
[182412.65691619145, 182412.65691619145, 134327.32784530864, 134327.32784530864, 134327.32784530864, 134327.32784530864, 134327.32784530864, 134327.32784530864, 134327.32784530864, 134327.32784530864, 134327.32784530864, 134327.32784530864, 134327.32784530864, 134327.32784530864, 134327.32784530864, 134327.32784530864, 134327.32784530864, 134327.32784530864, 134327.32784530864, 134327.32784530864], 
[733418.3547985327, 733418.3547985327, 317018.35362414946, 317018.35362414946, 317018.35362414946, 317018.35362414946, 205739.09610832026, 205739.09610832026, 205739.09610832026, 188391.06598107563, 188391.06598107563, 188391.06598107563, 188391.06598107563, 132028.93212382778, 132028.93212382778, 132028.93212382778, 132028.93212382778, 132028.93212382778, 132028.93212382778, 132028.93212382778], 
[215983.02933774926, 215983.02933774926, 150401.2640407953, 150401.2640407953, 150401.2640407953, 150401.2640407953, 150401.2640407953, 150401.2640407953, 150401.2640407953, 144825.65307198412, 144825.65307198412, 144825.65307198412, 144075.36940811787, 144075.36940811787, 144075.36940811787, 144075.36940811787, 144075.36940811787, 144075.36940811787, 144075.36940811787, 144075.36940811787], 
[179909.45658587775, 154953.04197734167, 154953.04197734167, 154953.04197734167, 154953.04197734167, 154953.04197734167, 154953.04197734167, 154953.04197734167, 154953.04197734167, 154953.04197734167, 154953.04197734167, 154953.04197734167, 154953.04197734167, 154953.04197734167, 154953.04197734167, 154953.04197734167, 154953.04197734167, 154953.04197734167, 154953.04197734167, 154953.04197734167], 
[723828.0243857353, 157341.22759917035, 157341.22759917035, 157341.22759917035, 157341.22759917035, 157341.22759917035, 157341.22759917035, 157341.22759917035, 157341.22759917035, 157341.22759917035, 157341.22759917035, 157341.22759917035, 157341.22759917035, 125422.69648682087, 125422.69648682087, 125422.69648682087, 125422.69648682087, 125422.69648682087, 125422.69648682087, 125422.69648682087], 
[678448.5424252648, 551608.9574727482, 370368.1660586855, 370368.1660586855, 370368.1660586855, 325964.7432418753, 325964.7432418753, 325964.7432418753, 197617.15334105337, 197617.15334105337, 197617.15334105337, 197617.15334105337, 197617.15334105337, 197617.15334105337, 197617.15334105337, 197617.15334105337, 197617.15334105337, 157381.52853422856, 157381.52853422856, 157381.52853422856], 
[583948.2951377825, 134188.9799775377, 134188.9799775377, 134188.9799775377, 134188.9799775377, 134188.9799775377, 134188.9799775377, 134188.9799775377, 134188.9799775377, 134188.9799775377, 134188.9799775377, 134188.9799775377, 134188.9799775377, 134188.9799775377, 134188.9799775377, 134188.9799775377, 134188.9799775377, 134188.9799775377, 134188.9799775377, 134188.9799775377], 
[265954.6806335763, 265954.6806335763, 265954.6806335763, 265954.6806335763, 112807.61382415378, 112807.61382415378, 112807.61382415378, 112807.61382415378, 112807.61382415378, 112807.61382415378, 112807.61382415378, 112807.61382415378, 112807.61382415378, 112807.61382415378, 112807.61382415378, 112807.61382415378, 112807.61382415378, 112807.61382415378, 112807.61382415378, 112807.61382415378], 
[139915.94431472532, 139915.94431472532, 139915.94431472532, 139915.94431472532, 139915.94431472532, 139915.94431472532, 139915.94431472532, 139915.94431472532, 139915.94431472532, 139915.94431472532, 139915.94431472532, 139915.94431472532, 139915.94431472532, 139915.94431472532, 139915.94431472532, 139915.94431472532, 139915.94431472532, 139915.94431472532, 139915.94431472532, 139915.94431472532], 
[209763.6121997128, 209763.6121997128, 209763.6121997128, 209763.6121997128, 209763.6121997128, 209763.6121997128, 148119.75570274738, 148119.75570274738, 148119.75570274738, 148119.75570274738, 148119.75570274738, 148119.75570274738, 148119.75570274738, 148119.75570274738, 148119.75570274738, 148119.75570274738, 148119.75570274738, 148119.75570274738, 148119.75570274738, 148119.75570274738], 
[134212.59611038724, 134212.59611038724, 134212.59611038724, 134212.59611038724, 134212.59611038724, 134212.59611038724, 134212.59611038724, 134212.59611038724, 134212.59611038724, 134212.59611038724, 134212.59611038724, 134212.59611038724, 134212.59611038724, 134212.59611038724, 134212.59611038724, 134212.59611038724, 134212.59611038724, 134212.59611038724, 134212.59611038724, 134212.59611038724], 
[129303.82488138307, 129303.82488138307, 129303.82488138307, 129303.82488138307, 129303.82488138307, 129303.82488138307, 129303.82488138307, 129303.82488138307, 125880.17667048296, 125880.17667048296, 125880.17667048296, 125880.17667048296, 125880.17667048296, 125880.17667048296, 125880.17667048296, 125880.17667048296, 125880.17667048296, 125880.17667048296, 125880.17667048296, 125880.17667048296], 
[400242.67454475886, 400242.67454475886, 400242.67454475886, 400242.67454475886, 400242.67454475886, 400242.67454475886, 400242.67454475886, 400242.67454475886, 190729.53152719108, 190729.53152719108, 190729.53152719108, 190729.53152719108, 185246.24997508433, 185246.24997508433, 185246.24997508433, 185246.24997508433, 185246.24997508433, 185246.24997508433, 185246.24997508433, 185246.24997508433], 
[217296.10366206116, 217296.10366206116, 217296.10366206116, 217296.10366206116, 217296.10366206116, 174509.59889421024, 174509.59889421024, 174509.59889421024, 174509.59889421024, 174509.59889421024, 174509.59889421024, 174509.59889421024, 174509.59889421024, 174509.59889421024, 174509.59889421024, 174509.59889421024, 158809.42455377654, 158809.42455377654, 158809.42455377654, 158809.42455377654], 
[679791.4086412089, 364537.7810393046, 103883.76859761222, 103883.76859761222, 103883.76859761222, 103883.76859761222, 103883.76859761222, 103883.76859761222, 103883.76859761222, 103883.76859761222, 103883.76859761222, 103883.76859761222, 103883.76859761222, 103883.76859761222, 103883.76859761222, 103883.76859761222, 103883.76859761222, 103883.76859761222, 103883.76859761222, 103883.76859761222], 
[207974.48998264302, 180702.8410190097, 180702.8410190097, 148862.5499178787, 148862.5499178787, 148862.5499178787, 148862.5499178787, 115162.30726959431, 115162.30726959431, 115162.30726959431, 115162.30726959431, 115162.30726959431, 115162.30726959431, 115162.30726959431, 115162.30726959431, 115162.30726959431, 115162.30726959431, 115162.30726959431, 115162.30726959431, 115162.30726959431], 
[447767.0670592584, 447767.0670592584, 390746.89931822405, 309487.0340498014, 309487.0340498014, 133389.46957723112, 133389.46957723112, 133389.46957723112, 133389.46957723112, 133389.46957723112, 133389.46957723112, 133389.46957723112, 133389.46957723112, 133389.46957723112, 133389.46957723112, 133389.46957723112, 133389.46957723112, 133389.46957723112, 133389.46957723112, 133389.46957723112], 
[164102.2318082561, 164102.2318082561, 164102.2318082561, 164102.2318082561, 164102.2318082561, 164102.2318082561, 164102.2318082561, 164102.2318082561, 164102.2318082561, 164102.2318082561, 164102.2318082561, 164102.2318082561, 146186.1336465961, 146186.1336465961, 146186.1336465961, 146186.1336465961, 146186.1336465961, 146186.1336465961, 146186.1336465961, 146186.1336465961], 
[808228.3807112455, 223909.19754560903, 223909.19754560903, 223909.19754560903, 223909.19754560903, 200032.006634733, 200032.006634733, 200032.006634733, 186146.53034329062, 186146.53034329062, 186146.53034329062, 186146.53034329062, 186146.53034329062, 186146.53034329062, 171228.69579309318, 171228.69579309318, 170492.78715127826, 170492.78715127826, 170492.78715127826, 170492.78715127826], 
[2455039.2091971575, 234606.41955260784, 199221.6946362445, 199221.6946362445, 199221.6946362445, 199221.6946362445, 199221.6946362445, 199221.6946362445, 139230.05715793304, 139230.05715793304, 139230.05715793304, 139230.05715793304, 139230.05715793304, 139230.05715793304, 139230.05715793304, 139230.05715793304, 139230.05715793304, 139230.05715793304, 139230.05715793304, 139230.05715793304], 
[273316.5466090694, 221118.76345736158, 221118.76345736158, 221118.76345736158, 221118.76345736158, 221118.76345736158, 221118.76345736158, 221118.76345736158, 221118.76345736158, 208981.74537500236, 208981.74537500236, 208981.74537500236, 193086.4323780299, 193086.4323780299, 193086.4323780299, 193086.4323780299, 111364.22425844477, 111364.22425844477, 111364.22425844477, 111364.22425844477], 
