[44052.016233780094, 42159.03725444684, 42159.03725444684, 42159.03725444684, 42159.03725444684, 42159.03725444684, 42159.03725444684, 42159.03725444684, 42159.03725444684, 42159.03725444684, 42159.03725444684, 31904.26598281891, 31904.26598281891, 31904.26598281891, 31904.26598281891, 31904.26598281891, 31904.26598281891, 31904.26598281891, 31904.26598281891, 31904.26598281891], 
[52690.75565273915, 52690.75565273915, 29549.133621896402, 29549.133621896402, 29549.133621896402, 29549.133621896402, 29549.133621896402, 29549.133621896402, 29549.133621896402, 29549.133621896402, 29549.133621896402, 29549.133621896402, 29549.133621896402, 29549.133621896402, 29549.133621896402, 29549.133621896402, 29549.133621896402, 29549.133621896402, 29549.133621896402, 29549.133621896402], 
[26847.561935281876, 26847.561935281876, 26847.561935281876, 26847.561935281876, 26847.561935281876, 26847.561935281876, 26847.561935281876, 26847.561935281876, 26847.561935281876, 26847.561935281876, 26847.561935281876, 26847.561935281876, 26847.561935281876, 26847.561935281876, 26847.561935281876, 26847.561935281876, 20401.74382689959, 20401.74382689959, 20401.74382689959, 20401.74382689959], 
[32280.401852139825, 32280.401852139825, 29550.474934793685, 29550.474934793685, 29550.474934793685, 29550.474934793685, 29550.474934793685, 29550.474934793685, 29550.474934793685, 29550.474934793685, 29550.474934793685, 29550.474934793685, 29550.474934793685, 29550.474934793685, 29550.474934793685, 29550.474934793685, 29550.474934793685, 29550.474934793685, 29550.474934793685, 29550.474934793685], 
[61114.51073875902, 41505.10799121571, 41505.10799121571, 41505.10799121571, 41505.10799121571, 41505.10799121571, 41505.10799121571, 41505.10799121571, 39700.27915812076, 39700.27915812076, 39700.27915812076, 39700.27915812076, 39700.27915812076, 21952.871133672565, 21952.871133672565, 19262.868425146717, 19262.868425146717, 19262.868425146717, 19262.868425146717, 19262.868425146717], 
[47397.351472850234, 47397.351472850234, 47397.351472850234, 47397.351472850234, 47397.351472850234, 47397.351472850234, 47397.351472850234, 47397.351472850234, 24753.30269373014, 24753.30269373014, 24753.30269373014, 24753.30269373014, 24753.30269373014, 24753.30269373014, 24753.30269373014, 24753.30269373014, 24753.30269373014, 24753.30269373014, 24753.30269373014, 24753.30269373014], 
[54281.545346566585, 54281.545346566585, 54281.545346566585, 28637.692109409734, 28637.692109409734, 28637.692109409734, 28637.692109409734, 28637.692109409734, 24135.8063258851, 24135.8063258851, 24135.8063258851, 24135.8063258851, 24135.8063258851, 22514.686984942444, 22514.686984942444, 22514.686984942444, 22514.686984942444, 22514.686984942444, 22514.686984942444, 22514.686984942444], 
[45286.82423813886, 45286.82423813886, 45286.82423813886, 45286.82423813886, 45286.82423813886, 45286.82423813886, 41719.94625630632, 41719.94625630632, 31628.118952323322, 31628.118952323322, 31628.118952323322, 31628.118952323322, 31628.118952323322, 31628.118952323322, 31628.118952323322, 31628.118952323322, 31628.118952323322, 31628.118952323322, 31628.118952323322, 31628.118952323322], 
[34550.99547917931, 34550.99547917931, 34550.99547917931, 34550.99547917931, 34550.99547917931, 34550.99547917931, 34550.99547917931, 34550.99547917931, 34550.99547917931, 34550.99547917931, 34550.99547917931, 34550.99547917931, 34550.99547917931, 34550.99547917931, 33136.03337197828, 33136.03337197828, 31593.912603981815, 31593.912603981815, 31593.912603981815, 31593.912603981815], 
[84636.50821173801, 57914.598454514475, 39298.11204881493, 39298.11204881493, 39298.11204881493, 24549.546249959025, 24549.546249959025, 24549.546249959025, 24549.546249959025, 24549.546249959025, 24549.546249959025, 24549.546249959025, 24549.546249959025, 24549.546249959025, 24549.546249959025, 24549.546249959025, 24549.546249959025, 24549.546249959025, 24549.546249959025, 24549.546249959025], 
[70825.09985566321, 45021.40765213406, 31540.419282758343, 31540.419282758343, 31540.419282758343, 31540.419282758343, 31540.419282758343, 31540.419282758343, 31540.419282758343, 24701.324271094636, 21457.674385361235, 21457.674385361235, 21457.674385361235, 21457.674385361235, 21457.674385361235, 21457.674385361235, 21457.674385361235, 21457.674385361235, 21457.674385361235, 21457.674385361235], 
