[22229.57325664085, 19789.318109943437, 18771.444617789057, 7168.70895097099, 7168.70895097099, 7168.70895097099, 7168.70895097099, 7168.70895097099, 7168.70895097099, 7168.70895097099, 7168.70895097099, 7168.70895097099, 7168.70895097099, 7168.70895097099, 7168.70895097099, 7168.70895097099, 7168.70895097099, 7168.70895097099, 7168.70895097099, 7168.70895097099], 
[30706.61159087315, 28896.136842338492, 19250.17559666515, 16631.88252145092, 16631.88252145092, 16631.88252145092, 16631.88252145092, 16631.88252145092, 16631.88252145092, 16631.88252145092, 16631.88252145092, 16631.88252145092, 16631.88252145092, 16631.88252145092, 16631.88252145092, 16631.88252145092, 16631.88252145092, 16631.88252145092, 10149.152394841733, 10149.152394841733], 
[17383.870672678804, 17383.870672678804, 17383.870672678804, 17383.870672678804, 17383.870672678804, 17383.870672678804, 13327.313356269251, 13327.313356269251, 13327.313356269251, 13327.313356269251, 13327.313356269251, 13327.313356269251, 13327.313356269251, 13327.313356269251, 13327.313356269251, 13327.313356269251, 13154.722021251355, 13154.722021251355, 13154.722021251355, 13154.722021251355], 
[21355.120343336792, 18065.101094126043, 17201.692838148087, 17201.692838148087, 17201.692838148087, 17201.692838148087, 17201.692838148087, 17201.692838148087, 17201.692838148087, 17201.692838148087, 17201.692838148087, 17201.692838148087, 17201.692838148087, 16709.953573168837, 12730.871942404481, 12730.871942404481, 12730.871942404481, 12730.871942404481, 10587.76960536641, 10587.76960536641], 
[19317.7207634506, 16222.592755079399, 16222.592755079399, 16217.236643885193, 16217.236643885193, 16217.236643885193, 16217.236643885193, 16217.236643885193, 16217.236643885193, 16217.236643885193, 16217.236643885193, 16217.236643885193, 15643.588525599078, 15643.588525599078, 15643.588525599078, 14544.605129019756, 14544.605129019756, 14544.605129019756, 14544.605129019756, 14544.605129019756], 
[32119.50614393576, 21700.724050654313, 10614.307380006247, 10614.307380006247, 10614.307380006247, 10614.307380006247, 10614.307380006247, 10614.307380006247, 10614.307380006247, 9459.033418312823, 9459.033418312823, 9459.033418312823, 9459.033418312823, 9459.033418312823, 9459.033418312823, 9459.033418312823, 9459.033418312823, 9459.033418312823, 9459.033418312823, 9459.033418312823], 
[25268.677146456164, 19354.26904484042, 19354.26904484042, 19354.26904484042, 14808.356358089251, 14808.356358089251, 14808.356358089251, 14808.356358089251, 14808.356358089251, 12494.680002787081, 12494.680002787081, 12494.680002787081, 12494.680002787081, 12494.680002787081, 12494.680002787081, 12494.680002787081, 12494.680002787081, 12494.680002787081, 12494.680002787081, 12494.680002787081], 
[14829.435677169005, 14829.435677169005, 14829.435677169005, 14829.435677169005, 14829.435677169005, 14829.435677169005, 14829.435677169005, 13060.996896853683, 13060.996896853683, 13060.996896853683, 13060.996896853683, 13060.996896853683, 13060.996896853683, 13060.996896853683, 13060.996896853683, 13060.996896853683, 13060.996896853683, 13060.996896853683, 13060.996896853683, 13060.996896853683], 
[23427.16817225478, 23427.16817225478, 22316.886008859754, 22316.886008859754, 20943.753829264264, 20943.753829264264, 18704.807802782834, 18704.807802782834, 18704.807802782834, 18269.83539708788, 18268.930851629542, 18268.930851629542, 18268.930851629542, 18268.930851629542, 18268.930851629542, 15374.186473494075, 15374.186473494075, 15374.186473494075, 15374.186473494075, 15374.186473494075], 
[19366.19722580025, 19366.19722580025, 19366.19722580025, 19366.19722580025, 16611.239289267756, 16611.239289267756, 16611.239289267756, 16611.239289267756, 16611.239289267756, 16611.239289267756, 16611.239289267756, 16611.239289267756, 11568.446284275553, 11568.446284275553, 11568.446284275553, 11568.446284275553, 11568.446284275553, 11568.446284275553, 11568.446284275553, 11568.446284275553], 
