[49924.791222806, 49924.791222806, 49872.014843015524, 49872.014843015524, 49872.014843015524, 49872.014843015524, 39230.514224269515, 39230.514224269515, 39223.85980480948, 39184.32315729196, 18443.05442047079, 18443.05442047079, 18443.05442047079, 1589.7088608035588, 1589.7088608035588, 1589.7088608035588, 1589.7088608035588, 1560.5737006725226, 1559.1644451850248, 1559.1644451850248], 
[327556.46226160455, 2348.5896574037, 2348.5896574037, 937.34772041324, 937.34772041324, 937.34772041324, 937.34772041324, 937.34772041324, -861.0760127518364, -861.0760127518364, -861.0760127518364, -861.0760127518364, -861.0760127518364, -866.6575999884573, -866.6575999884573, -877.6344216311959, -877.6344216311959, -877.6344216311959, -877.6344216311959, -925.9465925935868], 
[1885060.8378262979, 547331.7507124663, 3015.746817137958, 3015.746817137958, 2426.8314954429816, 2426.8314954429816, -1214.0569538388556, -1215.7943738168135, -1221.645665060616, -1221.645665060616, -1223.9440774126303, -1286.5823619757523, -1286.5823619757523, -1293.2768950719562, -1293.2768950719562, -1293.2768950719562, -1293.2768950719562, -1293.2768950719562, -1293.2768950719562, -1293.2768950719562], 
[4370347.739917514, 169657.75935240593, 169191.27005909028, 169191.27005909028, 169091.54438648064, 20236.235921012776, 20236.235921012776, 20236.235921012776, 7802.276451118309, 3900.482425337861, 3900.482425337861, 3836.2626278576354, 3836.2626278576354, 3830.3643032317796, 3830.3643032317796, 628.668532558158, 624.7465653963109, 412.9552435704611, 412.9552435704611, -1296.898054992057], 
[395955.47427113855, 244077.58665429504, 244077.58665429504, 6179.052099809355, 6179.052099809355, 6179.052099809355, 6179.052099809355, 5093.612647489152, 5093.612647489152, 5093.612647489152, 5093.612647489152, 2642.852362338109, 2642.852362338109, 2642.852362338109, 2642.852362338109, 2631.061519873455, 2621.0395017286137, 2599.4355220387556, 2599.4355220387556, 2599.4355220387556], 
[311301.2097497518, 311301.2097497518, 248188.36387684784, 248188.36387684784, 1387.8138367976776, 1387.8138367976776, -1127.7449577397072, -1127.7449577397072, -1127.7449577397072, -1161.014850302172, -1161.014850302172, -1161.014850302172, -1161.014850302172, -1211.9936436118242, -1211.9936436118242, -1211.9936436118242, -1213.2381767139273, -1213.2381767139273, -1214.9423850490168, -1233.9034081292507], 
[12567.139603115966, 12567.139603115966, 12567.139603115966, 12567.139603115966, 12567.139603115966, 12567.139603115966, 11961.53749901087, 11961.53749901087, 11961.53749901087, 11961.53749901087, 11961.53749901087, 11961.53749901087, 11948.527693114025, 11948.527693114025, 11948.527693114025, 713.0540983744295, 713.0540983744295, 713.0540983744295, 694.8993688665853, 694.8993688665853], 
[1906312.207911323, 40342.32768222292, 40342.32768222292, 40342.32768222292, 40342.32768222292, 23259.62377765558, 23155.197002205157, 2254.0477270880383, 2254.0477270880383, 2254.0477270880383, 2254.0477270880383, 2254.0477270880383, 2177.8853932658567, 2177.8853932658567, 2177.8853932658567, -588.1985039253242, -588.1985039253242, -588.1985039253242, -588.1985039253242, -609.4954123531338], 
[1936260.2902178015, 1936260.2902178015, -136.7941291030595, -826.7356202613242, -907.7427209892046, -907.7427209892046, -907.7427209892046, -907.7427209892046, -921.7559086596375, -937.4949332468791, -938.1808178071942, -938.1808178071942, -938.1808178071942, -938.6571008012727, -938.6571008012727, -938.6571008012727, -938.6571008012727, -938.6571008012727, -938.9222371801729, -939.0339118889108], 
[4065047.0130129117, 46944.65032092727, 46944.65032092727, 46900.41593157621, 35428.10619051983, 35428.10619051983, 35428.10619051983, 35428.10619051983, 35381.829901327445, 35381.829901327445, 1147.6947779905668, 406.38956361372175, 406.38956361372175, 395.4513619678246, 395.4513619678246, 395.4513619678246, 391.3944272162189, 315.066621195175, 315.066621195175, 315.066621195175], 
[26354.549828316158, 26309.863277700315, 26309.863277700315, 26302.24678947629, 5107.665840021293, 5107.665840021293, 5107.665840021293, 5003.627127842595, 4707.911328969164, 4344.333915788913, 4344.333915788913, 4341.333522361899, 4257.506891368933, 4257.506891368933, 4254.885775727161, 4254.885775727161, 4254.885775727161, 4245.483652804027, 4226.081803392998, 4143.881104575099], 
[14959.661159139469, 14959.661159139469, 14959.661159139469, 14959.661159139469, 14959.661159139469, 14959.661159139469, 14466.10472303819, 14466.10472303819, 14466.10472303819, 14048.126362138086, 1292.3005107885056, 1292.3005107885056, 1292.3005107885056, 1289.839845595242, 1289.839845595242, 1289.839845595242, 368.05937304670897, 367.42777079211805, 367.42777079211805, 367.3028517038656], 
[559.4713132004515, 559.4713132004515, 559.4713132004515, 559.4713132004515, 559.3687796341028, 559.3687796341028, 559.3687796341028, 558.6273570544843, 558.5560952160283, 558.5560952160283, 555.3584110842012, 555.3584110842012, 555.3584110842012, 555.3584110842012, 555.3584110842012, 552.803111216934, 552.803111216934, 552.7108776638474, 552.7108776638474, 552.6339212345681], 
[100930.78797934695, 100930.78797934695, 98676.32126473062, 98676.32126473062, 21857.023244095177, 21857.023244095177, 21857.023244095177, 21857.023244095177, 5031.0548508727825, 5031.0548508727825, 5031.0548508727825, 5003.832979154999, 4825.318492737515, 4825.318492737515, 4723.7541316662355, 1005.0071107232889, 1002.4796275582075, 1000.4790812381325, 987.5612478496382, 983.8088560742708], 
[616387.0593847123, 152031.41431680025, 152031.41431680025, 152031.41431680025, 150789.04444937402, 26870.112873075905, 26775.16560548276, 26775.16560548276, 26775.16560548276, 26775.16560548276, 20044.90404481988, 6676.7266571403225, 6368.1841916048, 6200.930022643693, 6200.930022643693, 6200.930022643693, 6200.930022643693, 6200.930022643693, 6200.930022643693, 6200.930022643693], 
[565792.8265337035, 565792.8265337035, 33050.50634466042, 2710.454304551132, 2710.454304551132, 2710.454304551132, 2710.454304551132, 1329.1581479206598, 1329.1581479206598, 1308.3717373503655, 1308.3717373503655, 1308.3717373503655, 379.4071917659942, -1071.3683173299014, -1072.0381448595977, -1072.0381448595977, -1074.6558562383448, -1080.6229380362824, -1275.600197934355, -1278.717313912598], 
[401756.2411074182, 396951.75469256454, 396803.02736199606, 330060.13126828766, 291465.4049703873, 76210.33631608236, 33221.34433341128, 33221.34433341128, 14412.284371405663, 14412.284371405663, 14412.284371405663, 2632.0043771817204, 2632.0043771817204, 2631.5033066473493, 2631.397137660604, 2630.8014217639775, 2629.159852323419, 2628.050779248006, 2628.050779248006, 2627.66796706073], 
[2045342.525302942, 233407.3916268754, 233407.3916268754, 6253.099076027951, 6253.099076027951, 5545.010711188891, 5545.010711188891, 5545.010711188891, 5545.010711188891, 5539.69277412279, 5539.69277412279, 5420.497431543279, 5420.497431543279, 5420.497431543279, 5420.497431543279, 5415.28159791063, 5413.804056197866, 5413.804056197866, 5413.804056197866, 5413.804056197866], 
[197.52230813393817, 197.52230813393817, 197.52230813393817, 197.52230813393817, 197.52230813393817, 197.52230813393817, 197.52230813393817, 197.52230813393817, 197.52230813393817, 152.81444997746803, 64.9644584379937, 54.153296410140456, 54.153296410140456, 54.153296410140456, 54.153296410140456, 54.153296410140456, 54.153296410140456, 54.153296410140456, -1112.646902261857, -1112.646902261857], 
[164354.88282121217, 164354.88282121217, 30995.84535208148, 527.2708899360609, 527.2708899360609, 527.2708899360609, 527.2708899360609, 527.2708899360609, 527.2708899360609, 465.42338001978806, 465.42338001978806, 270.10698573045056, 270.10698573045056, 244.65031383577912, 244.65031383577912, 244.65031383577912, 244.46911561373872, 244.46911561373872, 243.82990568907962, 237.0655328260102], 
[407121.4565426633, 401429.5567931992, 10658.603466645498, 9491.945083808117, 9491.945083808117, 1590.3320256726338, -433.11347147317576, -1246.775611260531, -1246.775611260531, -1246.775611260531, -1247.4274037587695, -1253.3972826948473, -1253.3972826948473, -1261.666019813624, -1262.783899927326, -1269.7456011969985, -1269.7456011969985, -1269.8048488359223, -1269.8048488359223, -1271.7301461867903], 
[1534162.9955717798, 1534162.9955717798, 291267.28408966714, 42044.39221596201, 42044.39221596201, 42044.39221596201, 40908.29922478036, 15947.214189506649, 15947.214189506649, 15902.62754671913, 10848.680149977403, 10848.680149977403, 10848.680149977403, 10848.308080495757, 10796.490282190669, 10796.490282190669, 10796.352368808342, 10795.179816941883, 10795.179816941883, 10786.172714879136], 
[513057.82765237964, 340819.7650644315, 198857.77585236027, 198857.77585236027, 27328.467708044056, 27274.961199871927, 22311.3901101165, 20206.592563573984, 2629.12742959084, 2629.12742959084, 2088.2824155510893, 1317.9110122846168, 1317.9110122846168, 1314.2561195704757, 1286.9276902817815, 1161.7280798646111, 1150.8199026938032, 1150.8199026938032, 1149.6556524209727, 1118.3720117919352], 
[47830.541986355565, 14001.850882740639, 6601.316802706624, 6601.316802706624, 6601.316802706624, 6601.316802706624, 6434.919401861177, 6434.919401861177, 1501.4621983399084, 1501.4621983399084, 1501.4621983399084, 1501.4621983399084, 1501.4621983399084, 1501.4621983399084, 1497.4581440886295, 1497.4581440886295, 1497.4581440886295, 1283.2623286577123, 1283.2623286577123, 1281.1056364183833], 
[247387.91672160057, 247387.91672160057, 37849.04595959047, 37808.882880266305, 37802.098284792584, 37802.098284792584, 37802.098284792584, 3714.050722225147, 3714.050722225147, 3714.050722225147, 3714.050722225147, 3714.050722225147, 3693.433063234799, 3693.433063234799, 3683.134679648765, -22.766326308914586, -22.766326308914586, -22.766326308914586, -22.766326308914586, -23.85495757056401], 
[4059.463036625677, 4056.2180542462293, 4056.2180542462293, 2041.4854530983284, 2041.4854530983284, 2041.4854530983284, 1966.602771442259, 1966.602771442259, 1966.602771442259, 1955.135416460993, 1955.135416460993, 1955.135416460993, 1955.135416460993, 1941.683747628189, 1165.224417949793, 1165.224417949793, 766.299695706125, 766.299695706125, 761.4671297108935, 347.33601877362094], 
[48674.860628629525, 27851.531860734736, 27851.531860734736, 27851.531860734736, 27808.635267745645, 27808.635267745645, 27808.635267745645, 27765.7333434136, 24593.74809220131, 24593.74809220131, 19605.362865093408, 14950.611496825448, 6697.003089467903, 6519.723985130801, 821.6083345297716, 821.6083345297716, 821.6083345297716, 821.6083345297716, 821.6083345297716, 821.6083345297716], 
[4701686.206068659, 4701686.206068659, 5169.415381455302, 5034.732815436995, 5006.5488289138375, 5006.5488289138375, 4973.834161385333, 3092.900220294665, -1081.5196913163425, -1081.5196913163425, -1081.5196913163425, -1246.2902283232927, -1257.8691186788756, -1261.4587175960664, -1261.4587175960664, -1262.3577656703806, -1262.3577656703806, -1262.3577656703806, -1262.3577656703806, -1263.1504237276736], 
[385215.1420209821, 1785.096909788795, 1783.7074455966704, 1783.7074455966704, 1783.7074455966704, 1775.5598222340122, 1766.0068238825152, 1766.0068238825152, 1766.0068238825152, 1766.0068238825152, 1766.0068238825152, 1756.43695502651, -939.1790433108002, -939.1790433108002, -939.1790433108002, -939.1790433108002, -945.2679169019559, -945.2679169019559, -948.1373627365267, -948.1373627365267], 
[125478.66232593944, 125068.12851747326, 125068.12851747326, 125068.12851747326, 71456.3368357976, 71456.3368357976, 11437.425945498779, 8272.726820561431, 8272.726820561431, 6039.066553695116, 6039.066553695116, 6039.066553695116, 4984.713120492788, 2368.800400480709, 2368.800400480709, 2364.9591793653067, 2246.618143297235, 2246.618143297235, 2246.618143297235, 2245.080151006538], 
