[7323.660646592032, 7323.660646592032, 7075.341485465102, 4475.310156799124, 2002.7545726472913, 2002.7545726472913, 2002.7545726472913, 109.97829668812324, 109.97829668812324, 109.97829668812324, 109.97829668812324, 109.97829668812324, 109.97829668812324, 108.45149866305019, 108.45149866305019, 103.88136022633557, 103.88136022633557, 93.06911091205507, 93.06911091205507, 93.06911091205507], 
[1588767.61595608, 36782.64709369723, 36782.64709369723, 36733.12003749632, 36733.12003749632, 36683.556516730314, 36675.154230830456, 917.3516313237756, 917.3516313237756, 917.3516313237756, 917.3516313237756, 917.3516313237756, 917.3516313237756, 917.3516313237756, 917.3516313237756, -160.29121591190415, -160.29121591190415, -160.29121591190415, -160.29121591190415, -160.29121591190415], 
[12572.840297829605, 12572.840297829605, 12572.840297829605, 12572.840297829605, 12572.840297829605, 12572.840297829605, 12572.840297829605, 10035.492657353543, 9921.838451469897, 3734.732122496899, 3734.732122496899, 3729.823130633423, 3396.8089654529813, 3396.8089654529813, 3378.1033681361214, 3378.1033681361214, 3377.956783447915, 3377.956783447915, 3377.6453164041077, 3373.026329297685], 
[510298.0391304713, 5043.580082241251, 5043.580082241251, 5043.580082241251, 3340.624337935902, 3340.624337935902, 3317.8559235467437, 3317.8559235467437, 3242.320727580399, 3205.901832836088, -185.90228098635043, -203.98836210806576, -203.98836210806576, -203.98836210806576, -425.4160372112117, -887.6098515503354, -1054.0577830865195, -1262.685524322831, -1262.685524322831, -1268.0298815569913], 
[82592.72992486524, 82592.72992486524, 82592.72992486524, 82592.72992486524, 14747.362069186293, 14706.726253043811, 4613.049375807124, 4601.9627754124795, 4601.9627754124795, 80.86563604109301, 80.86563604109301, 80.86563604109301, 80.86563604109301, 80.86563604109301, -18.16927565846504, -18.346521519972157, -18.346521519972157, -18.346521519972157, -18.673941418857112, -18.673941418857112], 
[1933398.6495389044, 993223.0487567583, 78306.0802044599, 78228.75881366314, 78228.75881366314, 77868.24819487317, 1651.3578045257032, 1651.3578045257032, 1651.3578045257032, 1651.3578045257032, 1651.3578045257032, 1449.1328772026136, 1449.1328772026136, 1422.6516643842197, 1422.6516643842197, 1422.6516643842197, 1422.6516643842197, 1422.6516643842197, 1422.0998189598213, 1422.0998189598213], 
[1589881.6959944032, 22253.264907950317, 22253.264907950317, 22253.264907950317, 19536.28726364862, 9888.402972231015, 9888.402972231015, 9886.176563698462, 4507.650964931218, 4507.650964931218, 4507.650964931218, -1293.5366776732942, -1293.5366776732942, -1293.7550903761075, -1293.7550903761075, -1293.7550903761075, -1293.7550903761075, -1294.1969387082788, -1294.1969387082788, -1294.1969387082788], 
[615.2566581652632, 615.2566581652632, 615.2566581652632, 615.2566581652632, 615.2566581652632, 613.0657130314125, 613.0657130314125, 610.5737475376841, 579.8186643393524, 579.8186643393524, 579.8186643393524, 248.103850277196, -194.76095935493845, -194.76095935493845, -194.76095935493845, -194.76095935493845, -194.76095935493845, -194.76095935493845, -194.76095935493845, -194.76095935493845], 
[58330.32382753599, 58330.32382753599, -271.47523704188006, -271.47523704188006, -283.6970348472703, -283.6970348472703, -283.6970348472703, -290.1761264150616, -791.0322600240381, -791.0322600240381, -791.5146358159584, -791.5146358159584, -791.5146358159584, -791.5146358159584, -791.5146358159584, -791.5146358159584, -791.5146358159584, -791.5146358159584, -791.5146358159584, -791.5146358159584], 
[141452.75950124193, 141312.32924487966, 95492.71924496052, 84023.28269893295, 3365.6026373387513, -1178.9837985456415, -1216.7463891208702, -1216.7463891208702, -1222.4633876267462, -1253.8292639162994, -1253.8292639162994, -1253.8292639162994, -1273.493176851072, -1273.493176851072, -1273.493176851072, -1273.493176851072, -1273.493176851072, -1291.6215173540836, -1291.6215173540836, -1291.6215173540836], 
[2161067.2991689113, 7470.809728122815, 5344.988313299114, 1794.964183730357, 1794.964183730357, 1794.964183730357, 1794.964183730357, 1794.964183730357, 1794.964183730357, 1794.964183730357, 1794.964183730357, 1793.9300333217452, 1793.9300333217452, 1793.9300333217452, 1793.9300333217452, 739.7845461278623, 646.2705510143994, -137.74219833209577, -137.74219833209577, -137.74219833209577], 
[363756.6003250949, 363756.6003250949, 329215.30914531666, 329215.30914531666, 39079.23608872629, 39079.23608872629, 36544.69503195748, 3063.5847969296574, 3063.5847969296574, 3054.7138957010593, 3054.7138957010593, 2912.2373537805533, 2912.2373537805533, 2912.2373537805533, 2912.2373537805533, 2912.2373537805533, 2912.2373537805533, 2905.2207161828755, 2883.136618050946, 2877.159995714761], 
[1532359.7460876051, 1531826.2734488805, 36557.76652387135, 36557.76652387135, -831.7774097663554, -831.7774097663554, -831.7774097663554, -831.7774097663554, -836.4356166553704, -836.4356166553704, -836.4356166553704, -1066.378774475095, -1066.378774475095, -1093.6591379417694, -1093.6591379417694, -1104.2520236472499, -1145.4123295724944, -1147.4253282313837, -1150.0960994269847, -1150.1591799437745], 
[3335333.8503067805, 396884.9563490754, 396884.9563490754, 727.8484811367896, -8.668780560372852, -8.668780560372852, -8.668780560372852, -613.172471636115, -613.172471636115, -613.172471636115, -613.172471636115, -613.172471636115, -1014.7335575013028, -1131.6678468587972, -1286.3784137734247, -1286.3784137734247, -1286.553397162138, -1286.553397162138, -1286.5739742183432, -1286.5739742183432], 
[115230.47463621532, 115230.47463621532, 115230.47463621532, -322.50437028514966, -324.899342429316, -324.899342429316, -324.899342429316, -1183.4745308215784, -1184.9051537006853, -1184.9051537006853, -1187.6916252851167, -1226.7079443847813, -1226.7079443847813, -1226.7079443847813, -1226.8333933880958, -1226.8355357258797, -1226.8355357258797, -1226.8489532450574, -1226.8489532450574, -1226.8489532450574], 
[519659.38639939774, 4550.810199759516, 4289.41758112997, 3813.6528883300425, 3221.5420486546664, -802.2031894183121, -802.2031894183121, -1066.707082640759, -1066.707082640759, -1066.707082640759, -1066.707082640759, -1066.707082640759, -1066.707082640759, -1066.707082640759, -1066.707082640759, -1066.707082640759, -1109.2546953719198, -1112.7282118694443, -1112.7282118694443, -1112.7282118694443], 
[15606.417379340492, 15606.417379340492, 15606.417379340492, 15606.417379340492, 15606.417379340492, 15589.679706951873, 15589.679706951873, 15589.679706951873, 15589.679706951873, 15589.679706951873, 6766.909617775629, 6766.909617775629, -24.533383498049034, -24.533383498049034, -24.533383498049034, -24.533383498049034, -24.533383498049034, -92.86803104208298, -92.86803104208298, -169.21084264127285], 
[359682.8869016288, 359682.8869016288, 20563.555145161907, 4418.788235020497, 4414.142296685623, 4414.142296685623, 4414.142296685623, 4241.219814346195, 4240.103227692566, 4206.644580986602, 2527.6453477359873, 2522.2413165493635, 2521.299996919223, 2508.8515794505893, 2508.8515794505893, -938.1060556044426, -938.1060556044426, -938.1060556044426, -958.4500447388884, -958.4500447388884], 
[104125.65507990858, 104125.65507990858, 104125.65507990858, 104125.65507990858, 104125.65507990858, 104125.65507990858, 8933.698764163695, 8912.478819729264, 8770.497115073038, 7767.011814765916, 7767.011814765916, 6383.579339476391, 4385.604768836923, 4345.808939054758, 4345.808939054758, 4345.808939054758, 3591.0022376447478, 3591.0022376447478, 3591.0022376447478, 3542.27253744312], 
[18155.90729259745, 18131.873844131467, 18047.928183191834, 18047.928183191834, 18047.928183191834, 18047.928183191834, 15847.079502940556, 15847.079502940556, 8025.256687075484, 6112.009191998584, 6112.009191998584, 5410.94168975917, 5250.655730493201, 5249.704961199246, 5248.928981739764, 5248.928981739764, 5248.333900121624, 5228.744578341033, 5228.744578341033, 5228.744578341033], 
[2908156.9946188736, 2908156.9946188736, 2908156.9946188736, 73130.65105591608, 73130.65105591608, 34119.00454954008, 34119.00454954008, 34119.00454954008, 34119.00454954008, 34119.00454954008, 34072.82045731449, 34072.82045731449, 34072.82045731449, 22883.807169654086, 22883.807169654086, 22883.807169654086, 22883.807169654086, 22883.807169654086, -955.859782011785, -955.859782011785], 
[797812.792671105, 175130.46071286572, 175130.46071286572, 175113.7376927035, 175113.7376927035, 9694.37786238391, 4630.336815008812, 4630.336815008812, 4630.336815008812, -934.4331658478313, -934.4331658478313, -934.4331658478313, -934.4331658478313, -934.7183205392505, -935.3051060324507, -935.3051060324507, -935.3051060324507, -935.3480609030775, -935.3480609030775, -935.3480609030775], 
[13084087.297971, 2063521.3488893732, 326813.5510104935, 326813.5510104935, 326813.5510104935, 40914.087395054055, 40914.087395054055, 34920.83384677725, 22624.920208065818, 2158.5377885160897, 2158.5377885160897, 2158.5377885160897, 2158.5377885160897, 2023.7263971258662, 2023.7263971258662, 2022.2287884674133, 2022.2287884674133, 2022.2287884674133, 2007.919617826631, 2007.919617826631], 
[2942122.9905529744, 2942122.9905529744, 2942122.9905529744, 167941.28546949557, 167941.28546949557, 9722.903051404292, 9722.903051404292, 9722.903051404292, 9718.324134810246, 9714.344905238177, 9694.480690780509, 9694.480690780509, 9694.480690780509, 9694.480690780509, 9694.480690780509, 9694.480690780509, 1774.161236879489, 1774.161236879489, 1774.161236879489, 1651.6797537501616], 
[736582.6528402022, 600635.0964635982, 7585.816401608061, 7585.816401608061, 7551.8009243354045, 58.27700046161044, -626.1563410537462, -626.1563410537462, -626.1563410537462, -626.1563410537462, -645.7094522560245, -853.7237775032158, -853.7237775032158, -853.7237775032158, -853.7237775032158, -853.9073408674092, -853.9073408674092, -854.0430719612463, -854.0430719612463, -854.4174217161628], 
[13959.352001626774, 13940.452232158408, 13940.452232158408, 13940.452232158408, 13940.452232158408, 12443.649339438332, 12443.649339438332, 1373.1708191291227, 1370.6310216093798, 1370.6310216093798, 1367.9766063390225, -462.3372558278693, -462.3372558278693, -462.3372558278693, -462.3372558278693, -462.3372558278693, -502.7520445634784, -502.7520445634784, -519.5490600509651, -519.5490600509651], 
[1284243.8402178644, 1132395.1511197572, 233519.52231284292, 233417.3105446782, 232119.93764585376, 54063.46749146092, 26902.650466502266, 26902.650466502266, 17291.750733129764, 17291.750733129764, 4290.544536448745, 4290.544536448745, 4256.523299887583, 3870.979632640233, 3864.9980713893774, 3290.566456974492, 3075.772667469084, 3075.772667469084, 2708.060852851739, 2685.6336620467628], 
[6610.905913897733, 6610.905913897733, 3068.9682037750636, 3068.9682037750636, 3068.9682037750636, 3068.9682037750636, 3068.9682037750636, 3060.381297785215, 573.6204820830635, 573.6204820830635, 573.6204820830635, 573.6204820830635, 573.6204820830635, 473.97096231360433, 473.97096231360433, 473.97096231360433, 473.97096231360433, 473.97096231360433, 472.4713955923719, 471.10053819102086], 
[1026861.5006196625, 1012369.282299857, 1012369.282299857, 1012369.282299857, 644591.8908119793, 500930.82963099127, 189617.0268769914, 23625.652980972416, 7926.56966025353, 7925.070107593185, 7925.070107593185, 7701.482639452875, 5658.250057855325, 5392.847164795663, 5392.847164795663, 5392.847164795663, 5383.566939846127, 5383.566939846127, 5159.341660354591, 5159.341660354591], 
[29421.216447293016, 29421.216447293016, 29421.216447293016, 10365.2667345528, 10365.2667345528, 10365.2667345528, 3715.32371139538, -843.5768754211813, -843.5768754211813, -843.5768754211813, -843.5768754211813, -843.5768754211813, -843.5768754211813, -843.5768754211813, -1118.791881558939, -1118.791881558939, -1130.6979164680802, -1130.6979164680802, -1130.6979164680802, -1142.1001008196286], 
