[114.15052198999945, 114.15052198999945, 113.39445637977747, 113.37091405970284, 113.37091405970284, 113.37091405970284, 113.32713770841565, 64.89211299338263, 64.89211299338263, 63.43694983989735, 59.69604914085892, 59.69604914085892, 59.59375826674, 59.59375826674, 59.27188891911533, 58.71778448365137, 58.71778448365137, 58.691715365387495, 58.691715365387495, 58.691715365387495], 
[158.59486765009456, 89.97651012188612, 89.97651012188612, 58.284201025612674, 58.284201025612674, 57.26556916785444, 57.26556916785444, 57.26556916785444, 51.800697213318585, 42.979897727415164, 42.979897727415164, 42.979897727415164, 42.979897727415164, 42.979897727415164, 30.15414248704542, 30.15414248704542, 25.092698432161683, 25.092698432161683, 25.092698432161683, 25.092698432161683], 
[191.87440965336793, 191.87440965336793, 122.71404684862705, 15.422195659736985, 15.422195659736985, 10.63031383196062, 8.631807933407572, 8.630932130054589, 8.614621194454685, 8.614621194454685, 8.614621194454685, 8.597504787858952, 7.739377579377901, 2.201254519148847, 2.201254519148847, 2.201254519148847, 0.8871888463446567, 0.8849394900206562, 0.8552866870336402, 0.8552866870336402], 
[304.1026769609381, 126.1102866420265, 126.1102866420265, 118.19120299899566, 117.45596541913562, 116.6581755899058, 116.6581755899058, 24.36447262242814, 24.36447262242814, 16.935320319585117, 16.935320319585117, 16.935320319585117, 16.935320319585117, 16.935320319585117, 16.935320319585117, 16.935320319585117, 16.935320319585117, 16.930121806409716, 16.92786007100142, 2.967393936653025], 
[280.6776481207429, 234.27595007988782, 149.95030907422552, 149.95030907422552, 133.1652440119069, 28.176486793713366, 28.176486793713366, 28.176486793713366, 28.17493930365515, 20.672803531608906, 20.672803531608906, 20.670964233460154, 6.142060234370547, 6.127404650762969, 5.249898322343256, 5.010716821744154, 5.010716821744154, 5.010716821744154, 4.817849048804419, 3.1290025739007206], 
[218.03020283074852, 218.03020283074852, 217.9229147469904, 146.2480656240707, 140.58377347316696, 140.58377347316696, 140.58377347316696, 140.58377347316696, 140.58377347316696, 140.58377347316696, 140.58040292326064, 140.04951658754555, 140.04951658754555, 140.04951658754555, 127.0743051507875, 127.0743051507875, 127.0743051507875, 127.0743051507875, 68.74624972841866, 31.478600293743398], 
[163.84505481670658, 157.53000805225236, 157.53000805225236, 157.53000805225236, 146.87677055501513, 146.87677055501513, 146.87677055501513, 146.81472327445124, 146.78066647958633, 22.714840048876795, 22.714840048876795, 22.714840048876795, 19.118561928496206, 19.097092808121488, 19.097092808121488, 18.02734778269121, 18.02734778269121, 18.02734778269121, 18.02734778269121, 18.010894814000608], 
[351.5067606615434, 205.16320827270363, 149.74078182173776, 149.74078182173776, 149.6928344272833, 149.6928344272833, 114.05210016159901, 114.05210016159901, 114.04522832145813, 109.12574060634006, 92.77861028534255, 92.77861028534255, 92.77861028534255, 92.76576856289978, 92.76576856289978, 77.04100671906303, 77.04100671906303, 77.04100671906303, 76.98479967019853, 76.98479967019853], 
[273.23069260355237, 147.68473685772426, 147.68473685772426, 147.68473685772426, 147.68473685772426, 49.26382578234711, 49.26382578234711, 49.26382578234711, 49.26382578234711, 49.26382578234711, 49.26382578234711, 49.2637666201432, 49.2637666201432, 49.19783442069922, 27.127680793624677, 16.69172233359768, 16.69172233359768, 16.68295206683615, 16.68295206683615, 16.68295206683615], 
[430.8290567144475, 99.58907828453039, 99.58907828453039, 99.58907828453039, 99.58907828453039, 99.58907828453039, 99.57340649711125, 99.57340649711125, 99.57340649711125, 31.36251719979316, 31.36251719979316, 31.36251719979316, 23.707020277428, 23.707020277428, 23.707020277428, 23.707020277428, 23.707020277428, 23.707020277428, 6.846561813484982, 6.839008667628832], 
[299.4726443361452, 252.44439097140867, 227.39538985057175, 227.39538985057175, 133.86942654252755, 41.8142193323672, 41.8142193323672, 41.8142193323672, 25.45876945636269, 25.45876945636269, 25.45876945636269, 25.45876945636269, 25.45876945636269, 20.341438289312464, 20.295251433042495, 17.963195545429585, 17.963195545429585, 17.792684570671554, 17.60409642496927, 17.60409642496927], 
[266.24840232549775, 146.44388941489058, 146.44388941489058, 146.44388941489058, 41.13854767218652, 41.13854767218652, 41.108514464097084, 41.108514464097084, 41.108514464097084, 40.15902975336553, 40.15902975336553, 24.59953033796978, 21.362426616150515, 21.36049714382966, 19.04278344810234, 19.04278344810234, 17.996881932484712, 17.996881932484712, 17.01833488854163, 16.855676558392133], 
[59.82536314070808, 59.82536314070808, 59.815207142642066, 59.815207142642066, 59.8075240028345, 59.8075240028345, 59.8075240028345, 59.8075240028345, 59.8075240028345, 56.61160825629179, 56.61160825629179, 56.61160825629179, 13.067549602633335, 13.067549602633335, 13.067549602633335, 13.062606409186515, 12.98247323687906, 12.98247323687906, 11.384250676386046, 6.068581920723091], 
[258.60418215853497, 119.91025131249478, 119.91025131249478, 119.91025131249478, 119.91025131249478, 119.91025131249478, 119.91025131249478, 94.29845060480761, 33.65161450429264, 33.65161450429264, 33.65161450429264, 17.411488540339292, 17.408523510370287, 17.400125058904564, 17.400125058904564, 17.400125058904564, 17.382822291170783, 17.382822291170783, 17.221113696359566, 17.221113696359566], 
[226.50104329719227, 165.4449203814413, 89.6910208781411, 89.6910208781411, 89.66738724007735, 89.66738724007735, 89.66738724007735, 89.66738724007735, 89.6501957164462, 85.42902955715033, 85.42902955715033, 71.82021739460447, 71.80959996859838, 50.84132537636958, 5.3421683858088045, 5.3421683858088045, 5.3421683858088045, 3.678505462238263, 3.1416876053743863, 3.1416876053743863], 
[141.10775747041248, 4.5640050359559154, 4.5640050359559154, 4.5640050359559154, 4.563213886703807, 4.563213886703807, 4.563213886703807, 4.563213886703807, 4.562921888126425, 4.562921888126425, 4.562921888126425, 4.562921888126425, 4.562921888126425, 1.490069522648355, 1.490069522648355, 1.490069522648355, 1.48926692580892, 1.41481407527192, 1.41481407527192, 1.41481407527192], 
[79.52330736765225, 79.52330736765225, 79.52330736765225, 78.05561869721316, 78.05561869721316, 78.05063324024366, 75.6187326721099, 75.6187326721099, 74.973427634259, 74.973427634259, 74.953900928851, 74.953900928851, 74.953900928851, 73.36411422676849, 73.34853121993615, 73.34853121993615, 73.30881030577075, 71.5251799311385, 71.5251799311385, 71.50402322843422], 
[335.9881524264206, 335.69454286059477, 319.8263885122383, 189.09387812077546, 189.09387812077546, 187.89674415061393, 43.73010575559681, 43.73010575559681, 33.113468794904065, 33.113468794904065, 33.10941758142724, 33.10941758142724, 31.993309859394117, 31.342276715298226, 31.342276715298226, 31.281977041755226, 31.281977041755226, 31.27640196810023, 29.894909289541715, 24.16419665851288], 
[105.48251972955643, 105.43142435822062, 105.43142435822062, 105.40942168263302, 105.32146422604023, 26.962385318884117, 26.962385318884117, 26.959995007567272, 26.959995007567272, 25.4492354754168, 25.4492354754168, 25.4492354754168, 25.4492354754168, 24.116869349721014, 24.116869349721014, 0.7593385559226817, 0.7580318702630393, 0.7580217572240144, 0.6944611019489457, 0.6944611019489457], 
[213.5139951327077, 213.5139951327077, 82.63608081697589, 82.63608081697589, 82.63608081697589, 81.23955116312572, 44.58394293816718, 44.58394293816718, 44.58394293816718, 44.56436147867521, 5.747276346398962, 5.747276346398962, 5.7401548838204235, 5.7401548838204235, 5.667195192511144, 5.662360465121765, 5.662360465121765, 3.690302722087381, 3.690302722087381, 3.5464345122293253], 
[250.6581704296675, 174.35177426899645, 174.35177426899645, 56.16443507547092, 56.16443507547092, 56.16443507547092, 56.16443507547092, 56.16443507547092, 38.59765294186934, 38.59765294186934, 38.59351285272953, 38.59351285272953, 38.59351285272953, 38.59351285272953, 38.59351285272953, 38.56055033687301, 34.13268824660213, 34.13110318696931, 34.13110318696931, 33.92271019691293], 
[41.257607186110135, 41.257607186110135, 41.257607186110135, 41.21601174386467, 41.21601174386467, 31.714595808028093, 31.714595808028093, 17.978606810264182, 17.978606810264182, 17.978606810264182, 17.978606810264182, 17.978606810264182, 17.9549367427976, 17.92852987329752, 17.794133240260976, 17.794133240260976, 16.805273429232898, 16.80474455788317, 16.804507564338223, 16.804507564338223], 
[1.1696939651814091, 1.1696939651814091, 1.1696939651814091, 1.1686683105083375, 1.1652499575052389, 1.1630365015809048, 1.1630365015809048, 1.1630365015809048, 0.7657149040487639, 0.765072184854489, 0.7646972246110408, 0.7646972246110408, 0.7646972246110408, 0.7646972246110408, 0.6709329116791878, 0.6709329116791878, 0.6709329116791878, 0.6709329116791878, 0.650808310247271, 0.650808310247271], 
[277.5110198930529, 125.83125043889447, 125.83125043889447, 100.0949699156439, 88.61829230869773, 88.61829230869773, 88.61318149589965, 88.61318149589965, 86.22810499999127, 86.22810499999127, 86.22810499999127, 86.22810499999127, 86.22810499999127, 82.86331194213335, 82.86331194213335, 82.79194441620064, 82.79194441620064, 80.70106319755291, 80.52964265468745, 80.52964265468745], 
[164.95953368492349, 164.95953368492349, 164.9333183428821, 164.9333183428821, 164.9333183428821, 164.9333183428821, 162.76784755571703, 68.76977284425834, 68.70594256593631, 36.34321364711013, 35.68993266277789, 35.68993266277789, 27.37216993115055, 24.10468076355778, 18.240845063930237, 18.15569841319075, 18.15569841319075, 17.634179869856098, 17.175959322131575, 17.175959322131575], 
[358.7025718339222, 234.18521328883628, 234.16906512975095, 234.16906512975095, 234.14749464294573, 234.14749464294573, 204.06338782244472, 98.02868184055228, 98.00884412281926, 97.94166450907892, 62.34009059580785, 62.34009059580785, 62.34009059580785, 62.34009059580785, 62.33496722573955, 62.32984825969993, 61.172296489986365, 59.69283977211421, 59.69283977211421, 59.68914688264931], 
[317.47814469891864, 113.25962457472372, 113.25962457472372, 90.35832669238857, 90.35832669238857, 18.331406290056634, 18.317323603551813, 9.170857370547196, 9.170857370547196, 9.165198913680797, 9.165198913680797, 7.629267496335956, 7.388337961865773, 7.388337961865773, 7.388337961865773, 7.022132279293942, 7.022132279293942, 0.7951125824662313, 0.7951125824662313, 0.7944948140313954], 
[45.032753240873944, 45.032753240873944, 45.004339223072634, 45.004339223072634, 45.004339223072634, 36.88407013689505, 36.88407013689505, 36.88407013689505, 36.88407013689505, 36.88407013689505, 18.51291221124052, 18.50423596988594, 18.50423596988594, 18.50423596988594, 18.50423596988594, 17.37838285109683, 17.377621501160775, 17.377621501160775, 15.41305367138682, 5.970481413100288], 
[262.312584604952, 179.88901415304701, 18.594605409148357, 18.594605409148357, 18.59357208633503, 15.61975264122259, 15.615388328264999, 15.615388328264999, 15.605993963804167, 15.605993963804167, 15.605993963804167, 7.998937496300755, 1.7506560415710055, 1.7506560415710055, 1.7506560415710055, 1.7506560415710055, 1.6750672547476597, 1.6750672547476597, 1.6750672547476597, 1.572218005058744], 
[9.845486330832045, 9.839115185024411, 9.839115185024411, 9.443182834528443, 9.443182834528443, 8.741940843481643, 8.741940843481643, 8.735613819527543, 8.735613819527543, 8.735613819527543, 8.735613819527543, 7.217135830813504, 7.217135830813504, 6.1185810469789885, 6.1185810469789885, 4.00452619707653, 4.00452619707653, 4.00452619707653, 0.9443977702846951, 0.9443977702846951], 
