[4.49526633991219, 4.49526633991219, 4.348251382556075, 4.348251382556075, 4.336992212962347, 4.336992212962347, 4.336992212962347, 4.335584500078806, 4.191901606933742, 3.0432605313398917, 2.563364438837485, 2.563364438837485, 2.563364438837485, 2.563364438837485, 2.563364438837485, 2.563364438837485, 2.562954415879823, 2.4904425594620854, 2.39297298834091, 2.39297298834091], 
[6.422513116944158, 6.409084191238762, 6.409084191238762, 5.6056127120477734, 5.604941351931229, 5.481410175141139, 2.554527335298503, 2.554527335298503, 2.554527335298503, 2.554527335298503, 2.5523404445186184, 2.5523404445186184, 2.5523404445186184, 2.5523404445186184, 2.5514173864474965, 2.4867605630924983, 2.480150088773992, 2.480150088773992, 2.3345232090497863, 2.333822539246088], 
[13.954543687801172, 6.357410068163175, 6.357410068163175, 6.357410068163175, 6.357410068163175, 5.97382946120033, 5.97382946120033, 5.21236127424168, 4.017217809712813, 3.6853034668736435, 3.231623015665671, 3.078034966785947, 3.055338985265652, 2.823477894359778, 2.823477894359778, 2.5462019215318965, 2.5462019215318965, 2.5458046741122824, 2.5458046741122824, 2.5458046741122824], 
[9.45079990563117, 9.171617536017244, 3.802304369777565, 3.802304369777565, 3.802304369777565, 3.802304369777565, 3.802304369777565, 2.382145598315222, 2.382145598315222, 2.382145598315222, 2.3817626967427143, 2.3817626967427143, 2.3568949013279514, 2.3568949013279514, 2.3568949013279514, 2.2120878997303257, 2.2120878997303257, 2.1979840090877465, 2.1979840090877465, 2.1979840090877465], 
[5.955519678656991, 5.945576059166708, 5.945576059166708, 5.913009568774269, 4.143311954862195, 4.143311954862195, 3.7018631866120133, 3.7018631866120133, 3.573284175169952, 3.573284175169952, 3.573284175169952, 3.573284175169952, 3.573284175169952, 3.573284175169952, 3.348768978743707, 2.821954026148037, 2.477526757257689, 2.477526757257689, 2.477526757257689, 2.389660564394184], 
[8.513635772651778, 8.495854983404296, 8.495854983404296, 5.637513427141581, 5.6281295359368855, 5.004080730729251, 5.004080730729251, 3.816964105502474, 3.816964105502474, 3.816964105502474, 3.816964105502474, 3.816964105502474, 3.159738375030923, 3.159738375030923, 3.159738375030923, 3.155301932087915, 2.9926192882552805, 2.9114118980359938, 2.9114118980359938, 2.9114118980359938], 
[5.447356185930256, 5.447356185930256, 5.416035834521075, 5.0404635522662655, 4.598290347641967, 3.051803356649657, 3.051803356649657, 3.05147817667286, 3.05147817667286, 3.049243674576489, 3.039817210282336, 2.1550954660603794, 2.1528609639640086, 2.1528609639640086, 2.1528609639640086, 2.1506836654320574, 2.1506836654320574, 2.140592785521252, 2.140592785521252, 2.140592785521252], 
[11.175046229240909, 8.438316181344565, 8.438316181344565, 6.95256070878731, 5.201652892368467, 4.938945657966548, 3.3994317332615145, 2.6053231254833773, 2.6053231254833773, 2.6053231254833773, 2.6053231254833773, 2.5875219871645343, 2.102125893877278, 2.098919933973854, 2.098919933973854, 2.0986253303467883, 2.0986253303467883, 2.0986253303467883, 2.0984132666573596, 2.0984132666573596], 
[15.080399918377347, 10.249462598503342, 4.867509155066688, 4.867509155066688, 4.629753762081533, 4.4653553248864295, 3.5827894168045513, 3.5807863441706624, 3.5807863441706624, 2.488207610244143, 2.488207610244143, 2.481004270318613, 2.481004270318613, 2.481004270318613, 2.2332058948798625, 2.2332058948798625, 2.2332058948798625, 2.1511565708768288, 2.1511565708768288, 2.150197552630889], 
[8.20278230730009, 8.20278230730009, 8.20278230730009, 8.20278230730009, 3.9151791149568025, 3.537756706514062, 2.8076519592128397, 2.8076519592128397, 2.754651319479303, 2.254464573712537, 2.254464573712537, 2.2542343548642165, 2.2542343548642165, 2.2542343548642165, 2.2302394597268265, 2.2302394597268265, 2.2302394597268265, 2.2302394597268265, 2.2302394597268265, 2.2300292817235503], 
[8.97428547570648, 6.947265321770347, 6.947265321770347, 6.947265321770347, 4.239648542541454, 4.239648542541454, 3.737311429292427, 2.6735390076608634, 2.6735390076608634, 2.6658864220941227, 2.4581786077057397, 2.1442244676246176, 2.1442244676246176, 2.1442244676246176, 2.143043811349909, 2.1333533216746656, 2.1333533216746656, 2.1319456977167675, 2.1319456977167675, 2.1319456977167675], 
[5.9051880573559, 5.58497508056174, 4.5959242224638075, 4.590310904359516, 4.590310904359516, 4.576642663375413, 4.498910445041313, 4.495893805572282, 4.495893805572282, 2.977950298963408, 2.977328981322148, 2.9725788655557657, 2.9725788655557657, 2.743438908703927, 2.743438908703927, 2.743438908703927, 2.693349367156495, 2.6640604734120634, 2.6640604734120634, 2.6640604734120634], 
[9.55205669196457, 6.725467105097826, 5.624410806888833, 3.5551862965158376, 3.5551862965158376, 3.3163099049693354, 3.3163099049693354, 3.2547161110878458, 2.8117809527600643, 2.8117809527600643, 2.752871218560996, 2.7489534551110326, 2.3720586535003743, 2.3720586535003743, 2.3720586535003743, 2.3280138655784093, 2.320422977089561, 2.320422977089561, 2.320422977089561, 2.075748346571476], 
[11.577099930073878, 9.761916831921342, 8.88310407395233, 4.757932174646386, 4.757932174646386, 4.690952916193099, 4.328703986841419, 3.5170173619101615, 3.500966965244994, 2.269368467966308, 2.269368467966308, 2.269368467966308, 2.269368467966308, 2.269368467966308, 2.23178181859328, 2.23178181859328, 2.2306041369841347, 2.2082558395248784, 2.098561650748617, 2.098561650748617], 
[12.53597346741748, 12.53597346741748, 12.507627019198008, 10.413319855913711, 1.3561674373950283, 1.3561674373950283, 1.3524330533538609, 1.3524330533538609, 1.3524330533538609, 1.3519609781739812, 1.3519609781739812, 1.3519609781739812, 1.3514894725963156, 1.2831258394963712, 1.2831258394963712, 1.2831258394963712, 1.2831258394963712, 1.2831258394963712, 1.259977936137575, 1.2512289714976454], 
[13.768416325598738, 6.462070878791536, 5.363667817145761, 5.36334270380077, 5.36334270380077, 4.979242264035129, 3.809450123281983, 2.9896085367341003, 2.4613348713127863, 2.1765836205285622, 2.176358304773483, 2.176358304773483, 2.176358304773483, 2.1762490952967415, 2.1762490952967415, 2.175523100079524, 2.175504791604895, 2.175504791604895, 2.175504791604895, 2.175504791604895], 
[10.481459755237585, 7.715734384975732, 7.715734384975732, 2.2109578324597043, 2.2109578324597043, 2.2109578324597043, 2.2072784022510135, 2.2036557496099753, 2.177571790428456, 2.177571790428456, 2.177571790428456, 2.148179128106622, 2.148179128106622, 2.1381563746454986, 2.1262350156203853, 2.1095712225656857, 2.1095712225656857, 2.10090654413868, 2.10090654413868, 2.093427156141477], 
[7.9606207973399465, 3.3185188123730716, 3.3185188123730716, 3.3185188123730716, 2.910848707543163, 2.9105670350917525, 2.4447493170740238, 2.438976448501067, 2.438976448501067, 2.4116181214820966, 2.4114927882675703, 2.2447411806262245, 2.2447411806262245, 2.1395582697234015, 2.1395582697234015, 2.1395582697234015, 2.1380974335014904, 2.133561606163691, 2.132731369563359, 2.1308380573491177], 
[10.500560617014084, 6.723541606872621, 1.5045577857554604, 1.5045577857554604, 1.5045577857554604, 1.5045577857554604, 1.503060435589926, 1.503060435589926, 1.503060435589926, 1.4450829848726336, 1.4450829848726336, 1.4450829848726336, 1.4450829848726336, 1.4450829848726336, 1.4450829848726336, 1.4450573755104343, 1.4450573755104343, 1.3906203792138223, 1.3906203792138223, 1.3906203792138223], 
[8.300925019952954, 8.300925019952954, 5.695288472690251, 5.695288472690251, 5.695288472690251, 3.269087951684105, 3.269087951684105, 3.269087951684105, 3.269087951684105, 2.9616995509408564, 2.8849699381673486, 2.8158237062434277, 2.8158237062434277, 2.8158237062434277, 2.741644311185864, 2.741644311185864, 2.733654925840915, 2.5386095722989532, 2.5386095722989532, 2.3141413855651174], 
[11.679429333334905, 7.543497066580064, 5.919131298165715, 5.919131298165715, 5.439653613053481, 5.145397945370717, 4.908189602634313, 3.9811072791427797, 3.9811072791427797, 3.9811072791427797, 3.9811072791427797, 3.3511258272154634, 3.343189026220394, 2.7888516012458227, 2.7888516012458227, 2.7859110420479736, 2.7839866431900218, 2.6132923877029746, 2.6132923877029746, 2.4681663403452014], 
[17.610057306000304, 13.372401543399818, 8.107777963222581, 6.776998198225354, 5.791118157146014, 5.791118157146014, 5.468301504953352, 3.2063430092087626, 3.2063430092087626, 3.2063430092087626, 3.2063430092087626, 3.199763681973236, 2.169257672802856, 2.169257672802856, 2.169257672802856, 2.169257672802856, 2.169257672802856, 2.169257672802856, 2.169257672802856, 2.169257672802856], 
[4.800091628682328, 4.800091628682328, 4.800091628682328, 3.8700665903789795, 3.8264973412781873, 3.8264973412781873, 3.8264973412781873, 2.904029300691911, 2.904029300691911, 2.8999730707840183, 2.8992731346231797, 2.483199639430832, 2.483199639430832, 2.473128890348322, 2.473128890348322, 2.467998654940805, 2.334258888672446, 2.3174988023245926, 2.1813720457875068, 2.0541358965571024], 
[7.911611501394875, 4.622510308470377, 4.622510308470377, 4.622510308470377, 3.3733782170108157, 3.3733782170108157, 3.3400514707397564, 3.29128059599553, 3.0720992748598577, 2.41424523149754, 2.413825287759172, 2.413825287759172, 2.223410463081904, 2.223390577859779, 2.223390577859779, 2.223390577859779, 2.221876742875477, 2.221876742875477, 2.1650030864306946, 2.1650030864306946], 
[3.421049157126958, 3.421049157126958, 3.1862510762353877, 3.1862510762353877, 3.1862510762353877, 3.0230919911960323, 3.0230919911960323, 2.4232290250213326, 2.4175897120429712, 2.4102659693895263, 2.4102659693895263, 2.330031986144198, 2.3080986771223593, 2.3080986771223593, 2.3080986771223593, 2.298417861043934, 2.298417861043934, 2.282073007759385, 2.256340476469636, 2.2554808192305864], 
[14.323588681069285, 14.114744763424653, 8.143839573851213, 7.603745433548432, 2.5989348138054065, 2.4176261299698485, 2.4176261299698485, 2.4176261299698485, 2.2939809303369803, 2.2939809303369803, 2.2009602488689097, 1.6162950614478353, 1.6162950614478353, 1.6162950614478353, 1.6162950614478353, 1.6162950614478353, 1.5161626106366934, 1.4514449142581, 1.4418537892587433, 1.2321255056539102], 
[14.475160053756351, 14.475160053756351, 14.475160053756351, 11.33672331351579, 4.243503806201096, 4.243503806201096, 4.243503806201096, 4.243503806201096, 4.243503806201096, 4.243503806201096, 3.9720063925767146, 3.9720063925767146, 3.2674352945805265, 3.2674352945805265, 3.2674352945805265, 3.267194911577686, 1.0750542255204005, 1.0750542255204005, 1.0697637217239175, 1.0385271531921112], 
[17.562033887778448, 17.072627576967793, 6.1409566391293176, 5.818420852199557, 2.179955554288896, 2.179955554288896, 2.1570685721531326, 2.1570685721531326, 2.1547840390621165, 2.1547840390621165, 2.1532005799219616, 2.1532005799219616, 2.149423948484767, 2.149423948484767, 2.147671336625816, 2.147671336625816, 2.1425256759099907, 2.1425256759099907, 2.1425256759099907, 2.113700299766707], 
[6.461646389882886, 6.461646389882886, 5.593635007651787, 5.593635007651787, 4.477998283044695, 4.137186696492748, 4.137186696492748, 3.5469939397055352, 3.5469939397055352, 3.5079830340171423, 3.4208433332793424, 3.4208433332793424, 3.3715233898697297, 3.325828705573599, 3.0209208102403777, 2.7750803577025676, 2.7750803577025676, 2.5056989859542607, 2.5032219885973213, 2.5032219885973213], 
[8.680450891641636, 8.680450891641636, 8.680450891641636, 7.859460333607044, 5.503967494967176, 4.308696487658111, 4.308696487658111, 4.0947097300871516, 4.017791629692144, 2.799422436819844, 2.7987353797470687, 0.9337452174812444, 0.9337452174812444, 0.9337452174812444, 0.8601232963840788, 0.8601232963840788, 0.8555388451651589, 0.8555388451651589, 0.8336598084690019, 0.6362199713507546], 
