[1046350.7849262638, 1046350.7849262638, 115452.24463326283, 112944.12392360813, 14462.463967232026, 1071.4014868410231, 1071.4014868410231, 1071.4014868410231, 702.2512584923702, -742.4447951266947, -742.4447951266947, -743.7245273138265, -743.7245273138265, -743.7245273138265, -746.6341621079902, -746.6341621079902, -746.6341621079902, -746.9292790894125, -747.8077316986612, -747.8077316986612], 
[4806.088464797849, 4790.075861818614, 372.42699545086225, 372.42699545086225, 372.42699545086225, 372.42699545086225, 372.42699545086225, 49.391661545092575, 44.76617279033417, 44.76617279033417, 44.76617279033417, 44.76617279033417, 44.76617279033417, 40.145779487653954, 40.145779487653954, -126.32292149269006, -135.43442445239225, -136.43665742048006, -157.2408749619119, -157.36875083453128], 
[531157.3100114412, 531157.3100114412, 252320.40539236288, 252320.40539236288, 252320.40539236288, 249088.03702293418, 249088.03702293418, 46838.06576936715, 46838.06576936715, 46838.06576936715, 46782.95804015448, 46727.82353876546, 34463.497595454144, 27046.610496028265, 9227.512748606438, 9227.512748606438, 9227.512748606438, 6032.544572459029, 5968.1237249402875, 5960.185456492252], 
[504524.18570471293, 504524.18570471293, 153125.37220494437, 153125.37220494437, 153125.37220494437, 87476.71230648032, 87476.71230648032, 87391.69915768203, 49379.023477226285, 719.0374206593692, 719.0374206593692, 714.0491986532759, 714.0491986532759, 714.0491986532759, 671.0777092290232, 671.0777092290232, 671.0777092290232, 671.0777092290232, 670.0330340076086, 670.0330340076086], 
[2678.888705782607, 2678.888705782607, 2678.888705782607, 2678.888705782607, 2678.888705782607, 2678.888705782607, 2678.888705782607, 2669.196431993556, -163.7056896328454, -172.51113422496587, -172.51113422496587, -510.9075475225808, -510.9075475225808, -510.9075475225808, -510.9075475225808, -608.8373267435047, -608.8373267435047, -1131.237471722446, -1131.237471722446, -1131.237471722446], 
[2770298.7463463056, 410685.6930260316, 68872.63205147904, 68872.63205147904, 68872.63205147904, 67889.1437607015, 5113.542442073877, 5113.542442073877, 5113.542442073877, 5113.542442073877, 5085.098095149933, 5085.098095149933, 5064.730409834655, 5064.730409834655, 5064.730409834655, 696.1988241332206, -859.2725989988172, -863.4456570069162, -863.4456570069162, -863.4456570069162], 
[2012981.3608162939, 27710.350874325828, 27710.350874325828, 27710.350874325828, 27710.350874325828, 3100.781940217159, -1186.8726499236732, -1186.8726499236732, -1187.0038391823032, -1187.0038391823032, -1187.0038391823032, -1187.0038391823032, -1187.0038391823032, -1187.3649068743475, -1187.3649068743475, -1187.3649068743475, -1187.4177850397914, -1187.9805185461003, -1187.9805185461003, -1187.9805185461003], 
[1882309.5582905232, 13247.522194818386, 13247.522194818386, 13247.522194818386, 13247.522194818386, 10434.76514742177, 945.6787798355867, 924.0362236281248, 898.7611957957597, 898.7611957957597, 898.7611957957597, 898.7611957957597, 898.7611957957597, 898.7611957957597, 641.6968726729742, 641.6968726729742, 597.437621415195, 597.437621415195, -267.8296588844473, -612.967893337923], 
[7580553.664250297, 149432.19836404582, 19123.03973651139, 19123.03973651139, 19033.928301403976, 19033.928301403976, 18920.240519495943, 15053.721148877663, 15053.721148877663, 15053.721148877663, 15053.721148877663, 7385.713303041295, 7385.713303041295, 7327.811438187178, 6703.904643223291, 6703.904643223291, 6703.904643223291, 6703.904643223291, 6635.348643854736, 6595.0800248251635], 
[3551.1528035781157, 3551.1528035781157, 3551.1528035781157, 3547.211088215334, 3547.211088215334, 3542.571486112861, 3353.289403659306, 3353.289403659306, 3351.969155349191, 3345.0617735314963, 3338.8072273638236, 3338.8072273638236, 3317.377505669977, 3317.377505669977, 3316.0942244486578, 3316.0942244486578, 3316.0942244486578, 3316.0942244486578, 3316.0942244486578, 3316.0942244486578], 
[39318.36139552231, 39318.36139552231, 39318.36139552231, 39318.36139552231, 17955.48791455948, 17955.48791455948, 17955.48791455948, -1260.9034921101754, -1260.9034921101754, -1260.9034921101754, -1260.9034921101754, -1296.1159685194862, -1296.1159685194862, -1296.1159685194862, -1296.1159685194862, -1296.1159685194862, -1296.2349498189194, -1296.5273633353124, -1296.5273633353124, -1296.5273633353124], 
[9199498.289878473, 8714113.601863382, 8714113.601863382, 374949.83356475685, 374949.83356475685, 87773.05970675709, 37445.92811793888, 37445.92811793888, 37437.37442374241, 37437.37442374241, 16560.491369137886, 16560.491369137886, 16560.491369137886, 3525.8990064126083, 3227.2912437497725, 3227.2912437497725, 3227.2912437497725, 3225.2473136375456, 3225.2473136375456, 3225.2473136375456], 
[69779.14134588391, 69779.14134588391, 9913.839342472078, 9848.274088155387, 2654.3093201197707, 2654.3093201197707, 2642.723421557123, 2619.3998738025375, 2436.061624033987, 2436.061624033987, 2436.061624033987, 1119.604326035751, 1119.604326035751, 1036.1043111610702, 1036.1043111610702, 431.35539194193734, 400.11443860071313, 400.11443860071313, 400.11443860071313, 396.45313686249915], 
[5876074.798370688, 5876074.798370688, 670399.449395637, 401.7123564839055, 267.25267285493555, 267.25267285493555, 255.75206335059374, 242.31127154755245, 242.31127154755245, 215.45782476364457, 203.98919029103467, -830.1421473172707, -830.1421473172707, -1083.3300832970306, -1083.3300832970306, -1083.3300832970306, -1259.7309501020331, -1259.8304425851188, -1259.8935289292037, -1259.8935289292037], 
[13821.833145491362, 13821.833145491362, 13821.833145491362, 13821.833145491362, 13016.911339419617, 13016.911339419617, 13016.911339419617, 9042.269306426959, 9039.06466410333, 9033.312711155519, 8976.72813175508, 8975.483039405255, 8975.25226236382, 6955.374211363869, 6955.374211363869, 6955.374211363869, 6955.374211363869, 6955.374211363869, 6955.374211363869, 6954.3298263340785], 
[93825.09498994131, 64214.46179165958, 64214.46179165958, 38502.23144328281, 38502.23144328281, 38502.23144328281, 38502.23144328281, -514.0479477996257, -514.0479477996257, -1165.138161310765, -1165.138161310765, -1165.138161310765, -1165.138161310765, -1165.138161310765, -1165.138161310765, -1165.138161310765, -1165.138161310765, -1165.138161310765, -1168.0330004902662, -1168.0330004902662], 
[6450.7864386007805, 6450.7864386007805, 5872.8107311993335, 5872.8107311993335, 335.91161658496344, 335.91161658496344, 39.14649941562061, 39.14649941562061, 39.14649941562061, -180.49057106661803, -180.49057106661803, -206.1226390187319, -206.1226390187319, -206.1226390187319, -206.1226390187319, -207.9935734119381, -238.32846355404718, -245.82325329398532, -245.82325329398532, -245.84720977192706], 
[747728.525280225, 712559.5290506082, 708667.242168974, 232683.83065763826, 11804.891001676839, 11324.314915228004, 11324.314915228004, 11036.060770450968, 11036.060770450968, 11036.060770450968, 11036.060770450968, 11036.060770450968, 11036.060770450968, 11036.060770450968, 10731.791486086266, 10731.791486086266, 10731.26980512549, 10731.26980512549, 10730.793438333141, 10730.765205113566], 
[780640.1318064368, 780640.1318064368, 559278.3847774062, 70661.46841980773, 70661.46841980773, 59003.32558179207, 59003.32558179207, 59003.32558179207, 59003.32558179207, 2500.499808345274, 2500.499808345274, 2500.499808345274, 2500.499808345274, 2500.499808345274, 2332.85477385091, 2328.5773181834234, 1365.545213887634, 1364.7783891306835, 1364.7783891306835, 1364.7783891306835], 
[3902723.0131992083, 1173053.5984991274, 888370.1883993144, 479325.21576462116, 479325.21576462116, 128691.2121527333, 128691.2121527333, 41991.25891372552, 41991.25891372552, 40285.101670212425, 40285.101670212425, 13935.86510355687, 13935.86510355687, 3123.7700728233376, 3123.7700728233376, 2288.8086215652083, 1110.7982911240633, 1110.7982911240633, 1104.1344710453313, 1104.1344710453313], 
[114332.197987446, 114332.197987446, 114332.197987446, 13537.463925151207, 13537.463925151207, 13094.521675991682, 13091.1358153053, 13091.1358153053, 13091.1358153053, 13091.1358153053, 13091.1358153053, 12408.761307962272, 12408.761307962272, 12147.954642265984, 4978.601258172737, 4243.442411748367, 4243.442411748367, 4242.093734514131, 4242.093734514131, 4241.039945702752], 
[493460.24720481597, 493460.24720481597, 490660.9649874646, 490457.25196162186, 71265.53517523127, 71265.53517523127, 71194.86416902386, 44199.97946882187, 12785.58690725802, 11033.236037340426, 11033.236037340426, 10554.205837339174, 10554.205837339174, 10554.205837339174, 10276.815701532898, 10275.137974400164, 10275.137974400164, 10275.137974400164, 10275.137974400164, 10275.137974400164], 
[483446.30877240875, 483446.30877240875, 25268.357521400565, 25268.357521400565, 25268.357521400565, 5920.7923226764315, 5920.7923226764315, 3416.7493827801754, 3416.7493827801754, 3405.2411423634912, 3405.2411423634912, 3405.2411423634912, 2733.154378582713, 1992.292277923863, 1992.292277923863, 1992.292277923863, 1928.229154219498, 1914.4381097131359, 1914.4381097131359, 1912.9093511822143], 
[7078386.643854538, 69723.54849223784, 69723.54849223784, 69723.54849223784, 69723.54849223784, 14455.718276217733, 14455.718276217733, 63.52436220885966, 63.52436220885966, -3.8178420561634994, -145.52705125970488, -145.52705125970488, -145.52705125970488, -145.52705125970488, -145.52705125970488, -149.6016706819496, -149.6016706819496, -149.6016706819496, -149.6016706819496, -149.6016706819496], 
[1090881.4268645206, 29654.286637046735, 29654.286637046735, 29602.171053120015, 29541.29242625558, 13003.946120331617, 13003.946120331617, 3043.188871801277, 3043.188871801277, -286.1342241871687, -286.1342241871687, -286.1342241871687, -1038.6834699448323, -1038.6834699448323, -1038.6834699448323, -1038.6834699448323, -1039.5826572372168, -1040.119343601273, -1040.119343601273, -1040.4333143587855], 
[515742.3418304353, 26828.52094892628, 26728.11455054567, 26728.11455054567, 26728.11455054567, 6332.58891356542, 2612.6861220618557, 2612.6861220618557, 2607.5417516035895, 2607.5417516035895, 2217.69478369764, 2188.911062741471, 2188.911062741471, 2188.911062741471, 2188.3147267876643, 2188.3147267876643, 2188.3147267876643, 2188.3147267876643, 2188.3147267876643, 2188.3147267876643], 
[531777.5511045083, 32400.277305266936, 32400.277305266936, 32400.277305266936, 8997.299699689784, 8997.299699689784, 8997.299699689784, 8997.299699689784, 8997.299699689784, 2432.6806340481435, 804.6963920193675, 804.6963920193675, 526.3920167327383, 526.3920167327383, 526.3920167327383, 448.4166301830619, 448.4166301830619, 439.6840413363557, 439.6840413363557, 438.23190321979723], 
[6472.021331385335, 6472.021331385335, 6472.021331385335, 6472.021331385335, 6472.021331385335, 6422.68363026109, 5380.054478600993, 5380.054478600993, 5380.054478600993, 5380.054478600993, 2884.680876128732, 2884.680876128732, 2884.680876128732, 2851.4836189132466, 2851.4836189132466, 2851.4836189132466, 2850.8312187044166, 2850.8312187044166, 2850.4444353315703, 2850.4444353315703], 
[657198.8627316756, 522529.4258922375, 522529.4258922375, 79385.53784217789, 78676.59948330728, 45753.268782340434, 10094.157466027598, 9494.613735570996, 8281.988087824311, 8281.988087824311, 8281.988087824311, 8281.988087824311, 4943.2728533670015, 4943.2728533670015, 4943.2728533670015, 4943.2728533670015, 4943.2728533670015, 4943.2728533670015, 4942.393765311925, 4942.393765311925], 
[403661.96000773786, 38598.19400158716, 38598.19400158716, 38598.19400158716, 36584.18151866975, 22856.513975834478, -154.20403088679518, -157.10479140982056, -157.10479140982056, -159.62067821852452, -210.8031946442618, -218.5957179099771, -218.5957179099771, -218.65214191407335, -218.65214191407335, -218.65214191407335, -218.65214191407335, -218.6637805019643, -218.6637805019643, -218.6637805019643], 
