[0.457965677513811, 0.09919206923550483, 0.09919206923550483, 0.09919206923550483, 0.09840219783513382, 0.08198356301386323, 0.08198356301386323, 0.07989874840407829, 0.07590793796683637, 0.07590793796683637, 0.07447765392960892, 0.07447765392960892, 0.07447048711960347, 0.07447048711960347, 0.074470240101556, 0.07446776001639077, 0.07444842956301856, 0.07444842956301856, 0.07444842956301856, 0.07444842956301856], 
[0.6843862502055196, 0.6479737657516876, 0.6479737657516876, 0.6479737657516876, 0.6479737657516876, 0.6242589677871465, 0.624254313215626, 0.5454878440144083, 0.5454871311680975, 0.5454866217932226, 0.5454864417769631, 0.46351127425536476, 0.4629269693898578, 0.4629269693898578, 0.4563756756430142, 0.38954756145059044, 0.32058829720686455, 0.32058829720686455, 0.2588090145453137, 0.25559762478036585], 
[0.29140491041288596, 0.08324143015526564, 0.07463978071022825, 0.07463978071022825, 0.07463978071022825, 0.07463978071022825, 0.074630933532571, 0.074630933532571, 0.074630933532571, 0.074630933532571, 0.074630933532571, 0.0746231619452119, 0.0746231619452119, 0.07447458289879527, 0.07447458289879527, 0.07447458289879527, 0.0744713988404958, 0.0744713988404958, 0.07446328390801549, 0.07446328390801549], 
[0.5981409233645477, 0.5981409233645477, 0.5981409233645477, 0.5981409233645477, 0.47136036672027115, 0.47136036672027115, 0.36676560136653835, 0.356693332719611, 0.356693332719611, 0.20158554748504476, 0.16105783368846138, 0.12113651139802162, 0.0276972183751385, 0.02322293365395478, 0.02322293365395478, 0.023201247890281995, 0.023164965965509765, 0.020850501144569544, 0.019483970454751587, 0.019483970454751587], 
[0.5181047263487725, 0.3143020467004174, 0.2539919698623485, 0.25398657593739526, 0.25398657593739526, 0.25398657593739526, 0.25398657593739526, 0.09254010904473153, 0.09254010904473153, 0.07580199113124841, 0.07580199113124841, 0.07580199113124841, 0.07451458199240091, 0.07451458199240091, 0.07451458199240091, 0.07451458199240091, 0.07447461539925293, 0.07447077212488751, 0.01969845085120414, 0.019687726538140216], 
[0.7923255183871443, 0.7923255183871443, 0.7923255183871443, 0.7922918206918089, 0.7676890602687625, 0.7378209299600708, 0.7378209299600708, 0.7041638626886474, 0.4827649987343249, 0.48273395840823474, 0.48273395840823474, 0.3619909200945808, 0.18791574417109502, 0.18791574417109502, 0.18786555944313432, 0.15643955128231557, 0.15643955128231557, 0.15643955128231557, 0.15642573168195084, 0.1392834875484611], 
[0.7085514776119111, 0.5874421316068545, 0.359631293347477, 0.3596040714957991, 0.3596040714957991, 0.3577747848175469, 0.3091728678296718, 0.3091728678296718, 0.3091728678296718, 0.30909822995814207, 0.20973519891298442, 0.20973519891298442, 0.09661830769501345, 0.09661830769501345, 0.09661830769501345, 0.09640288386818896, 0.09389041397461295, 0.09389041397461295, 0.09381951406581612, 0.0745351313606809], 
[0.3428684045709077, 0.34286673933163847, 0.34286673933163847, 0.054832109627893866, 0.054832109627893866, 0.054832109627893866, 0.044519118279756076, 0.021238597619992694, 0.021238597619992694, 0.019540935965593476, 0.019539067752394335, 0.019539067752394335, 0.019539067752394335, 0.019532110684503112, 0.019491512011092116, 0.01947525754767432, 0.019466244800770305, 0.019466244800770305, 0.019462349053005368, 0.019461791751109847], 
[0.6867995263375171, 0.6867995263375171, 0.6867995263375171, 0.27881448964751987, 0.27881448964751987, 0.27881448964751987, 0.2787249560690688, 0.25422538459805255, 0.25399690198811653, 0.25399690198811653, 0.25399690198811653, 0.2539958317348642, 0.17352437350557703, 0.10522948909623964, 0.059711706557288524, 0.059711706557288524, 0.059711706557288524, 0.055357095825981695, 0.055357095825981695, 0.040675623709620745], 
[0.7508579140204239, 0.7238979776217161, 0.7238979776217161, 0.7236615056134288, 0.6376573152025886, 0.1573511319374663, 0.1573511319374663, 0.15721556463557362, 0.15721556463557362, 0.15721556463557362, 0.02275509945129428, 0.022707045463321807, 0.022618146399475014, 0.022618146399475014, 0.021867706371654028, 0.021820402888139467, 0.021210946941933706, 0.01951568901913936, 0.01951568901913936, 0.01888518292834429], 
[0.7948642457757314, 0.7948642457757314, 0.7948642457757314, 0.757370170971132, 0.1990328638844603, 0.1734862250650906, 0.1734862250650906, 0.1734862250650906, 0.16890721140459708, 0.1594271938843559, 0.1580751616692927, 0.1580751616692927, 0.1580751616692927, 0.07573621116208173, 0.07573621116208173, 0.07573621116208173, 0.07573621116208173, 0.07573621116208173, 0.07573621116208173, 0.07519528599278491], 
[0.32577053939086387, 0.32561592497641867, 0.32561592497641867, 0.32561592497641867, 0.0796813725197717, 0.0796813725197717, 0.0796813725197717, 0.0796813725197717, 0.07858935485783392, 0.07587267068965642, 0.07587267068965642, 0.07447951339920134, 0.07447951339920134, 0.07447951339920134, 0.0744777001212199, 0.07447594083407338, 0.07445755813613664, 0.07445755813613664, 0.07445657681608941, 0.07444830459041463], 
[0.6304767779957449, 0.6242956864363898, 0.609729849466633, 0.11619459096312423, 0.11619459096312423, 0.11619459096312423, 0.11619459096312423, 0.11619459096312423, 0.07091563006191248, 0.07091563006191248, 0.07091563006191248, 0.07091563006191248, 0.07091563006191248, 0.043157703964107674, 0.043074848585269776, 0.043074848585269776, 0.043074848585269776, 0.028241316668611405, 0.0228663914378181, 0.0228663914378181], 
[0.44367476310045395, 0.38955184065710635, 0.38955184065710635, 0.288237972135724, 0.288237972135724, 0.25398280571366194, 0.10750418620264068, 0.10750418620264068, 0.019515811488406754, 0.019515811488406754, 0.019515811488406754, 0.019515811488406754, 0.019515811488406754, 0.019515811488406754, 0.01945222460762186, 0.01945222460762186, 0.01945222460762186, 0.01945222460762186, 0.01945222460762186, 0.019450719944616113], 
[0.8269426919559146, 0.8269426919559146, 0.48542901314935505, 0.4848649894865873, 0.4848649894865873, 0.2923972891275709, 0.18819898773683297, 0.15722238893097307, 0.15722238893097307, 0.15722238893097307, 0.15722238893097307, 0.15722238893097307, 0.15721052184401818, 0.06492020698041068, 0.03707572233468848, 0.03707572233468848, 0.03707572233468848, 0.02277383340184569, 0.02277383340184569, 0.02277383340184569], 
[0.4106599911655868, 0.4106599911655868, 0.4106599911655868, 0.3483600093715139, 0.3483600093715139, 0.3483600093715139, 0.3478647978675292, 0.10125625414484118, 0.03505820974317875, 0.03499047151484047, 0.020532032558912783, 0.0198792700952255, 0.019815308885762883, 0.019815308885762883, 0.019815308885762883, 0.019431828862070732, 0.019431828862070732, 0.019431828862070732, 0.019431828862070732, 0.019431828862070732], 
[0.18785944143549393, 0.18785944143549393, 0.12944826840450885, 0.12944826840450885, 0.12944826840450885, 0.1292784908160779, 0.10447930009689332, 0.10447930009689332, 0.10438357348936544, 0.0779051701859228, 0.0779051701859228, 0.0779051701859228, 0.0779051701859228, 0.07785942191807604, 0.019590304177861895, 0.019590304177861895, 0.019590304177861895, 0.019590304177861895, 0.01945044053063094, 0.019431954905173354], 
[0.6159011003245543, 0.555321172557501, 0.555321172557501, 0.555321172557501, 0.555321172557501, 0.555321172557501, 0.555321172557501, 0.40815791654404665, 0.4017020138591202, 0.031945491737706444, 0.031945491737706444, 0.031945491737706444, 0.031945491737706444, 0.031945491737706444, 0.02746363872393509, 0.02746363872393509, 0.01975526863187571, 0.01975526863187571, 0.01975526863187571, 0.01975526863187571], 
[0.1644321073828664, 0.1644321073828664, 0.1644321073828664, 0.16440347588621296, 0.16440347588621296, 0.16440347588621296, 0.16440347588621296, 0.16440347588621296, 0.14311828969983975, 0.07984886029753002, 0.07982458061906939, 0.07465688111081503, 0.07465688111081503, 0.0587276277327794, 0.0587276277327794, 0.05866334009949592, 0.01944259122733827, 0.01944259122733827, 0.01944259122733827, 0.01944259122733827], 
[0.28949085706950095, 0.2892328953058235, 0.2892328953058235, 0.22782541357482544, 0.22782541357482544, 0.22778770782168067, 0.22778770782168067, 0.020212041355297306, 0.019599347396876632, 0.019578669616524214, 0.019571688435372048, 0.019571688435372048, 0.019571688435372048, 0.019559357137370004, 0.01949583078808037, 0.019491646979236443, 0.019491646979236443, 0.019479943879448736, 0.019479943879448736, 0.011902669330233762], 
[0.4534569362922819, 0.12185617047436303, 0.12185617047436303, 0.12118782567874098, 0.07470179629707707, 0.07470179629707707, 0.07470179629707707, 0.07470179629707707, 0.07470179629707707, 0.07453169381008518, 0.07452789510068303, 0.07452789510068303, 0.04821146953766786, 0.02198518928542237, 0.02198518928542237, 0.02198518928542237, 0.02198518928542237, 0.02198518928542237, 0.02198518928542237, 0.02198518928542237], 
[0.28095197599283495, 0.28095197599283495, 0.2808811991934017, 0.2808768832945949, 0.2803883051677166, 0.2572423301743747, 0.2572423301743747, 0.25569972161145915, 0.2539894442462791, 0.2539894442462791, 0.043149734747879864, 0.043149734747879864, 0.011182388421492662, 0.011182388421492662, 0.011182388421492662, 0.010998496112518907, 0.010998496112518907, 0.010942628761572482, 0.0008921832925976592, 0.0008792811811402235], 
[0.8101164508837804, 0.8101164508837804, 0.41619894641791133, 0.2571635604761231, 0.2571635604761231, 0.21625400742519918, 0.21607246906343147, 0.20578117351912728, 0.20570232079059525, 0.20570232079059525, 0.1595760775543098, 0.08108533358013836, 0.07475239259087052, 0.07474667647110189, 0.07474667647110189, 0.07474667647110189, 0.07474667647110189, 0.042131347890157156, 0.019671324090150044, 0.019671324090150044], 
[0.6948768289829379, 0.09005947001674752, 0.09004813821302649, 0.08978948392525121, 0.07576051103345416, 0.07539736303099376, 0.07539736303099376, 0.07445815202572392, 0.07445815202572392, 0.07445815202572392, 0.07444858490744533, 0.07444858490744533, 0.07444858490744533, 0.07444858490744533, 0.07444858490744533, 0.07444830018407178, 0.07444816348605643, 0.07444816348605643, 0.07444815104994895, 0.07444815104994895], 
[0.6983010660448132, 0.5245420116962178, 0.38772562937269217, 0.38772562937269217, 0.38772562937269217, 0.3696109507143962, 0.15638249616126865, 0.15638249616126865, 0.15638249616126865, 0.15638249616126865, 0.15638228430318635, 0.1563820780132743, 0.07699684253794314, 0.07698503315551142, 0.07698503315551142, 0.07461490172325091, 0.07461490172325091, 0.07461490172325091, 0.07455169999208322, 0.07452972007379643], 
[0.23489216402974977, 0.23489216402974977, 0.23487545389380282, 0.23481275434801507, 0.22697198939812924, 0.22697198939812924, 0.18173725858403855, 0.18173725858403855, 0.18170650581556924, 0.18170650581556924, 0.16060709256648775, 0.15962010565658935, 0.15671440000352654, 0.15671440000352654, 0.15671440000352654, 0.15664758682489788, 0.15664758682489788, 0.15657298636752848, 0.15657298636752848, 0.15657298636752848], 
[0.4484077307408678, 0.4484077307408678, 0.4484077307408678, 0.17444349684339078, 0.07444815300582686, 0.07444815300582686, 0.07444815300582686, 0.07444815300582686, 0.07444815300582686, 0.07444815300582686, 0.07444815045738207, 0.07444815045738207, 0.07444815045738207, 0.07444815045738207, 0.027698079389269825, 0.027698079389269825, 0.027698079389269825, 0.027671338937811818, 0.027671338937811818, 0.02390100423968533], 
[0.854152443216698, 0.854152443216698, 0.8294273661043436, 0.14776123956557852, 0.14776123956557852, 0.14776123956557852, 0.05669172519004684, 0.05669172519004684, 0.05669172519004684, 0.05669172519004684, 0.0566882193269832, 0.05660098833777316, 0.056586965088550434, 0.0247649727353646, 0.019529895991271307, 0.019529895991271307, 0.019432176486427033, 0.019432176486427033, 0.019432176486427033, 0.019432115676215722], 
[0.10923543945710001, 0.10341638311591983, 0.10341638311591983, 0.07486396116233918, 0.07486396116233918, 0.07486396116233918, 0.0748222482658395, 0.07477090172531664, 0.07477090172531664, 0.07477090172531664, 0.07450464531421208, 0.0744510683297801, 0.0744510683297801, 0.024521383592175372, 0.024521383592175372, 0.020821493680519554, 0.020386746336826467, 0.020386746336826467, 0.019715332384480422, 0.019715332384480422], 
[0.2814337204032453, 0.28039450809663513, 0.28039450809663513, 0.21267161508169963, 0.030727929075224147, 0.030727929075224147, 0.01986736325072036, 0.01986736325072036, 0.019748384456954926, 0.019436082856204684, 0.019436082856204684, 0.019436082856204684, 0.019436082856204684, 0.019435752158817987, 0.019435752158817987, 0.019434348119507505, 0.019434348119507505, 0.019434118894210095, 0.019432108669129255, 0.019432108669129255], 
