[233.8483088507942, 233.84789215316292, 229.99105451368382, 211.40753285724884, 211.36385262812067, 211.36385262812067, 209.7497421662001, 206.12512158204385, 203.69510866934323, 203.69510866934323, 203.63660317781543, 202.6939521532445, 202.6939521532445, 202.6939521532445, 202.6939521532445, 200.50610837475972, 135.55318929964255, 135.55318929964255, 135.42912557480292, 135.42912557480292], 
[141.98014786658382, 141.9565583348764, 141.9565583348764, 141.9565583348764, 141.9565583348764, 82.29543948033356, 82.29543948033356, 82.29299983547017, 79.89069519503924, 38.67720438012674, 38.67664071751058, 38.67664071751058, 38.483173788597774, 4.998050707281368, 4.998050707281368, 4.994684864812415, 4.994684864812415, 4.994684864812415, 4.994684864812415, 4.991319705751311], 
[171.2114212904701, 163.16638618421698, 153.8870904378163, 145.81422537331025, 145.81226982322534, 79.51838274110067, 79.51838274110067, 79.5149076762687, 79.5149076762687, 35.584218472011884, 35.30094290816219, 35.30094290816219, 35.27568887415531, 24.69096417148954, 23.101150219374603, 13.322392985399455, 13.140184749345412, 13.140184749345412, 12.678049616173745, 5.2583791798038595], 
[228.53311663616333, 228.53311663616333, 164.34057332590467, 164.34057332590467, 95.18300736091123, 95.18300736091123, 75.32829234964481, 75.32829234964481, 34.07043558559809, 34.07043558559809, 33.181562099913116, 33.181562099913116, 20.02529837603167, 20.02529837603167, 19.9814826697277, 17.439241470795174, 17.439241470795174, 14.565976067201643, 12.440822993364893, 12.35932975788868], 
[42.63248408056264, 42.63248408056264, 42.62902542534143, 11.026359463418613, 10.924708409618205, 3.442158488060336, 3.442158488060336, 3.440722972544142, 3.2223052110503416, 3.2223052110503416, 3.2223052110503416, 3.1550205438718617, 1.9791996193575156, 1.5662711892977508, 1.5662711892977508, 1.5629741041111638, 1.5629741041111638, 1.5629741041111638, 1.3545731145393614, 1.3545731145393614], 
[229.8507052416389, 229.8507052416389, 229.8507052416389, 229.26741052078322, 225.0390781073823, 224.76760919289708, 224.46163335242682, 213.2927801083192, 209.16557514231954, 204.89054324871435, 202.7406445114713, 202.7406445114713, 202.7406445114713, 202.73160478180264, 202.73160478180264, 202.53423452825345, 201.62521273761786, 175.94983291020208, 175.94983291020208, 175.94983291020208], 
[248.93439973441016, 74.99066308850578, 74.74575561214388, 74.74575561214388, 74.74575561214388, 74.74575561214388, 74.74575561214388, 74.74575561214388, 62.489890308581856, 58.76688787122892, 58.76688787122892, 31.62468519286569, 31.62468519286569, 28.338959726665855, 27.951506148317804, 22.216349712725986, 22.213951075182354, 22.21360728097012, 22.210865067175337, 20.52156290615424], 
[39.99300929461865, 38.9092347560688, 38.9092347560688, 38.9092347560688, 38.863499530235714, 38.863499530235714, 38.74366815859301, 14.76724719139985, 14.491573982108786, 14.24483486858512, 7.619391285076, 5.5006118392256615, 5.5006118392256615, 5.5006118392256615, 5.5006118392256615, 2.688318842810266, 2.688318842810266, 2.688318842810266, 2.688318842810266, 2.688318842810266], 
[139.06600511394328, 138.9453371868091, 122.66766691714258, 68.6957284228056, 68.6957284228056, 68.6957284228056, 67.86434641366898, 0.8571103962704107, 0.8571103962704107, 0.8571103962704107, 0.8571103962704107, 0.8352489487012452, 0.8352489487012452, 0.6379239986265651, 0.6353518785440857, 0.6353518785440857, 0.6353518785440857, 0.6322664826258633, 0.6322664826258633, 0.6312211553112878], 
[217.98263602684304, 217.2342332797214, 217.2342332797214, 217.2342332797214, 206.53640217446414, 206.53640217446414, 206.4750701994685, 204.3812195949241, 204.37843533518136, 204.20418578498044, 203.71450013114983, 201.99813341142843, 201.99813341142843, 178.60724052679024, 178.60575775028573, 178.60575775028573, 177.94630970412058, 177.73640491342167, 172.2960276649761, 119.34321532685011], 
[241.97208546402743, 224.35991020252783, 224.35991020252783, 224.35991020252783, 222.6389099587838, 221.6266762610925, 211.59342186314754, 211.5712184403874, 210.53550789408652, 210.53550789408652, 206.55767837258534, 206.55767837258534, 205.56615232349742, 204.9840917291684, 204.9840917291684, 204.862349483198, 203.91543056185222, 180.9627752190157, 180.9627752190157, 180.9627752190157], 
[220.05108263456543, 220.05108263456543, 166.485263293814, 166.485263293814, 166.485263293814, 166.485263293814, 78.26806409027125, 77.84422194133691, 77.10762557847359, 77.10762557847359, 77.10762557847359, 27.172648054146965, 27.172648054146965, 27.170584624615863, 27.170584624615863, 27.168521596048194, 16.611312728561415, 16.611312728561415, 16.35530394536824, 16.29481172226001], 
[205.69784889326257, 205.69784889326257, 10.009350738917057, 10.009350738917057, 10.009350738917057, 10.009350738917057, 10.009350738917057, 10.009350738917057, 10.009350738917057, 2.7084337229578175, 2.7084337229578175, 2.706627257063516, 2.706627257063516, 2.414824084806863, 2.023438502267912, 1.8979810916214732, 1.8979810916214732, 1.8979810916214732, 1.34326133714264, 1.3396021708311308], 
[238.51544393426917, 216.53267282786425, 216.53267282786425, 215.16417214304187, 213.81452466847642, 189.19748077580152, 174.70538926463917, 99.48411856701166, 99.48411856701166, 99.48411856701166, 98.57088041183465, 85.74898964239415, 71.64603214757138, 59.98195247549553, 34.780886094270244, 29.79021533876967, 26.71330004788629, 26.711709727802905, 26.709950324909794, 12.969063959099497], 
[190.5322024174644, 146.51586844170393, 146.51586844170393, 142.86732898695774, 142.86732898695774, 131.81184830257956, 124.93290961106797, 102.37057151108019, 95.68090496204195, 95.68090496204195, 77.77904857151725, 77.77613863842589, 72.43576336916134, 53.01703577088804, 26.92574079400906, 26.514881243873926, 23.26471394097445, 23.26086211333348, 23.26086211333348, 12.587164150161442], 
[225.6326537546712, 211.19281578756386, 194.72471942060992, 185.29069487599645, 154.22734687329975, 154.22734687329975, 154.22734687329975, 113.61965593387104, 113.61965593387104, 113.61965593387104, 113.56740724551388, 110.09408575015273, 107.38150846591716, 103.74032956020277, 103.73801012183337, 103.73801012183337, 63.96322779495534, 63.96322779495534, 63.96322779495534, 63.96322779495534], 
[108.08415405712962, 32.47488769123673, 32.449943098429394, 26.61312294409853, 26.61312294409853, 23.53864855924175, 23.53864855924175, 21.87977669306543, 21.87789552600358, 21.772036424351764, 21.772036424351764, 14.303427392685492, 14.303427392685492, 13.75631774661876, 13.75631774661876, 13.75631774661876, 5.780871945374491, 5.779534617047732, 5.779534617047732, 5.721206432366934], 
[45.345468044791865, 45.29782044619423, 36.24079263497954, 36.24079263497954, 32.94023079497729, 32.94023079497729, 32.94023079497729, 32.94023079497729, 32.94023079497729, 24.8114075193549, 15.011856303500576, 14.958239564902545, 14.958239564902545, 14.958239564902545, 14.942281480156423, 10.963449338588614, 0.8210641667639786, 0.8210641667639786, 0.8156202299144508, 0.6231379519536495], 
[127.83564173820494, 124.69921168119048, 124.69921168119048, 124.69921168119048, 92.22080556001143, 87.42950644239642, 87.42485733266443, 87.42485733266443, 51.2196390181861, 51.2196390181861, 51.2196390181861, 36.510796680027866, 7.553181386397496, 7.553181386397496, 5.588226029736642, 5.5843948297252055, 0.8021082165522219, 0.8021082165522219, 0.8021082165522219, 0.7987485273605477], 
[183.16435959823036, 136.2922892310883, 136.2922892310883, 19.781668940348624, 19.750430712628503, 19.746959774725372, 19.440387422158047, 17.708037738985105, 6.107266726532372, 6.107266726532372, 4.540915243123492, 4.529178951366029, 3.6790663861303567, 3.6397758297808984, 0.8526309297090093, 0.8526309297090093, 0.759861735928122, 0.7561000330866292, 0.6523917793373342, 0.6523917793373342], 
[212.20081707875954, 212.20081707875954, 73.54091769244229, 73.54091769244229, 73.54091769244229, 73.49218161334086, 73.49159027638638, 59.65847134071501, 59.65847134071501, 59.65847134071501, 59.655416508179094, 37.768061033777, 18.83247137899556, 18.83247137899556, 18.83247137899556, 14.366053494123488, 14.366053494123488, 3.098223952757602, 3.031049573894344, 1.2521843579031995], 
[152.43744642261277, 100.05309525888212, 100.05309525888212, 88.06337072938173, 16.833926086541595, 16.833926086541595, 16.65993764742248, 16.65974435468297, 16.65591710093986, 12.882415779600924, 5.347523570271884, 5.228548444705664, 5.228548444705664, 2.767676620200956, 1.1278932777954316, 1.1278932777954316, 1.1278932777954316, 1.038914836755811, 1.038914836755811, 1.035673777399148], 
[206.78527929379703, 206.78527929379703, 206.78527929379703, 206.78527929379703, 157.32582015555016, 157.32582015555016, 122.33176900830922, 122.33033512543034, 122.33033512543034, 122.23735841240244, 117.25044698331288, 117.25044698331288, 9.392357952068101, 9.392357952068101, 9.392357952068101, 9.388533539888428, 9.388533539888428, 8.36344785826096, 8.363213601340277, 6.678504149734253], 
[105.57444590553331, 105.57318261922602, 105.57037104222938, 105.57037104222938, 95.90143245694408, 79.72131721222026, 79.68438756733408, 79.68438756733408, 55.744423858314796, 46.530205484399396, 46.530205484399396, 41.12194683434544, 41.12194683434544, 25.148876837308883, 25.148876837308883, 13.106225130021052, 13.100662228825279, 13.100662228825279, 13.100662228825279, 13.100662228825279], 
[138.57372054724658, 131.408212848753, 130.01170830031273, 130.01170830031273, 107.05166201998597, 107.05166201998597, 95.4158736778391, 83.60758715058535, 83.60758715058535, 39.44436985374458, 39.44436985374458, 39.44436985374458, 12.757452484169622, 12.75517436328936, 12.75517436328936, 12.56979615591567, 12.566876179739793, 12.546691960044337, 12.523714551027435, 11.398153748738128], 
[245.2089223093529, 185.57060071106136, 185.5659307569762, 165.54140526402364, 144.3942247451501, 139.00580938346232, 139.00580938346232, 139.00580938346232, 45.9743168085056, 45.9743168085056, 45.9743168085056, 45.9743168085056, 45.97362762366695, 45.97362762366695, 45.97362762366695, 23.657903876736796, 23.657903876736796, 23.657903876736796, 23.657903876736796, 22.729999792507776], 
[153.1180240574331, 124.29460414126056, 124.29460414126056, 124.29214660769749, 106.71496627939123, 105.95038741567168, 105.95038741567168, 105.95038741567168, 105.95038741567168, 55.212276418108544, 55.212276418108544, 55.212276418108544, 4.243154344049615, 4.243154344049615, 4.239861668585897, 4.1868393954631085, 4.030461351535781, 2.2389750882050716, 2.2389750882050716, 2.23573201144091], 
[55.09470992161815, 55.09470992161815, 55.09470992161815, 55.09470992161815, 55.09307073697212, 42.028737601517705, 18.44768813831393, 12.441401266199117, 12.441401266199117, 12.441401266199117, 12.441401266199117, 12.439105196589427, 9.172377656784636, 7.473625319934131, 7.473625319934131, 7.473625319934131, 7.469882943541188, 7.469882943541188, 7.469882943541188, 3.8373802165279582], 
[201.9097147863991, 201.9097147863991, 201.9097147863991, 54.277819987706806, 54.277819987706806, 54.277819987706806, 54.277819987706806, 50.41146685131466, 50.41146685131466, 50.41146685131466, 50.41146685131466, 50.41146685131466, 50.41146685131466, 50.40770127832213, 50.40770127832213, 10.010733276425276, 10.008402947601088, 9.655391198423146, 7.198993708029777, 7.198993708029777], 
[242.911513896975, 158.96164168140413, 125.67412438505524, 125.67412438505524, 70.59871678361355, 70.59871678361355, 70.59426432788007, 6.34700741596389, 6.34700741596389, 6.34700741596389, 6.34700741596389, 6.34700741596389, 2.8287839595011635, 2.8287839595011635, 1.932646255686649, 1.932646255686649, 1.932646255686649, 1.932646255686649, 1.932646255686649, 1.8633094572795788], 
