[131.11980502656013, 131.0915823257729, 110.58006996051004, 110.58006996051004, 102.68547114510325, 102.68547114510325, 102.67918467874325, 102.48895368254213, 84.53358357025056, 37.01580556836932, 28.228848474559452, 14.887079399087954, 14.887079399087954, 14.887079399087954, 12.483549942036769, 4.094745786081404, 3.3393503630139487, 3.3393503630139487, 1.9368501608211235, 0.23361396889998742], 
[221.56636349362097, 120.82656021025683, 120.81999680778029, 120.81999680778029, 113.85871575442512, 113.85871575442512, 86.75440578969982, 61.581962521145655, 61.581962521145655, 61.581962521145655, 61.57602114346921, 46.42195897134202, 46.41624388936195, 46.38478901119757, 46.38478901119757, 40.122534732352136, 12.272493248694788, 12.272493248694788, 12.177313515324286, 12.177313515324286], 
[274.1099853115551, 251.95927502699436, 251.95927502699436, 106.50525502893854, 106.50525502893854, 106.50525502893854, 106.50525502893854, 76.36519403456774, 76.36519403456774, 33.698610514362954, 33.6978845665702, 22.14884234718231, 22.14884234718231, 0.8689375590043119, 0.8673460493627468, 0.41839621453716636, 0.41839621453716636, 0.416995274677815, 0.31984984125535115, 0.31984984125535115], 
[284.7045291129598, 284.7045291129598, 239.86846746942953, 174.6004321234966, 151.78809462557072, 80.60914621218816, 80.60914621218816, 73.26332888832044, 73.2586360398337, 47.21984340769445, 35.49109856193798, 35.4846475082908, 35.00528674138783, 30.009093257031708, 27.403252853356445, 27.39891669387582, 12.910201640287966, 12.910201640287966, 12.910201640287966, 10.05048687635989], 
[249.95744092186982, 224.31853151474726, 224.31853151474726, 101.83738964384008, 101.82616686695216, 101.8146942502752, 101.80455555000758, 101.12302884757608, 101.12302884757608, 101.12302884757608, 101.12302884757608, 100.404305687857, 100.404305687857, 100.1374887923776, 100.1374887923776, 100.11112344822115, 100.11112344822115, 100.11112344822115, 100.01555749229225, 100.01523565095168], 
[208.44582821264189, 208.44582821264189, 107.97667166629392, 91.14421440171813, 67.56341805797443, 56.19471295880497, 24.96820811497075, 13.249268607290915, 13.249268607290915, 13.247693627738126, 12.126615046147563, 12.126615046147563, 12.126615046147563, 12.125660052825687, 12.125660052825687, 7.994567611200025, 7.869422295178115, 6.782906202486656, 2.3289463816269795, 2.3289463816269795], 
[222.248332709929, 109.23183802080804, 109.23183802080804, 109.22379123000404, 109.22238642895442, 95.58360665697325, 95.58360665697325, 42.56784330632169, 42.56784330632169, 42.56784330632169, 16.020312244893336, 16.020312244893336, 16.020312244893336, 16.020312244893336, 13.601806112863954, 13.601806112863954, 13.601806112863954, 13.601806112863954, 13.601806112863954, 12.243901911856224], 
[226.22706149116192, 226.22706149116192, 173.57327697818127, 139.13253310648133, 78.13854180282134, 37.52927546255698, 15.062137287103736, 14.733287422679062, 14.733287422679062, 13.635903937543796, 13.635903937543796, 13.635903937543796, 13.186206057464924, 12.684062880396912, 8.582023537484993, 8.582023537484993, 6.204244023990165, 6.204244023990165, 5.3709416277220186, 5.3709416277220186], 
[278.56135865981656, 98.58769598151932, 98.58769598151932, 98.58769598151932, 34.922156279141916, 29.1240858435576, 19.05979919303663, 19.030139180378868, 12.459542100014318, 12.425293644569766, 12.425293644569766, 12.101644942911921, 12.101644942911921, 12.101644942911921, 12.09805431472976, 12.086152470891562, 8.559289351908799, 8.559289351908799, 0.7941854839508957, 0.7941854839508957], 
[307.543494478049, 161.46253131047442, 161.46253131047442, 138.21841301539052, 138.21841301539052, 138.21841301539052, 114.09042759326277, 114.0871406957758, 61.78792767628451, 20.174109761952217, 20.174109761952217, 13.66240103537169, 13.66240103537169, 4.621176227025567, 4.621176227025567, 3.4781206433631198, 3.4765771630196958, 1.9835977046428652, 1.9835977046428652, 1.812035060274622], 
[308.7714441051458, 75.28064404086126, 75.28064404086126, 75.13659399081646, 75.13659399081646, 75.13659399081646, 55.91202141698808, 55.91202141698808, 54.71496011307324, 12.125219589883402, 12.125219589883402, 12.125219589883402, 12.123584601754178, 11.890530362083837, 10.912484454552308, 3.172051286674632, 1.2181559725184297, 1.2181559725184297, 0.8895119326729458, 0.12854572956456614], 
[342.01616513043217, 341.99751697727976, 337.04572234973296, 59.013094256540974, 4.707134072280387, 4.707134072280387, 4.1175720201667145, 3.979611202331049, 2.6729761937293572, 0.062308202964900236, 0.047717053014004335, 0.047717053014004335, 0.047717053014004335, 0.046866602410333594, 0.046866602410333594, 0.046866602410333594, 0.046866602410333594, 0.046866602410333594, 0.046866602410333594, 0.020193774044626082], 
[116.73415743192736, 116.73415743192736, 116.58384660230894, 116.58384660230894, 77.09746339928826, 77.09746339928826, 70.88479583649851, 70.88479583649851, 70.88479583649851, 70.88479583649851, 67.34427871375189, 67.34427871375189, 67.29405381862075, 67.29405381862075, 50.823535754232886, 37.42807821750833, 37.42807821750833, 37.42807821750833, 23.614712078308887, 18.331093802109336], 
[64.09111950752062, 64.05888868672571, 64.05888868672571, 64.05888868672571, 60.63493749920315, 46.61520765826534, 46.61520765826534, 35.05768509568992, 17.263529695740058, 17.26181962071709, 12.156334154079648, 12.156334154079648, 2.9294578224648005, 2.9294578224648005, 2.5499475492579853, 2.5499475492579853, 2.5499475492579853, 1.7096665934121447, 1.7096665934121447, 0.7597403153232789], 
[217.77145440660513, 217.77145440660513, 136.02061172689028, 111.07412712442577, 111.07412712442577, 70.03888156031422, 70.03888156031422, 70.03297604522554, 51.44271186124274, 51.44271186124274, 8.674812359182251, 8.674812359182251, 8.674812359182251, 8.674812359182251, 8.674812359182251, 5.202843585101379, 3.615234852912435, 3.615234852912435, 2.388300787819808, 2.388300787819808], 
[459.3387932765623, 392.54444137877005, 242.7896129053998, 242.7896129053998, 25.21705054056814, 14.092716424009328, 14.092716424009328, 14.087220538408975, 14.087220538408975, 13.42554034748536, 13.0848275560535, 12.389340660090816, 12.38693938829999, 12.38556065445037, 12.382288119378149, 12.382288119378149, 12.361565699406624, 2.3741617599243416, 1.48153067271939, 1.48153067271939], 
[239.2527479815251, 239.24483037973727, 239.16306992283634, 239.16306992283634, 223.45800330428534, 219.6167863819429, 128.5113148302116, 128.5113148302116, 125.26183137130725, 125.26183137130725, 106.99764961680502, 106.99764961680502, 106.99764961680502, 106.9907160836982, 106.85475238335562, 104.83021148656671, 54.38248181628152, 38.81140360975536, 38.81140360975536, 38.81140360975536], 
[39.313554684932825, 39.309479023723966, 39.286278986342104, 39.179543924731036, 39.179543924731036, 39.15634243990315, 38.81870690967657, 36.28081028444414, 36.25872901957624, 27.700533199351682, 27.700533199351682, 20.890824833074305, 12.05768868098236, 12.0449927346261, 7.955653842866348, 7.723545338693846, 0.7929174010837978, 0.7890869830864, 0.1381992299348192, 0.1381992299348192], 
[261.6065798245852, 261.6065798245852, 167.0171364518775, 167.0171364518775, 56.490186762510895, 56.490186762510895, 56.490186762510895, 56.490186762510895, 15.207529730344648, 15.207529730344648, 15.200028364231006, 14.312705788225207, 14.312705788225207, 10.334916148075152, 10.334916148075152, 10.1756369138512, 10.170011962339027, 2.12534787055632, 1.6048475116056233, 0.16701859685214415], 
[164.59921516545958, 164.59921516545958, 131.45325483960605, 109.38309431066762, 100.70430995858013, 86.2650135995636, 46.65871928474341, 2.4405526785510387, 2.4405526785510387, 2.4405526785510387, 2.4405526785510387, 2.4405526785510387, 2.418650259043674, 2.4134795861034766, 2.209767105336635, 2.209767105336635, 2.209767105336635, 0.5671769008586018, 0.5671769008586018, 0.5671769008586018], 
[257.76591068961443, 257.76591068961443, 214.09981011219512, 78.42592420584168, 78.41608048174807, 73.60942044607131, 69.31736179619861, 26.90278176532775, 26.90278176532775, 22.022034913569957, 7.082154273291071, 7.082154273291071, 4.798513233076491, 4.798513233076491, 4.792558282243427, 3.6167995154625316, 1.6591927102082429, 1.6591927102082429, 1.1585253860264524, 1.1563423091636251], 
[409.9692895666625, 240.0924613577913, 132.98648777505304, 132.98648777505304, 132.98648777505304, 132.98648777505304, 132.98648777505304, 111.72634545128022, 107.55590831715114, 106.5516359576163, 104.95063276086552, 102.91048328571178, 101.21207745226795, 101.21207745226795, 100.7343805499142, 100.62866133142889, 100.62866133142889, 100.62866133142889, 100.44374671495919, 100.44341502838967], 
[310.564742670933, 310.564742670933, 86.77671389003982, 86.77671389003982, 86.77671389003982, 86.4799324679183, 63.153666715340606, 32.86800190119362, 32.86236050856282, 31.456146070954457, 28.648355102001634, 28.648355102001634, 28.645102207847025, 15.920315792924807, 14.621521258056575, 14.621521258056575, 12.940968974841132, 12.93863597547476, 12.824035785424718, 12.096543009555722], 
[379.94739054556896, 267.59265362342984, 162.2750426857846, 162.2750426857846, 162.2750426857846, 71.49011702811683, 16.207388876860826, 16.207388876860826, 16.204971504274976, 16.204971504274976, 16.204971504274976, 16.204971504274976, 16.204971504274976, 16.166420061363347, 14.606045981363636, 14.606045981363636, 14.606045981363636, 12.96477564657055, 12.96477564657055, 12.96477564657055], 
[278.01159960880483, 134.84529735794905, 125.37745935221643, 122.22027152946858, 112.2159657723638, 112.2159657723638, 53.30011292453675, 53.30011292453675, 50.79550789557508, 43.90905373010715, 4.713806273096914, 3.7465065612995794, 3.7465065612995794, 3.7465065612995794, 2.836535792178109, 2.836535792178109, 1.6857256450197824, 0.7774877330212734, 0.7774877330212734, 0.7771318620630961], 
[187.54737401521766, 187.54737401521766, 187.54737401521766, 187.54737401521766, 183.25117351033066, 63.541197433602505, 63.541197433602505, 63.541197433602505, 42.56492408669898, 30.61892718320242, 30.61892718320242, 1.8629797041758198, 1.23742542886234, 1.23742542886234, 0.6035432068804155, 0.6035432068804155, 0.5704919188446025, 0.5704919188446025, 0.5704919188446025, 0.5704919188446025], 
[177.7361744779438, 177.7361744779438, 160.25122422135226, 115.85112468385789, 115.85112468385789, 99.52941443176287, 67.50728080816734, 48.831376467601906, 43.593646090622194, 43.593646090622194, 43.593646090622194, 43.593646090622194, 42.84709559984117, 38.893895637048324, 38.893895637048324, 38.893895637048324, 38.893895637048324, 17.94343092419724, 17.94343092419724, 17.844189937149572], 
[246.72755242037408, 226.79269715887446, 223.5133211208601, 75.91090472148788, 75.90266341999173, 75.90266341999173, 73.0359051633135, 55.8734175657296, 9.77806492062748, 9.77806492062748, 9.77806492062748, 6.242791226800711, 6.242791226800711, 6.242791226800711, 6.242706615366766, 5.921172279047215, 0.7387937970146436, 0.7377665887206963, 0.6609602507124348, 0.6609602507124348], 
[422.29710964424055, 384.624057581413, 229.1444001563492, 229.1444001563492, 206.5163913690109, 128.0331919921407, 128.0331919921407, 128.0331919921407, 86.14801921793898, 86.14801921793898, 86.11129155809796, 70.5015322985279, 48.32298588247718, 34.53790961618389, 18.23953148311328, 18.23953148311328, 18.23953148311328, 14.785147188105793, 14.785147188105793, 3.41588043040344], 
[293.2501726326943, 293.2501726326943, 38.4793830224908, 38.4793830224908, 38.4793830224908, 38.4793830224908, 38.4793830224908, 8.886466294195118, 8.8705312261689, 8.8705312261689, 8.844922052095786, 4.196756792299409, 4.138973295317385, 4.138973295317385, 0.6914023414407593, 0.6643329627348985, 0.6622023709445294, 0.6536985806410233, 0.5180112760372013, 0.5180112760372013], 
