[64.3985331644437, 27.71112078544166, 26.943126649429402, 26.264810795574327, 26.264810795574327, 24.953093202154363, 24.953093202154363, 24.953093202154363, 24.94616279174853, 18.418391156611047, 17.035550095909045, 17.035550095909045, 17.035550095909045, 17.03053067962581, 16.955674334862735, 16.955674334862735, 16.233523825274837, 16.233523825274837, 16.233523825274837, 16.151214748412798], 
[418.670257840443, 109.52434944412889, 109.52434944412889, 109.52434944412889, 109.51558911064409, 109.51558911064409, 109.51558911064409, 109.51558911064409, 109.51558911064409, 109.51558911064409, 93.20622007645686, 93.20622007645686, 93.20622007645686, 83.26583992133982, 83.18046456251388, 83.17646400382074, 83.17646400382074, 82.9600966615227, 82.9600966615227, 82.9600966615227], 
[405.0915845887423, 261.9640054244326, 261.9640054244326, 261.9573111830303, 261.9573111830303, 257.3772030970897, 158.85656660688218, 158.85656660688218, 143.98884954134684, 136.06631501369577, 136.06631501369577, 136.06265652113348, 136.06265652113348, 136.06265652113348, 136.05536179529344, 136.05536179529344, 136.03365569665544, 130.32969981179534, 130.32969981179534, 13.545314515614162], 
[112.8958937598521, 112.8958937598521, 112.8958937598521, 20.484281435937085, 20.484281435937085, 20.279472418849963, 19.068994982318355, 19.06440794697668, 18.729878167415684, 18.50199941380843, 17.927356085442177, 16.630206743212536, 16.625661548219735, 16.625661548219735, 16.625661548219735, 16.625661548219735, 16.508921524358172, 16.508921524358172, 16.508921524358172, 16.506692930844583], 
[476.68557641675574, 317.1646800747511, 317.1646800747511, 317.16429165603614, 317.16394796317974, 317.16394796317974, 317.16394796317974, 317.16394796317974, 258.49309725323565, 258.49309725323565, 212.1353974165722, 212.1353974165722, 212.1353974165722, 158.86020983154134, 158.86020983154134, 158.86020983154134, 136.22656573702278, 121.31648930515809, 116.73582812742318, 99.12854846228032], 
[324.2633361698952, 324.25046148986473, 324.24843209906805, 254.43108202209567, 241.24165695571565, 224.93481474962118, 224.93481474962118, 224.93481474962118, 162.68776023381378, 162.66440117441851, 93.60555197409074, 93.41741782931803, 88.57772041721802, 88.57772041721802, 87.74973281265478, 87.74973281265478, 86.5593973544846, 86.5593973544846, 85.17053357561124, 84.97961986149899], 
[419.60079332487453, 85.92090356334177, 85.92090356334177, 85.92090356334177, 85.92090356334177, 85.91950156296717, 85.91950156296717, 85.91950156296717, 85.89397209784862, 85.89397209784862, 85.67002485228869, 85.66439016105366, 83.76335523901638, 83.76335523901638, 83.3992559513354, 83.38583878363056, 83.03635216399934, 83.03635216399934, 82.38442321184358, 82.38442321184358], 
[161.6563129506621, 161.6563129506621, 161.6563129506621, 161.6563129506621, 160.05558332156176, 90.43070685175084, 39.169118348844336, 39.169118348844336, 32.277903966504226, 17.41657280854932, 17.41657280854932, 17.41657280854932, 5.813158721182758, 5.813158721182758, 5.809367610422362, 5.809367610422362, 5.705940298491764, 5.223939963587901, 2.5626560979985875, 2.5626560979985875], 
[161.43333860184066, 161.43333860184066, 161.36581745807746, 160.9502543946775, 143.7235338210332, 143.7235338210332, 143.7235338210332, 143.7235338210332, 143.7235338210332, 143.7235338210332, 129.4606683882008, 129.4606683882008, 129.4606683882008, 129.4606683882008, 128.43809988877788, 128.43728804841172, 116.33297607636032, 103.304056174324, 101.85035661240212, 101.85035661240212], 
[485.17682854812097, 292.1547058823799, 292.1547058823799, 292.1547058823799, 291.3343771915539, 291.3343771915539, 291.3343771915539, 291.3281093450971, 291.2032118409621, 290.93151896567616, 284.3993974696319, 284.3993974696319, 283.13609112536835, 283.13609112536835, 283.13609112536835, 282.9947546724753, 282.9947546724753, 282.5726524208625, 282.5726524208625, 282.55764467441145], 
[214.5165494457679, 214.24093086495324, 214.24093086495324, 214.21854042399585, 210.84247856453035, 210.84247856453035, 134.47796087241468, 134.47796087241468, 134.4535028155596, 60.63592472333844, 53.55715635326386, 53.55715635326386, 53.55715635326386, 53.55715635326386, 53.287114173298924, 51.11065623190524, 51.11065623190524, 51.11065623190524, 51.10613304716017, 51.10613304716017], 
[219.65450133799715, 119.25151237713712, 119.25151237713712, 119.25151237713712, 119.25151237713712, 119.25151237713712, 9.524800556213112, 9.524800556213112, 9.510385990317621, 9.510385990317621, 9.510385990317621, 9.510385990317621, 9.500746816418419, 9.491368296449018, 9.491368296449018, 9.491368296449018, 8.146530340512466, 7.910041133337483, 7.910041133337483, 1.5071411031287505], 
[200.2654873259222, 62.308343836844784, 62.28970713598182, 62.28970713598182, 62.28970713598182, 32.914398917174886, 32.914398917174886, 32.914398917174886, 32.914398917174886, 32.914398917174886, 28.38134364163522, 28.38134364163522, 28.38134364163522, 28.232964908196863, 28.19983038996275, 22.037542896305432, 22.037542896305432, 21.629481462777264, 21.629481462777264, 18.268519122040153], 
[185.6736559732194, 185.6736559732194, 129.50507910614948, 92.80330799056269, 92.80330799056269, 92.80330799056269, 92.80330799056269, 92.80330799056269, 46.417346047941, 45.72613086602546, 7.842839649421047, 7.842839649421047, 7.842839649421047, 7.842839649421047, 7.842839649421047, 7.842839649421047, 7.842839649421047, 5.993363241341195, 5.993363241341195, 1.520429836198181], 
[378.8630730140925, 371.6673944385472, 356.47426084939656, 353.9673819941232, 160.6480770998218, 160.6480770998218, 160.60934402185973, 150.49424778184397, 150.49424778184397, 145.26238770486074, 0.36091437801315573, 0.36091437801315573, 0.36091437801315573, 0.3598377836894118, 0.3598377836894118, 0.3598377836894118, 0.3598377836894118, 0.35554206001835165, 0.35554206001835165, 0.35554206001835165], 
[183.76740988332128, 87.5214180180316, 87.5214180180316, 86.21638391111826, 86.21638391111826, 86.21638391111826, 41.238580230620805, 41.238580230620805, 39.58658787274121, 39.510130596357584, 25.07764426036197, 25.07764426036197, 18.230740823999493, 18.230740823999493, 3.5578374549639618, 3.5578374549639618, 3.5578374549639618, 3.557513704707582, 3.557513704707582, 3.552784725321016], 
[372.0702220502251, 252.1129092597039, 252.1112665135328, 252.1112665135328, 251.1855504886119, 250.51869907324837, 250.51869907324837, 212.82493317728668, 212.82493317728668, 212.808324116128, 183.74023738078333, 183.74023738078333, 98.3505640202635, 98.3505640202635, 98.3505640202635, 92.79251126799006, 92.79251126799006, 92.74182560409584, 92.74116085029057, 92.73273860843314], 
[220.13103024035453, 220.13103024035453, 220.12907141988077, 220.12907141988077, 220.12907141988077, 220.12907141988077, 220.12907141988077, 220.12907141988077, 220.12907141988077, 220.12349054517463, 220.1198756050046, 200.04949924698653, 173.26181493163574, 144.05945698264497, 144.05945698264497, 129.23277467344033, 45.666122457866116, 45.647817445850556, 35.947388984634664, 22.21769585406745], 
[359.79180241427935, 212.02036607949486, 179.06388367333543, 179.06388367333543, 179.0538854440077, 126.89197311942675, 33.12665082547242, 13.32639969939419, 13.32639969939419, 13.32639969939419, 9.47732071679968, 9.421258684304926, 9.421258684304926, 9.414981728082596, 9.022289884451316, 5.20243146602518, 4.770122797216077, 4.563003351585676, 4.558145898729954, 4.257298654379122], 
[263.9310397870338, 153.60442273685467, 136.43953603801538, 132.36018436312867, 132.36018436312867, 129.2969279679224, 18.895468803262478, 18.895468803262478, 18.895468803262478, 18.895468803262478, 18.895468803262478, 18.895468803262478, 18.895468803262478, 18.895468803262478, 18.895468803262478, 18.895468803262478, 18.895468803262478, 18.895468803262478, 18.895468803262478, 18.895468803262478], 
[327.51273799332097, 57.54573295064896, 57.54573295064896, 57.52171387549074, 57.52171387549074, 18.00087301897523, 18.00087301897523, 5.5424812032810875, 5.5424812032810875, 3.7878018249578256, 3.7878018249578256, 3.7878018249578256, 3.7878018249578256, 2.350852873560042, 2.350852873560042, 2.350852873560042, 2.0950102995959883, 1.8267280673050403, 1.8267280673050403, 1.779841601279717], 
[343.0343654778908, 343.0343654778908, 343.0343654778908, 153.70774534192384, 153.70774534192384, 153.68311654827576, 153.68311654827576, 144.5611732742445, 144.5611732742445, 144.5611732742445, 144.5611732742445, 144.5611732742445, 144.5611732742445, 144.5611732742445, 144.5611732742445, 144.5611732742445, 144.5611732742445, 142.5141084526422, 140.02401423499316, 121.99764302579422], 
[374.05046155145436, 265.91370514807795, 265.91370514807795, 23.122334320619032, 23.122334320619032, 23.122334320619032, 22.88787474126042, 12.963989850509629, 8.078714726928512, 8.078714726928512, 8.06126237106503, 8.06126237106503, 7.671522513572414, 7.542423941915602, 7.090331404915154, 7.08362336105596, 5.581432077955483, 4.390412028038542, 4.163100135146102, 3.3320890433606647], 
[303.5252253598864, 303.5252253598864, 303.2048979951351, 302.61070105204965, 302.61070105204965, 141.03300596890654, 141.02645130102493, 140.17962063548975, 138.3705054790835, 136.3725293454389, 136.3725293454389, 136.3725293454389, 133.3378533241939, 133.3378533241939, 127.25741175734832, 127.25741175734832, 127.25741175734832, 127.25741175734832, 127.25741175734832, 127.25741175734832], 
[372.3696422782617, 307.7976752046578, 253.6615316780647, 253.6615316780647, 253.6615316780647, 213.35910116502467, 199.87778171855967, 198.8593226971851, 198.8593226971851, 171.04017533114856, 171.04017533114856, 110.86271089561075, 110.86271089561075, 109.790649998899, 109.790649998899, 109.790649998899, 87.62776894573568, 87.56288704571867, 86.1376202325802, 86.1376202325802], 
[258.3435292850474, 258.3435292850474, 176.63825322159494, 176.62245993602068, 176.62245993602068, 176.62245993602068, 176.62245993602068, 176.62245993602068, 176.62245993602068, 176.62245993602068, 176.62245993602068, 176.6106303057439, 176.6106303057439, 176.6106303057439, 176.6106303057439, 176.6106303057439, 124.83277585129116, 124.83277585129116, 124.83277585129116, 124.83277585129116], 
[325.68342446038446, 317.1586684395248, 317.1586684395248, 317.1586684395248, 312.1167302837316, 312.1167302837316, 307.63317043216773, 307.63317043216773, 307.6232308849111, 295.52317802319243, 295.52178111650244, 295.3881404428679, 295.3881404428679, 295.3881404428679, 295.3500116017736, 295.34970786634335, 295.34970786634335, 295.3469846315511, 294.8643145473159, 294.7916298005349], 
[215.25492658920157, 215.25492658920157, 215.25492658920157, 215.25492658920157, 121.47465277897084, 121.47465277897084, 115.5321361193053, 79.91428867594895, 79.91428867594895, 79.91428867594895, 79.91428867594895, 79.91428867594895, 79.91172112380079, 70.75395263958802, 70.75395263958802, 69.44434914403385, 69.43663456486331, 45.682411569554915, 45.67008615540979, 45.67008615540979], 
[239.7989855082206, 239.7904338564201, 239.7904338564201, 239.7818835711163, 239.7818835711163, 239.75136927706623, 214.74718899212598, 214.74718899212598, 214.59227540428617, 205.73539781386643, 153.28609609462575, 153.28609609462575, 135.2197975314199, 120.66063384609596, 30.5668709672075, 30.5668709672075, 30.566494612717864, 30.566494612717864, 30.566494612717864, 30.566494612717864], 
[318.35348879989925, 304.7510507080977, 197.11197654498744, 197.11197654498744, 140.5158139019617, 140.5158139019617, 133.0171897369453, 128.81744075011994, 128.81744075011994, 127.12899722597233, 127.12899722597233, 127.12899722597233, 92.15421110292215, 92.15421110292215, 84.9367622494666, 84.86278776850463, 84.6242516907275, 84.6242516907275, 84.6242516907275, 84.6242516907275], 
