[98.42433922750536, 98.42190480911201, 20.781077903224983, 20.781077903224983, 20.780813135524433, 20.765929085858822, 20.76137051834325, 19.18228847881329, 19.18228847881329, 19.17061973826707, 19.170511621287158, 18.982521605830037, 18.937515661292714, 18.937515661292714, 18.937515661292714, 18.937500716754606, 18.93730556064093, 18.937032366711183, 18.937032366711183, 18.935424554652066], 
[108.8101104620132, 60.77091768377069, 60.77091768377069, 60.77091768377069, 60.77091768377069, 60.77091768377069, 60.77019216074008, 60.64276908678704, 60.451485296265176, 60.451485296265176, 60.37020999685098, 60.37011161249233, 60.36725177496294, 60.36725177496294, 60.36699933892575, 60.3667284675183, 43.716236786655465, 43.716236786655465, 43.71484406106876, 43.71484406106876], 
[110.29491137810331, 100.40794740148574, 100.40794740148574, 100.40794740148574, 100.40794740148574, 99.67445512113976, 55.66333279150899, 55.66333279150899, 55.66333279150899, 55.66333279150899, 55.66333279150899, 55.66333279150899, 55.660561695165356, 54.976419397173636, 54.976419397173636, 54.976419397173636, 54.89878447460482, 54.89878447460482, 53.400681745249415, 52.34965553760487], 
[74.6217256464049, 74.6217256464049, 74.6217256464049, 69.57412346214511, 69.56809255321328, 69.56809255321328, 53.02711739643282, 53.02711739643282, 52.55717980386489, 52.556046797999656, 52.556046797999656, 52.182346024195844, 52.182346024195844, 52.17957498255966, 51.51453250908811, 51.51453250908811, 51.51453250908811, 50.92643189159789, 50.92643189159789, 50.926211412835116], 
[50.82076288219545, 50.82076288219545, 50.81929707679426, 50.81929707679426, 50.81929707679426, 50.79401030941463, 49.03296697768546, 49.03205577464168, 49.031595392243126, 48.705524160312024, 48.70529394544198, 48.70519005844265, 48.70519005844265, 36.48335822313839, 36.48335822313839, 36.48335822313839, 32.991027500046606, 29.191953931156803, 29.191953931156803, 29.191953931156803], 
[120.37828378566532, 110.7449361276378, 77.10646614277515, 77.10646614277515, 77.02360096173994, 70.25594110777833, 70.25594110777833, 70.25594110777833, 70.25594110777833, 57.66901536469503, 57.66901536469503, 56.21713841060946, 56.21697717907267, 56.21697717907267, 56.21697717907267, 54.705628913325114, 54.705628913325114, 54.705628913325114, 54.705628913325114, 54.33386034785004], 
[112.73324745593852, 112.73164119105715, 80.19753051925234, 80.19753051925234, 9.57782534495407, 9.57782534495407, 9.565425802217481, 9.399455018296068, 9.399455018296068, 9.399455018296068, 9.399455018296068, 9.153015634853361, 9.153015634853361, 9.153015634853361, 3.300026758424149, 1.927442573750304, 1.5117290884845627, 1.5117290884845627, 1.510306241751467, 1.510306241751467], 
[42.34365594642206, 42.34365594642206, 42.34345811321855, 42.34318162001368, 42.34318162001368, 42.136533233365796, 42.130204714771864, 31.33791180227166, 31.33791180227166, 31.33791180227166, 31.05103585813447, 30.908682830321144, 30.908682830321144, 30.90750867841507, 30.414209222275417, 30.414209222275417, 30.414209222275417, 26.664008110952075, 26.664008110952075, 26.664008110952075], 
[118.657304489026, 30.723758122410434, 30.723758122410434, 28.783691177403483, 28.783691177403483, 28.783691177403483, 28.783691177403483, 28.78351822301514, 28.78351822301514, 26.368089027771457, 24.207674330952056, 24.207674330952056, 10.559996107774932, 10.559996107774932, 10.559996107774932, 10.559996107774932, 10.559996107774932, 8.482259754993855, 8.482259754993855, 7.563170566715215], 
[105.82764556385288, 105.82764556385288, 105.82764556385288, 60.977732635199615, 60.977239061424676, 60.34239568249895, 27.922373414225117, 27.922373414225117, 27.922373414225117, 27.922373414225117, 17.227636394944103, 17.227636394944103, 17.227636394944103, 16.543484230618294, 16.53920753725806, 16.53920753725806, 16.53920753725806, 16.534912488821245, 16.0000151941128, 16.0000151941128], 
[118.6301025420065, 80.4317362615793, 80.4317362615793, 80.4317362615793, 39.81119584094489, 39.81119584094489, 39.81119584094489, 32.600444987221266, 32.600444987221266, 32.600444987221266, 27.135227345451064, 25.590385174676562, 23.317169858272017, 19.520640489535328, 4.074352485818862, 4.074352485818862, 4.074352485818862, 4.074352485818862, 3.55361811046677, 3.55361811046677], 
[102.30786637744144, 102.30786637744144, 75.38439887801752, 75.38439887801752, 72.32577312156921, 68.14598807121104, 68.14598807121104, 68.14598807121104, 68.14598807121104, 68.14598807121104, 68.12130214391905, 68.12130214391905, 41.99044118865888, 41.99044118865888, 20.939581255626564, 20.922951796589977, 20.922951796589977, 20.918085911394005, 4.384964899263836, 4.384964899263836], 
[4.351888860572193, 4.351629298406834, 3.8409446804528486, 3.840487214453848, 3.761098271972455, 3.7490720956016124, 3.7490720956016124, 3.7490720956016124, 3.7490720956016124, 3.7490720956016124, 3.496064227575249, 3.496064227575249, 3.496064227575249, 3.496064227575249, 3.496064227575249, 3.4511017681879803, 3.4511017681879803, 3.2071783075009033, 3.2071783075009033, 3.2071783075009033], 
[62.64845432433482, 62.64355185828971, 60.983664093853555, 59.7494338764702, 23.131304339038895, 23.131304339038895, 23.131304339038895, 23.131304339038895, 23.129322453465033, 23.129322453465033, 23.12907257116475, 23.113586759900755, 23.113586759900755, 21.333689596806988, 21.333689596806988, 21.333689596806988, 21.26706588459394, 18.922272333579432, 18.922272333579432, 18.922175652567645], 
[106.93124553129522, 106.89842305584052, 106.89842305584052, 66.8925631667504, 58.25634309248772, 58.25634309248772, 58.25634309248772, 27.548467377095864, 27.548467377095864, 27.548467377095864, 23.702070415325643, 23.702070415325643, 23.70138885345369, 23.70138885345369, 23.70138885345369, 23.700678239428093, 23.62203987615719, 23.62203987615719, 23.62203987615719, 23.62203987615719], 
[113.02390141834361, 86.12877186223808, 86.12823849246183, 80.80669406706566, 68.4820236844591, 68.4820236844591, 68.4820236844591, 68.4820236844591, 68.4820236844591, 68.4820236844591, 68.4820236844591, 68.4820236844591, 68.4820236844591, 62.89894774205436, 62.89894774205436, 62.89894774205436, 16.369708986584122, 16.369708986584122, 16.369708986584122, 15.540621516259499], 
[107.07833848902827, 105.60287744596074, 105.24578490558017, 104.6119246001218, 104.43411317679116, 101.44739662354036, 83.79304624233373, 83.79304624233373, 82.24533020040629, 58.975008421654046, 58.975008421654046, 58.975008421654046, 58.975008421654046, 31.424541019058687, 28.815531691332893, 28.3605200011164, 28.3605200011164, 28.35699664902286, 26.51470559813322, 26.0033238139445], 
[38.9728524121832, 36.72004230583733, 27.940334332284735, 27.940334332284735, 27.93779030635712, 27.93779030635712, 27.935851956138883, 27.935851956138883, 26.04030456683366, 25.4699731921446, 25.436647144924162, 24.056581494273665, 24.056581494273665, 24.056581494273665, 24.056581494273665, 24.056581494273665, 24.056581494273665, 24.056581494273665, 23.645585478713116, 23.645585478713116], 
[90.52123114610488, 90.52123114610488, 90.52123114610488, 90.52123114610488, 90.52123114610488, 90.52123114610488, 90.51867321664211, 90.4367276174989, 86.23807875712559, 67.8593228530792, 67.85412496258496, 67.85412496258496, 65.67256769059142, 65.67256769059142, 65.67138250933294, 65.67138250933294, 64.57158861618272, 64.56964237989501, 64.38068943707684, 64.37839540240901], 
[104.25578402557224, 61.87001358894969, 61.87001358894969, 61.86498983653972, 61.76470801467134, 61.54059468155373, 61.54059468155373, 61.54059468155373, 61.54059468155373, 61.50730831127117, 54.02282116861883, 54.02282116861883, 54.02282116861883, 54.01766481216971, 51.06928486251262, 36.760332612567694, 36.760332612567694, 34.27380059934566, 29.08208059741299, 29.08208059741299], 
[104.17086628772493, 104.17086628772493, 104.17086628772493, 74.78286892382613, 64.22938513354295, 64.22938513354295, 64.22938513354295, 62.052465468483895, 62.052465468483895, 62.052465468483895, 24.439758398811392, 18.97156715425433, 15.14273146521401, 15.137970047562618, 15.137970047562618, 15.136704778930948, 14.797027407051202, 9.459944643685285, 9.459944643685285, 9.459944643685285], 
[110.35159433659013, 110.35159433659013, 103.36885215630484, 91.13978105584489, 91.13978105584489, 91.13438134862945, 66.763746174009, 66.763746174009, 1.8740367439963626, 1.8740367439963626, 1.1718075643373842, 1.1708262117430166, 1.1708262117430166, 1.1708262117430166, 1.1708262117430166, 1.1708262117430166, 1.1708262117430166, 0.7513413196138448, 0.7513413196138448, 0.3868386107813903], 
[12.06639572242592, 12.06639572242592, 12.06639572242592, 12.06639572242592, 12.06639572242592, 12.06639572242592, 7.0036960202361085, 0.4859218661491011, 0.4859218661491011, 0.4859218661491011, 0.4857890166868881, 0.48284817930657886, 0.48284817930657886, 0.48284817930657886, 0.011102131563985165, 0.011102131563985165, 0.011102131563985165, 0.011102131563985165, 0.01076109318339758, 0.01076109318339758], 
[117.96492622476825, 83.8009418797567, 83.8009418797567, 83.8009418797567, 83.8009418797567, 41.793091204531095, 41.793091204531095, 41.793091204531095, 41.793091204531095, 41.793091204531095, 41.793091204531095, 28.708067921827066, 26.217427208867996, 26.217427208867996, 26.217427208867996, 26.217427208867996, 25.434278979048216, 25.434278979048216, 24.392513608501858, 24.392513608501858], 
[74.30365576063747, 69.41798901298773, 69.41798901298773, 38.18561032250174, 38.18561032250174, 28.50778839275057, 28.50778839275057, 28.50778839275057, 28.50778839275057, 28.50778839275057, 28.50778839275057, 28.50778839275057, 28.50778839275057, 28.503377859713655, 22.52780587177365, 22.52646936267075, 22.37326837834199, 22.37326837834199, 22.37326837834199, 20.061529705007988], 
[75.43298757365523, 64.03867479505429, 64.03867479505429, 64.03867479505429, 64.03867479505429, 60.37846864872173, 60.37846864872173, 60.377946832342445, 60.377946832342445, 60.377946832342445, 60.32586223053697, 28.094457947937507, 23.85668297330487, 23.85668297330487, 23.85668297330487, 23.80140566899641, 23.80140566899641, 22.198159933728213, 22.09461752533944, 21.524080858527373], 
[8.511463454062072, 8.511463454062072, 8.510937139124469, 7.808520704717864, 7.807504923181514, 7.807504923181514, 7.805615315623696, 7.785932879066269, 5.535860202528928, 5.535860202528928, 5.535860202528928, 3.250372350827636, 3.250372350827636, 3.250372350827636, 3.250372350827636, 3.250372350827636, 3.2491466040161763, 3.2491466040161763, 3.2491466040161763, 3.249062778018304], 
[6.9786144239712815, 5.797034730289046, 5.793869891510441, 5.793869891510441, 5.793869891510441, 5.793869891510441, 5.790725456125695, 5.790725456125695, 5.790725456125695, 5.76954028030478, 5.76954028030478, 4.0800967267956425, 4.0800967267956425, 4.0800967267956425, 1.52770450187036, 1.52770450187036, 1.52770450187036, 1.52770450187036, 0.391601892663524, 0.391601892663524], 
[29.750845920385878, 29.750845920385878, 29.750845920385878, 29.750845920385878, 28.5210179317293, 28.5210179317293, 28.5210179317293, 28.5210179317293, 22.30176215774045, 22.30176215774045, 21.994869449687673, 21.974738216100796, 21.974738216100796, 21.973025892020164, 20.515455613241294, 20.515455613241294, 19.654373012166864, 19.654373012166864, 19.653689491632402, 19.503263132161507], 
[45.9558098867968, 45.954355672133396, 45.86988215769206, 45.86988215769206, 45.859212467604834, 45.859212467604834, 45.859212467604834, 45.036284783347725, 45.036284783347725, 30.754973749123245, 30.379597262725497, 10.715837598876636, 3.8528817117864866, 1.5869753005255651, 1.5869753005255651, 1.5857190824400744, 1.580705899049336, 1.2094836895450207, 1.2094836895450207, 1.2046558330667354], 
