[161.21556357456643, 161.21556357456643, 157.11810315630137, 145.24186876561194, 145.24186876561194, 145.24186876561194, 145.24041082118308, 145.24041082118308, 144.31179019260054, 128.59940046875036, 128.59890219528543, 113.25313482262129, 113.25313482262129, 113.25313482262129, 111.36813956943752, 111.36677602816852, 111.33262268802423, 110.93760433101504, 110.93760433101504, 110.937193824812], 
[167.54871447855376, 167.54871447855376, 167.54871447855376, 167.54871447855376, 167.54871447855376, 167.54871447855376, 167.52961515989807, 167.52961515989807, 166.98520011757407, 166.98520011757407, 166.98520011757407, 159.96824951652508, 159.96824951652508, 159.96824951652508, 157.44960641015777, 146.70157144780424, 146.70157144780424, 146.70157144780424, 146.66418980714826, 146.66418980714826], 
[315.59307363124725, 158.2713019324382, 158.2713019324382, 158.2713019324382, 158.2713019324382, 158.2713019324382, 55.62630876172259, 53.56949667463771, 53.56949667463771, 53.4976015626783, 53.4976015626783, 53.4976015626783, 43.82209286921213, 43.76985537605482, 43.650825854079706, 33.82405208687126, 33.82405208687126, 33.19468062583075, 33.177326418467786, 33.177326418467786], 
[214.6412767553843, 214.6412767553843, 213.6589663831146, 208.75923600560455, 178.1602369866628, 161.88989601120218, 160.73471076838416, 140.21607456324486, 140.21607456324486, 140.21607456324486, 140.21607456324486, 125.92126576177425, 123.15377107917314, 123.15377107917314, 116.27251528081584, 116.27251528081584, 116.27251528081584, 116.27251528081584, 116.26882392663418, 112.17112891747738], 
[159.56053439029117, 159.5540263118996, 136.65174529096046, 109.74271292307816, 109.74271292307816, 109.74271292307816, 109.74271292307816, 109.74271292307816, 109.74260199736601, 109.74260199736601, 109.74260199736601, 109.73795956395065, 109.73772470930498, 109.73285354615012, 109.17287662053074, 109.17287662053074, 109.17287662053074, 107.45229286187134, 107.45229286187134, 106.71267522102866], 
[230.59664174799502, 230.59664174799502, 230.59664174799502, 141.88417320682925, 132.6867075868717, 132.6867075868717, 132.6867075868717, 132.6867075868717, 118.92747067396901, 109.77009623129196, 109.77009623129196, 109.77009623129196, 109.77009623129196, 42.49261054959679, 36.161188388213944, 36.12200374846471, 36.12200374846471, 36.12200374846471, 35.72819756990627, 14.544226680460595], 
[253.54790526995112, 253.54790526995112, 233.92924094023996, 171.60595058005129, 100.80343363501434, 35.390143314750176, 33.647637910543864, 33.53713091532458, 33.53713091532458, 21.856727873205536, 21.856727873205536, 21.856727873205536, 21.63182139458009, 13.408210874189137, 13.408210874189137, 13.408210874189137, 13.408210874189137, 12.159175122398924, 12.14230351180717, 5.826246674329118], 
[274.1289768974682, 243.35277446244748, 135.43169084484276, 135.43169084484276, 135.43169084484276, 134.02718135191975, 134.02718135191975, 134.02718135191975, 134.02718135191975, 122.32377462825528, 122.32377462825528, 122.32377462825528, 118.81853683600971, 118.81853683600971, 118.81853683600971, 116.39807480506491, 116.39807480506491, 116.3960265241539, 113.63658504842903, 113.63658504842903], 
[260.6470537494468, 259.49947011497414, 122.89955819645142, 122.89955819645142, 122.89955819645142, 122.89558792430222, 109.58062042438415, 108.70895658347733, 101.86075926457825, 101.86075926457825, 100.90318836925476, 100.90318836925476, 100.10281798360462, 100.10281798360462, 100.10223161848735, 100.08702964574432, 100.08650755996021, 100.05574509478636, 100.05574509478636, 100.05574509478636], 
[230.63382387813635, 226.3427191831086, 171.5041885717978, 146.32893566205433, 104.25863978610096, 104.25863978610096, 100.58629350519115, 100.58629350519115, 100.5843833790843, 100.5843833790843, 100.5843833790843, 100.5843833790843, 100.54536217290307, 100.54536217290307, 100.52941075120992, 100.52941075120992, 100.52941075120992, 100.52941075120992, 100.52941075120992, 100.52941075120992], 
[242.0738636333908, 222.76223289134668, 190.67503701697643, 190.67503701697643, 149.45895301553227, 128.41047761980343, 128.41047761980343, 128.41047761980343, 128.41047761980343, 107.9136821634046, 107.9136821634046, 107.9136821634046, 100.10173169571026, 100.10173169571026, 100.10173169571026, 100.06030167140858, 100.06030167140858, 100.03411987033661, 100.03236904757553, 100.03236904757553], 
[212.76943407970705, 212.76943407970705, 174.76136781895354, 174.7528162483832, 161.36850347898502, 161.36850347898502, 121.53968166761429, 121.53968166761429, 121.53968166761429, 121.5383527489284, 119.8931053689798, 119.8931053689798, 119.88695393581001, 119.88695393581001, 112.93548439682546, 102.23336264230664, 102.17493780963362, 102.17493780963362, 100.55936525342955, 100.2788443369196], 
[220.65816662629535, 220.65816662629535, 196.27430732629222, 196.27430732629222, 162.5817301524268, 151.55720202659717, 151.55720202659717, 151.55720202659717, 151.54689460268884, 146.10053009241895, 114.40474186548742, 110.36976502882159, 100.66637423488996, 100.66637423488996, 100.66568101923923, 100.53740805283172, 100.53659865594523, 100.53659865594523, 100.53579016313894, 100.5352450534175], 
[169.37245268826788, 169.36627566845394, 139.63388465911177, 139.63388465911177, 134.80582895340262, 134.80582895340262, 134.80582895340262, 134.80582895340262, 134.80582895340262, 129.9085364557771, 129.9085364557771, 116.72187282247907, 115.82701789592257, 115.82701789592257, 115.82701789592257, 112.9033188142484, 112.70159821267497, 110.85331945305657, 110.49287970251142, 110.49287970251142], 
[196.13879964028655, 196.13879964028655, 196.13879964028655, 164.2993520176465, 135.5347780497413, 118.67666506922527, 118.67666506922527, 118.67666506922527, 118.66921385225494, 105.13168121037724, 105.13168121037724, 105.12659531527954, 105.106357650424, 105.106357650424, 102.39394517971438, 102.39394517971438, 102.39394517971438, 102.19193536774345, 101.9126669796564, 101.82624650453548], 
[203.43009554832875, 203.43009554832875, 130.87380201290142, 130.87380201290142, 130.87380201290142, 130.84699198814343, 123.73415716739184, 123.73415716739184, 122.83361634965381, 120.81325427621796, 120.76345655878639, 116.88639215703316, 116.26309104303363, 115.9222355916526, 112.26174809596041, 110.98785133545329, 110.98785133545329, 110.98785133545329, 110.98785133545329, 110.98785133545329], 
[288.6423182653149, 288.6423182653149, 284.8455521305933, 180.18622867483245, 177.81314461142338, 149.26081505020318, 148.8899899845247, 148.88930691288863, 148.88930691288863, 148.88930691288863, 146.00592627763461, 146.00592627763461, 131.57896702841487, 131.2956796965109, 131.2956796965109, 131.2956796965109, 123.78175106427969, 123.78175106427969, 123.6193000211309, 120.53104066652647], 
[142.83933871623245, 142.83933871623245, 142.83933871623245, 142.77935340427473, 142.77877836200057, 142.77877836200057, 142.77877836200057, 142.7485529328539, 142.7485529328539, 102.876899307479, 102.876899307479, 102.87367286668979, 102.85521395764738, 102.85115152150912, 102.77478686307704, 102.1743268411017, 101.49232195221448, 101.49232195221448, 100.95298674345642, 100.65420311809072], 
[258.5453964117082, 101.3856096771336, 101.27250200534507, 101.27250200534507, 101.27250200534507, 101.26267842965513, 101.26267842965513, 101.26267842965513, 101.08990324431352, 101.08990324431352, 101.08990324431352, 101.08749349103665, 101.08749349103665, 101.08749349103665, 101.01629119264454, 100.9082649171766, 100.9082649171766, 100.9082649171766, 100.18523218670906, 100.18523218670906], 
[314.0431654062121, 314.0431654062121, 240.35681892888206, 168.93308294855473, 103.64476522975583, 103.64476522975583, 103.64476522975583, 102.96939725966257, 100.71214098447413, 100.71214098447413, 100.21095393307073, 99.92997575748261, 89.54564476518165, 89.54564476518165, 84.33816933406789, 84.33816933406789, 83.14178052394566, 65.12814971988588, 60.81231678664943, 53.69007915909742], 
[205.63248980693555, 205.27766822597977, 185.9905690939176, 179.21143455415265, 120.67355178975104, 120.67355178975104, 120.67190992145275, 120.66932523647054, 107.10695784386532, 106.45370206103377, 106.45370206103377, 105.26381702003155, 105.26381702003155, 104.90951769247108, 104.90951769247108, 104.90951769247108, 104.90951769247108, 104.90620589302158, 104.90620589302158, 102.04146462242811], 
[299.76810183093045, 117.32580075142235, 117.32530763591835, 117.14473406646971, 111.20828665098003, 111.00155507078162, 111.00155507078162, 111.00155507078162, 111.00102630021694, 110.81233458980527, 110.81233458980527, 110.81233458980527, 110.80167218218418, 110.7817954893376, 110.7817954893376, 110.73995970658335, 110.73781920280852, 110.71299951529195, 110.71299951529195, 110.71162141919946], 
[218.25748835146405, 148.01538152169158, 148.01538152169158, 147.58140867253408, 147.58140867253408, 147.36232782271293, 147.36232782271293, 147.24828224600745, 146.60622255760734, 145.90743436668419, 145.73046601231545, 145.73046601231545, 145.65211477839583, 145.22975877456835, 144.63049193375235, 143.92189184974316, 143.92189184974316, 143.79370504326167, 143.76355396779212, 143.7632757197323], 
[288.97248665014376, 288.97248665014376, 183.56715132971325, 183.56715132971325, 183.56715132971325, 183.5606295845089, 177.9476147727809, 131.07387261431626, 131.07387261431626, 131.07331469025044, 131.07331469025044, 131.0686158606546, 131.04990581459919, 131.04990581459919, 130.37569119075425, 108.73062030538455, 106.55836529941891, 106.55661782681874, 106.51385982224731, 106.51385982224731], 
[125.11359189229178, 125.11359189229178, 124.54954538757202, 96.35031159976786, 96.3054828273059, 96.3054828273059, 96.26379187416133, 96.22499635728155, 96.22499635728155, 96.22499635728155, 96.22499635728155, 96.22499635728155, 96.22430316713759, 96.22430316713759, 96.22430316713759, 96.18792319502721, 96.18792319502721, 96.15443102470054, 96.15443102470054, 96.15443102470054], 
[257.69714404062523, 257.69714404062523, 232.27764694029963, 232.27764694029963, 232.27764694029963, 194.92071498062467, 186.2167322347615, 186.2167322347615, 186.19207078652218, 186.18062613969923, 164.21546828213255, 141.61550552696912, 141.61550552696912, 141.61550552696912, 141.60872371329995, 137.36145579148922, 137.29802650868274, 119.86379135316481, 119.86379135316481, 119.86379135316481], 
[339.9718024829733, 248.55303270084235, 199.3051188813272, 140.2619667655699, 140.2619667655699, 140.2619667655699, 140.2619667655699, 140.24658190818926, 140.24658190818926, 113.81932655536274, 113.81657416300408, 112.81959598974936, 112.81959598974936, 111.80118510013895, 111.80118510013895, 111.80051432041476, 111.77197220462787, 111.32077012007487, 107.13230011431811, 107.13230011431811], 
[155.1334794052153, 155.1334794052153, 155.1334794052153, 149.01143537816512, 149.01143537816512, 149.01143537816512, 125.43798362776626, 113.49761406512319, 113.49761406512319, 110.59868257269787, 110.59868257269787, 68.65334708901446, 68.65334708901446, 66.74405502508787, 66.48896537910936, 66.48896537910936, 66.48896537910936, 66.36681241581748, 65.37257630964658, 65.37257630964658], 
[113.56377202917523, 113.56377202917523, 113.56377202917523, 113.56153408293183, 113.56153408293183, 113.56153408293183, 113.56153408293183, 113.56153408293183, 113.56153408293183, 113.56153408293183, 113.56153408293183, 113.46941900844035, 113.46941900844035, 113.46941900844035, 113.46941900844035, 113.3986450998547, 112.33671555919678, 111.18495374364015, 111.18495374364015, 111.18495374364015], 
[274.16105228693397, 274.16105228693397, 274.16105228693397, 213.65519142197968, 210.34191573089848, 210.34191573089848, 200.1655741239743, 200.1655741239743, 174.70632318263256, 174.70632318263256, 151.8699783601192, 151.8699783601192, 119.13630781034689, 119.13630781034689, 119.13510794691638, 119.13174131089134, 119.13174131089134, 118.710938094033, 118.20085483471584, 118.20085483471584], 
