[136.89275802987427, 118.35345514087066, 118.35345514087066, 118.35315264813353, 113.16804141370874, 110.4612786424272, 79.97948581599539, 79.97948581599539, 79.95020799521275, 79.94286036010989, 79.44888478833657, 79.44888478833657, 77.87772997639618, 74.77246393247223, 74.4774854504817, 59.37709885048812, 59.37709885048812, 59.37635213786798, 56.926067902978815, 55.34915844881703], 
[141.16037705775443, 134.02473625861134, 105.6069517747795, 105.60561586872237, 102.427355605385, 102.427355605385, 102.42389458841977, 100.77716077702367, 100.77715020088709, 100.41585118977333, 100.41513499494857, 100.41513499494857, 100.36012883666601, 100.07923441176473, 100.07923441176473, 100.05969033630535, 100.05540012630625, 100.05540012630625, 100.05398990232194, 100.05334282315879], 
[118.93415714544442, 116.28387618083978, 116.28387618083978, 109.62601291587421, 109.62601291587421, 109.62344388233652, 106.86539764915295, 106.86539764915295, 106.86448401318553, 102.13851472485068, 102.13851472485068, 100.92914996205438, 100.92914996205438, 100.9289686287118, 100.92866971183894, 100.90517679380078, 100.63026576409014, 100.60631384908511, 100.27764501539258, 100.27764501539258], 
[117.49990282968712, 117.49978905151652, 113.51865324035215, 113.51865324035215, 113.24800207687508, 102.88165203451771, 102.88165203451771, 100.02623303748041, 100.02623303748041, 99.11686687856911, 99.11686687856911, 99.11686687856911, 99.11686687856911, 99.11686687856911, 55.66293677797201, 55.66293677797201, 50.19891747598561, 50.19891747598561, 50.19891747598561, 50.19891747598561], 
[216.82868070979413, 146.85190557846158, 146.85190557846158, 134.91452216307982, 130.78071994115572, 107.37820354124601, 87.46617800465353, 87.46453294842286, 87.46453294842286, 87.46453294842286, 73.65601898878798, 70.18838150784444, 69.79217636867513, 46.2886902824225, 26.351985032714822, 26.351985032714822, 9.722862490052451, 9.722862490052451, 9.721513287518768, 4.747551349568616], 
[127.55782380694171, 127.55215932220298, 127.55215932220298, 127.54836302599317, 90.80418336917806, 58.17662992271909, 58.17662992271909, 58.17662992271909, 58.17662992271909, 58.17662992271909, 51.72851836414356, 19.714737332886163, 19.714737332886163, 13.859711910796172, 12.867849944639971, 9.664912028187233, 9.664912028187233, 8.531887293380962, 8.531887293380962, 4.122332606342491], 
[142.82991852830216, 142.2647204192485, 142.2647204192485, 109.16122944186398, 107.86244502559398, 107.86244502559398, 107.6899592267206, 104.9219031697687, 104.32089585769485, 103.28187660091069, 102.88565318076152, 102.88565318076152, 102.22390926641448, 102.22390926641448, 102.22390926641448, 102.22390926641448, 102.0401615326911, 100.59179658888412, 100.53532046333397, 100.53532046333397], 
[120.20410739276207, 120.20410739276207, 120.20410739276207, 120.20410739276207, 120.20410739276207, 120.20410739276207, 112.70204289667944, 112.66063246256647, 112.66021753374758, 102.22908142652149, 95.12681974633036, 95.12681974633036, 95.12010319261735, 91.68576396479942, 91.68282834214546, 78.9687650356661, 78.9687650356661, 78.9687650356661, 78.9687650356661, 78.9687650356661], 
[65.73080687792539, 65.73069493764635, 65.35310449103139, 65.35310449103139, 65.35004412619344, 65.35004412619344, 46.17260001618142, 46.17260001618142, 45.95674255050231, 45.95479276277625, 45.95312743963241, 43.47964735817631, 25.56781557909409, 16.63379048177458, 16.63379048177458, 16.63379048177458, 16.63379048177458, 16.595713593548506, 16.595713593548506, 15.797838205467833], 
[73.13501370776814, 73.13501370776814, 73.13501370776814, 35.37527467857821, 35.37527467857821, 35.3315169121139, 26.852701193416653, 21.128321916716807, 21.128321916716807, 12.156488351174975, 12.156488351174975, 11.492070368458426, 8.52693127338825, 4.52102813049642, 3.1743713473131665, 3.1743713473131665, 3.1743713473131665, 3.1743713473131665, 3.0240931811665357, 3.021748013990507], 
[62.52591111762652, 62.52591111762652, 62.52591111762652, 62.52591111762652, 62.52591111762652, 62.52591111762652, 45.245548211727865, 33.9509771218601, 33.9509771218601, 19.488652724136102, 19.488652724136102, 19.488652724136102, 19.488652724136102, 19.488652724136102, 14.93376385030221, 14.739543495556475, 13.161947708205155, 13.161947708205155, 3.015840731114115, 2.994558857474201], 
[127.53071068437758, 123.08543399126047, 123.08543399126047, 118.40553249701483, 112.84366596397922, 112.70451125983969, 112.70451125983969, 112.01214031574601, 102.83304965257541, 102.83304965257541, 101.90729573340334, 101.90091354340751, 101.90091354340751, 101.90091354340751, 101.90091354340751, 101.06478571922413, 100.39779487942425, 100.39779487942425, 100.39779487942425, 100.39779487942425], 
[218.56718884385594, 139.68924378639764, 109.5340793341881, 104.44647775099374, 13.993684353018022, 13.993684353018022, 13.991628193282462, 11.646403092485118, 11.646403092485118, 11.646403092485118, 5.79373580092434, 5.79373580092434, 5.79373580092434, 5.126765465845488, 5.126765465845488, 4.029260434156191, 4.029260434156191, 4.029260434156191, 1.9715768108939578, 1.7560983401999057], 
[147.89365962855032, 122.58687945838871, 122.58687945838871, 57.622236592382976, 56.94646339284047, 56.874702780872354, 56.862413961041554, 53.85873778262283, 53.85873778262283, 46.31289600991157, 39.3526297341076, 39.3526297341076, 18.37573559411885, 13.799114613692382, 13.799114613692382, 8.142249255855898, 0.6034341904285385, 0.6034341904285385, 0.5600583635105999, 0.5600583635105999], 
[107.47393307253482, 107.47393307253482, 107.47393307253482, 64.88418281824912, 45.160468285251085, 43.197999341031036, 42.97090945124313, 42.97090945124313, 27.710442931237466, 24.429071579787163, 24.429071579787163, 14.859909292727098, 14.340165792131014, 13.38586915588333, 11.562633343663983, 10.318036826385441, 10.318036826385441, 9.842328898535785, 8.040890288577165, 6.440475315753301], 
[137.72384503851072, 56.146367999947685, 56.146367999947685, 56.146367999947685, 20.18788562080089, 20.18788562080089, 13.418645256628242, 8.891923321857028, 2.6458711767739738, 2.6458711767739738, 2.6458711767739738, 2.644033299658769, 1.5734899067753059, 1.5734899067753059, 1.5715165136551588, 0.8365542612458778, 0.8365542612458778, 0.8365542612458778, 0.8189266140453779, 0.8189266140453779], 
[19.93670605236507, 19.931762141629946, 19.931762141629946, 19.931762141629946, 19.931762141629946, 19.931762141629946, 19.931762141629946, 19.931762141629946, 19.30458076638117, 18.125148260721968, 10.274403554945755, 10.274403554945755, 4.619064553537372, 4.617241830630402, 4.265670493778238, 4.265670493778238, 2.70573138493289, 2.4662277151151137, 2.4192497265788884, 2.4189867357083807], 
[132.0828027807587, 46.675508897507854, 44.193979887237006, 44.193979887237006, 29.643545915840658, 22.85765814711134, 22.85765814711134, 18.96181501577236, 15.088163064518827, 11.26946391026784, 11.26946391026784, 11.211061446409682, 7.3996174985880705, 7.3936373571061385, 7.3936373571061385, 3.8215149880116983, 3.8215149880116983, 2.6235634972883566, 2.6203765492728226, 1.8624730901449165], 
[144.18955535397254, 119.08263341547585, 119.08263341547585, 119.08263341547585, 119.08263341547585, 119.08183244615077, 103.12269658789917, 103.09448645625501, 102.03809715741251, 101.83188272359729, 101.83188272359729, 101.83188272359729, 101.39977231986956, 100.82245782171199, 100.82245782171199, 100.754868932241, 100.70856677855382, 100.70856677855382, 100.58473048871453, 100.56583620983245], 
[126.7775073812609, 126.7775073812609, 119.63910154971174, 119.6370662760603, 112.81605345861234, 108.70220086863426, 108.70220086863426, 108.70220086863426, 108.70220086863426, 104.63524084039253, 104.10761733328196, 104.10761733328196, 104.10761733328196, 104.10761733328196, 103.22625470050933, 101.60827510288306, 101.60827510288306, 101.47646452121883, 101.40723266813158, 101.40723266813158], 
[176.0051613109349, 176.0051613109349, 142.31586452252148, 142.31586452252148, 117.84033902732018, 117.83884162628422, 117.83884162628422, 117.83884162628422, 91.55608465727613, 85.39157862165642, 83.43796967702264, 83.43796967702264, 83.43796967702264, 83.43796967702264, 83.43470118199497, 83.42487722961714, 82.42174702128214, 78.42063583829282, 78.42063583829282, 78.42063583829282], 
[137.98100350806362, 137.98100350806362, 137.97980731190611, 115.89294426613688, 106.87646685139183, 106.87646685139183, 106.87646685139183, 106.87627963953543, 101.52086582878077, 101.52046730886508, 101.35143903572066, 101.35143903572066, 101.35143903572066, 101.25317718994796, 101.25317718994796, 101.25317718994796, 100.90163079085565, 100.5523322376694, 100.26267769634265, 100.26267769634265], 
[105.48479137846562, 105.48479137846562, 105.45964510317344, 105.45964510317344, 79.29935635702948, 79.29935635702948, 78.9245790055605, 78.91345747557206, 78.56289699693427, 38.970916778567684, 38.970916778567684, 15.850791952217104, 15.850791952217104, 15.850791952217104, 15.850791952217104, 15.480307660877633, 15.480307660877633, 15.480215922044586, 15.480215922044586, 13.07409671591363], 
[122.13103649528142, 96.24912517268893, 96.24912517268893, 96.24912517268893, 96.24912517268893, 42.70946168543881, 42.70946168543881, 42.62069806129395, 42.62069806129395, 30.264128908679155, 30.264128908679155, 30.085338766413308, 5.020260113019128, 5.015913160711099, 5.015913160711099, 3.8462397832211535, 2.582199750519613, 2.377703278689599, 1.288358880430557, 1.288358880430557], 
[142.3435278385275, 142.3435278385275, 127.81484655777483, 19.88143281395898, 19.88143281395898, 18.911607221436142, 18.911607221436142, 18.911607221436142, 18.911607221436142, 3.644243155253026, 3.644243155253026, 3.6426004902045444, 3.2736767397528634, 3.2736767397528634, 3.2736767397528634, 2.9253121578132673, 2.9253121578132673, 2.9253121578132673, 2.315882891353348, 1.958347980856409], 
[121.79024141668971, 114.97814587716937, 114.95148446877526, 112.70961051036572, 112.70961051036572, 112.70961051036572, 112.70961051036572, 104.73933516742827, 104.73933516742827, 104.72018869175636, 102.26916488762011, 102.26916488762011, 102.03745076409001, 101.88988807959984, 101.48375681032016, 101.22078381175302, 101.22078381175302, 101.22078381175302, 100.33594563963347, 100.33594563963347], 
[153.50295798222984, 145.82318491518666, 139.04517366960272, 130.5073499431169, 130.5073499431169, 15.232859245071296, 15.232859245071296, 15.232859245071296, 15.232027825150794, 14.26904614179859, 8.872538334592715, 8.687191673799482, 7.977896669115022, 7.977896669115022, 7.976886024678899, 7.976886024678899, 7.969470973047825, 7.177890895065167, 2.6342623059234156, 2.6342623059234156], 
[122.61214693524812, 122.05931986411082, 117.24078545703085, 117.24078545703085, 106.53534388862414, 106.53534388862414, 87.57832188702307, 7.419129571540609, 7.419129571540609, 7.419129571540609, 7.418127420608622, 7.415865941065347, 4.436052060399306, 4.436052060399306, 4.436052060399306, 4.436052060399306, 4.436052060399306, 4.070523308530239, 4.067304698361613, 4.067304698361613], 
[112.66040017730124, 81.61084765113193, 81.61084765113193, 81.40898516953374, 81.40898516953374, 81.30281583775889, 81.30281583775889, 15.179252859612962, 15.179252859612962, 15.179252859612962, 15.179252859612962, 15.179252859612962, 15.179252859612962, 15.176224628662844, 15.176224628662844, 10.671667450628028, 10.671667450628028, 10.671667450628028, 10.67090475468676, 10.633041281579823], 
[132.19755192969484, 132.19755192969484, 125.15696190894414, 113.47433484974442, 106.08758527455434, 106.08758527455434, 106.08702109102326, 66.15788256198107, 66.15788256198107, 66.15788256198107, 66.15788256198107, 37.744727522592285, 37.744727522592285, 37.733490081478756, 37.71925247454975, 37.5370645975464, 22.840569732985603, 21.732296984309293, 19.30259490858419, 19.30259490858419], 
