[31026.447064556123, 31026.447064556123, 31018.244533922545, 27595.478160517654, 13040.83300511504, 13027.054293470208, 6986.491862339382, 6986.491862339382, 6924.111441156912, 6924.111441156912, 6924.111441156912, 6921.579935104684, 6921.579935104684, 6867.845434636661, 6867.845434636661, 6867.845434636661, 6867.845434636661, 6867.845434636661, 6867.845434636661, 6867.845434636661], 
[360703.49092547776, 360703.49092547776, 360703.49092547776, 360703.49092547776, 929.4639291701724, 929.4639291701724, 929.4639291701724, 929.4639291701724, 929.4639291701724, 916.6168060747341, 491.6295427339678, -602.3196127503461, -602.3196127503461, -602.3196127503461, -602.3196127503461, -715.32107356795, -715.32107356795, -715.32107356795, -1015.2874166685715, -1015.2874166685715], 
[6847.401878885028, 6832.504666102651, 6832.504666102651, 6802.9249126482555, 6802.9249126482555, 5144.011766171442, 5059.39644417656, 5059.39644417656, 5059.39644417656, 5059.39644417656, 5059.39644417656, 5059.39644417656, 5059.39644417656, 2860.976380224909, 2790.273454967193, 2503.401778872612, 2503.401778872612, 2127.7084425868165, 2127.7084425868165, 2127.7084425868165], 
[1937827.8531006412, 1937827.8531006412, 1937827.8531006412, 125514.08036347303, 125398.29972310973, 125398.29972310973, 125282.5467997444, 68951.52623178913, 38430.110707678075, 2039.3036485283505, 2027.1794919115355, 2027.1794919115355, 2027.1794919115355, 2015.0063255053547, 1985.381911221917, 1327.1893328488904, 1327.1893328488904, 61.39067894359687, -96.54826035124756, -96.54826035124756], 
[1417291.1114688597, 1417291.1114688597, 139340.29205381416, 139340.29205381416, 10319.429791637594, 10319.429791637594, 10056.36737956781, 1399.6063558413289, 1399.6063558413289, 1387.3453632298078, 562.9454328558722, 562.9454328558722, 562.9454328558722, 562.9454328558722, 562.9454328558722, 562.9454328558722, 428.41709344474157, 428.41709344474157, 428.41709344474157, 299.83950114336903], 
[456881.6272653139, 10387.475615841242, 10387.475615841242, 10387.475615841242, 10387.475615841242, 10387.475615841242, 2045.0931212251776, 2045.0931212251776, 2045.0931212251776, 2045.0931212251776, 2045.0931212251776, 2045.0931212251776, 638.6621547001184, 638.6621547001184, 478.33428952485974, 478.33428952485974, 478.33428952485974, 466.8250825711382, -509.47680619114396, -509.47680619114396], 
[133480.2217404412, 133480.2217404412, 7203.514570884998, 7203.514570884998, 7203.514570884998, 7203.514570884998, 7203.514570884998, 7203.514570884998, 7196.281133868428, 7196.281133868428, 7196.281133868428, -86.02264222396366, -86.02264222396366, -86.02264222396366, -86.02264222396366, -86.02264222396366, -186.91296625233485, -186.91296625233485, -186.91296625233485, -186.91296625233485], 
[5955.453197858843, 5955.453197858843, 5927.839724710599, 5927.839724710599, 2279.3311281907972, 2279.3311281907972, -313.9259230821508, -313.9259230821508, -313.9259230821508, -866.855368373945, -1115.906426255992, -1115.906426255992, -1115.906426255992, -1115.906426255992, -1257.4741459161294, -1257.4741459161294, -1259.2523555282057, -1277.950684532298, -1277.950684532298, -1277.950684532298], 
[56715.288510796185, 56715.288510796185, 56715.288510796185, 56591.40984372394, 54915.942948923825, 1260.3849296169537, 1260.3849296169537, 1260.3849296169537, -905.7101425513761, -905.7101425513761, -905.7101425513761, -908.5012774115133, -911.65380866735, -911.65380866735, -911.65380866735, -1017.587876396989, -1017.587876396989, -1017.587876396989, -1028.1031193293275, -1028.5837687531448], 
[32233.535705684175, 32233.535705684175, 32233.535705684175, 32233.535705684175, 26258.1712253541, 9980.852823742593, 4004.940887292344, 3631.9781488960643, 3631.9781488960643, 3631.9781488960643, 3631.9781488960643, 3631.9781488960643, 3631.9781488960643, 3631.9781488960643, 3631.9781488960643, 3631.9781488960643, 3258.6668810198735, 3258.6668810198735, 3258.6668810198735, 3258.6668810198735], 
[35979.95207878877, 35979.95207878877, 21127.959410403837, 1297.5536472290923, 1297.5536472290923, 1297.5536472290923, -64.51055603597092, -64.51055603597092, -207.65768376486812, -207.65768376486812, -361.2630517397613, -361.2630517397613, -361.2630517397613, -364.22147657223206, -364.22147657223206, -369.22015662061756, -385.1374883111773, -394.2255129995441, -394.3224663380262, -394.3224663380262], 
[130645.02561676613, 130636.58509497924, 114339.38219352224, 114339.38219352224, 114339.38219352224, 6199.004536307173, 6199.004536307173, 6199.004536307173, 3051.280302006702, 3051.280302006702, 3038.9597125316786, 3038.9597125316786, 2076.9226225487328, 2072.6303804007775, 2072.6303804007775, 1757.0652708677044, 1757.0652708677044, 1757.0652708677044, 1756.9147793501625, 1756.9147793501625], 
[46639.815236807204, 46585.15165132365, 22437.028040572663, 22437.028040572663, 8336.073227831885, 8336.073227831885, 8336.073227831885, 8336.073227831885, 8336.073227831885, 8336.073227831885, 8335.146230285074, 8329.49001652137, 8329.49001652137, 8329.49001652137, 4629.510344986518, 4629.510344986518, 4629.510344986518, 4629.510344986518, 4629.510344986518, 4629.510344986518], 
[32881.90165090825, 32881.90165090825, 32881.90165090825, 32881.90165090825, 32881.90165090825, 1485.1034058324535, 1485.1034058324535, 1485.1034058324535, 1485.1034058324535, 1485.1034058324535, 1485.1034058324535, 692.6813697526627, 692.6813697526627, 692.6813697526627, 692.6813697526627, 692.6813697526627, 692.6813697526627, 692.6813697526627, -432.8442723797748, -889.3274777614427], 
[2399448.0149312136, 27253.89220665051, 27253.89220665051, 27253.89220665051, 22967.609963701936, 22967.609963701936, 5289.649781452587, 5289.649781452587, 5289.649781452587, 5289.649781452587, 1955.4244130343254, 1955.4244130343254, 482.1266332080427, 482.1266332080427, 482.1266332080427, -35.93835572032049, -35.93835572032049, -870.5005219728218, -870.5005219728218, -1184.2726611608564], 
[392906.8785011632, 20506.041968728943, 20506.041968728943, 20506.041968728943, 3461.223696245391, 3440.1983544850928, 3440.1983544850928, 2155.28496799945, 203.53620101993033, 203.53620101993033, -696.8496652837399, -696.8496652837399, -1172.5373509207525, -1172.5373509207525, -1174.9399387254284, -1174.9399387254284, -1174.9399387254284, -1184.0970847589567, -1184.0970847589567, -1184.0970847589567], 
[660360.2798995363, 660360.2798995363, 347187.9277125919, 347187.9277125919, 347187.9277125919, 347187.9277125919, 347187.9277125919, 145816.4584231567, 145816.4584231567, 15069.629158515098, 12112.920402862801, -1051.0092733061158, -1051.0092733061158, -1051.0092733061158, -1051.0092733061158, -1051.0092733061158, -1051.0092733061158, -1051.0092733061158, -1051.0092733061158, -1051.0092733061158], 
[3198383.4915444064, 101353.04114633148, -302.0826268854254, -302.0826268854254, -302.4014149432768, -302.6785317509317, -302.6785317509317, -568.3478429204227, -568.3478429204227, -568.3478429204227, -574.0250668617261, -596.1168962925228, -596.1168962925228, -596.1168962925228, -596.1168962925228, -1024.303828090005, -1091.6149545929436, -1091.6149545929436, -1091.6149545929436, -1091.6149545929436], 
[-294.2215434103696, -294.2215434103696, -294.2215434103696, -294.2215434103696, -294.2215434103696, -294.2215434103696, -294.2215434103696, -294.2215434103696, -294.2215434103696, -305.33212399646607, -342.6455114470747, -342.6455114470747, -342.6455114470747, -342.6455114470747, -342.6455114470747, -342.6455114470747, -342.6455114470747, -652.9207498161229, -785.9781670867595, -1224.0445721156004], 
[5317908.868177341, 363657.30626302405, 137758.34794096398, 25811.68984205825, 25761.829592912327, 25761.829592912327, 25761.829592912327, 24014.195130592263, 24014.195130592263, 24014.195130592263, 18556.64684592292, 10541.109114737612, 5107.266273573419, 5107.266273573419, 5107.266273573419, 5096.720453034128, 5096.720453034128, 5096.720453034128, 5096.720453034128, 5096.720453034128], 
[58312.25724411652, 58312.25724411652, 6109.076040215188, 6109.076040215188, 5924.462694860667, 5924.462694860667, 5881.669263473681, 5839.033316964497, -597.8918724705031, -597.8918724705031, -597.8918724705031, -597.8918724705031, -597.8918724705031, -952.4884008172327, -952.4884008172327, -1021.5998923626526, -1021.5998923626526, -1203.2915371617, -1293.557891755372, -1294.0804133979846], 
[63852.969921690776, 63852.969921690776, 63852.969921690776, 63852.969921690776, 63852.969921690776, 2199.9193014764714, -4.5663905097044335, -1126.897248809362, -1126.897248809362, -1126.897248809362, -1182.9564576922414, -1182.9564576922414, -1182.9564576922414, -1182.9564576922414, -1182.9564576922414, -1182.9564576922414, -1182.9564576922414, -1183.119155128415, -1183.119155128415, -1184.0656735630437], 
[384462.58941187407, 384462.58941187407, 130527.05993969884, 21621.034083818373, 21621.034083818373, 21621.034083818373, 21621.034083818373, 15948.000917253114, 15892.319712409164, 14664.047037818375, 14664.047037818375, 14664.047037818375, 14660.497753321888, 14660.497753321888, 14660.3967366318, 14660.221037486008, 14588.744518227357, 14588.744518227357, 14588.744518227357, 14588.744518227357], 
[65519.44380826692, 65519.44380826692, 65519.44380826692, 14955.50476065332, 14955.50476065332, 14955.50476065332, 14934.355776444647, 14913.325875239743, 12912.228232587551, 12912.228232587551, 419.6354425049901, -733.5956674293901, -733.5956674293901, -733.5956674293901, -733.5956674293901, -733.5956674293901, -733.5956674293901, -733.5956674293901, -1206.8597851291768, -1210.9892842628237], 
[505760.19568966824, 505760.19568966824, 398276.2962887041, 9783.314653737394, 9783.314653737394, 9783.314653737394, 9699.399943293283, 9699.399943293283, 9042.951831889452, 9042.951831889452, 9042.951831889452, 9042.951831889452, 9042.951831889452, 9042.951831889452, 9042.951831889452, 9042.951831889452, 9042.951831889452, 1425.385664033391, 1425.385664033391, 1425.385664033391], 
[1785416.492624287, 1785416.492624287, 4689.349857441028, 4689.349857441028, 2534.5718503236585, 2534.5718503236585, 2534.5718503236585, 2534.5718503236585, 2521.557950411611, 2510.121223319649, 2510.121223319649, 2510.121223319649, 2510.121223319649, 2510.121223319649, 2510.121223319649, 2510.121223319649, 2510.121223319649, 203.56825112415277, 203.56825112415277, 203.56825112415277], 
[508182.0256578567, 292431.91487004486, 63905.54435051851, 51849.56907715016, 20611.76865686096, 19799.94493192813, 19799.94493192813, 6302.058378595364, 5700.319739003477, 5700.319739003477, 5700.319739003477, 5700.319739003477, 5698.807435885182, 5685.8385259725355, 5685.8385259725355, 5685.8385259725355, 5684.226510863782, 5684.226510863782, 5684.226510863782, 5684.1466474812905], 
[494364.85253505147, 494364.85253505147, 83493.84495485008, 83493.84495485008, 83493.84495485008, 83493.84495485008, 44324.33210071924, 44324.33210071924, 3984.8661276218154, 3984.8661276218154, 1544.6780082473606, 1131.0508071597596, 101.10626926504347, 101.10626926504347, 99.06638061509511, 62.873195532620684, 62.873195532620684, 62.873195532620684, 62.873195532620684, 4.442440039908888], 
[11426900.710215347, 1266487.2979784186, 218896.86076517517, 218896.86076517517, 163483.33178158323, 163483.33178158323, 24694.937818203765, 24694.937818203765, 4472.656580175224, 4472.656580175224, -698.3818347045814, -698.3818347045814, -698.3818347045814, -698.3818347045814, -698.3818347045814, -698.3818347045814, -698.3818347045814, -698.3818347045814, -698.3818347045814, -698.3818347045814], 
[2134039.212438843, 99252.92844291545, 98269.93443139963, 9880.855864908459, 9880.855864908459, 9880.855864908459, 7695.4993884548185, 7678.471397924426, 7678.471397924426, 7678.471397924426, 7661.8913676249285, 7658.762937108051, 7656.1759498453885, 7186.931033301133, 7186.931033301133, 7186.6426654506195, 7186.6426654506195, 7186.573343104661, 7186.573343104661, 7186.494922248143], 
