[17.27019702800306, 17.093718430785664, 12.558370118013071, 3.0888630115731943, 0.9923921403273586, 0.9923921403273586, 0.45492772726819014, 0.45492772726819014, 0.44150181280315803, 0.44150181280315803, 0.44150181280315803, 0.31756324012929515, 0.3059149864831616, 0.3059149864831616, 0.3059149864831616, 0.10706730757609803, 0.10631150634384455, 0.10631150634384455, 0.10631150634384455, 0.10631150634384455], 
[49.05869457117113, 31.422008151626144, 29.546389928228443, 29.546389928228443, 14.156762753734263, 11.268145718531516, 11.268145718531516, 11.268145718531516, 2.0904898621901693, 2.002680272781276, 1.905027188591371, 1.905027188591371, 0.44018644995191825, 0.1947702553381078, 0.1947702553381078, 0.1167758132599737, 0.049434232205759515, 0.049434232205759515, 0.04943364413429613, 0.04943364413429613], 
[30.964018191887128, 30.964018191887128, 30.964018191887128, 7.097022249888129, 7.097022249888129, 4.2418359659819265, 4.2418359659819265, 4.2418359659819265, 3.501931707981981, 0.22539973977178177, 0.22539973977178177, 0.2252090051982607, 0.17504583428403334, 0.17504583428403334, 0.17504583428403334, 0.17504583428403334, 0.17504558792033287, 0.17504556170142413, 0.12679010080545597, 0.07796236880118096], 
[22.219042707484956, 11.823904436856148, 11.53107719132623, 11.377104444229866, 6.081751716236828, 6.081751716236828, 2.2657018631775947, 1.0546124300042654, 1.054421695362326, 1.054421695362326, 1.0544204715428172, 0.5078906365493082, 0.04859817991167907, 0.04859817991167907, 0.04859817991167907, 0.04859817991167907, 0.04859817991167907, 0.04430169373299222, 0.042517747369867125, 0.042517747369867125], 
[23.588316756667734, 18.927921255829457, 4.332672823705846, 4.332672823705846, 1.9742712892123624, 0.6048662542602122, 0.6048662542602122, 0.5432822851438804, 0.5298682792357658, 0.38499514347172564, 0.31191247590740895, 0.31191247590740895, 0.08277006767674452, 0.08275736058495549, 0.08275736058495549, 0.08252349764874224, 0.039181746281582476, 0.039032367273526, 0.02227160191986449, 0.012364941947072508], 
[29.85056494198179, 26.738154876088657, 25.848734480222166, 25.848734480222166, 11.483140163791978, 2.641287234577733, 2.641287234577733, 2.641287234577733, 2.641287234577733, 0.7509925767159702, 0.7509925767159702, 0.080642064828987, 0.08045466505889724, 0.08045466505889724, 0.034433662744059616, 0.02191079372577046, 0.02191079372577046, 0.02191079372577046, 0.02191079372577046, 0.021815683750823208], 
[28.40164400456037, 28.183052486412134, 15.00061561831606, 15.00061561831606, 14.776561261255198, 1.1520319273932396, 1.1150192412915039, 1.1150184768572158, 1.1150184768572158, 1.1150184768572158, 0.23360287367995505, 0.23360287367995505, 0.23360287367995505, 0.2295653716923772, 0.225631207422348, 0.225631207422348, 0.1047963847090545, 0.1047963847090545, 0.1047963847090545, 0.1047963847090545], 
[24.4292605885078, 22.708668607835115, 10.489819875111579, 10.138095452734092, 6.837101462593414, 6.8218428269659945, 6.8218428269659945, 1.5510516678723623, 1.5510516678723623, 0.4933788388033857, 0.4933788388033857, 0.44483552980325736, 0.44483552980325736, 0.44461273827750175, 0.44018366966899825, 0.44018366966899825, 0.44018366966899825, 0.44018366966899825, 0.29726705826637456, 0.09911343311872234], 
[30.898682039885706, 6.72590689941425, 6.72590689941425, 3.1878244552912336, 3.1878244552912336, 3.0902208564741707, 3.088316062978153, 3.088316062978153, 3.088316062978153, 2.3846948780174606, 1.6705415498346619, 1.6705415498346619, 1.6705415498346619, 1.624611803901609, 0.8032640607975927, 0.11948547139424769, 0.0707146821037819, 0.0707146821037819, 0.0707146821037819, 0.058843855513711504], 
[55.51002724632878, 55.50986191628142, 51.46674659353528, 28.46064417580291, 22.939548939334664, 6.620655507673948, 6.620655507673948, 6.620655507673948, 2.3825871444397877, 2.3825871444397877, 2.3810686990977925, 1.797964034732708, 1.797964034732708, 1.1650330656446692, 1.1650330656446692, 0.851595828942576, 0.851595828942576, 0.38275061036682173, 0.38275061036682173, 0.38274880493392455], 
[38.03382224989385, 33.63286407321744, 28.679754143210886, 15.631665360114624, 8.920049689315647, 8.920049689315647, 8.920049689315647, 5.674197095052376, 4.863902683509674, 4.855397883982521, 4.766463811274511, 1.9474967368867286, 1.9471350127606717, 1.3946140424236926, 0.8066985854276411, 0.7527462097342061, 0.7527462097342061, 0.7527384747409666, 0.46405913716827124, 0.4134979036733532], 
[16.86346592138927, 16.86346592138927, 14.32283320452862, 3.962690367120784, 3.962690367120784, 2.468820926865505, 2.296554980588529, 2.296554980588529, 2.296554980588529, 0.8477176251322971, 0.8477176251322971, 0.8477176251322971, 0.8477176251322971, 0.8288628713133301, 0.8288106947572297, 0.8288106947572297, 0.4964251092967394, 0.4964251092967394, 0.4963232427451896, 0.2931972973111783], 
[46.21322341662853, 15.978519688029577, 15.978519688029577, 14.620110039334802, 7.491413909513323, 4.567299493234648, 4.567299493234648, 4.5671087584043875, 1.7999075728489022, 1.7999075728489022, 1.7867016849097794, 1.7865116136993395, 1.7863215426303762, 1.7834704936039023, 1.6888193664140474, 0.2069399713134629, 0.2069399713134629, 0.12790477634480368, 0.12790477634480368, 0.12790477634480368], 
[11.823223914000112, 6.3006129036270115, 6.300612249625321, 6.3004221688181765, 6.288215128835245, 0.357138766274786, 0.357138766274786, 0.357138766274786, 0.356948048366473, 0.033856633451302846, 0.033856633451302846, 0.033856633451302846, 0.020839122041180016, 0.020839122041180016, 0.007054409170675598, 0.005678719560152877, 0.00552436178174446, 0.00552436178174446, 0.0031842857956846876, 0.0031842857956846876], 
[51.72602870474961, 51.72602870474961, 29.485583635890247, 29.485583635890247, 13.913131053846449, 12.337321751734436, 12.337321751734436, 1.0523577860248963, 1.0523577860248963, 1.0521670511630192, 1.0273715949289375, 0.673014285359197, 0.673014285359197, 0.673014285359197, 0.2709194239340168, 0.2709194239340168, 0.2709194239340168, 0.2709194239340168, 0.2709194239340168, 0.051203077916305115], 
[3.993447331294773, 3.993447331294773, 3.0471711056525925, 3.047169293952231, 3.0452623367119767, 3.0452623367119767, 0.09987119057248724, 0.09987119057248724, 0.09891891952290141, 0.07712046588808855, 0.07712046588808855, 0.06828938030456692, 0.06486639010977177, 0.06486639010977177, 0.06486639010977177, 0.02216995961164104, 0.02216995961164104, 0.02216995961164104, 0.020535794510000635, 0.02053579441726591], 
[19.788857718884103, 19.788857718884103, 3.1955204423155594, 3.1955204423155594, 3.1896297730329555, 3.17768057216912, 3.1653290283883724, 2.960291354395404, 2.955478229635218, 2.5100053263779554, 0.18126082055451231, 0.18106849136650377, 0.18106849136650377, 0.09693468441381586, 0.09693468441381586, 0.09693468441381586, 0.008781318041661202, 0.008781318041661202, 0.008781318041661202, 0.008781318041661202], 
[27.520617637832963, 27.520617637832963, 18.08491496362878, 10.586855078628592, 7.107806179560217, 6.388289588358071, 3.7104150252621673, 3.1533714540286084, 3.1533714540286084, 2.3671234321658634, 0.21146357215269584, 0.21146357215269584, 0.2062551030754669, 0.2062551030754669, 0.13285859452173027, 0.13285859452173027, 0.055222430277715555, 0.055222430277715555, 0.02554130492856991, 0.023562708889654997], 
[2.285296640490813, 2.285296640490813, 2.2851482087521453, 2.2851482087521453, 0.7829476013452076, 0.7829476013452076, 0.7464346371847418, 0.667387724902119, 0.667387724902119, 0.667370914606807, 0.667370914606807, 0.6054444851259497, 0.4764876607336117, 0.476206056290074, 0.15376995986624173, 0.07206728322262479, 0.016985860073246324, 0.016985860073246324, 0.016222935601358745, 0.016032190672283942], 
[24.900882564231384, 24.898958790798872, 9.14190635066648, 9.14190635066648, 9.14190635066648, 2.300822302906056, 0.16784569153746998, 0.16784569153746998, 0.16746682826503673, 0.10208113791084392, 0.10208113791084392, 0.10189287241561706, 0.10188696383451704, 0.0288837679298569, 0.0230167685836122, 0.0230167685836122, 0.022835422726694306, 0.022828859229323362, 0.022472943325625275, 0.020158601776980138], 
[14.576091336829627, 14.561594462472934, 14.561594462472934, 4.693327051187473, 4.693327051187473, 4.693327051187473, 4.693327051187473, 4.34221661625404, 2.2761290203727507, 1.536536892594658, 1.5363586725396592, 1.5363586725396592, 1.179605805458584, 1.045110433953086, 0.15750504666717735, 0.15750504666717735, 0.12088727878733398, 0.12088727878733398, 0.12088727878733398, 0.12088727878733398], 
[41.556749603815305, 24.125220026584348, 10.214629076904012, 10.214438396947145, 10.214438396947145, 10.214438396947145, 2.284813359103375, 2.284813359103375, 2.284813359103375, 1.9957289957101374, 1.9957289957101374, 1.9956592605704966, 1.9926773487965022, 1.9926773487965022, 1.9924862986708523, 1.2161267516017686, 1.2161243334694207, 1.216068674005689, 0.3590154319123915, 0.35898306604891994], 
[23.28894141341077, 23.28894141341077, 2.5876672015846736, 2.5876334222600383, 0.5065622770081369, 0.5065220218832999, 0.5065220218832999, 0.5065220218832999, 0.5061720419649545, 0.5061720419649545, 0.4976275014872994, 0.08850122306365399, 0.08850122306365399, 0.08850122306365399, 0.00896482239268449, 0.00896482239268449, 0.00896482239268449, 0.00896482239268449, 0.004196437501512029, 0.004196437501512029], 
[43.57670336216204, 10.53525763512366, 10.53525763512366, 10.474263617311596, 10.474263617311596, 10.383917357451761, 2.021626859982339, 2.0195514347103605, 1.6289469594964443, 1.6289469594964443, 1.6289465019397555, 1.6287566963201203, 0.9810091519184053, 0.9810091519184053, 0.9810076303303403, 0.98062631772281, 0.9802086460419487, 0.4836282186931955, 0.4836241083673079, 0.3860755358097191], 
[71.94001427595708, 43.43434341839245, 27.538634275812576, 23.193166613164216, 9.113308382498476, 9.113308382498476, 9.103370825819887, 9.103370825819887, 9.081937976202374, 0.8934828655778232, 0.8934828655778232, 0.7499761494248685, 0.11204915962201333, 0.11185835530061372, 0.11185835530061372, 0.11185835530061372, 0.11052330750402799, 0.00801190194863212, 0.00801190194863212, 0.00801190194863212], 
[21.65234165425586, 13.879972840414986, 13.879972840414986, 13.879972840414986, 13.879753386461305, 13.058556439597437, 13.058556439597437, 13.05846254633106, 13.033966397668433, 11.993704046458213, 11.981496969264768, 2.80305627475488, 0.518834552197806, 0.518834552197806, 0.518834552197806, 0.518834552197806, 0.5186439341949707, 0.5184143248738231, 0.09065882459515776, 0.0878719473338874], 
[6.615352506297408, 6.615352506297408, 5.720847918486097, 5.720847918486097, 5.720847918486097, 5.3081278400105685, 5.3081278400105685, 1.872297669970102, 1.8722976692044784, 1.872106934346326, 1.5817401357125074, 1.5817401357125074, 1.5817401357125074, 0.666955621130856, 0.666955621130856, 0.6425415589672556, 0.6425415589672556, 0.6425415589672556, 0.6425415589672556, 0.6425415589672556], 
[31.821454775378488, 25.431279783945183, 14.428956379443058, 8.202494593330723, 8.202494593330723, 5.835871623371432, 5.835871623371432, 3.3435271652032412, 2.880342965197132, 2.30342925871855, 2.074368608556966, 0.8704065865400046, 0.0648122112838475, 0.0648122112838475, 0.0648122112838475, 0.0648122112838475, 0.06473693815855645, 0.06138700084804779, 0.015936794091271553, 0.015746398370104626], 
[59.26813325171623, 23.464140504269068, 23.464140504269068, 23.464140504269068, 2.80241706103619, 2.8022336053829147, 2.8020501507017177, 2.7095524104307995, 2.6949015501450986, 1.9596655626721182, 1.9596655626721182, 0.6947535375085391, 0.4562297887185171, 0.4562297887185171, 0.3639297931246892, 0.36373905693110137, 0.36373905693110137, 0.3637389857932096, 0.31491094320907836, 0.12435153915609176], 
[10.261394564584448, 2.4942685442970833, 2.4942685101495714, 2.44524982245469, 2.44524982245469, 2.4452497874286427, 0.928534993507187, 0.6462052970865957, 0.6462052970865957, 0.6462052970865957, 0.6462052970865957, 0.6462052970865957, 0.6462052970865957, 0.6457034703371777, 0.14708018548788696, 0.14708018548788696, 0.04923321420214063, 0.02481923502379354, 0.02481923502379354, 0.02481923502379354], 
