[0.59869276107571, 0.59869276107571, 0.528053403893147, 0.3622877325241399, 0.3614136787665021, 0.3614136787665021, 0.11238797170998985, 0.11238797170998985, 0.11238797170998985, 0.11238797170998985, 0.11238797170998985, 0.11183077037789428, 0.11183077037789428, 0.10805486689490576, 0.10516212752669289, 0.10516212752669289, 0.10516212752669289, 0.10166595413073873, 0.09858869826783351, 0.098582598467156], 
[0.08846385739839968, 0.08846385739839968, 0.08846385739839968, 0.08846385739839968, 0.08842682029769358, 0.08842682029769358, 0.08842682029769358, 0.08842682029769358, 0.07104433484678653, 0.051484212309775026, 0.051484212309775026, 0.051484212309775026, 0.045359932436891834, 0.045359932436891834, 0.04534227239940624, 0.04534227239940624, 0.04534227239940624, 0.04510692373673358, 0.042840887802004346, 0.04282890967760899], 
[0.4529480692600448, 0.35357810978756354, 0.35357810978756354, 0.35357810978756354, 0.32173556274668713, 0.3216584254492542, 0.3216584254492542, 0.3112540351412717, 0.275892902038802, 0.2658928045041657, 0.2658928045041657, 0.23356155160343578, 0.23354581454302026, 0.23354581454302026, 0.23354581454302026, 0.23352429668266417, 0.23352429668266417, 0.23337454947514652, 0.23288305996671624, 0.22810485027200125], 
[1.3429247416906926, 0.1524648764683481, 0.08765917682650647, 0.08765917682650647, 0.01088891525510767, 0.01088891525510767, 0.01088891525510767, 0.010887309762147721, 0.010881975283918367, 0.010881975283918367, 0.010881975283918367, 0.010881975283918367, 0.009820841862174837, 0.009820841862174837, 0.009820841862174837, 0.009747976384341201, 0.009747976384341201, 0.009746975039906637, 0.009746975039906637, 0.009746975039906637], 
[0.18842161785532555, 0.18842161785532555, 0.1883923447405189, 0.10222908618975848, 0.05395999404627668, 0.05389819421338024, 0.05389819421338024, 0.05389819421338024, 0.05389819421338024, 0.05203796066478493, 0.052023685946382695, 0.037975758324785766, 0.037975758324785766, 0.02310493911162311, 0.023092840330355635, 0.022872752603774818, 0.022872752603774818, 0.022872752603774818, 0.021340784239586418, 0.021340784239586418], 
[0.3221792023932648, 0.3221792023932648, 0.3221792023932648, 0.290435262091907, 0.290435262091907, 0.24784589016434327, 0.21766665688326073, 0.21766665688326073, 0.1612039533648028, 0.11993349804978817, 0.11993153086985259, 0.11993153086985259, 0.11993153086985259, 0.1199276481379504, 0.11992571714652046, 0.11990156519184927, 0.11990156519184927, 0.1198602503165429, 0.1198602503165429, 0.11638088036614024], 
[0.12101504187762242, 0.12101504187762242, 0.12101504187762242, 0.12101504187762242, 0.1201859770445256, 0.119612863132599, 0.119612863132599, 0.119612863132599, 0.119612863132599, 0.11940682192166768, 0.06381068862513686, 0.06381068862513686, 0.06381068862513686, 0.06381068862513686, 0.05590214871875895, 0.04938210975301697, 0.04277798490907755, 0.04277798490907755, 0.04154803508711839, 0.03469173964672796], 
[0.03407085824913311, 0.03407085824913311, 0.03407085824913311, 0.03407085824913311, 0.03407085824913311, 0.03407085824913311, 0.02282785406143196, 0.022810058220539137, 0.011493147018430037, 0.011493147018430037, 0.01148947508734051, 0.00742341355713382, 0.00742341355713382, 0.00742341355713382, 0.00742341355713382, 0.007423134019907566, 0.007422964678660038, 0.007390741343982654, 0.007390741343982654, 0.007390741343982654], 
[0.1399024336426801, 0.1399024336426801, 0.0413983700734998, 0.0413983700734998, 0.0413983700734998, 0.034088482969140854, 0.031817777640039346, 0.031817777640039346, 0.03181367925129644, 0.03181367925129644, 0.03181367925129644, 0.03159988479904242, 0.031222339477035836, 0.031222339477035836, 0.031218802051558168, 0.028239980380616723, 0.028239980380616723, 0.028239980380616723, 0.028239980380616723, 0.016609805538446057], 
[1.0841057251021715, 0.2656660124838158, 0.2656660124838158, 0.2656660124838158, 0.2656660124838158, 0.16169287248765546, 0.16169287248765546, 0.16169287248765546, 0.16169287248765546, 0.00817175679061215, 0.008149128052216022, 0.008149128052216022, 0.008126547931694369, 0.004899261287596729, 0.004479617003647726, 0.004479617003647726, 0.004239415289482175, 0.0033572754892263433, 0.0033572754892263433, 0.002930876268419011], 
[0.8863364004707425, 0.8863364004707425, 0.8863364004707425, 0.8650434921787739, 0.8650434921787739, 0.7726391050900978, 0.1510914083039191, 0.1510761923354853, 0.0706828881890939, 0.0706828881890939, 0.0706828881890939, 0.07013952162198483, 0.07013952162198483, 0.06107667770509191, 0.06107164928413516, 0.06107164928413516, 0.0610674492479207, 0.0610674492479207, 0.058106806487587315, 0.057813433058382546], 
[1.2969905279843534, 0.024778316517353082, 0.016514978842336138, 0.016514978842336138, 0.012420426084871927, 0.012420426084871927, 0.012420426084871927, 0.012396288591880357, 0.012396288591880357, 0.012396288591880357, 0.011227372296898143, 0.008426761995598272, 0.008426761995598272, 0.006892017761582057, 0.006892017761582057, 0.0068878422087734785, 0.0068878422087734785, 0.006883680961509532, 0.006883680961509532, 0.006791906715130748], 
[0.4533230895558134, 0.4533230895558134, 0.4533230895558134, 0.024025663732298645, 0.008173455612503315, 0.008173455612503315, 0.006514842238501623, 0.00610284566012589, 0.004902546245188039, 0.004902546245188039, 0.004902546245188039, 0.004902546245188039, 0.0048830739334218415, 0.004269385507569659, 0.0002778297664014582, 0.0002778297664014582, 0.0002778297664014582, 0.0002778297664014582, 0.0002778297664014582, 0.0002778297664014582], 
[1.9395549549471662, 1.9395549549471662, 1.9395549549471662, 1.9395549549471662, 0.08116244321108096, 0.08116244321108096, 0.03533050968057579, 0.03533050968057579, 0.0062422240666324975, 0.0062422240666324975, 0.0062422240666324975, 0.0049516983744429385, 0.004947176952892009, 0.004947176952892009, 0.004947176952892009, 0.004947176952892009, 0.001982726006292646, 0.001982726006292646, 0.0019793796986995005, 0.001971059344201832], 
[0.24103397654922123, 0.24103397654922123, 0.24103397654922123, 0.24103397654922123, 0.11756200394254747, 0.08226972146100917, 0.08226972146100917, 0.05753746341992361, 0.05467406663713326, 0.05430317497590772, 0.054047066115173896, 0.05193049202258638, 0.0519287645079781, 0.0489337192785759, 0.04644591969803098, 0.04644465394858706, 0.04644465394858706, 0.04644465394858706, 0.04531423321125324, 0.03872203108879767], 
[0.15553453761401204, 0.13003054790609328, 0.13003054790609328, 0.10708384124355623, 0.03275662564900134, 0.032620721015741705, 0.011888211283676954, 0.009723964433800414, 0.005175628552228079, 0.005175628552228079, 0.004757173254427302, 0.004757173254427302, 0.004757173254427302, 0.003865361848209594, 0.003865361848209594, 0.0019504820870943358, 0.0019504820870943358, 0.0019504820870943358, 0.0019504820870943358, 0.0019466685751117654], 
[0.27658259820230613, 0.27658259820230613, 0.2765470385577887, 0.24451651266751542, 0.13282356726548916, 0.13282356726548916, 0.13281583176977171, 0.13281583176977171, 0.13280809705764282, 0.13280809705764282, 0.09335397457973713, 0.09335397457973713, 0.08644811892038079, 0.08644811892038079, 0.08644811892038079, 0.08472390914595007, 0.08472390914595007, 0.08472390914595007, 0.08026645558064031, 0.08026645558064031], 
[0.12278782701027077, 0.12278782701027077, 0.12278782701027077, 0.12278782701027077, 0.02016227231018535, 0.02016227231018535, 0.020156088272571808, 0.020153591213508123, 0.01907566290939375, 0.01907566290939375, 0.01907566290939375, 0.019075052169970554, 0.01899292191406785, 0.018910882197810223, 0.018910882197810223, 0.011855611759299906, 0.011855611759299906, 0.011855611759299906, 0.011854224228600567, 0.011853011729588678], 
[0.1443090395716289, 0.1443090395716289, 0.02466567296348737, 0.02466567296348737, 0.024263393372384184, 0.02308664782063386, 0.02308664782063386, 0.023037820945934907, 0.023037820945934907, 0.022363405256756157, 0.022363405256756157, 0.022363405256756157, 0.02229133355835131, 0.02229133355835131, 0.02229133355835131, 0.003177826942306323, 4.9065776774269884e-05, 4.888254126028793e-05, 4.870158038305496e-05, 4.870158038305496e-05], 
[0.8504200720851238, 0.8504200720851238, 0.25591517277035436, 0.25591517277035436, 0.25591517277035436, 0.25591517277035436, 0.06069216790058732, 0.06069216790058732, 0.05908422489247123, 0.05611427105502894, 0.05611427105502894, 0.05244300874409194, 0.0504908371344403, 0.050483077551471155, 0.04778222980738998, 0.04778222980738998, 0.04778222980738998, 0.04778222980738998, 0.04778222980738998, 0.04163465145305499], 
[0.19289548754896646, 0.19289548754896646, 0.11152980572097383, 0.11152980572097383, 0.11152871278770804, 0.10483040160483097, 0.10483040160483097, 0.10482412636649995, 0.10482412636649995, 0.10482412636649995, 0.10482412636649995, 0.10270627625937806, 0.10270627625937806, 0.09480010225760062, 0.09480010225760062, 0.09480010225760062, 0.08680752742278612, 0.08680752742278612, 0.08679723471645755, 0.08630952371448351], 
[0.8035247495635686, 0.46920418854692214, 0.46920418854692214, 0.2774948849215819, 0.056770853870549295, 0.02839722863808589, 0.02839722863808589, 0.02839722863808589, 0.02839722863808589, 0.02838909455382763, 0.028369777313464337, 0.028369777313464337, 0.028369777313464337, 0.02788481726594312, 0.027284395461942654, 0.026629597351478736, 0.026629597351478736, 0.023073744121407395, 0.023073744121407395, 0.023073744121407395], 
[1.1107495350994754, 0.9138091540411879, 0.8732502341712625, 0.7173573667275579, 0.7173573667275579, 0.0387277431933944, 0.0387277431933944, 0.03865716590217316, 0.03865716590217316, 0.03865716590217316, 0.0373976013993416, 0.035322074476566524, 0.020065846481909212, 0.020065846481909212, 0.02003100866820609, 0.02003100866820609, 0.02003100866820609, 0.02003100866820609, 0.019480027922302152, 0.014115116023070752], 
[0.3832991551095828, 0.03042842443252855, 0.03042842443252855, 0.03042842443252855, 0.03042842443252855, 0.012028599742301629, 0.012028599742301629, 0.012028599742301629, 0.012028599742301629, 0.011767274375707917, 0.010030552878359383, 0.010030552878359383, 0.009212134481994398, 0.009052316076216614, 0.008220017898402784, 0.00820380544271971, 0.00820380544271971, 0.00820373636119785, 0.00820373636119785, 0.007855950012455646], 
[0.15563802143973465, 0.15563802143973465, 0.1556076039508017, 0.1556076039508017, 0.1556076039508017, 0.02903309228461555, 0.02903309228461555, 0.02903309228461555, 0.02903309228461555, 0.02903309228461555, 0.02903309228461555, 0.02903179318744211, 0.028993906889835882, 0.028979009478008647, 0.028978369772872086, 0.02429192664907681, 0.023965637322705093, 0.023965637322705093, 0.023927445774224117, 0.023927445774224117], 
[0.10256901612702073, 0.1012636536173039, 0.024178584258571584, 0.024178584258571584, 0.024178584258571584, 0.024178584258571584, 0.024178584258571584, 0.024178584258571584, 0.024178584258571584, 0.024178584258571584, 0.024178584258571584, 0.024178584258571584, 0.024178584258571584, 0.009366030310219377, 0.001916998509638638, 0.0019099978773064615, 0.001892952086333779, 0.000189428963803148, 0.000189428963803148, 4.3437775037308275e-05], 
[0.3366644956142626, 0.3097974532871476, 0.3097974532871476, 0.2913060450483447, 0.2908648152997892, 0.28913647641676427, 0.28911599786302516, 0.28597554340547127, 0.28456120792241374, 0.28353066380582426, 0.27811636598653294, 0.27811636598653294, 0.08539672720998089, 0.08538076608768541, 0.04610655463822924, 0.04610655463822924, 0.01658694231072854, 0.01658694231072854, 0.016463373746912105, 0.013590957538335606], 
[0.2233421500407364, 0.2233421500407364, 0.2233421500407364, 0.20835159576034007, 0.20835159576034007, 0.20835159576034007, 0.1617895917799621, 0.03729857265591292, 0.029617753272606153, 0.02863262539260587, 0.021061731711070748, 0.021061731711070748, 0.02105929321708425, 0.01782460502220068, 0.01782460502220068, 0.01782460502220068, 0.017760351490455708, 0.017760351490455708, 0.017701348633248664, 0.017696631947167224], 
[0.320442820909267, 0.320442820909267, 0.2182047113993164, 0.21759656898852292, 0.16426489977337108, 0.16426489977337108, 0.1511701402635534, 0.1511701402635534, 0.11869396252624556, 0.11869396252624556, 0.11867699998685184, 0.11682632049610411, 0.09292332897748337, 0.06675638329327822, 0.06675638329327822, 0.060619899766179264, 0.060619899766179264, 0.060619899766179264, 0.054027467794291864, 0.054027467794291864], 
[0.4153808220613769, 0.4153808220613769, 0.4153808220613769, 0.4153808220613769, 0.2732354737565876, 0.2732354737565876, 0.0068025788947947054, 0.0068025788947947054, 0.0068025788947947054, 0.0068025788947947054, 0.0068025788947947054, 0.002555400388311122, 0.002555400388311122, 0.0010819906928507001, 0.0010819906928507001, 0.0010819906928507001, 0.0010819906928507001, 0.0010005922328346943, 0.0010005365790234481, 0.0009680878435745095], 
