[13959.352001626774, 13940.452232158408, 13940.452232158408, 13940.452232158408, 13940.452232158408, 12443.649339438332, 12443.649339438332, 1373.1708191291227, 1370.6310216093798, 1370.6310216093798, 1367.9766063390225, -462.3372558278693, -462.3372558278693, -462.3372558278693, -462.3372558278693, -462.3372558278693, -502.7520445634784, -502.7520445634784, -519.5490600509651, -519.5490600509651], 
[1284243.8402178644, 1132395.1511197572, 233519.52231284292, 233417.3105446782, 232119.93764585376, 54063.46749146092, 26902.650466502266, 26902.650466502266, 17291.750733129764, 17291.750733129764, 4290.544536448745, 4290.544536448745, 4256.523299887583, 3870.979632640233, 3864.9980713893774, 3290.566456974492, 3075.772667469084, 3075.772667469084, 2708.060852851739, 2685.6336620467628], 
[6610.905913897733, 6610.905913897733, 3068.9682037750636, 3068.9682037750636, 3068.9682037750636, 3068.9682037750636, 3068.9682037750636, 3060.381297785215, 573.6204820830635, 573.6204820830635, 573.6204820830635, 573.6204820830635, 573.6204820830635, 473.97096231360433, 473.97096231360433, 473.97096231360433, 473.97096231360433, 473.97096231360433, 472.4713955923719, 471.10053819102086], 
[1026861.5006196625, 1012369.282299857, 1012369.282299857, 1012369.282299857, 644591.8908119793, 500930.82963099127, 189617.0268769914, 23625.652980972416, 7926.56966025353, 7925.070107593185, 7925.070107593185, 7701.482639452875, 5658.250057855325, 5392.847164795663, 5392.847164795663, 5392.847164795663, 5383.566939846127, 5383.566939846127, 5159.341660354591, 5159.341660354591], 
[29421.216447293016, 29421.216447293016, 29421.216447293016, 10365.2667345528, 10365.2667345528, 10365.2667345528, 3715.32371139538, -843.5768754211813, -843.5768754211813, -843.5768754211813, -843.5768754211813, -843.5768754211813, -843.5768754211813, -843.5768754211813, -1118.791881558939, -1118.791881558939, -1130.6979164680802, -1130.6979164680802, -1130.6979164680802, -1142.1001008196286], 
[22328.471179330245, 22328.471179330245, 22328.471179330245, 22328.471179330245, 22328.471179330245, 22328.471179330245, 18885.611746252325, 18885.611746252325, 15695.651235344205, 15695.651235344205, 4939.748068706169, 4922.330547362546, 4922.330547362546, 1220.8897836928377, 1220.8897836928377, 1220.8897836928377, 1220.8897836928377, 1220.8897836928377, 1220.8897836928377, 1220.8897836928377], 
[-145.20098842879747, -145.20098842879747, -145.20098842879747, -146.64134043155582, -146.64134043155582, -146.64134043155582, -150.04334040899244, -150.04334040899244, -150.04334040899244, -171.1154703655984, -171.8522656693467, -171.8522656693467, -171.8522656693467, -174.03528727102434, -174.03528727102434, -174.03528727102434, -174.03528727102434, -174.03528727102434, -174.03528727102434, -174.03528727102434], 
[86481.53296535622, 43609.5296873919, 19594.610255587868, 19594.610255587868, 19594.610255587868, 19594.610255587868, 17362.599380070427, 17362.599380070427, 17362.599380070427, 4114.522522583103, 4114.522522583103, 4071.982956218474, 4071.982956218474, 4071.982956218474, 3287.0395766048805, 2950.3918986473836, 2950.3918986473836, 2950.3918986473836, 2950.2472480798633, 2950.2472480798633], 
[17513.61134727142, 17513.61134727142, 17513.61134727142, 17484.127614784524, 17484.127614784524, 17484.127614784524, -92.1969231224773, -92.1969231224773, -218.60128215354825, -219.46571209130116, -219.46571209130116, -219.46571209130116, -219.46571209130116, -227.5801337491339, -227.5801337491339, -240.37745304450982, -240.37745304450982, -241.08608189344523, -241.08608189344523, -241.08608189344523], 
[21424.22744423359, 15068.593986525262, 15068.593986525262, 15068.593986525262, 15068.593986525262, 14977.75762492751, 14977.75762492751, -818.9649376043199, -818.9649376043199, -818.9649376043199, -841.8841794382165, -857.5113329751218, -867.4687718559945, -867.4687718559945, -1152.3511260319003, -1152.3511260319003, -1250.9791127043047, -1250.9791127043047, -1250.9791127043047, -1253.9503066391114], 
[6345.745416146104, 6345.745416146104, 6345.745416146104, 6345.745416146104, 6078.15097264521, 3379.7355793153147, 3375.8758291904333, 3375.2639300562514, 3375.2639300562514, 3370.8229566898954, 3370.8229566898954, 3344.4716321454925, 3267.9825002468124, 3217.784579087668, 3217.724056340773, 3214.90622085862, 3213.4380340278294, 3212.222615371432, 3194.9723422153784, 3194.9723422153784], 
[327696.12564219395, 221828.85347017314, 221739.74228790356, 16117.11011390257, 16117.11011390257, 8454.80389067276, 7327.731998483643, 7326.476081658573, -658.4717551949707, -658.4717551949707, -812.3683193161038, -812.3683193161038, -812.3683193161038, -812.3683193161038, -812.3683193161038, -812.3683193161038, -812.3683193161038, -812.3683193161038, -812.3683193161038, -812.3683193161038], 
[377277.2587145439, 76669.77562448807, 76669.77562448807, 67361.1599967094, 67361.1599967094, 67361.1599967094, 8437.137942773024, 8437.137942773024, 8437.137942773024, 8437.137942773024, 8437.137942773024, 4702.034410423539, 4694.043141665339, 4694.043141665339, 4694.043141665339, 4694.043141665339, 4684.934657713931, 4684.934657713931, 4684.934657713931, 4684.934657713931], 
[1403397.9474874763, 50023.949809430436, 13938.523716929107, 13919.795659901109, 5103.646620109218, 5103.646620109218, 2344.730262992104, 2344.730262992104, 2344.730262992104, 2344.730262992104, 2325.1040078738843, 2270.5781797015366, -456.5205191041748, -551.0926368080668, -551.0926368080668, -558.6317779412389, -664.420543643735, -1197.5017855141368, -1289.6532629645003, -1289.686446330998], 
[21789.32115244508, 21696.04019381869, 21696.04019381869, 21387.102129846204, 21336.82317420188, 21336.82317420188, 17543.707232639274, -845.3518511597, -846.0102106002663, -846.0102106002663, -846.0102106002663, -846.0102106002663, -846.0102106002663, -846.0102106002663, -846.0102106002663, -849.8653491224757, -849.8653491224757, -849.8653491224757, -849.8653491224757, -849.8653491224757], 
[270045.0434322018, 8565.092935629133, 8552.625814875735, 1927.9711645016573, -669.7019390062973, -669.7019390062973, -669.7019390062973, -675.6064431704388, -681.4457794398205, -1201.5846889837762, -1201.5846889837762, -1201.5846889837762, -1201.7989814764082, -1201.7989814764082, -1201.7989814764082, -1223.5314626252348, -1223.5314626252348, -1223.5314626252348, -1223.5314626252348, -1223.5314626252348], 
[158732.61089321878, 71731.21546307659, 71731.21546307659, 71731.21546307659, 53436.90423974955, 53436.90423974955, 53436.90423974955, 53436.90423974955, 30000.403411167877, 30000.403411167877, 21956.48131709817, 16814.46045345743, 16814.46045345743, 7239.788835129444, 281.2791366779006, 281.2791366779006, 281.2791366779006, 281.2791366779006, 279.38659269077175, 279.38659269077175], 
[10677101.221661927, 1860869.808781439, 257358.52059548552, 257358.52059548552, 257358.52059548552, 14928.111933260128, 14928.111933260128, 933.4583833125721, -176.41814773650685, -176.41814773650685, -176.41814773650685, -176.41814773650685, -185.89540845090414, -185.89540845090414, -185.89540845090414, -185.99262517175293, -186.00152910338647, -186.13726051800268, -186.13726051800268, -187.0589970536446], 
[210460.4816636929, 9423.203004310164, 9423.203004310164, 9415.032293867944, 9415.032293867944, 9415.032293867944, 9415.032293867944, 9415.032293867944, 9415.032293867944, 9397.636555181076, 9397.636555181076, 9388.439036820037, 9388.439036820037, 8693.075567680797, 8693.075567680797, 8693.075567680797, 8676.16338105002, 8676.16338105002, 8676.16338105002, 8675.39780450053], 
[2691394.4668708327, 499767.37600290857, 1520.5283974478189, 1520.5283974478189, 1520.5283974478189, 1520.5283974478189, 1520.5283974478189, 1520.5283974478189, 1520.5283974478189, 1520.5283974478189, 1520.5283974478189, 1509.1306330503658, 1497.7187273751974, 1300.5700006373204, 1158.0268267351948, -189.16921070787475, -190.64741955119916, -206.1404807269796, -206.1404807269796, -206.1404807269796], 
[469222.01293801394, 108921.4800446645, 14640.289685142821, 14640.289685142821, 14640.289685142821, 14640.289685142821, 14640.289685142821, 14640.289685142821, 14640.289685142821, 9384.049227991687, 9384.049227991687, 9384.049227991687, 9316.703530531888, 8981.177498970083, 8981.177498970083, 8981.177498970083, 7782.747935956271, 6897.054343889935, 6897.054343889935, 6897.054343889935], 
[6381242.603322348, 1861812.6498756746, 1861812.6498756746, -860.5733527236665, -863.1840655879912, -886.366011502839, -1072.0830589032862, -1075.109893624292, -1075.109893624292, -1075.109893624292, -1075.109893624292, -1085.2905339288477, -1090.9214454801383, -1090.9214454801383, -1093.9819234037263, -1094.2531085506837, -1094.2531085506837, -1094.2562605860924, -1094.2562605860924, -1094.2623220819335], 
[3479402.3611340285, -72.32086864295911, -72.32086864295911, -72.32086864295911, -72.32086864295911, -72.32086864295911, -72.32086864295911, -72.32086864295911, -81.60408178174316, -90.78609679084889, -90.78609679084889, -128.94240268483577, -303.9090980833049, -303.9090980833049, -303.9090980833049, -767.4063937833844, -767.4063937833844, -768.6040126253446, -769.92953337405, -769.92953337405], 
[1788725.4775375116, 83742.5796423912, 47902.78257258173, 18090.546848901904, 18090.546848901904, 18090.546848901904, 18055.350568454112, 5850.3079029873925, 5779.778511530396, 5779.778511530396, -602.7089566633867, -602.7089566633867, -639.8711918921272, -639.8711918921272, -639.8711918921272, -1007.7753815577732, -1007.7753815577732, -1007.7753815577732, -1007.7753815577732, -1007.9485121274383], 
[282381.70334750833, 19820.30722869336, 19820.30722869336, 15499.32091449247, 15499.32091449247, 8698.204781103337, 4672.269889386119, 4672.269889386119, 4672.269889386119, 2881.4904277183987, 2881.4904277183987, 341.345717344876, 341.345717344876, 341.345717344876, -668.1512838051625, -668.1512838051625, -897.4209480420861, -897.4209480420861, -1051.6610017941364, -1051.6610017941364], 
[224137.9082861599, 224137.9082861599, 73867.48800889845, 73867.48800889845, 73867.48800889845, 9339.08599101144, 9339.08599101144, 9339.08599101144, 9339.08599101144, 9338.777544321778, 9338.777544321778, 9338.777544321778, 9338.777544321778, 9338.777544321778, 9338.777544321778, 2684.732180508479, 2684.732180508479, 2664.3223105938036, 2664.3223105938036, 2664.3223105938036], 
[351481.39344884746, 148502.13315624924, 148502.13315624924, 148502.13315624924, 55842.270912099884, 5485.787833297161, 5354.197053964919, 4813.503861300638, 1469.1530163900356, 1469.1530163900356, 1455.7698791660787, 1058.821200652002, 1058.821200652002, 1058.821200652002, 416.66445677999855, 378.5896740826213, 378.5896740826213, 378.5896740826213, 378.5896740826213, 378.5896740826213], 
[183560.51341723846, 183560.51341723846, 183560.51341723846, 2580.0315936516145, 2580.0315936516145, 2032.623045808959, 2032.623045808959, 2025.9769135357233, 2025.9769135357233, 2025.9769135357233, 1919.973750338214, 1919.973750338214, 1919.973750338214, 1913.6766958363692, 1508.4916969700294, 1508.4916969700294, 1267.0794495987357, 1235.0185314534533, 1235.0185314534533, 1235.0185314534533], 
[1056450.1797573587, 1055969.5484952722, 508476.2230056166, 508476.2230056166, 508476.2230056166, 268246.1599464476, 110706.18976971024, 109203.09700090147, 109203.09700090147, 41207.13825856155, 41207.13825856155, 41207.13825856155, 5079.096356134025, 5070.066390830942, 5067.69852207206, 2285.784876073404, 1686.0184664374628, 1686.0184664374628, 1686.0184664374628, 1624.1762374251007], 
[7910.118897648899, 7910.118897648899, 7910.118897648899, 6034.563702120926, 6024.538129430644, 6024.538129430644, 3370.825481313019, 3370.825481313019, 3370.820309739087, 3370.791397518741, 3167.7306404601195, 3167.7306404601195, 3167.7306404601195, 3167.7306404601195, 3167.7306404601195, 3167.7306404601195, 3167.7306404601195, 3167.7306404601195, 3167.7306404601195, 3167.7306404601195], 
