[2033721.3678899962, 2033721.3678899962, 715392.6576966802, 9848.66791834699, 9848.66791834699, 9848.66791834699, 9818.635006973609, 9763.264749944785, 9763.264749944785, 9763.264749944785, 3537.3769493233376, 3537.3769493233376, 3529.858292272901, 3522.617480888055, 3522.617480888055, 3516.618653336228, 2557.0147913897626, 2557.0147913897626, 2557.0147913897626, 2557.0147913897626], 
[461863.9489417015, 461863.9489417015, 461863.9489417015, 143761.94232343393, 143761.94232343393, 143699.06270924964, 45446.31429886465, 13580.758701099334, 13580.758701099334, 13580.758701099334, 13580.758701099334, 8082.199143134083, 8082.199143134083, 8082.199143134083, 8079.501121167032, 7842.879315613429, 7842.879315613429, 3470.0561616775667, 3470.0561616775667, 3470.0561616775667], 
[97522.975885742, 97423.74023183058, 97423.74023183058, 87027.65086451106, 87027.65086451106, 4334.981786057299, 4334.981786057299, 4334.981786057299, 4334.981786057299, 4334.981786057299, 4334.981786057299, 4334.981786057299, 4309.257838661983, 4309.257838661983, 4309.257838661983, 4309.257838661983, 4309.257838661983, 4309.257838661983, 4309.257838661983, 3015.87997534471], 
[171791.3317802869, 106880.34081903592, 106880.34081903592, 106880.34081903592, 91684.50850517394, 79373.74225344839, 20116.399311433397, 20116.399311433397, 20116.399311433397, 20073.46601353611, 20023.238965114855, 3688.0639409725145, 3357.29867326138, 2473.8641215269613, 1991.4215396176278, 1915.0267481148812, -1203.0268955020929, -1203.0268955020929, -1203.0268955020929, -1203.1854019698071], 
[1015485.1261337638, 963191.3118678521, 102279.25878175645, 102279.25878175645, 102279.25878175645, 102189.1482509931, 101948.15852939179, 5678.326265344563, 5678.326265344563, 5678.326265344563, 5678.326265344563, 5678.326265344563, 5546.875691633753, 5546.875691633753, 5546.875691633753, 5527.976065054545, 3188.807139418551, 3188.807139418551, 3188.807139418551, 2289.4096073048963], 
[491190.24933030194, 136503.87821344557, 136503.87821344557, 54276.65900299652, 10298.34455150382, 10298.34455150382, 10298.34455150382, 10298.34455150382, 10298.34455150382, 8999.684756431989, 8999.684756431989, 8999.684756431989, 8999.207317005501, 8999.207317005501, 8999.207317005501, 8999.207317005501, 8996.905333991353, 8996.905333991353, 8819.477375828874, 8819.477375828874], 
[39796.04014185616, 39796.04014185616, 39796.04014185616, 3342.100840368308, 3342.100840368308, 3342.100840368308, 3342.100840368308, 3331.2953678524827, 3331.2953678524827, 1847.3894266383704, 1847.3894266383704, 1358.7137399187413, 1358.7137399187413, 1358.7137399187413, 1357.4458399904715, 1346.2437097523152, 1345.3110032579857, 1345.3110032579857, 1345.3110032579857, -908.1160073462637], 
[188414.41038272338, 59358.15178104887, 59358.15178104887, 34260.23187027646, 34260.23187027646, 5417.712673784468, 5417.712673784468, 5417.712673784468, 5395.24782755418, 5395.24782755418, 5307.647671313261, 5307.647671313261, 4125.39211283831, 515.3668421999546, 515.3668421999546, 514.9815281204787, 514.9815281204787, 514.6078980317429, 514.6078980317429, 514.3030384951223], 
[11890.934113561518, 11890.934113561518, 3529.282791906284, 3514.821712750834, 3512.3627708911517, 3498.187105068372, 2717.815922211, 2717.815922211, 2717.815922211, 2710.5098306781965, 2703.1034785013717, 2519.0497054603243, 2514.079813148807, 2514.079813148807, 2514.079813148807, 2262.422977262073, 2258.4832775938053, 2221.2112887860726, 2221.2112887860726, 2205.4704879581873], 
[12258.540207699247, 12258.540207699247, 12258.540207699247, 9265.706418713795, 9265.706418713795, 9265.706418713795, 9265.706418713795, 6313.168687699798, 4187.348940316672, 3908.2704558818496, 3908.2704558818496, 3905.688290477601, 3905.688290477601, 3899.6044871691665, 3899.6044871691665, 3899.0048262612754, 3899.0048262612754, 3898.9169899551644, 3898.9169899551644, 3898.9169899551644], 
[124348.79799017587, 100095.29044419684, 100095.29044419684, 100095.29044419684, 96840.62443842483, 96657.50559270219, 90805.65986099931, 79.10417227989001, 79.10417227989001, 79.10417227989001, 79.10417227989001, 79.10417227989001, 79.10417227989001, -373.96536687733544, -382.8878644276747, -382.8878644276747, -382.8878644276747, -1030.2262796986258, -1030.2262796986258, -1030.2262796986258], 
[344071.60069195187, 13153.786845749111, 13153.786845749111, 13153.786845749111, 13153.786845749111, 13145.025470056058, 13145.025470056058, 4926.592685987862, 4897.613101873549, 4897.613101873549, 4897.613101873549, 4897.613101873549, 4844.654302152747, 2344.022295015242, 2344.022295015242, 2344.022295015242, 2344.022295015242, 2344.022295015242, 2344.022295015242, 2344.022295015242], 
[476511.5842132822, 6372.678788935527, 6367.796718256515, 762.555558142285, 762.555558142285, 762.555558142285, 761.7724583353761, 761.7724583353761, 761.7724583353761, 761.7724583353761, 761.7724583353761, 761.7724583353761, 761.7724583353761, 761.7724583353761, 760.5856750589046, 760.5856750589046, 760.5856750589046, 760.5856750589046, 760.5856750589046, 760.5856750589046], 
[536338.8505504675, 112645.93484780242, 8248.419139062953, 8248.419139062953, 8248.419139062953, 8119.963010739644, 8119.963010739644, 8119.963010739644, 3386.51735881234, 3386.51735881234, 3386.51735881234, 915.7510451166804, 635.627488369927, 489.1264884164116, 482.94483445128594, 482.94483445128594, 463.95182819777415, 365.96688747766234, 365.96688747766234, 365.96688747766234], 
[2756.126579933233, 2732.239006795683, 2732.239006795683, 2732.239006795683, 47.77074239216063, 47.77074239216063, -40.31594360145482, -40.31594360145482, -65.40735705453562, -65.40735705453562, -65.40735705453562, -65.40735705453562, -65.40735705453562, -65.40735705453562, -65.40735705453562, -243.36449947840583, -1266.5253920168684, -1266.5253920168684, -1268.028781245444, -1268.028781245444], 
[432965.7455633081, 432965.7455633081, 432777.47028380143, 432777.47028380143, 214213.98493291886, 214213.98493291886, 136188.89837164085, 16896.641846616592, 16896.641846616592, 3681.533647697199, 3681.533647697199, 3681.533647697199, 3681.533647697199, -750.6807070725639, -750.6807070725639, -750.6807070725639, -771.4209740963524, -771.4209740963524, -771.4209740963524, -845.4492823451618], 
[26841.41066740301, 26841.41066740301, 26841.41066740301, 4524.863595039248, 4350.156638001436, 3088.63816390744, 3069.76292359762, 3032.1973957814107, 3032.1973957814107, 3032.1973957814107, -371.75105183058656, -371.75105183058656, -371.75105183058656, -371.75105183058656, -403.2797349417251, -403.2797349417251, -403.2797349417251, -440.14279868169297, -440.14279868169297, -497.20810102087694], 
[28151.226172040406, 28151.226172040406, 27447.077756303555, 3228.7721107037496, 843.4012561653717, 843.4012561653717, 14.947783521410656, -183.89598078514382, -189.81456906721905, -189.81456906721905, -189.90502053660907, -190.65985257046646, -190.65985257046646, -190.65985257046646, -190.65985257046646, -194.92586002196072, -194.98226846420948, -194.98226846420948, -194.98226846420948, -194.98226846420948], 
[108888.95689077133, 15873.98607139929, 15836.551230213565, 15799.209003210148, 15799.209003210148, 15799.209003210148, 15712.33949928041, 8424.28271822236, 8424.28271822236, 8424.28271822236, 8424.28271822236, 8421.417681113384, 563.9725287560132, 563.9725287560132, 246.0764453047159, 246.0764453047159, 246.0764453047159, 129.63931285843773, 61.05858351137681, 61.05858351137681], 
[1037691.2361128725, 28775.619752256476, 28775.619752256476, 28775.619752256476, 3355.664768419915, 3355.664768419915, 3355.664768419915, 2523.461473135704, 2523.461473135704, 2523.461473135704, 2523.461473135704, 2523.461473135704, 2523.461473135704, 2424.7638933209146, 1348.382369908726, 972.8079068191778, 947.609593570995, 947.609593570995, 947.609593570995, 947.609593570995], 
[63087.78412942024, 16150.23640258993, 16150.23640258993, 16150.23640258993, 16150.23640258993, 11622.5936375924, 11622.5936375924, 11622.5936375924, 11236.008485442484, 11236.008485442484, 11236.008485442484, 11235.956676926393, 11235.956676926393, 11235.90500799139, 11235.878679399531, 11235.878679399531, 11235.516631266511, 11235.516631266511, 11235.516631266511, 11235.516631266511], 
[100994.95536785905, 100994.95536785905, 100701.59669983776, 100701.59669983776, 100701.59669983776, 100617.86520114652, 100617.86520114652, 100617.86520114652, 26345.92042718675, 26345.92042718675, 26345.92042718675, 26345.92042718675, 8978.767381491387, 8978.767381491387, 8978.767381491387, 8978.181669289599, 8978.181669289599, 8978.181669289599, 8977.780556482528, 8975.223719023012], 
[41263.25983233119, 41263.25983233119, 41177.60266237366, 41177.60266237366, 40005.173784843966, 40005.173784843966, 1603.230611993024, 1603.230611993024, 1600.1925040053634, 1545.859241728102, 1545.859241728102, 1545.4544247221615, 1545.4544247221615, 1545.4544247221615, 1542.7739336761879, 1542.7739336761879, 1542.7739336761879, 1542.7739336761879, 1472.0666314438554, 1472.0666314438554], 
[2260521.6928248736, 1299789.5020805437, 458776.15198225447, 441597.85361554235, 441597.85361554235, 202221.4271225429, 202221.4271225429, 202017.76061558665, 6868.233165166091, 3567.6060835677754, 3567.6060835677754, 3567.6060835677754, 3567.6060835677754, 3567.6060835677754, 3216.636310521252, 2562.6338859895545, 2562.6338859895545, 2562.6338859895545, 2562.6338859895545, 2562.6338859895545], 
[388823.5824296024, 388823.5824296024, 162196.38019331565, 97857.43682334425, 4659.5584661915755, 4440.988641687457, 4440.988641687457, -970.7042053711525, -970.7042053711525, -970.7042053711525, -970.7042053711525, -970.7042053711525, -970.7042053711525, -970.7042053711525, -970.7042053711525, -970.7042053711525, -974.5789031668876, -979.1017167762668, -1140.2294138444652, -1140.2294138444652], 
[1713960.1942070995, 1320641.7528264637, 413561.45327303984, 319037.67930781684, 107767.91021389818, 5428.6144351196945, 2591.3573004003592, 2591.3573004003592, 2591.3573004003592, 2591.3573004003592, 2591.3573004003592, 1779.6697380325627, 1779.6697380325627, 1779.6697380325627, 1779.6697380325627, 1772.4266114199972, 1722.1558680773255, 1719.0764724754513, 1718.5677106777193, 1718.5677106777193], 
[5554051.449737429, 4501883.859338683, 2048755.3045813965, 3496.694959028102, 3496.694959028102, 3496.694959028102, 3496.694959028102, 2723.599861057136, 2723.599861057136, 2723.599861057136, 458.9413940080983, -13.230617150441049, -13.230617150441049, -20.87982042937415, -20.87982042937415, -20.87982042937415, -20.87982042937415, -20.87982042937415, -20.87982042937415, -27.901735566065554], 
[70962.28212690676, 4782.568445121262, 4782.568445121262, 4738.702295786817, 4738.702295786817, 4738.702295786817, 4738.702295786817, 4738.702295786817, 4528.872627388797, 4498.5420030946, 1628.7917824215342, 1628.7917824215342, 814.6973245810168, 814.6973245810168, 814.6973245810168, 814.6973245810168, 811.885283511951, 811.4287021630021, 794.3153144759513, 794.3153144759513], 
[2583657.7077595145, 2583657.7077595145, 113112.16872002729, 113112.16872002729, 113112.16872002729, 86589.54568630097, 33919.72856978036, 33919.72856978036, 33919.72856978036, -966.9661576689526, -966.9661576689526, -966.9661576689526, -968.3338499640215, -970.3587324851924, -970.9290312797253, -970.9290312797253, -970.9290312797253, -970.9290312797253, -970.9290312797253, -971.0318685987263], 
[489800.63184834894, 22119.30009667558, 22119.30009667558, 22119.30009667558, 13503.53164818968, 13468.107177019861, 1253.563425458779, 1253.563425458779, 1253.563425458779, 1253.563425458779, 1253.563425458779, 1253.563425458779, 1253.563425458779, 1253.563425458779, 1253.563425458779, 1253.563425458779, 1253.563425458779, 1253.563425458779, 1253.563425458779, 1253.563425458779], 
