[701.3730073752091, 701.3730073752091, 696.8609037000242, 696.8609037000242, 696.8609037000242, 612.0110026696868, 579.4944221346344, 409.4548724541627, 409.4548724541627, 409.4548724541627, 409.4548724541627, 409.4548724541627, 409.4548724541627, 409.4548724541627, 250.59402192803185, 250.59402192803185, 126.81335824687564, 126.81335824687564, 126.81335824687564, 126.81335824687564], 
[1157.1170753289082, 1157.1170753289082, 1157.1170753289082, 1047.2647963000052, 569.9055987050998, 569.9055987050998, 569.9055987050998, 520.8421962408321, 425.75592311426357, 425.75592311426357, 425.75592311426357, 425.75592311426357, 385.8496541022307, 219.7672854268341, 138.10951185485504, 138.10951185485504, 138.10951185485504, 138.10951185485504, 138.10951185485504, 138.10951185485504], 
[1601.268160619188, 942.7551414420918, 916.3416076937025, 916.3416076937025, 916.3416076937025, 916.3416076937025, 711.3264898152454, 711.3264898152454, 566.8042717697272, 528.6935049300728, 427.8238242158283, 172.54640777089398, 172.54640777089398, 172.54640777089398, 172.54640777089398, 172.54640777089398, 142.59428258587414, 142.59428258587414, 142.59428258587414, 142.59428258587414], 
[1001.1296976752345, 665.4321960182564, 665.4321960182564, 665.4321960182564, 665.4321960182564, 665.4321960182564, 665.4321960182564, 665.4321960182564, 665.4321960182564, 665.4321960182564, 562.3802268202363, 562.3802268202363, 562.3802268202363, 562.3802268202363, 485.2683518559753, 480.1203206754096, 287.7952361975733, 287.7952361975733, 287.7952361975733, 287.7952361975733], 
[1214.3398003984566, 1214.3398003984566, 781.6683156132182, 781.6683156132182, 734.4198482607728, 506.92649008608254, 506.92649008608254, 370.31521667005467, 370.31521667005467, 370.31521667005467, 363.50223403794325, 363.50223403794325, 324.4854660794512, 324.4854660794512, 324.4854660794512, 324.4854660794512, 324.4854660794512, 324.4854660794512, 317.94742704100395, 317.94742704100395], 
[987.0770739332389, 969.4839727076865, 969.4839727076865, 969.4839727076865, 969.4839727076865, 814.0454708771491, 814.0454708771491, 611.6792405958108, 611.6792405958108, 611.6792405958108, 603.2579610340277, 550.3322496037844, 550.3322496037844, 374.1318457895748, 374.1318457895748, 295.330693538432, 295.330693538432, 295.330693538432, 295.330693538432, 269.47870346303927], 
[1118.6772679659546, 907.6122264519247, 907.6122264519247, 907.6122264519247, 907.6122264519247, 748.8815045420646, 748.8815045420646, 748.8815045420646, 667.527797608653, 667.527797608653, 667.527797608653, 667.527797608653, 667.527797608653, 637.2119606107613, 277.55221049355964, 217.2322403766094, 217.2322403766094, 217.2322403766094, 217.2322403766094, 217.2322403766094], 
[859.8106421406629, 859.8106421406629, 859.8106421406629, 859.8106421406629, 859.8106421406629, 605.5173506171711, 605.5173506171711, 598.5082782997599, 553.1753645727708, 553.1753645727708, 321.43525010336214, 321.43525010336214, 321.43525010336214, 321.43525010336214, 305.24226523270397, 305.24226523270397, 305.24226523270397, 305.24226523270397, 305.24226523270397, 305.24226523270397], 
[959.6840854460199, 959.6840854460199, 498.52532011639926, 498.52532011639926, 498.52532011639926, 498.52532011639926, 498.52532011639926, 346.62411866666923, 346.62411866666923, 346.62411866666923, 346.62411866666923, 346.62411866666923, 346.62411866666923, 346.62411866666923, 346.62411866666923, 346.62411866666923, 346.62411866666923, 346.62411866666923, 346.62411866666923, 248.23398566623177], 
[318.6673774132267, 318.6673774132267, 318.6673774132267, 318.6673774132267, 318.6673774132267, 318.6673774132267, 318.6673774132267, 318.6673774132267, 318.6673774132267, 318.6673774132267, 318.6673774132267, 214.87082046276564, 214.87082046276564, 214.87082046276564, 214.87082046276564, 214.87082046276564, 184.15380163157442, 184.15380163157442, 184.15380163157442, 184.15380163157442], 
[889.6860029240748, 889.6860029240748, 745.1544800778227, 591.0911277306719, 591.0911277306719, 591.0911277306719, 591.0911277306719, 591.0911277306719, 498.79169996043737, 498.79169996043737, 498.79169996043737, 168.73789810557068, 168.73789810557068, 168.73789810557068, 168.73789810557068, 168.73789810557068, 168.73789810557068, 168.73789810557068, 168.73789810557068, 168.73789810557068], 
[1264.4345465676129, 1009.934772087262, 1009.934772087262, 1009.934772087262, 721.2396863222242, 643.5629095788477, 549.5586172735752, 549.5586172735752, 549.5586172735752, 549.5586172735752, 549.5586172735752, 549.5586172735752, 352.12086903234774, 324.50200123785504, 259.1916012196049, 259.1916012196049, 259.1916012196049, 259.1916012196049, 259.1916012196049, 259.1916012196049], 
[1228.1396290836688, 1228.1396290836688, 630.8895389458681, 630.8895389458681, 630.8895389458681, 630.8895389458681, 630.8895389458681, 567.7889222555416, 567.7889222555416, 567.7889222555416, 423.87893888479783, 403.6002920584819, 403.6002920584819, 403.6002920584819, 403.6002920584819, 403.6002920584819, 403.6002920584819, 403.6002920584819, 383.9797661834919, 376.2339210351517], 
[884.3642422531678, 884.3642422531678, 843.9963502636501, 843.9963502636501, 843.9963502636501, 843.9963502636501, 779.9954658933714, 779.9954658933714, 661.7659165125809, 661.7659165125809, 390.0959774374909, 234.66706344456486, 234.66706344456486, 234.66706344456486, 234.66706344456486, 234.66706344456486, 234.66706344456486, 234.66706344456486, 234.66706344456486, 234.66706344456486], 
[603.8974644351546, 603.8974644351546, 603.8974644351546, 603.8974644351546, 603.8974644351546, 603.8974644351546, 603.8974644351546, 603.8974644351546, 603.8974644351546, 434.39450926772287, 323.1527472683284, 323.1527472683284, 323.1527472683284, 323.1527472683284, 323.1527472683284, 323.1527472683284, 323.1527472683284, 267.3884328325674, 267.3884328325674, 267.3884328325674], 
[866.4554503480806, 866.4554503480806, 866.4554503480806, 866.4554503480806, 866.4554503480806, 866.4554503480806, 728.0826369248921, 728.0826369248921, 543.6612869097007, 543.6612869097007, 488.18298386905417, 488.18298386905417, 236.1277479487, 236.1277479487, 236.1277479487, 209.92472251181718, 209.92472251181718, 209.92472251181718, 209.92472251181718, 209.92472251181718], 
[1384.335883490242, 972.1860784767686, 748.0075352786791, 748.0075352786791, 635.2586639747435, 635.2586639747435, 420.2480675656547, 420.2480675656547, 420.2480675656547, 420.2480675656547, 420.2480675656547, 420.2480675656547, 315.3843313020738, 315.3843313020738, 315.3843313020738, 315.3843313020738, 315.3843313020738, 315.3843313020738, 315.3843313020738, 315.3843313020738], 
[1015.6725419306798, 864.7077704795418, 864.7077704795418, 707.7562012477244, 707.7562012477244, 707.7562012477244, 707.7562012477244, 707.7562012477244, 685.2040261684991, 685.2040261684991, 527.7762139311671, 519.39110450428, 519.39110450428, 517.3660101028786, 517.3660101028786, 426.91465432494584, 426.91465432494584, 426.91465432494584, 320.79563378358847, 320.79563378358847], 
[1288.2875305321527, 982.2208766360496, 673.0941571796722, 673.0941571796722, 673.0941571796722, 673.0941571796722, 673.0941571796722, 673.0941571796722, 673.0941571796722, 673.0941571796722, 549.1204247616696, 549.1204247616696, 549.1204247616696, 549.1204247616696, 549.1204247616696, 427.7339905161732, 427.7339905161732, 245.72349633138512, 245.72349633138512, 239.78949866142653], 
[1234.6248632670254, 892.9035186822778, 892.9035186822778, 719.0847546925315, 719.0847546925315, 437.42448757523147, 437.42448757523147, 437.42448757523147, 437.42448757523147, 359.245642597177, 359.245642597177, 359.245642597177, 359.245642597177, 359.245642597177, 359.245642597177, 359.245642597177, 359.245642597177, 280.96581740893527, 280.96581740893527, 280.96581740893527], 
[1170.6478928138638, 864.4736473258881, 864.4736473258881, 864.4736473258881, 864.4736473258881, 864.4736473258881, 773.7863849467436, 509.88390567424676, 509.88390567424676, 275.30352124629513, 275.30352124629513, 275.30352124629513, 275.30352124629513, 188.8501858760368, 184.60034252216033, 158.0553650306637, 158.0553650306637, 158.0553650306637, 158.0553650306637, 158.0553650306637], 
[993.0491238406125, 920.2925537818562, 684.7412896699392, 684.7412896699392, 684.7412896699392, 578.1039375262898, 458.2736337113815, 458.2736337113815, 458.2736337113815, 412.43929288521343, 412.43929288521343, 412.43929288521343, 302.71951463961983, 302.71951463961983, 302.71951463961983, 254.50684378246473, 254.50684378246473, 254.50684378246473, 237.56956809905552, 237.56956809905552], 
[1061.7074121606374, 1061.7074121606374, 1061.7074121606374, 836.3754773321007, 383.59157087457385, 383.59157087457385, 383.59157087457385, 253.45041358715343, 253.45041358715343, 253.45041358715343, 253.45041358715343, 253.45041358715343, 253.45041358715343, 253.45041358715343, 247.89394131779915, 247.89394131779915, 247.89394131779915, 247.89394131779915, 247.89394131779915, 247.89394131779915], 
[1523.979613105562, 519.1944617144991, 519.1944617144991, 519.1944617144991, 429.86588766542, 429.86588766542, 429.86588766542, 429.86588766542, 429.86588766542, 429.86588766542, 429.86588766542, 429.86588766542, 318.0443162250878, 318.0443162250878, 318.0443162250878, 318.0443162250878, 318.0443162250878, 318.0443162250878, 318.0443162250878, 318.0443162250878], 
[623.8758675611166, 623.8758675611166, 606.1430870523443, 606.1430870523443, 606.1430870523443, 606.1430870523443, 606.1430870523443, 606.1430870523443, 606.1430870523443, 443.2670649388794, 443.2670649388794, 443.2670649388794, 440.57510822921716, 440.57510822921716, 292.9876775281819, 292.9876775281819, 292.9876775281819, 292.9876775281819, 282.4401188875677, 236.62559499270824], 
[736.798032884141, 736.798032884141, 736.798032884141, 425.060961593784, 425.060961593784, 425.060961593784, 425.060961593784, 425.060961593784, 425.060961593784, 425.060961593784, 425.060961593784, 407.7172476000441, 407.7172476000441, 407.7172476000441, 407.7172476000441, 344.9441977276993, 301.47949736836506, 301.47949736836506, 234.09765716811904, 234.09765716811904], 
[1034.9069511206474, 1034.9069511206474, 1034.9069511206474, 1034.9069511206474, 580.6767529317412, 580.6767529317412, 580.6767529317412, 580.6767529317412, 580.6767529317412, 514.0562825791918, 514.0562825791918, 431.45813364626616, 431.45813364626616, 431.45813364626616, 374.0810597135977, 331.22582722432327, 331.22582722432327, 272.8522859876926, 272.8522859876926, 149.14244931303315], 
[1074.3207911235825, 1074.3207911235825, 1074.3207911235825, 1068.4619477766994, 1068.4619477766994, 969.5099619586456, 871.0743467077403, 587.6277858877525, 587.6277858877525, 587.6277858877525, 587.6277858877525, 565.0281146398767, 515.9448183524547, 515.9448183524547, 508.88252656821334, 508.88252656821334, 457.6637790711653, 457.6637790711653, 308.97769806484814, 308.97769806484814], 
[1603.504645796628, 1353.8407869774499, 1353.8407869774499, 783.5398532362362, 783.5398532362362, 693.3546837621462, 693.3546837621462, 693.3546837621462, 435.16606886443935, 236.18266050964002, 236.18266050964002, 236.18266050964002, 236.18266050964002, 236.18266050964002, 236.18266050964002, 236.18266050964002, 236.18266050964002, 236.18266050964002, 236.18266050964002, 236.18266050964002], 
[1098.5650113100655, 1098.5650113100655, 643.606317403795, 643.606317403795, 643.606317403795, 643.606317403795, 643.606317403795, 616.6050054500081, 616.6050054500081, 360.99895055599706, 360.99895055599706, 360.99895055599706, 231.27516737079773, 231.27516737079773, 231.27516737079773, 231.27516737079773, 231.27516737079773, 169.61571900956045, 169.61571900956045, 169.61571900956045], 
