[2.3292028100227817, 2.3292028100227817, 2.3292028100227817, 2.3292028100227817, 2.3292028100227817, 1.5134992495194566, 1.5134992495194566, 1.5134992495194566, 1.5134992495194566, 1.5134992495194566, 1.5134992495194566, 1.5134992495194566, 1.5134992495194566, 1.5134992495194566, 1.5134992495194566, 1.5134992495194566, 1.5134992495194566, 1.5134992495194566, 1.5134992495194566, 1.5134992495194566], 
[3.6517239864905484, 2.278017632387438, 2.278017632387438, 2.278017632387438, 2.278017632387438, 2.278017632387438, 2.278017632387438, 2.278017632387438, 2.278017632387438, 2.278017632387438, 2.278017632387438, 2.278017632387438, 2.278017632387438, 2.278017632387438, 2.278017632387438, 2.278017632387438, 2.278017632387438, 2.278017632387438, 2.278017632387438, 2.278017632387438], 
[1.9639188670410501, 1.9639188670410501, 1.9639188670410501, 1.9639188670410501, 1.9639188670410501, 1.287835175397756, 1.287835175397756, 1.287835175397756, 1.287835175397756, 1.287835175397756, 1.287835175397756, 1.287835175397756, 1.287835175397756, 1.287835175397756, 1.287835175397756, 1.287835175397756, 1.287835175397756, 1.287835175397756, 1.287835175397756, 1.287835175397756], 
[3.286019222977452, 2.707066905169914, 2.707066905169914, 2.707066905169914, 2.707066905169914, 2.707066905169914, 2.1567972297012212, 2.1567972297012212, 2.1567972297012212, 2.1567972297012212, 1.9482777207088615, 1.9482777207088615, 1.9482777207088615, 1.9482777207088615, 1.9482777207088615, 1.9482777207088615, 1.9482777207088615, 1.9482777207088615, 1.9482777207088615, 1.9482777207088615], 
[3.5919286872218943, 3.5919286872218943, 3.5919286872218943, 3.292484179177208, 2.3392847853466567, 2.297169988602606, 2.1116610133847447, 2.1116610133847447, 2.1116610133847447, 2.1116610133847447, 2.1116610133847447, 2.1116610133847447, 2.1116610133847447, 1.852057275396773, 1.852057275396773, 1.852057275396773, 1.556250239837956, 1.556250239837956, 1.556250239837956, 1.556250239837956], 
[4.011698030017232, 3.631248722940955, 2.532825846996073, 2.532825846996073, 2.532825846996073, 1.7856562974081498, 1.7856562974081498, 1.7856562974081498, 1.7856562974081498, 1.7856562974081498, 1.7856562974081498, 1.630702901770095, 1.630702901770095, 1.630702901770095, 1.630702901770095, 1.630702901770095, 1.630702901770095, 1.630702901770095, 1.630702901770095, 1.630702901770095], 
[2.9661061556551167, 2.9661061556551167, 1.9552726871138018, 1.9552726871138018, 1.9552726871138018, 1.9552726871138018, 1.9552726871138018, 1.9552726871138018, 1.9552726871138018, 1.9552726871138018, 1.9552726871138018, 1.9552726871138018, 1.9552726871138018, 1.9552726871138018, 1.9552726871138018, 1.9552726871138018, 1.9552726871138018, 1.9552726871138018, 1.9552726871138018, 1.391766262143346], 
[2.69710036882767, 2.69710036882767, 2.1810138389355993, 2.174321512328514, 2.174321512328514, 2.174321512328514, 2.107019333455439, 2.107019333455439, 2.107019333455439, 2.107019333455439, 2.107019333455439, 2.107019333455439, 2.107019333455439, 2.107019333455439, 2.107019333455439, 2.107019333455439, 2.107019333455439, 2.107019333455439, 2.107019333455439, 2.107019333455439], 
[2.6811271080294348, 2.6811271080294348, 1.9199614377729777, 1.9199614377729777, 1.9199614377729777, 1.9199614377729777, 1.9199614377729777, 1.9199614377729777, 1.9199614377729777, 1.9199614377729777, 1.9199614377729777, 1.9199614377729777, 1.9199614377729777, 1.9199614377729777, 1.9199614377729777, 1.9199614377729777, 1.9199614377729777, 1.9199614377729777, 1.9199614377729777, 1.9199614377729777], 
[3.722947742017458, 3.6768092699317387, 2.9928500350348233, 2.9928500350348233, 2.0039817355511063, 2.0039817355511063, 2.0039817355511063, 2.0039817355511063, 2.0039817355511063, 2.0039817355511063, 2.0039817355511063, 2.0039817355511063, 2.0039817355511063, 1.9557954729862592, 1.9301821185874202, 1.9301821185874202, 1.9301821185874202, 1.9301821185874202, 1.9301821185874202, 1.6898678513728491], 
[3.293707705245413, 1.2617490734540648, 1.2617490734540648, 1.2617490734540648, 1.2617490734540648, 1.2617490734540648, 1.2617490734540648, 1.2617490734540648, 1.2617490734540648, 1.2617490734540648, 1.2617490734540648, 1.2617490734540648, 1.2617490734540648, 1.2617490734540648, 1.2617490734540648, 1.2617490734540648, 1.2617490734540648, 1.2617490734540648, 1.2617490734540648, 1.2617490734540648], 
[2.145499314760619, 2.145499314760619, 2.145499314760619, 2.145499314760619, 2.145499314760619, 2.145499314760619, 2.145499314760619, 2.145499314760619, 2.145499314760619, 2.145499314760619, 2.145499314760619, 2.145499314760619, 2.145499314760619, 2.145499314760619, 2.145499314760619, 2.145499314760619, 2.145499314760619, 2.145499314760619, 2.145499314760619, 2.145499314760619], 
[3.079443618685499, 3.079443618685499, 3.0356321160314645, 3.0356321160314645, 3.0356321160314645, 2.407281419879794, 2.407281419879794, 2.407281419879794, 2.407281419879794, 2.407281419879794, 2.407281419879794, 2.38188020359703, 2.38188020359703, 2.2631027954523835, 2.2455716105072017, 2.2455716105072017, 2.2455716105072017, 2.2455716105072017, 2.2455716105072017, 2.2455716105072017], 
[2.279407397759922, 1.6527712999261108, 1.6527712999261108, 1.6527712999261108, 1.6527712999261108, 1.6527712999261108, 1.6527712999261108, 1.6527712999261108, 1.6527712999261108, 1.6527712999261108, 1.6527712999261108, 1.6527712999261108, 1.2693692383947281, 1.2693692383947281, 1.2693692383947281, 1.2693692383947281, 1.2693692383947281, 1.2693692383947281, 1.2693692383947281, 1.2693692383947281], 
[3.2209394591999825, 2.7107683457168745, 2.304596994706886, 2.304596994706886, 2.304596994706886, 2.304596994706886, 2.304596994706886, 2.304596994706886, 2.304596994706886, 2.304596994706886, 2.304596994706886, 2.304596994706886, 2.304596994706886, 2.304596994706886, 2.304596994706886, 2.304596994706886, 2.304596994706886, 2.2874404781413133, 2.2874404781413133, 1.7278316011632664], 
[1.5771781502329456, 1.5771781502329456, 1.5771781502329456, 1.5771781502329456, 1.5771781502329456, 1.5771781502329456, 1.5771781502329456, 1.5771781502329456, 1.5771781502329456, 1.5771781502329456, 1.5771781502329456, 1.5771781502329456, 1.5771781502329456, 1.5771781502329456, 1.5771781502329456, 1.5771781502329456, 1.5771781502329456, 1.5771781502329456, 1.5771781502329456, 1.5771781502329456], 
[2.6287684572659313, 2.603077611748373, 2.603077611748373, 1.9887045470301854, 1.9887045470301854, 1.9887045470301854, 1.9887045470301854, 1.9887045470301854, 1.9887045470301854, 1.9887045470301854, 1.9887045470301854, 1.9887045470301854, 1.9887045470301854, 1.9887045470301854, 1.9887045470301854, 1.9887045470301854, 1.9887045470301854, 1.9887045470301854, 1.9887045470301854, 1.9887045470301854], 
[2.6295539536628496, 2.6295539536628496, 2.6295539536628496, 2.6295539536628496, 1.7165725992802887, 1.7165725992802887, 1.6214382594095718, 1.6214382594095718, 1.6214382594095718, 1.6214382594095718, 1.6214382594095718, 1.6214382594095718, 1.6214382594095718, 1.6214382594095718, 1.6214382594095718, 1.6214382594095718, 1.6214382594095718, 1.6214382594095718, 1.6214382594095718, 1.6214382594095718], 
[3.849121240292498, 3.849121240292498, 2.229738773440003, 2.229738773440003, 2.229738773440003, 2.229738773440003, 2.229738773440003, 2.229738773440003, 2.229738773440003, 2.229738773440003, 2.229738773440003, 1.9054584602083766, 1.9054584602083766, 1.9054584602083766, 1.9054584602083766, 1.9054584602083766, 1.9054584602083766, 1.9054584602083766, 1.9054584602083766, 1.9054584602083766], 
[1.8733069094455845, 1.8733069094455845, 1.8733069094455845, 1.8733069094455845, 1.8733069094455845, 1.8733069094455845, 1.8733069094455845, 1.8733069094455845, 1.8733069094455845, 1.8733069094455845, 1.8733069094455845, 1.8733069094455845, 1.8733069094455845, 0.6589523258527877, 0.6589523258527877, 0.6589523258527877, 0.6589523258527877, 0.6589523258527877, 0.6589523258527877, 0.6589523258527877], 
[1.8761506106553618, 1.8761506106553618, 1.8761506106553618, 1.8761506106553618, 1.8761506106553618, 1.8761506106553618, 1.8761506106553618, 1.8761506106553618, 1.8761506106553618, 1.8761506106553618, 1.803699058267075, 1.803699058267075, 1.803699058267075, 1.803699058267075, 1.5574282094385112, 1.5574282094385112, 1.5574282094385112, 1.5574282094385112, 1.5574282094385112, 1.5574282094385112], 
[2.2512978637213257, 2.1881910417714194, 2.1881910417714194, 2.1881910417714194, 2.1881910417714194, 2.1881910417714194, 2.1881910417714194, 2.1881910417714194, 2.1881910417714194, 2.1881910417714194, 2.1881910417714194, 2.1881910417714194, 2.1881910417714194, 2.1881910417714194, 2.1881910417714194, 2.1881910417714194, 2.1881910417714194, 2.1881910417714194, 2.084737931625443, 2.084737931625443], 
[3.463575717548977, 3.428107992951781, 3.428107992951781, 2.108730585446814, 2.108730585446814, 1.8088468426977389, 1.8088468426977389, 1.8088468426977389, 1.8088468426977389, 1.8088468426977389, 1.8088468426977389, 1.8088468426977389, 1.8088468426977389, 1.8088468426977389, 1.8088468426977389, 1.8088468426977389, 1.7626502932191577, 1.7626502932191577, 1.7626502932191577, 1.7626502932191577], 
[2.3381180104267614, 1.367859034866297, 1.367859034866297, 1.367859034866297, 1.367859034866297, 1.367859034866297, 1.367859034866297, 1.367859034866297, 1.367859034866297, 1.367859034866297, 1.367859034866297, 1.367859034866297, 1.367859034866297, 1.367859034866297, 1.367859034866297, 1.367859034866297, 1.367859034866297, 1.367859034866297, 1.367859034866297, 1.367859034866297], 
[3.4224827622521197, 2.9165631818576823, 2.9165631818576823, 2.32046445175346, 2.086102760987734, 2.086102760987734, 2.086102760987734, 2.086102760987734, 2.086102760987734, 2.086102760987734, 2.086102760987734, 2.086102760987734, 2.086102760987734, 2.086102760987734, 2.086102760987734, 2.086102760987734, 1.7191695879123725, 1.7191695879123725, 1.7191695879123725, 1.7191695879123725], 
[2.1593189683982263, 1.7077805117638694, 1.7077805117638694, 1.7077805117638694, 1.7077805117638694, 1.7077805117638694, 1.7077805117638694, 1.7077805117638694, 1.7077805117638694, 1.7077805117638694, 1.7077805117638694, 1.7077805117638694, 1.7077805117638694, 1.7077805117638694, 1.7077805117638694, 1.7077805117638694, 1.7077805117638694, 1.6556897730171325, 1.6556897730171325, 1.6556897730171325], 
[2.030936217252544, 2.030936217252544, 2.030936217252544, 2.030936217252544, 2.030936217252544, 1.840241503738811, 1.840241503738811, 1.840241503738811, 1.840241503738811, 1.840241503738811, 1.840241503738811, 1.840241503738811, 1.840241503738811, 1.840241503738811, 1.840241503738811, 1.840241503738811, 1.840241503738811, 1.840241503738811, 1.840241503738811, 1.840241503738811], 
[2.8822042595695345, 2.269828034631432, 1.3829886245511331, 1.3829886245511331, 1.3829886245511331, 1.3829886245511331, 1.3829886245511331, 1.3829886245511331, 1.3829886245511331, 1.3829886245511331, 1.3829886245511331, 1.3829886245511331, 1.3829886245511331, 1.3829886245511331, 1.3829886245511331, 1.3829886245511331, 1.3829886245511331, 1.3829886245511331, 1.3829886245511331, 1.3829886245511331], 
[2.6192583657778807, 2.6192583657778807, 2.6192583657778807, 2.6192583657778807, 2.6192583657778807, 2.5844710787885914, 2.340275256894432, 2.340275256894432, 2.1150696662126864, 2.1150696662126864, 2.1150696662126864, 2.1150696662126864, 2.1150696662126864, 2.1150696662126864, 2.1150696662126864, 2.094323778751064, 2.094323778751064, 2.094323778751064, 2.094323778751064, 2.094323778751064], 
[3.4917660446311487, 1.8954321445572493, 1.8954321445572493, 1.8954321445572493, 1.8954321445572493, 1.8954321445572493, 1.7649134039002408, 1.7649134039002408, 1.7649134039002408, 1.7649134039002408, 1.7649134039002408, 1.7649134039002408, 1.7649134039002408, 1.7649134039002408, 1.7575091492185588, 1.4376692627403436, 1.4376692627403436, 1.4376692627403436, 1.4376692627403436, 1.4376692627403436], 
