[2239.976920646119, 2239.976920646119, 2239.976920646119, 2239.976920646119, 2239.976920646119, 2239.976920646119, 2239.976920646119, 2239.976920646119, 2239.976920646119, 2224.883770222452, 1988.0744265580508, 1988.0744265580508, 1988.0744265580508, 1988.0744265580508, 1988.0744265580508, 1913.9024243422118, 1720.2200089792784, 1720.2200089792784, 1720.2200089792784, 1720.2200089792784], 
[2516.843592547685, 2516.843592547685, 2516.843592547685, 2516.843592547685, 2234.8106772192705, 2234.8106772192705, 2234.8106772192705, 2234.8106772192705, 2234.8106772192705, 2213.240527937295, 2109.598099569635, 2109.598099569635, 2109.598099569635, 2109.598099569635, 2006.2976184325635, 2006.2976184325635, 2006.2976184325635, 2006.2976184325635, 1870.3016719548955, 1870.3016719548955], 
[2529.725574318997, 2381.725618177438, 2381.725618177438, 2381.725618177438, 2381.725618177438, 2381.725618177438, 2381.725618177438, 2381.725618177438, 2381.725618177438, 2381.725618177438, 2381.725618177438, 2255.436360389299, 2255.436360389299, 2255.436360389299, 1935.5943744290128, 1935.5943744290128, 1935.5943744290128, 1935.5943744290128, 1935.5943744290128, 1826.2944461285047], 
[3010.9388937064755, 2722.606147609524, 2569.464280689225, 2467.087860904369, 2467.087860904369, 2319.541002610641, 2319.541002610641, 2143.8451720297153, 2143.8451720297153, 2143.8451720297153, 2143.8451720297153, 2143.8451720297153, 2143.8451720297153, 2143.8451720297153, 2143.8451720297153, 2042.56372758652, 2042.56372758652, 2042.56372758652, 2042.56372758652, 2033.7428949974858], 
[2541.8555098381867, 2541.8555098381867, 2541.8555098381867, 2541.8555098381867, 2541.8555098381867, 2541.8555098381867, 2541.8555098381867, 2541.8555098381867, 2378.0422575124458, 2378.0422575124458, 2378.0422575124458, 2196.90570776114, 2185.854898421816, 2168.3050757673855, 2168.3050757673855, 2168.3050757673855, 2093.2341933250636, 2093.2341933250636, 2035.4893261987027, 1863.7959751233434], 
[2855.7354125709944, 2672.023063985891, 2672.023063985891, 2629.8345736610263, 2425.2316941666904, 2425.2316941666904, 2425.2316941666904, 2318.567298759713, 2318.567298759713, 2318.567298759713, 2318.567298759713, 2318.567298759713, 2318.567298759713, 2318.567298759713, 2318.567298759713, 2143.214283577768, 1751.8180688025495, 1751.8180688025495, 1751.8180688025495, 1566.6983297829602], 
[2737.900846811311, 2737.900846811311, 2737.900846811311, 2566.665396376842, 2566.665396376842, 2535.645035355721, 2535.645035355721, 2535.645035355721, 2535.645035355721, 2535.645035355721, 2535.645035355721, 2318.711892196105, 2318.711892196105, 2318.711892196105, 2318.711892196105, 2318.711892196105, 2232.203884770814, 2232.203884770814, 2232.203884770814, 2052.628364650689], 
[2641.556648435504, 2410.6922357190383, 2410.6922357190383, 2410.6922357190383, 2410.6922357190383, 2410.6922357190383, 2093.3280720631383, 2093.3280720631383, 2093.3280720631383, 2093.3280720631383, 2093.3280720631383, 2093.3280720631383, 2093.3280720631383, 2093.3280720631383, 2093.3280720631383, 2076.759933727863, 2076.759933727863, 2076.759933727863, 2076.759933727863, 2036.1261550400882], 
[2293.4577052648356, 2293.4577052648356, 2293.4577052648356, 2293.4577052648356, 2293.4577052648356, 2293.4577052648356, 2293.4577052648356, 2293.4577052648356, 2293.4577052648356, 2293.4577052648356, 2293.4577052648356, 2293.4577052648356, 2187.657498088853, 2187.657498088853, 2187.657498088853, 2127.943089240862, 2127.943089240862, 2127.943089240862, 1975.3576534990104, 1942.7843335662403], 
[2690.45445791958, 2581.932467299092, 2581.932467299092, 2215.578911150781, 2131.1932683229834, 2131.1932683229834, 2131.1932683229834, 2131.1932683229834, 2131.1932683229834, 2131.1932683229834, 2131.1932683229834, 2131.1932683229834, 2131.1932683229834, 2131.1932683229834, 2131.1932683229834, 2069.413906626517, 2069.413906626517, 2069.413906626517, 2050.9304095787516, 2050.9304095787516], 
[2031.3792589257823, 2031.3792589257823, 2031.3792589257823, 2031.3792589257823, 2031.3792589257823, 2031.3792589257823, 2000.82291892168, 2000.82291892168, 2000.82291892168, 2000.82291892168, 2000.82291892168, 2000.82291892168, 2000.82291892168, 2000.82291892168, 2000.82291892168, 2000.82291892168, 2000.82291892168, 2000.82291892168, 2000.82291892168, 2000.82291892168], 
[2640.0697657693786, 2384.7335227295453, 2384.7335227295453, 2384.7335227295453, 2273.2007385812617, 2273.2007385812617, 2251.989793043882, 2251.989793043882, 2188.9017743350328, 2188.9017743350328, 2188.9017743350328, 2188.9017743350328, 2188.9017743350328, 2188.9017743350328, 2175.4604297244323, 2175.4604297244323, 2175.4604297244323, 2045.4075123878317, 1896.8022428356492, 1883.1698779729682], 
[2847.749035805476, 2793.509458146186, 2545.7622871027074, 2331.9273287945816, 2331.9273287945816, 2331.9273287945816, 2331.9273287945816, 2048.221666873496, 2048.221666873496, 2048.221666873496, 2048.221666873496, 2048.221666873496, 2048.221666873496, 2048.221666873496, 2048.221666873496, 2048.221666873496, 2048.221666873496, 2048.221666873496, 1754.2098875727731, 1754.2098875727731], 
[2785.0488512940615, 2646.067782990126, 2584.7463585006117, 2584.7463585006117, 2584.7463585006117, 2584.7463585006117, 2584.7463585006117, 2584.7463585006117, 2389.871075248017, 2389.871075248017, 2389.871075248017, 1940.2682156566193, 1940.2682156566193, 1940.2682156566193, 1940.2682156566193, 1940.2682156566193, 1940.2682156566193, 1354.2183503786114, 1354.2183503786114, 1354.2183503786114], 
[2484.8191800165105, 2484.8191800165105, 2484.8191800165105, 2484.8191800165105, 2484.8191800165105, 2484.8191800165105, 2432.8476307537458, 2432.8476307537458, 2432.8476307537458, 2432.8476307537458, 2432.8476307537458, 2412.559107031727, 2408.6977607314507, 2327.2657551986686, 1974.6457952170633, 1960.1657963822172, 1960.1657963822172, 1960.1657963822172, 1960.1657963822172, 1960.1657963822172], 
[2697.089638429171, 2697.089638429171, 2697.089638429171, 2364.9027207207787, 2364.9027207207787, 2364.9027207207787, 2364.9027207207787, 2364.9027207207787, 2364.9027207207787, 2364.9027207207787, 2364.9027207207787, 2364.9027207207787, 2065.99307604406, 2065.99307604406, 2051.2635182391828, 2051.2635182391828, 2051.2635182391828, 2051.2635182391828, 2051.2635182391828, 2051.2635182391828], 
[2703.8206620181327, 2636.1422245602903, 2636.1422245602903, 2636.1422245602903, 2636.1422245602903, 2583.644400619697, 2493.7267324450245, 2493.7267324450245, 2493.7267324450245, 2493.7267324450245, 2093.174500852389, 2093.174500852389, 2093.174500852389, 2093.174500852389, 2093.174500852389, 2093.174500852389, 2093.174500852389, 1533.3560684502095, 1533.3560684502095, 1485.326526736505], 
[2383.1250099725094, 2362.2691547025447, 2362.2691547025447, 2362.2691547025447, 2362.2691547025447, 2362.2691547025447, 2362.2691547025447, 2362.2691547025447, 2243.344749605584, 2243.344749605584, 2243.344749605584, 2172.3403224366716, 2172.3403224366716, 2172.3403224366716, 2172.3403224366716, 2172.3403224366716, 2172.3403224366716, 2041.497557361441, 2041.497557361441, 1934.1669332312101], 
[2708.9691412081847, 2337.774425380876, 2337.774425380876, 2337.774425380876, 2337.774425380876, 2337.774425380876, 2337.774425380876, 2337.774425380876, 2337.774425380876, 2337.774425380876, 2056.362464565119, 2056.362464565119, 2056.362464565119, 2056.362464565119, 2056.362464565119, 1903.5535676338488, 1903.5535676338488, 1903.5535676338488, 1850.4653360249374, 1850.4653360249374], 
[2225.787204821695, 2225.787204821695, 2225.787204821695, 2225.787204821695, 2225.787204821695, 2225.787204821695, 2225.787204821695, 2225.787204821695, 1800.5306034685755, 1800.5306034685755, 1800.5306034685755, 1800.5306034685755, 1800.5306034685755, 1800.5306034685755, 1800.5306034685755, 1800.5306034685755, 1800.5306034685755, 1800.5306034685755, 1800.5306034685755, 1771.81700359825], 
[2689.7108473097824, 2689.7108473097824, 2689.7108473097824, 2585.410504489208, 2585.410504489208, 2585.410504489208, 2585.410504489208, 2515.6190363569794, 2335.603153335746, 2335.603153335746, 2335.603153335746, 2311.347779589401, 2311.347779589401, 2311.347779589401, 2311.347779589401, 2306.249961033063, 2306.249961033063, 1984.4500857447545, 1984.4500857447545, 1984.4500857447545], 
[2605.541107695254, 2605.541107695254, 2605.541107695254, 2605.541107695254, 2577.0038918118225, 1848.7118517657796, 1848.7118517657796, 1848.7118517657796, 1848.7118517657796, 1848.7118517657796, 1848.7118517657796, 1848.7118517657796, 1848.7118517657796, 1848.7118517657796, 1848.7118517657796, 1848.7118517657796, 1848.7118517657796, 1848.7118517657796, 1848.7118517657796, 1848.7118517657796], 
[2514.7468742584665, 2514.7468742584665, 2514.7468742584665, 2514.7468742584665, 2139.3408632034284, 2139.3408632034284, 2139.3408632034284, 2139.3408632034284, 2056.922782411343, 2056.922782411343, 2056.922782411343, 2056.922782411343, 2056.922782411343, 2056.922782411343, 2056.922782411343, 2056.922782411343, 2056.922782411343, 1851.2911155537818, 1851.2911155537818, 1851.2911155537818], 
[2292.667531362928, 2262.699164785761, 2262.699164785761, 2262.699164785761, 2262.699164785761, 2262.699164785761, 2262.699164785761, 2219.6504038484713, 2219.6504038484713, 2219.6504038484713, 2219.6504038484713, 2074.733523096331, 2074.733523096331, 2074.733523096331, 2074.733523096331, 2074.733523096331, 2074.733523096331, 1900.9356151339978, 1900.9356151339978, 1900.9356151339978], 
[2438.6105006958232, 2438.6105006958232, 2438.6105006958232, 2438.6105006958232, 2438.6105006958232, 2438.6105006958232, 2438.6105006958232, 2438.6105006958232, 2438.6105006958232, 2438.6105006958232, 2438.6105006958232, 2219.304356137139, 2219.304356137139, 2219.304356137139, 2219.304356137139, 1657.7455153330627, 1657.7455153330627, 1657.7455153330627, 1657.7455153330627, 1657.7455153330627], 
[2824.5104812149375, 2515.682018398396, 2515.682018398396, 2515.682018398396, 2515.682018398396, 2515.682018398396, 2045.012559695613, 2045.012559695613, 2045.012559695613, 2045.012559695613, 2045.012559695613, 2045.012559695613, 2045.012559695613, 2045.012559695613, 2045.012559695613, 2045.012559695613, 2045.012559695613, 1755.554264349024, 1755.554264349024, 1755.554264349024], 
[3023.320947808694, 2713.847808663601, 2665.997866847362, 2439.4852971398236, 2439.4852971398236, 2439.4852971398236, 2439.4852971398236, 2439.4852971398236, 2439.4852971398236, 2439.4852971398236, 2439.4852971398236, 1952.401166617172, 1952.401166617172, 1952.401166617172, 1952.401166617172, 1952.401166617172, 1952.401166617172, 1822.6930171304066, 1822.6930171304066, 1822.6930171304066], 
[2960.256351984489, 2643.6928907771035, 2643.6928907771035, 2643.6928907771035, 2643.6928907771035, 2434.188595875064, 2434.188595875064, 2434.188595875064, 2434.188595875064, 2434.188595875064, 2217.1516710258793, 2202.9142167483533, 2202.9142167483533, 2202.9142167483533, 2202.9142167483533, 1994.4129092383785, 1994.4129092383785, 1994.4129092383785, 1994.4129092383785, 1994.4129092383785], 
[2058.0947915247684, 2058.0947915247684, 2058.0947915247684, 2058.0947915247684, 2058.0947915247684, 2058.0947915247684, 2058.0947915247684, 2058.0947915247684, 2058.0947915247684, 2058.0947915247684, 2058.0947915247684, 2058.0947915247684, 2058.0947915247684, 2058.0947915247684, 2058.0947915247684, 2058.0947915247684, 2058.0947915247684, 1489.233197489786, 1489.233197489786, 1489.233197489786], 
[2505.1134850714093, 2505.1134850714093, 2505.1134850714093, 2505.1134850714093, 2505.1134850714093, 2505.1134850714093, 2505.1134850714093, 2505.1134850714093, 2247.114249903084, 2247.114249903084, 2247.114249903084, 2247.114249903084, 2247.114249903084, 2247.114249903084, 2247.114249903084, 2247.114249903084, 1952.495917658119, 1872.2465958357277, 1872.2465958357277, 1872.2465958357277], 
