[660.5345277124534, 660.5345277124534, 660.5345277124534, 660.5345277124534, 648.8489447337843, 180.56790104866354, 180.56790104866354, 180.56790104866354, 72.38568394754725, -11.060461114567545, -225.4885446833755, -225.4885446833755, -225.4885446833755, -225.4885446833755, -225.4885446833755, -294.0023822303459, -294.0023822303459, -294.0023822303459, -344.5367676641931, -344.5367676641931], 
[777.7390066755561, 777.7390066755561, 478.2280332093733, 467.47008824492434, 179.44178281638153, 179.44178281638153, 179.44178281638153, 179.44178281638153, 159.59036760876813, -101.79724136041182, -101.79724136041182, -101.79724136041182, -101.79724136041182, -101.79724136041182, -101.79724136041182, -101.79724136041182, -243.64302716550458, -243.64302716550458, -243.64302716550458, -243.64302716550458], 
[420.4578649341247, 420.4578649341247, 222.32327007297988, 109.79095185300287, 109.79095185300287, 109.79095185300287, 109.79095185300287, 109.79095185300287, 109.79095185300287, 109.79095185300287, 109.79095185300287, 109.79095185300287, 11.204021521757795, -2.785204463989487, -24.330543599951795, -162.04522586040594, -162.04522586040594, -162.04522586040594, -262.08376763387923, -262.08376763387923], 
[943.9435030669081, 926.407367914062, 669.8079913820777, 669.8079913820777, 141.38957658865434, 141.38957658865434, 136.02872742618547, 136.02872742618547, -43.89606990940456, -43.89606990940456, -43.89606990940456, -43.89606990940456, -150.41493598619263, -150.41493598619263, -150.41493598619263, -186.52266498255665, -348.35960834472786, -348.35960834472786, -348.35960834472786, -348.35960834472786], 
[396.5524350571101, 396.5524350571101, 396.5524350571101, 396.5524350571101, 248.20534173741805, 174.0018361383468, 174.0018361383468, 174.0018361383468, 166.34128330439012, -201.22437150209606, -201.22437150209606, -201.22437150209606, -201.22437150209606, -201.22437150209606, -225.37313937725725, -225.37313937725725, -225.57192075322996, -225.57192075322996, -225.57192075322996, -225.57192075322996], 
[220.45447183465137, 208.98422014050436, 208.98422014050436, 208.98422014050436, 208.98422014050436, -7.721596552523238, -211.2556286285294, -211.2556286285294, -211.2556286285294, -211.2556286285294, -211.2556286285294, -211.2556286285294, -211.2556286285294, -211.2556286285294, -211.2556286285294, -211.2556286285294, -211.2556286285294, -211.2556286285294, -211.2556286285294, -211.2556286285294], 
[551.145071916063, 551.145071916063, 530.9680511107488, 530.9680511107488, 259.14108625191056, 259.14108625191056, 254.4260478932622, 254.4260478932622, 210.63762692753096, 208.1894664806764, 208.1894664806764, 208.1894664806764, -52.145059023029205, -52.145059023029205, -52.145059023029205, -52.145059023029205, -102.05699722957144, -102.05699722957144, -137.65748143170038, -149.89526591052612], 
[-23.29359157772734, -23.29359157772734, -23.29359157772734, -23.29359157772734, -23.29359157772734, -23.29359157772734, -23.29359157772734, -23.29359157772734, -23.29359157772734, -23.29359157772734, -23.29359157772734, -23.29359157772734, -23.29359157772734, -179.85840030737046, -195.86251313550105, -255.82238628008588, -263.7709992469896, -282.30060696694994, -282.30060696694994, -282.30060696694994], 
[989.4842689784969, 762.5618936926842, 762.5618936926842, 459.96615833362875, 459.96615833362875, 189.38994145552897, 189.38994145552897, 189.38994145552897, 189.38994145552897, 91.59014764915128, -42.89117819208826, -42.89117819208826, -42.89117819208826, -102.63760599558259, -102.63760599558259, -102.63760599558259, -102.63760599558259, -102.63760599558259, -102.63760599558259, -121.65265097298987], 
[1187.1622275423906, 613.8976407767252, 613.8976407767252, 613.8976407767252, 345.91722655438366, 31.960075635138992, 31.960075635138992, 31.960075635138992, 31.960075635138992, 31.960075635138992, 31.960075635138992, -43.208312063108906, -43.208312063108906, -43.208312063108906, -75.74678304048894, -75.74678304048894, -75.74678304048894, -75.74678304048894, -75.74678304048894, -217.04687312301274], 
[42.463831341052696, 42.463831341052696, 42.463831341052696, 42.463831341052696, -60.04155761780879, -60.04155761780879, -60.04155761780879, -60.04155761780879, -60.04155761780879, -60.04155761780879, -60.04155761780879, -126.68260027361828, -126.68260027361828, -126.68260027361828, -126.68260027361828, -126.68260027361828, -126.68260027361828, -126.68260027361828, -126.68260027361828, -126.68260027361828], 
[188.5652391316204, 188.5652391316204, 188.5652391316204, 188.5652391316204, 188.5652391316204, 188.5652391316204, 188.5652391316204, -58.16749378305519, -58.16749378305519, -58.16749378305519, -58.16749378305519, -106.4283521660144, -106.4283521660144, -106.4283521660144, -207.02078309210043, -207.02078309210043, -207.02078309210043, -244.22565029354084, -244.22565029354084, -244.22565029354084], 
[361.24359067636703, 361.24359067636703, 361.24359067636703, 361.24359067636703, 361.24359067636703, -135.3362565387274, -135.3362565387274, -135.3362565387274, -135.3362565387274, -157.00028731688076, -195.95242033488194, -195.95242033488194, -195.95242033488194, -249.65287519986995, -249.65287519986995, -249.65287519986995, -249.65287519986995, -249.65287519986995, -331.32235000966114, -331.32235000966114], 
[685.0420041777381, 685.0420041777381, 602.8612327837493, 602.8612327837493, 531.1223020583323, 276.8676577484681, 238.31243527440859, 238.31243527440859, 16.416779948586054, -254.16458864327393, -254.16458864327393, -254.16458864327393, -254.16458864327393, -332.80894921375636, -332.80894921375636, -332.80894921375636, -426.2008268293097, -426.2008268293097, -426.2008268293097, -426.2008268293097], 
[319.62314450955023, 319.62314450955023, 270.4824249505376, 270.4824249505376, 270.4824249505376, 270.4824249505376, 270.4824249505376, 270.4824249505376, 270.4824249505376, 270.4824249505376, 14.458645491328411, -5.120874669867646, -85.60497906393368, -85.60497906393368, -98.6433411345431, -98.6433411345431, -98.6433411345431, -98.6433411345431, -98.6433411345431, -171.37877391352328], 
[689.0606892476001, 689.0606892476001, 624.8112739376031, 315.3053679656083, 315.3053679656083, 144.84964122888982, -162.79793810171867, -206.41384004479107, -206.41384004479107, -237.24992825046598, -237.24992825046598, -237.24992825046598, -237.24992825046598, -237.24992825046598, -267.6653200890508, -317.8270039181208, -385.03334848266275, -385.03334848266275, -385.03334848266275, -385.03334848266275], 
[1225.443270499758, 951.0132032891765, 951.0132032891765, 778.7344414708123, 682.2310401415259, 460.16248687543725, -126.6617579678358, -126.6617579678358, -151.16566139178707, -151.16566139178707, -196.8592672127042, -196.8592672127042, -196.8592672127042, -196.8592672127042, -196.8592672127042, -196.8592672127042, -196.8592672127042, -196.8592672127042, -196.8592672127042, -196.8592672127042], 
[643.8015824332624, 643.8015824332624, 487.3042021618967, 487.3042021618967, 293.69011824958125, 293.69011824958125, 293.69011824958125, 293.69011824958125, 293.69011824958125, 199.79520685895125, 199.79520685895125, -162.07829982903365, -162.07829982903365, -162.07829982903365, -162.07829982903365, -162.07829982903365, -162.07829982903365, -162.07829982903365, -162.07829982903365, -162.07829982903365], 
[-71.41934602600242, -71.41934602600242, -71.41934602600242, -71.41934602600242, -120.6606462712607, -120.6606462712607, -120.6606462712607, -120.6606462712607, -120.6606462712607, -120.6606462712607, -120.6606462712607, -120.6606462712607, -150.93651495631798, -150.93651495631798, -150.93651495631798, -150.93651495631798, -218.20709031390976, -243.05199175468078, -243.05199175468078, -243.05199175468078], 
[102.19561124202517, 88.48498693762451, 88.48498693762451, 88.48498693762451, 88.48498693762451, -32.67836123493913, -32.67836123493913, -32.67836123493913, -32.67836123493913, -32.67836123493913, -32.67836123493913, -32.67836123493913, -32.67836123493913, -32.67836123493913, -32.67836123493913, -83.0316022741739, -83.0316022741739, -83.0316022741739, -83.0316022741739, -83.0316022741739], 
[499.89043440117996, 420.78540738096865, 420.78540738096865, 420.78540738096865, 90.26754338170565, -20.31495632646488, -20.31495632646488, -20.31495632646488, -20.31495632646488, -20.31495632646488, -20.31495632646488, -20.31495632646488, -20.31495632646488, -20.31495632646488, -82.71413824652677, -82.71413824652677, -82.71413824652677, -145.23652831528028, -300.66870704042435, -300.66870704042435], 
[963.6240598981474, 963.6240598981474, 919.2165170483702, 287.97161426807634, 287.97161426807634, 287.97161426807634, 202.8622728748703, 84.57153712359411, 84.57153712359411, 84.57153712359411, 84.57153712359411, 84.57153712359411, 76.80787380086997, 24.6260005064903, -92.90280427164504, -92.90280427164504, -92.90280427164504, -92.90280427164504, -100.43834193537606, -159.7984103609333], 
[493.27861903849646, 425.0024693852199, 425.0024693852199, -46.88846271756108, -46.88846271756108, -46.88846271756108, -46.88846271756108, -46.88846271756108, -209.80758641468788, -243.8573882432371, -243.8573882432371, -243.8573882432371, -243.8573882432371, -243.8573882432371, -243.8573882432371, -264.5296708771, -310.821935811402, -310.821935811402, -310.821935811402, -332.9793082085604], 
[947.7010944273516, 947.7010944273516, 353.9337123688699, 353.9337123688699, 353.9337123688699, 353.9337123688699, 281.69425213961676, 281.69425213961676, 281.69425213961676, 187.71683245646625, -52.023243351155145, -98.00345481075789, -98.00345481075789, -118.35243828602302, -258.16603189658804, -258.16603189658804, -258.16603189658804, -258.16603189658804, -258.16603189658804, -258.16603189658804], 
[867.0355470988825, 867.0355470988825, 867.0355470988825, 867.0355470988825, 639.2044787048856, 639.2044787048856, -45.767549409405035, -45.767549409405035, -45.767549409405035, -45.767549409405035, -45.767549409405035, -45.767549409405035, -45.767549409405035, -45.767549409405035, -71.73583421864214, -179.129642484967, -179.129642484967, -200.89756747111704, -200.89756747111704, -200.89756747111704], 
[833.4142829773195, 456.57877658320854, 456.57877658320854, 369.14898387518974, 369.14898387518974, 270.78737495074984, 270.78737495074984, -12.38724205203323, -184.6118239173324, -184.6118239173324, -184.6118239173324, -184.6118239173324, -184.6118239173324, -184.6118239173324, -184.6118239173324, -184.6118239173324, -184.6118239173324, -184.6118239173324, -189.6134077585603, -189.6134077585603], 
[882.5776602131828, 882.5776602131828, 181.86236338360436, 181.86236338360436, 181.86236338360436, 165.00718775601285, -6.382696304453475, -6.382696304453475, -257.8555799446516, -257.8555799446516, -257.8555799446516, -257.8555799446516, -257.8555799446516, -257.8555799446516, -257.8555799446516, -261.4545043243684, -261.4545043243684, -261.4545043243684, -325.3781397274387, -325.3781397274387], 
[188.54467364533627, 188.54467364533627, 188.54467364533627, 188.54467364533627, 188.54467364533627, 188.54467364533627, 188.54467364533627, 188.54467364533627, 188.54467364533627, -34.08604921450927, -34.08604921450927, -34.08604921450927, -34.08604921450927, -34.08604921450927, -61.025887212635496, -172.5974222882985, -172.5974222882985, -172.5974222882985, -172.5974222882985, -172.5974222882985], 
[-191.1563974334175, -191.1563974334175, -191.1563974334175, -191.1563974334175, -299.4565878682422, -299.4565878682422, -299.4565878682422, -299.4565878682422, -340.1377460550367, -340.1377460550367, -340.1377460550367, -340.1377460550367, -340.1377460550367, -365.8962604473211, -365.8962604473211, -365.8962604473211, -365.8962604473211, -365.8962604473211, -365.8962604473211, -365.8962604473211], 
[756.2414203141677, 20.63615966033649, 20.63615966033649, 20.63615966033649, 20.63615966033649, 20.63615966033649, 20.63615966033649, 20.63615966033649, -90.54713628226949, -90.54713628226949, -90.54713628226949, -90.54713628226949, -90.54713628226949, -90.54713628226949, -192.01507134134607, -192.01507134134607, -192.01507134134607, -192.01507134134607, -199.59010557004694, -249.8363183332768], 
