[609.9250232057489, 435.9971048938688, 435.9971048938688, 435.9971048938688, 435.9971048938688, 268.1449234399827, 121.05163092087116, 121.05163092087116, 121.05163092087116, -13.740690023094999, -13.740690023094999, -22.7417585659295, -22.7417585659295, -114.96827931136477, -114.96827931136477, -114.96827931136477, -114.96827931136477, -114.96827931136477, -212.70809990583086, -212.70809990583086], 
[632.9795559792553, 467.7992248351121, 467.7992248351121, 467.7992248351121, 321.76272237080934, 142.22811586738635, 142.22811586738635, 142.22811586738635, -16.969431893333024, -70.57170318672866, -70.57170318672866, -84.46747125781343, -160.93698967084458, -221.04129075692623, -221.04129075692623, -238.14258051358564, -320.3346774732003, -367.826933213486, -367.826933213486, -367.826933213486], 
[813.6097027774488, 813.6097027774488, 266.42922243592056, 266.42922243592056, 168.90105553995636, 168.90105553995636, 83.5908567762068, 83.5908567762068, 83.5908567762068, 37.22296382012871, 37.22296382012871, 37.22296382012871, 37.22296382012871, -5.711953637809302, -5.711953637809302, -71.71721555845744, -145.07102499429732, -158.6736802550206, -158.6736802550206, -256.87854541128314], 
[258.970757375011, 258.970757375011, 258.970757375011, 258.970757375011, 52.56082474793925, 52.56082474793925, 52.56082474793925, 52.56082474793925, -5.562128808009561, -5.562128808009561, -5.562128808009561, -42.285473471228954, -101.01760431840063, -101.01760431840063, -193.14844622806362, -193.14844622806362, -193.14844622806362, -246.34247452972608, -246.34247452972608, -246.34247452972608], 
[235.83036144798382, 235.83036144798382, 235.83036144798382, -70.5093117743553, -70.5093117743553, -70.5093117743553, -168.00885826898474, -368.7310821328951, -368.7310821328951, -368.7310821328951, -368.7310821328951, -368.7310821328951, -388.4459991124666, -388.4459991124666, -388.4459991124666, -388.4459991124666, -388.4459991124666, -411.00289207686143, -411.00289207686143, -411.00289207686143], 
[269.62904564588894, 269.62904564588894, 269.62904564588894, 269.62904564588894, 269.62904564588894, 269.62904564588894, 269.62904564588894, 148.59846098725404, 148.59846098725404, 121.35441510372607, -81.99730245898797, -81.99730245898797, -81.99730245898797, -81.99730245898797, -115.69978526990758, -115.69978526990758, -136.62095710684508, -226.35526178648252, -226.35526178648252, -226.35526178648252], 
[363.7246236528556, 363.7246236528556, 363.7246236528556, 363.7246236528556, 23.98910048751452, -5.35752355394942, -5.35752355394942, -130.76271080916047, -130.76271080916047, -166.95630048247523, -166.95630048247523, -166.95630048247523, -166.95630048247523, -166.95630048247523, -166.95630048247523, -166.95630048247523, -166.95630048247523, -249.06502962175622, -249.06502962175622, -261.7767502559684], 
[398.7566393596031, 398.7566393596031, 398.7566393596031, 130.3952675908157, -200.2878483115984, -200.2878483115984, -200.2878483115984, -200.2878483115984, -200.2878483115984, -200.2878483115984, -200.2878483115984, -200.2878483115984, -200.2878483115984, -200.2878483115984, -200.2878483115984, -238.9844153769995, -310.63657066992187, -310.63657066992187, -310.63657066992187, -310.63657066992187], 
[966.6643533073291, 833.8046115364887, 833.8046115364887, -36.90665149853362, -36.90665149853362, -36.90665149853362, -36.90665149853362, -36.90665149853362, -36.90665149853362, -36.90665149853362, -45.65637312053303, -45.65637312053303, -81.66815264237397, -300.3930797783673, -300.3930797783673, -384.6237925465073, -384.6237925465073, -384.6237925465073, -384.6237925465073, -384.6237925465073], 
[523.3042261431406, 443.03002783511, 443.03002783511, 443.03002783511, 443.03002783511, 333.19562800046265, 164.50747680716825, 164.50747680716825, -131.81183600150837, -131.81183600150837, -131.81183600150837, -139.05316958897765, -152.0884127612661, -158.9805187705216, -194.77345051404586, -194.77345051404586, -303.4363430491459, -333.1693372446853, -333.1693372446853, -333.1693372446853], 
[304.5720227617501, 153.88262411068376, 153.88262411068376, 153.88262411068376, 153.88262411068376, 153.88262411068376, 153.88262411068376, 90.42971153983024, 90.42971153983024, -58.31844722854902, -72.09738708939909, -165.30596589203384, -165.30596589203384, -165.30596589203384, -272.7454522604527, -272.7454522604527, -290.8303414083432, -290.8303414083432, -290.8303414083432, -290.8303414083432], 
[552.4584484006664, 552.4584484006664, 156.7959680329426, 156.7959680329426, -39.13893552580765, -39.13893552580765, -131.65768164633874, -131.65768164633874, -131.65768164633874, -131.65768164633874, -131.65768164633874, -131.65768164633874, -179.30270515354027, -179.30270515354027, -196.23485104037223, -198.41805503014422, -198.41805503014422, -198.41805503014422, -198.41805503014422, -252.24998607089552], 
[888.839351277792, 738.3510949278111, 295.5681955752292, 295.5681955752292, 273.7198125001597, 273.7198125001597, -61.069791293615026, -69.43538222021067, -69.43538222021067, -69.43538222021067, -69.43538222021067, -69.43538222021067, -131.2548224166198, -131.2548224166198, -131.2548224166198, -131.2548224166198, -131.2548224166198, -301.91213803534765, -301.91213803534765, -301.91213803534765], 
[628.228824985616, 628.228824985616, 207.37918033696872, 207.37918033696872, 207.37918033696872, 120.74194639835082, -37.201485199510046, -37.201485199510046, -37.201485199510046, -37.201485199510046, -37.201485199510046, -37.201485199510046, -37.201485199510046, -37.201485199510046, -37.201485199510046, -100.28148088033038, -186.78268353897835, -186.78268353897835, -186.78268353897835, -320.3157463222067], 
[391.40957087794106, 391.40957087794106, 391.40957087794106, 238.405433505642, 238.405433505642, 238.405433505642, 231.65562421457275, 209.4865369857065, 46.081156189788885, 27.49690270316728, -67.71604218818976, -123.25618322598518, -123.25618322598518, -123.25618322598518, -130.16265279198763, -167.96039654811972, -199.884032199332, -245.08932845562347, -296.79965658888165, -296.79965658888165], 
[418.2297834317221, 418.2297834317221, -379.5609737107065, -379.5609737107065, -379.5609737107065, -379.5609737107065, -379.5609737107065, -379.5609737107065, -379.5609737107065, -379.5609737107065, -379.5609737107065, -379.5609737107065, -379.5609737107065, -379.5609737107065, -379.5609737107065, -379.5609737107065, -421.2627286279353, -421.2627286279353, -421.2627286279353, -421.2627286279353], 
[396.20999373212044, 396.20999373212044, 49.98192486510732, 49.98192486510732, 49.98192486510732, 49.98192486510732, 49.98192486510732, 49.98192486510732, -28.054499865572893, -115.78153229023513, -196.98640098663003, -196.98640098663003, -196.98640098663003, -197.14406515610204, -197.14406515610204, -197.14406515610204, -216.7897887861849, -216.7897887861849, -216.7897887861849, -246.27996870783488], 
[247.09901158003186, 247.09901158003186, 247.09901158003186, 247.09901158003186, -16.84806331303446, -16.84806331303446, -16.84806331303446, -16.84806331303446, -16.84806331303446, -16.84806331303446, -196.06574663779224, -227.63825509039475, -227.63825509039475, -330.24168329206356, -330.24168329206356, -401.2165696831048, -401.2165696831048, -401.2165696831048, -401.2165696831048, -401.2165696831048], 
[779.0370524914667, 586.6488593444283, 220.28882604475336, 220.28882604475336, 220.28882604475336, 157.55087715186278, 157.55087715186278, 157.55087715186278, 50.45970287365071, 50.45970287365071, -33.996376593433865, -81.34602462673274, -93.23164759246936, -93.23164759246936, -110.39243418523279, -246.36507992567275, -246.36507992567275, -246.36507992567275, -246.36507992567275, -246.36507992567275], 
[720.659718757667, 720.659718757667, 720.659718757667, 625.1945854824589, 625.1945854824589, 400.2545413106526, 341.1748001089211, 87.06704968657493, 87.06704968657493, 87.06704968657493, -56.92285396264748, -56.92285396264748, -56.92285396264748, -113.52958714011123, -113.52958714011123, -113.52958714011123, -113.52958714011123, -113.52958714011123, -117.1585965028317, -162.6694046812127], 
[817.0898109441114, 635.8515973325129, 277.76237953154396, 173.19433205979487, -69.6237953857061, -69.6237953857061, -69.6237953857061, -69.6237953857061, -69.6237953857061, -223.91267112918678, -223.91267112918678, -223.91267112918678, -272.17818510888196, -302.98172513340717, -302.98172513340717, -302.98172513340717, -302.98172513340717, -302.98172513340717, -302.98172513340717, -312.63294180209436], 
[960.4100860711976, 635.9064743777353, 635.9064743777353, 635.9064743777353, 198.84016875726115, 4.742637816591412, 4.742637816591412, 4.742637816591412, 4.742637816591412, -90.08567316360666, -90.08567316360666, -90.08567316360666, -190.11258426071174, -190.11258426071174, -221.2093196866537, -221.2093196866537, -221.2093196866537, -221.2093196866537, -221.2093196866537, -221.2093196866537], 
[861.5874943355998, -14.212522118066545, -14.212522118066545, -14.212522118066545, -14.212522118066545, -14.212522118066545, -16.489537322404715, -16.489537322404715, -16.489537322404715, -152.42201213502375, -152.42201213502375, -158.48677570178, -187.78547013765876, -187.78547013765876, -187.78547013765876, -211.9375126816592, -211.9375126816592, -211.9375126816592, -250.94973574506315, -250.94973574506315], 
[1275.3204548998167, 552.4170026180213, 552.4170026180213, 552.4170026180213, 234.7738611430102, 234.7738611430102, 93.55352654800652, 93.55352654800652, 89.2683773345982, 89.2683773345982, 89.2683773345982, 25.71132924308756, -20.047859774390247, -214.91111120771046, -214.91111120771046, -214.91111120771046, -247.81500620345165, -247.81500620345165, -247.81500620345165, -247.81500620345165], 
[896.8645299213299, 549.1565561922416, 549.1565561922416, 549.1565561922416, 426.69175836102113, 426.69175836102113, 30.753415289206714, 30.753415289206714, 30.753415289206714, -115.08061685913549, -115.08061685913549, -115.08061685913549, -115.08061685913549, -115.08061685913549, -139.94739529465397, -139.94739529465397, -253.47084352852625, -253.47084352852625, -253.47084352852625, -253.47084352852625], 
[831.8549082012876, 808.9457697799644, 68.59288544210915, 68.59288544210915, 68.59288544210915, 68.59288544210915, 68.59288544210915, 68.59288544210915, 68.59288544210915, 30.41614918180153, -61.80141349407421, -61.80141349407421, -126.40780304668976, -183.6862560751319, -191.65418482202932, -191.65418482202932, -269.45590031517855, -269.45590031517855, -269.45590031517855, -269.45590031517855], 
[852.3845904139921, 852.3845904139921, 531.5587499938713, 531.5587499938713, 531.5587499938713, 325.8567278843843, 138.80425692999756, 138.80425692999756, 138.80425692999756, 138.80425692999756, 17.99645922451282, -193.73178695683004, -266.34001181999963, -266.34001181999963, -266.34001181999963, -266.34001181999963, -266.34001181999963, -266.34001181999963, -266.34001181999963, -266.34001181999963], 
[-93.26344192585543, -93.26344192585543, -93.26344192585543, -93.26344192585543, -93.26344192585543, -93.26344192585543, -93.26344192585543, -93.26344192585543, -93.26344192585543, -93.26344192585543, -93.26344192585543, -93.26344192585543, -199.40014563231466, -320.7129330581781, -320.7129330581781, -320.7129330581781, -320.7129330581781, -320.7129330581781, -320.7129330581781, -320.7129330581781], 
[1178.4957422929754, 672.7953836787601, 466.46402365338326, 466.46402365338326, 284.4905242969478, 284.4905242969478, 284.4905242969478, 121.64912640659372, 121.64912640659372, 121.64912640659372, 121.64912640659372, 121.64912640659372, 2.176218476877864, -64.45857194286765, -320.1060446288473, -329.67223012508225, -329.67223012508225, -361.19653568173635, -361.19653568173635, -387.40985491942166], 
[556.2799034322647, 490.6490977096547, 490.6490977096547, 123.04019206991723, 123.04019206991723, 123.04019206991723, 123.04019206991723, 42.982935149077434, 33.950159335668104, 33.950159335668104, 25.320671844223853, -203.4800836773025, -203.4800836773025, -203.4800836773025, -256.12115286050624, -256.12115286050624, -256.12115286050624, -256.12115286050624, -271.1369759706531, -271.1369759706531], 
