[752.2009518675957, 653.3391725321342, 448.4015152843948, 448.4015152843948, 448.4015152843948, -363.41542797021, -363.41542797021, -363.41542797021, -363.41542797021, -363.41542797021, -363.41542797021, -363.41542797021, -363.41542797021, -363.90141882557634, -363.90141882557634, -363.90141882557634, -363.90141882557634, -379.3255279304409, -401.2909689815094, -401.2909689815094], 
[455.7733218448361, 455.7733218448361, 425.9779953564056, 425.9779953564056, 409.084578670833, 369.4426669357953, 292.5633413226875, 61.569155739484245, 35.32264093869037, -119.62544884556644, -119.62544884556644, -119.62544884556644, -119.62544884556644, -119.62544884556644, -119.62544884556644, -326.819660631037, -326.819660631037, -326.819660631037, -326.819660631037, -326.819660631037], 
[845.9807997529099, 762.3293450921194, 703.3509457248624, 647.5273789310793, 647.5273789310793, 398.40763182221326, 398.40763182221326, 194.45306108902025, 194.45306108902025, 122.89720150735218, 122.89720150735218, 122.89720150735218, 122.89720150735218, -2.6071340697933465, -2.6071340697933465, -44.848952637428965, -44.848952637428965, -265.36963019825953, -272.25178246811174, -272.25178246811174], 
[618.7494627612605, 444.28155205735584, 444.28155205735584, 15.428787582520272, 15.428787582520272, 15.428787582520272, 15.428787582520272, 15.428787582520272, -164.42768366952555, -310.22434859155135, -310.22434859155135, -310.22434859155135, -327.8939230485446, -327.8939230485446, -327.8939230485446, -327.8939230485446, -327.8939230485446, -327.8939230485446, -327.8939230485446, -327.8939230485446], 
[598.462382145369, 598.462382145369, 598.462382145369, 598.462382145369, -53.872226160070795, -53.872226160070795, -53.872226160070795, -53.872226160070795, -103.39571205668238, -103.39571205668238, -103.39571205668238, -103.39571205668238, -103.39571205668238, -103.39571205668238, -103.39571205668238, -143.7990419097738, -143.7990419097738, -143.7990419097738, -282.95808054529846, -282.95808054529846], 
[657.8227215661586, 657.8227215661586, 657.8227215661586, 240.79588044808827, 159.94595489842845, -49.728280481799914, -49.728280481799914, -49.728280481799914, -74.30948916663863, -261.52606888387334, -261.52606888387334, -279.666643278176, -279.666643278176, -279.666643278176, -351.6142775270141, -351.6142775270141, -351.6142775270141, -351.6142775270141, -351.6142775270141, -351.6142775270141], 
[601.9822223950503, -151.99126662620387, -151.99126662620387, -151.99126662620387, -151.99126662620387, -151.99126662620387, -151.99126662620387, -151.99126662620387, -151.99126662620387, -151.99126662620387, -166.36074848133813, -166.36074848133813, -166.36074848133813, -166.36074848133813, -197.71940438248657, -211.5731041722848, -211.5731041722848, -211.5731041722848, -211.5731041722848, -211.5731041722848], 
[449.09949560467805, 449.09949560467805, 73.45294279947518, 73.45294279947518, 73.45294279947518, 73.45294279947518, 73.45294279947518, 73.45294279947518, 73.45294279947518, 73.45294279947518, 73.45294279947518, 24.50676935795343, -0.4539127351802108, -0.4539127351802108, -19.69377420692888, -19.69377420692888, -175.46874202038418, -175.46874202038418, -175.46874202038418, -238.11209692048777], 
[271.5484073642858, 271.5484073642858, 89.05158149317992, 89.05158149317992, 89.05158149317992, -118.64830806724808, -118.64830806724808, -194.09833467001465, -194.09833467001465, -194.09833467001465, -194.09833467001465, -194.09833467001465, -194.09833467001465, -194.09833467001465, -234.04314649543892, -234.04314649543892, -286.1422767224539, -286.1422767224539, -286.1422767224539, -286.1422767224539], 
[977.8483989659987, 724.3999570150174, 724.3999570150174, 724.3999570150174, 320.29094593504635, 257.3525533544746, -52.66951986142368, -52.66951986142368, -52.66951986142368, -52.66951986142368, -52.66951986142368, -52.66951986142368, -52.66951986142368, -52.66951986142368, -52.66951986142368, -102.95005281555655, -137.94420496682244, -137.94420496682244, -137.94420496682244, -137.94420496682244], 
[631.1742951581568, 625.7200322678161, 625.7200322678161, 536.8040640198708, 536.8040640198708, 376.87304395414446, 92.64916511000797, 92.64916511000797, 46.66704501455672, 3.70253758174988, 3.70253758174988, 0.753986746854423, 0.753986746854423, 0.753986746854423, 0.753986746854423, -35.970932780596286, -144.06288841944576, -144.06288841944576, -223.59727081567524, -223.59727081567524], 
[871.1664049995625, 604.5272935950438, 572.3002485722138, -118.12991037053013, -118.12991037053013, -118.12991037053013, -118.12991037053013, -118.12991037053013, -118.12991037053013, -118.12991037053013, -327.1005293658775, -327.1005293658775, -327.1005293658775, -327.1005293658775, -327.1005293658775, -327.1005293658775, -327.1005293658775, -327.1005293658775, -327.1005293658775, -327.1005293658775], 
[583.5335093192759, 583.5335093192759, 220.04454153754682, 220.04454153754682, 121.7121251202301, 121.7121251202301, 121.7121251202301, 7.384944453033654, 7.384944453033654, 7.384944453033654, -62.22268540448937, -94.28114124371399, -94.28114124371399, -200.09035008286247, -200.09035008286247, -200.09035008286247, -200.09035008286247, -200.09035008286247, -200.09035008286247, -204.06016057078745], 
[404.2187061522674, 404.2187061522674, 212.28777150685028, 212.28777150685028, 212.28777150685028, 212.28777150685028, 201.2832102862974, 20.661418809874476, 20.661418809874476, 20.661418809874476, 20.661418809874476, -43.20985566177177, -43.20985566177177, -43.20985566177177, -129.29571482323723, -171.63108355800955, -171.63108355800955, -198.81258599534402, -199.65825755278217, -227.9916749001245], 
[771.7191410482878, 771.7191410482878, 771.7191410482878, 403.06613817177833, 403.06613817177833, 114.8402681015358, 114.8402681015358, -27.19095176246708, -27.19095176246708, -27.19095176246708, -27.19095176246708, -99.74434388460503, -203.3254546299426, -203.3254546299426, -203.3254546299426, -203.3254546299426, -203.3254546299426, -203.3254546299426, -218.51772943009348, -218.64155461763465], 
[602.1683982593752, 602.1683982593752, 602.1683982593752, 265.523404242566, 265.523404242566, 265.523404242566, 265.523404242566, 137.25034592924533, 137.25034592924533, 70.53379140110962, 62.32141848813876, 28.181925427546844, 1.061381350822046, 1.061381350822046, 1.061381350822046, -80.92803452989432, -102.62943874028883, -102.62943874028883, -102.62943874028883, -274.35085903097774], 
[330.49896474283844, 330.49896474283844, 330.49896474283844, 330.49896474283844, -15.443151233811705, -53.276521952946894, -134.43089577993908, -134.43089577993908, -140.54606096845112, -140.54606096845112, -140.54606096845112, -140.54606096845112, -140.54606096845112, -311.65451700678443, -311.65451700678443, -311.65451700678443, -311.65451700678443, -311.65451700678443, -311.65451700678443, -311.65451700678443], 
[568.8111504476847, 403.929602491574, 403.929602491574, -61.01756202290176, -61.01756202290176, -61.01756202290176, -61.01756202290176, -61.01756202290176, -61.01756202290176, -111.42374943541921, -111.42374943541921, -111.42374943541921, -111.42374943541921, -111.42374943541921, -111.42374943541921, -111.42374943541921, -163.87904881892683, -163.87904881892683, -163.87904881892683, -163.87904881892683], 
[326.1851548192593, 110.75136529053987, 110.75136529053987, 110.75136529053987, 110.75136529053987, 110.75136529053987, 110.75136529053987, 110.75136529053987, 8.45628989929196, 8.45628989929196, 8.45628989929196, 8.45628989929196, -22.705911848038227, -22.705911848038227, -140.81375432777793, -140.81375432777793, -157.6300759401517, -157.6300759401517, -157.6300759401517, -197.50749719463852], 
[148.26759950226835, 148.26759950226835, 148.26759950226835, 148.26759950226835, 148.26759950226835, 148.26759950226835, 148.26759950226835, 148.26759950226835, 148.26759950226835, 148.26759950226835, 80.70816913808528, -14.705615181562678, -62.78388655291542, -62.78388655291542, -62.78388655291542, -62.78388655291542, -62.78388655291542, -171.42188297895996, -171.42188297895996, -171.42188297895996], 
[434.9135709660037, 434.9135709660037, 343.53325372001837, 86.7363582130098, 86.7363582130098, 86.7363582130098, -30.66695356454352, -30.66695356454352, -45.63030830950868, -45.63030830950868, -45.63030830950868, -45.63030830950868, -209.76627133557707, -225.61638650316502, -225.61638650316502, -225.61638650316502, -225.61638650316502, -295.47173969120115, -301.6735541016118, -301.6735541016118], 
[291.66423074644706, 231.18715501508427, 231.18715501508427, 231.18715501508427, -164.46603947133462, -164.46603947133462, -164.46603947133462, -164.46603947133462, -164.46603947133462, -164.46603947133462, -164.46603947133462, -192.2055528454154, -192.2055528454154, -192.2055528454154, -192.2055528454154, -224.0982527241975, -224.0982527241975, -224.0982527241975, -263.0385272542186, -263.0385272542186], 
[649.4388290133045, 649.4388290133045, 410.11037052215215, 96.06059078924113, 96.06059078924113, 96.06059078924113, 96.06059078924113, 96.06059078924113, 96.06059078924113, 96.06059078924113, 96.06059078924113, 42.51664422458032, -176.14623493417787, -218.6969756320609, -218.6969756320609, -257.8082186912578, -257.8082186912578, -257.8082186912578, -257.8082186912578, -257.8082186912578], 
[190.47908650958402, 190.47908650958402, 190.47908650958402, 190.47908650958402, 190.47908650958402, 190.47908650958402, 188.01053319230675, 188.01053319230675, -57.253898169491606, -158.1685451293016, -158.1685451293016, -158.1685451293016, -158.1685451293016, -158.1685451293016, -158.1685451293016, -158.1685451293016, -158.1685451293016, -158.1685451293016, -164.42713944414288, -234.62932564342583], 
[961.0560679304149, 961.0560679304149, 961.0560679304149, 686.5222530404092, 686.5222530404092, 471.63841591811536, 396.23045112534135, 396.23045112534135, 396.23045112534135, 289.9924804422503, 283.74831964618306, 30.95316997674047, -47.91135113011762, -47.91135113011762, -126.63189246716502, -126.63189246716502, -126.63189246716502, -126.63189246716502, -126.63189246716502, -126.63189246716502], 
[545.8361737392145, 545.8361737392145, 354.7081002373228, 173.86798782789594, 173.86798782789594, 173.86798782789594, 173.86798782789594, 173.86798782789594, -77.40381448481071, -77.40381448481071, -77.40381448481071, -99.3982449602102, -169.57147443736625, -169.57147443736625, -219.4322082211296, -219.4322082211296, -219.4322082211296, -219.4322082211296, -219.4322082211296, -219.4322082211296], 
[1010.3246630906922, 734.483520898533, 314.0737280938861, 298.24340903204234, 298.24340903204234, 298.24340903204234, 298.24340903204234, 281.56958504203624, 281.56958504203624, 234.64869222782625, -57.01977568228284, -57.01977568228284, -92.44030917102367, -92.44030917102367, -92.44030917102367, -117.1936114309504, -117.1936114309504, -233.60400027399368, -330.11094030659973, -330.11094030659973], 
[1227.730869162795, 1227.730869162795, 1161.5558441998885, 1019.1602027524666, 513.0545372244554, 256.60861579775496, 256.60861579775496, 115.5008823268987, 115.5008823268987, 5.098747219955214, 5.098747219955214, -34.296711901227354, -76.65228158961372, -76.65228158961372, -104.64809988894314, -104.64809988894314, -163.65337785018215, -266.8360489922967, -266.8360489922967, -272.11017384198624], 
[321.67087756246303, -64.76254799339642, -64.76254799339642, -64.76254799339642, -64.76254799339642, -64.76254799339642, -64.76254799339642, -64.76254799339642, -64.76254799339642, -64.76254799339642, -64.76254799339642, -64.76254799339642, -64.76254799339642, -64.76254799339642, -106.16406549479484, -106.16406549479484, -137.58243282414247, -195.63269462977314, -258.96030838388873, -258.96030838388873], 
[447.0355809517205, 435.914349990524, 435.914349990524, 347.83295834515263, 347.83295834515263, 347.83295834515263, 220.67319698890321, 211.75626965286278, 211.75626965286278, -45.27199905922885, -45.27199905922885, -45.27199905922885, -45.27199905922885, -179.99882729837577, -179.99882729837577, -179.99882729837577, -277.94826160910236, -277.94826160910236, -277.94826160910236, -281.4610276892646], 
