[659.893216549631, 659.893216549631, 554.3554542150778, 554.3554542150778, 336.29592051596217, 308.2277115770364, 308.2277115770364, 113.04755667885547, -18.368777801149008, -18.368777801149008, -18.368777801149008, -105.36807552767306, -125.85005893006462, -125.85005893006462, -125.85005893006462, -125.85005893006462, -213.2925143820039, -313.97827547130817, -313.97827547130817, -313.97827547130817], 
[-181.96536664916272, -181.96536664916272, -181.96536664916272, -181.96536664916272, -181.96536664916272, -181.96536664916272, -181.96536664916272, -181.96536664916272, -181.96536664916272, -181.96536664916272, -183.44452927237114, -183.44452927237114, -183.44452927237114, -183.44452927237114, -194.43162162372187, -230.61773400853605, -230.61773400853605, -251.61102968367453, -260.4670000059681, -260.4670000059681], 
[479.179534040529, 479.179534040529, 340.0461852253068, 340.0461852253068, 284.15914886204814, 174.74342080565384, 174.74342080565384, 126.16825003530028, 126.16825003530028, -9.582312310472844, -68.24093689572703, -68.24093689572703, -68.24093689572703, -68.24093689572703, -68.24093689572703, -176.62255339836923, -195.13671036089244, -195.13671036089244, -195.13671036089244, -248.901695578577], 
[-19.859135666434668, -19.859135666434668, -19.859135666434668, -19.859135666434668, -19.859135666434668, -49.35486490547726, -49.35486490547726, -49.35486490547726, -49.35486490547726, -104.30457156844722, -104.30457156844722, -111.64459698740626, -115.70762275053039, -321.04418848150476, -321.04418848150476, -321.04418848150476, -321.04418848150476, -369.5817465100177, -369.5817465100177, -369.5817465100177], 
[651.636338173161, 597.8359817448029, 343.7435996116769, 343.7435996116769, 343.7435996116769, 3.285860435759048, 3.285860435759048, -81.83383577463763, -81.83383577463763, -81.83383577463763, -81.83383577463763, -81.83383577463763, -110.57366267234477, -110.57366267234477, -230.81573711313325, -263.49774563516974, -263.49774563516974, -263.49774563516974, -263.49774563516974, -263.49774563516974], 
[-54.97748300886826, -54.97748300886826, -54.97748300886826, -54.97748300886826, -54.97748300886826, -54.97748300886826, -54.97748300886826, -54.97748300886826, -54.97748300886826, -238.95591947344394, -238.95591947344394, -238.95591947344394, -238.95591947344394, -238.95591947344394, -238.95591947344394, -238.95591947344394, -238.95591947344394, -238.95591947344394, -238.95591947344394, -238.95591947344394], 
[727.5379911015687, 327.993990372188, 327.993990372188, 327.993990372188, -52.27339863377932, -52.27339863377932, -52.27339863377932, -52.27339863377932, -52.27339863377932, -52.27339863377932, -52.27339863377932, -52.27339863377932, -52.27339863377932, -52.27339863377932, -52.27339863377932, -69.76204323552969, -69.76204323552969, -69.76204323552969, -121.79001161892927, -121.79001161892927], 
[650.7504386571952, 235.16210971622263, 235.16210971622263, 53.406574558930174, 53.406574558930174, 53.406574558930174, 53.406574558930174, 11.83335636654408, -59.143109473889126, -59.143109473889126, -59.143109473889126, -61.798479187201906, -61.798479187201906, -61.798479187201906, -61.798479187201906, -156.3349603123848, -156.3349603123848, -156.3349603123848, -156.3349603123848, -156.3349603123848], 
[-75.95471577909166, -75.95471577909166, -75.95471577909166, -75.95471577909166, -75.95471577909166, -75.95471577909166, -75.95471577909166, -75.95471577909166, -91.12729641156244, -91.12729641156244, -164.2310128410707, -164.2310128410707, -164.2310128410707, -164.2310128410707, -164.2310128410707, -164.2310128410707, -164.2310128410707, -164.2310128410707, -164.2310128410707, -186.4697549620438], 
[632.2071753413215, 603.8757287208323, 355.0522086438332, 176.9381631936319, 176.9381631936319, 119.66555982532009, 119.66555982532009, 52.46629845032635, 32.59264576193641, 32.59264576193641, 32.59264576193641, 32.59264576193641, 32.59264576193641, 32.59264576193641, -11.800174977646066, -127.91137927125584, -159.76157199631393, -180.6946697474723, -180.6946697474723, -180.6946697474723], 
[571.040524211694, 294.4307924859653, 294.4307924859653, 294.4307924859653, 294.4307924859653, 294.4307924859653, 98.74768446666849, 98.74768446666849, 98.74768446666849, 98.74768446666849, 98.74768446666849, -34.98489338284128, -34.98489338284128, -163.38885601376955, -163.38885601376955, -163.38885601376955, -163.38885601376955, -163.38885601376955, -250.02902367211323, -257.6657427261216], 
[1068.974715074716, 576.9294891691984, 576.9294891691984, 576.9294891691984, 144.05071996561514, 112.20175222827083, 112.20175222827083, 112.20175222827083, 112.20175222827083, 15.70358792779507, 15.70358792779507, -75.85657069835537, -75.85657069835537, -75.85657069835537, -75.85657069835537, -148.59592717180544, -163.76156878984568, -181.6696185931782, -227.27781652972362, -296.94336311376367], 
[764.7192810508318, 764.7192810508318, 591.4565643462881, 490.64173006382964, 349.3832449195344, -12.286943176042996, -12.286943176042996, -245.31430336205256, -245.31430336205256, -245.31430336205256, -245.31430336205256, -245.31430336205256, -296.29467873985647, -296.29467873985647, -296.29467873985647, -296.29467873985647, -296.29467873985647, -296.29467873985647, -309.2784223819459, -309.2784223819459], 
[459.7136299216262, 378.87230281352186, 176.04316423220882, 176.04316423220882, 176.04316423220882, 135.37988478691284, 135.37988478691284, 91.91067338075015, 47.498504596462, 47.498504596462, 47.498504596462, -139.14520818228954, -139.14520818228954, -139.14520818228954, -139.14520818228954, -140.52327850557987, -142.6011221355464, -142.6011221355464, -142.6011221355464, -142.6011221355464], 
[1189.040454317863, 1189.040454317863, 871.7012448069474, 707.6595735118563, 134.51541502081136, 134.51541502081136, 3.041608871789208, 1.5908988674428315, 1.5908988674428315, 1.5908988674428315, -44.35233049314155, -44.35233049314155, -44.35233049314155, -92.02617288429627, -239.6671081031049, -291.3039741023633, -291.3039741023633, -291.3039741023633, -291.3039741023633, -291.3039741023633], 
[1029.8322664547952, 1029.8322664547952, 1029.8322664547952, 560.2000433842611, 560.2000433842611, 224.69111584917664, 224.69111584917664, 224.69111584917664, 224.69111584917664, 192.90890669023952, -8.641771737715374, -76.54165308485523, -76.54165308485523, -76.54165308485523, -76.54165308485523, -76.54165308485523, -76.54165308485523, -104.50750465623116, -104.50750465623116, -113.8604905698661], 
[766.5051494363979, 610.5742178881837, 494.0294607176809, 335.2871646880118, 335.2871646880118, 328.42621505245165, 328.42621505245165, 183.26891108537882, 138.4647728101653, 33.30202663331943, 33.30202663331943, 0.4681165076036109, 0.4681165076036109, 0.4681165076036109, 0.4681165076036109, -109.3916507216299, -176.33990603712607, -222.58313421739285, -222.58313421739285, -228.8139847921753], 
[902.9353682695087, 129.90050454332595, 129.90050454332595, 129.90050454332595, 129.90050454332595, -109.34853480635246, -109.34853480635246, -109.34853480635246, -109.34853480635246, -166.3329261773544, -166.3329261773544, -166.3329261773544, -166.3329261773544, -324.8960532598883, -324.8960532598883, -324.8960532598883, -324.8960532598883, -324.8960532598883, -330.4682113131621, -330.4682113131621], 
[854.2725429186082, 497.6125300278154, 497.6125300278154, 497.6125300278154, 368.8292553968371, 368.8292553968371, 368.8292553968371, -201.09905852500987, -201.09905852500987, -201.09905852500987, -201.09905852500987, -201.09905852500987, -201.09905852500987, -224.4224546754907, -224.4224546754907, -224.4224546754907, -296.4950516671115, -296.4950516671115, -296.4950516671115, -296.4950516671115], 
[864.5027859102725, 323.2004489532608, 323.2004489532608, 323.2004489532608, 323.2004489532608, 323.2004489532608, 323.2004489532608, 323.2004489532608, 31.905713570327634, 31.905713570327634, 31.905713570327634, -57.5206302829294, -57.5206302829294, -74.73441413923473, -151.37626269856753, -231.1899967617236, -231.1899967617236, -231.1899967617236, -231.1899967617236, -231.1899967617236], 
[749.2617911209611, 749.2617911209611, 374.63207805418915, 374.63207805418915, 284.4581670424959, 284.4581670424959, 132.61590883944916, -72.21770164478818, -72.21770164478818, -117.5908741083843, -117.5908741083843, -117.5908741083843, -117.5908741083843, -117.5908741083843, -165.47620915692175, -165.47620915692175, -165.47620915692175, -165.47620915692175, -165.47620915692175, -165.47620915692175], 
[493.5212735759558, 493.5212735759558, 493.5212735759558, 493.5212735759558, 211.33079116153453, 211.33079116153453, 211.33079116153453, 71.81674825603045, 71.81674825603045, 71.81674825603045, 71.81674825603045, 46.40739929075107, 46.40739929075107, 46.40739929075107, -93.91193409923744, -93.91193409923744, -285.7716532326721, -285.7716532326721, -285.7716532326721, -285.7716532326721], 
[430.3196185226534, 255.71025574523117, 255.71025574523117, 255.71025574523117, 255.71025574523117, 57.09347459529317, 57.09347459529317, -81.24588859319016, -81.24588859319016, -259.1742791572822, -259.1742791572822, -259.1742791572822, -259.1742791572822, -259.1742791572822, -259.1742791572822, -283.0911132945672, -283.0911132945672, -283.0911132945672, -285.2879323336374, -285.2879323336374], 
[412.950917155552, 412.950917155552, 412.950917155552, 412.950917155552, 412.950917155552, 373.3607088954225, 373.3607088954225, 373.3607088954225, 86.99914472172804, -1.0779380744267542, -1.0779380744267542, -1.0779380744267542, -82.347357012222, -82.347357012222, -82.347357012222, -82.347357012222, -86.85994963388032, -86.85994963388032, -86.85994963388032, -156.650294155221], 
[468.7017098147661, 468.7017098147661, 468.7017098147661, 468.7017098147661, -3.757275647081485, -3.757275647081485, -21.661228140178764, -21.661228140178764, -21.661228140178764, -74.70698657611297, -305.15159801619166, -305.15159801619166, -305.15159801619166, -305.15159801619166, -305.15159801619166, -314.28922203742457, -314.28922203742457, -314.28922203742457, -314.28922203742457, -314.28922203742457], 
[923.8670342595083, 265.21302106967414, 265.21302106967414, 28.22648742366914, 28.22648742366914, -7.538994869789462, -7.538994869789462, -7.538994869789462, -7.538994869789462, -7.538994869789462, -7.538994869789462, -7.538994869789462, -7.538994869789462, -7.538994869789462, -41.07524933812948, -156.08411678681102, -156.08411678681102, -156.08411678681102, -156.08411678681102, -156.08411678681102], 
[20.129673447141727, 20.129673447141727, 20.129673447141727, 20.129673447141727, 20.129673447141727, 20.129673447141727, 20.129673447141727, 20.129673447141727, 20.129673447141727, 20.129673447141727, 20.129673447141727, -96.57830873876298, -96.57830873876298, -96.57830873876298, -96.57830873876298, -96.57830873876298, -96.57830873876298, -159.10602251481293, -159.10602251481293, -159.10602251481293], 
[-189.00479654491426, -189.00479654491426, -189.00479654491426, -189.00479654491426, -189.00479654491426, -254.5531856275191, -254.5531856275191, -254.5531856275191, -378.3362142778208, -378.3362142778208, -378.3362142778208, -378.3362142778208, -378.3362142778208, -378.3362142778208, -378.3362142778208, -378.3362142778208, -378.3362142778208, -395.0175877684889, -395.0175877684889, -395.0175877684889], 
[643.9911263537608, 308.0505397607053, 304.6634282460949, 304.6634282460949, 249.91266612290622, 249.91266612290622, 249.91266612290622, -22.46586197332431, -22.46586197332431, -170.0575433524911, -170.0575433524911, -170.0575433524911, -203.60019891640133, -203.60019891640133, -203.60019891640133, -203.60019891640133, -203.60019891640133, -203.60019891640133, -203.60019891640133, -203.60019891640133], 
[1039.4175529733488, 1039.4175529733488, 1014.5272756731799, 412.90900149967274, 412.90900149967274, 54.54630820199475, 54.54630820199475, 54.54630820199475, 54.54630820199475, 54.54630820199475, 54.54630820199475, -188.37531048999443, -188.37531048999443, -188.37531048999443, -188.37531048999443, -188.37531048999443, -188.37531048999443, -188.37531048999443, -248.30323788026456, -289.4735315709828], 
