[20.985060280986406, 20.794450640835453, 20.794450640835453, 20.794450640835453, 20.794450640835453, 20.794450640835453, 20.794450640835453, 20.765753124807457, 20.765753124807457, 20.765753124807457, 20.59613630511298, 20.59613630511298, 20.59613630511298, 20.59613630511298, 20.59613630511298, 20.59613630511298, 20.59613630511298, 20.59613630511298, 20.59613630511298, 20.59613630511298], 
[20.65199112905498, 20.65199112905498, 20.65199112905498, 20.65199112905498, 20.65199112905498, 20.65199112905498, 20.598565829165427, 20.598565829165427, 20.598565829165427, 20.598565829165427, 20.598565829165427, 20.598565829165427, 20.598565829165427, 20.598565829165427, 20.598565829165427, 20.598565829165427, 20.515840922840862, 20.515840922840862, 20.515840922840862, 20.515840922840862], 
[20.813982107631123, 20.813982107631123, 20.813982107631123, 20.813982107631123, 20.738984926457686, 20.55696851217743, 20.55696851217743, 20.46804822931757, 20.46804822931757, 20.46804822931757, 20.46804822931757, 20.46804822931757, 20.46804822931757, 20.46804822931757, 20.46804822931757, 20.46804822931757, 20.46804822931757, 20.46804822931757, 20.46804822931757, 20.46804822931757], 
[20.762313709363916, 20.762313709363916, 20.762313709363916, 20.762313709363916, 20.70817291604282, 20.70817291604282, 20.70817291604282, 20.619147116645642, 20.619147116645642, 20.619147116645642, 20.619147116645642, 20.619147116645642, 20.619147116645642, 20.619147116645642, 20.619147116645642, 20.619147116645642, 20.619147116645642, 20.619147116645642, 20.619147116645642, 20.619147116645642], 
[20.83968346020851, 20.83968346020851, 20.83968346020851, 20.713569889475515, 20.713569889475515, 20.713569889475515, 20.622349170918223, 20.622349170918223, 20.622349170918223, 20.622349170918223, 20.622349170918223, 20.622349170918223, 20.518685738744036, 20.518685738744036, 20.518685738744036, 20.518685738744036, 20.518685738744036, 20.518685738744036, 20.518685738744036, 20.518685738744036], 
[20.89253534715303, 20.89253534715303, 20.75039612194208, 20.75039612194208, 20.75039612194208, 20.75039612194208, 20.539340522247297, 20.539340522247297, 20.539340522247297, 20.539340522247297, 20.539340522247297, 20.539340522247297, 20.539340522247297, 20.539340522247297, 20.539340522247297, 20.539340522247297, 20.539340522247297, 20.539340522247297, 20.539340522247297, 20.539340522247297], 
[20.66651092332916, 20.66651092332916, 20.66651092332916, 20.66651092332916, 20.66651092332916, 20.66651092332916, 20.66651092332916, 20.66651092332916, 20.632612586477823, 20.632612586477823, 20.619319426533632, 20.619319426533632, 20.619319426533632, 20.619319426533632, 20.619319426533632, 20.619319426533632, 20.619319426533632, 20.619319426533632, 20.56943963032552, 20.56943963032552], 
[20.816873231466104, 20.816873231466104, 20.816873231466104, 20.78626939472085, 20.584714700387572, 20.584714700387572, 20.584714700387572, 20.584714700387572, 20.584714700387572, 20.584714700387572, 20.584714700387572, 20.584714700387572, 20.584714700387572, 20.584714700387572, 20.584714700387572, 20.584714700387572, 20.584714700387572, 20.584714700387572, 20.584714700387572, 20.584714700387572], 
[20.936143095444773, 20.936143095444773, 20.863052981471707, 20.863052981471707, 20.863052981471707, 20.863052981471707, 20.843813701854373, 20.816620018959803, 20.806772587403373, 20.44201805356277, 20.44201805356277, 20.44201805356277, 20.44201805356277, 20.44201805356277, 20.44201805356277, 20.44201805356277, 20.44201805356277, 20.44201805356277, 20.44201805356277, 20.44201805356277], 
[20.607630203143017, 20.607630203143017, 20.607630203143017, 20.418799595936285, 20.418799595936285, 20.418799595936285, 20.418799595936285, 20.418799595936285, 20.418799595936285, 20.418799595936285, 20.418799595936285, 20.418799595936285, 20.418799595936285, 20.418799595936285, 20.418799595936285, 20.418799595936285, 20.418799595936285, 20.418799595936285, 20.418799595936285, 20.418799595936285], 
[20.85416037955958, 20.64272241192642, 20.64272241192642, 20.64272241192642, 20.64272241192642, 20.64272241192642, 20.64272241192642, 20.64272241192642, 20.64272241192642, 20.64272241192642, 20.64272241192642, 20.64272241192642, 20.64272241192642, 20.64272241192642, 20.64272241192642, 20.64272241192642, 20.64272241192642, 20.64272241192642, 20.64272241192642, 20.620732722824602], 
[20.481246801603557, 20.481246801603557, 20.481246801603557, 20.481246801603557, 20.481246801603557, 20.481246801603557, 20.481246801603557, 20.481246801603557, 20.481246801603557, 20.481246801603557, 20.481246801603557, 20.481246801603557, 20.481246801603557, 20.481246801603557, 20.481246801603557, 20.481246801603557, 20.481246801603557, 20.481246801603557, 20.481246801603557, 20.481246801603557], 
[20.768819847256545, 20.768819847256545, 20.768819847256545, 20.768819847256545, 20.73319495914923, 20.73319495914923, 20.73319495914923, 20.648260825964034, 20.648260825964034, 20.648260825964034, 20.648260825964034, 20.648260825964034, 20.648260825964034, 20.648260825964034, 20.648260825964034, 20.648260825964034, 20.648260825964034, 20.648260825964034, 20.648260825964034, 20.648260825964034], 
[20.885390435534443, 20.71471256248685, 20.71471256248685, 20.71471256248685, 20.71471256248685, 20.71471256248685, 20.71471256248685, 20.71471256248685, 20.71471256248685, 20.49440332332331, 20.49440332332331, 20.49440332332331, 20.49440332332331, 20.49440332332331, 20.49440332332331, 20.49440332332331, 20.49440332332331, 20.49440332332331, 20.49440332332331, 20.49440332332331], 
[20.959211867385086, 20.883693197071356, 20.839333319095747, 20.839333319095747, 20.82523494846782, 20.734222741735255, 20.734222741735255, 20.684738363936436, 20.684738363936436, 20.536912210150575, 20.536912210150575, 20.536912210150575, 20.536912210150575, 20.536912210150575, 20.536912210150575, 20.536912210150575, 20.536912210150575, 20.536912210150575, 20.536912210150575, 20.536912210150575], 
[20.56523057658162, 20.56523057658162, 20.56523057658162, 20.56523057658162, 20.56523057658162, 20.56523057658162, 20.56523057658162, 20.56523057658162, 20.56523057658162, 20.56523057658162, 20.56523057658162, 20.56523057658162, 20.56523057658162, 20.56523057658162, 20.56523057658162, 20.56523057658162, 20.56523057658162, 20.56523057658162, 20.56523057658162, 20.56523057658162], 
[20.963120362909823, 20.767842053697457, 20.697103026253107, 20.697103026253107, 20.697103026253107, 20.697103026253107, 20.697103026253107, 20.697103026253107, 20.697103026253107, 20.697103026253107, 20.697103026253107, 20.697103026253107, 20.697103026253107, 20.628693349410874, 20.628693349410874, 20.628693349410874, 20.58622680412066, 20.58622680412066, 20.58622680412066, 20.58622680412066], 
[20.85428411730755, 20.85428411730755, 20.620779537910863, 20.620779537910863, 20.620779537910863, 20.620779537910863, 20.620779537910863, 20.620779537910863, 20.620779537910863, 20.620779537910863, 20.620779537910863, 20.620779537910863, 20.620779537910863, 20.620779537910863, 20.620779537910863, 20.620779537910863, 20.620779537910863, 20.620779537910863, 20.620779537910863, 20.620779537910863], 
[20.898029166857395, 20.73500108582224, 20.663548209238332, 20.663548209238332, 20.663548209238332, 20.663548209238332, 20.663548209238332, 20.663548209238332, 20.663548209238332, 20.663548209238332, 20.663548209238332, 20.59151034874331, 20.59151034874331, 20.59151034874331, 20.59151034874331, 20.59151034874331, 20.59151034874331, 20.59151034874331, 20.57436865469075, 20.57436865469075], 
[20.78118852143946, 20.78118852143946, 20.78118852143946, 20.61237738547512, 20.582219530315264, 20.582219530315264, 20.582219530315264, 20.582219530315264, 20.582219530315264, 20.582219530315264, 20.582219530315264, 20.582219530315264, 20.582219530315264, 20.582219530315264, 20.582219530315264, 20.582219530315264, 20.582219530315264, 20.51455532232503, 20.51455532232503, 20.51455532232503], 
[20.844546463931866, 20.79462571312807, 20.79462571312807, 20.79462571312807, 20.777179776121937, 20.755556670730044, 20.755556670730044, 20.755556670730044, 20.755556670730044, 20.755556670730044, 20.732578498923573, 20.732578498923573, 20.732578498923573, 20.727522410289048, 20.558369284622493, 20.558369284622493, 20.558369284622493, 20.558369284622493, 20.558369284622493, 20.558369284622493], 
[20.812298632035755, 20.812298632035755, 20.812298632035755, 20.797544484682668, 20.616092611363143, 20.616092611363143, 20.616092611363143, 20.616092611363143, 20.48761864705735, 20.48761864705735, 20.48761864705735, 20.48761864705735, 20.48761864705735, 20.48761864705735, 20.48761864705735, 20.48761864705735, 20.48761864705735, 20.48761864705735, 20.48761864705735, 20.48761864705735], 
[20.847261713083075, 20.830411020474866, 20.644346170163402, 20.644346170163402, 20.644346170163402, 20.644346170163402, 20.644346170163402, 20.644346170163402, 20.644346170163402, 20.644346170163402, 20.644346170163402, 20.644346170163402, 20.644346170163402, 20.644346170163402, 20.36433724635662, 20.36433724635662, 20.36433724635662, 20.36433724635662, 20.36433724635662, 20.36433724635662], 
[20.951575880202917, 20.813370214129073, 20.813370214129073, 20.813370214129073, 20.489172533498092, 20.489172533498092, 20.489172533498092, 20.489172533498092, 20.489172533498092, 20.489172533498092, 20.489172533498092, 20.489172533498092, 20.489172533498092, 20.489172533498092, 20.489172533498092, 20.489172533498092, 20.489172533498092, 20.489172533498092, 20.489172533498092, 20.489172533498092], 
