[573.1711830457893, 573.1711830457893, 573.1711830457893, 573.1711830457893, 292.72066771072014, -39.884613963689844, -39.884613963689844, -39.884613963689844, -39.884613963689844, -39.884613963689844, -39.884613963689844, -90.5205392361292, -120.96799469070174, -120.96799469070174, -120.96799469070174, -130.23781266082517, -191.45358886499423, -219.22043613415576, -245.60799286258543, -250.55935589704634], 
[778.2999631000587, 778.2999631000587, 778.2999631000587, 381.73772906466456, 381.73772906466456, 381.73772906466456, 101.57765665793158, -82.41232760151377, -82.41232760151377, -82.41232760151377, -82.41232760151377, -82.41232760151377, -214.10764423356164, -214.10764423356164, -214.10764423356164, -276.6844759517147, -276.6844759517147, -288.34042123874, -288.34042123874, -295.347606791761], 
[-18.68544753318173, -18.68544753318173, -18.68544753318173, -18.68544753318173, -18.68544753318173, -18.68544753318173, -18.68544753318173, -65.72219406616165, -65.72219406616165, -65.72219406616165, -65.72219406616165, -196.3475575797055, -196.3475575797055, -196.3475575797055, -196.3475575797055, -196.3475575797055, -210.89567622022463, -210.89567622022463, -210.89567622022463, -259.466629965607], 
[261.88162446120543, 261.88162446120543, 261.88162446120543, 237.99487997685367, 138.98962751541455, 138.98962751541455, 138.98962751541455, 138.98962751541455, 138.98962751541455, -85.41426446888289, -85.41426446888289, -85.41426446888289, -85.41426446888289, -108.00346096507604, -129.9840965315375, -129.9840965315375, -129.9840965315375, -129.9840965315375, -149.8119265732795, -149.8119265732795], 
[622.0207781224985, 622.0207781224985, 622.0207781224985, 212.79541987063521, 212.79541987063521, 93.84648356421121, 93.84648356421121, -140.39678563391323, -140.39678563391323, -140.39678563391323, -140.39678563391323, -140.39678563391323, -140.39678563391323, -140.39678563391323, -140.39678563391323, -140.39678563391323, -214.08626899454885, -214.08626899454885, -214.08626899454885, -239.33645809178853], 
[39.24547962929171, 39.24547962929171, 39.24547962929171, 39.24547962929171, -128.26790919552553, -128.26790919552553, -128.26790919552553, -128.26790919552553, -128.26790919552553, -128.26790919552553, -298.18781119179073, -298.18781119179073, -298.18781119179073, -298.18781119179073, -298.18781119179073, -298.18781119179073, -298.18781119179073, -298.18781119179073, -298.18781119179073, -298.40674383384487], 
[602.6155215981585, 602.6155215981585, 247.6045247049443, 247.6045247049443, 247.6045247049443, 247.6045247049443, 247.6045247049443, -23.378867309520615, -23.378867309520615, -23.378867309520615, -23.378867309520615, -23.378867309520615, -23.378867309520615, -167.19743367639842, -167.19743367639842, -167.19743367639842, -167.19743367639842, -167.19743367639842, -179.39793448054866, -197.1352793354373], 
[395.58435339540824, 395.58435339540824, 395.58435339540824, -163.37572987915718, -163.37572987915718, -163.37572987915718, -163.37572987915718, -169.67017537349284, -169.67017537349284, -169.67017537349284, -169.67017537349284, -169.67017537349284, -169.67017537349284, -169.67017537349284, -169.67017537349284, -169.67017537349284, -169.67017537349284, -169.67017537349284, -226.79626257457875, -226.79626257457875], 
[474.4074767843384, 221.4725080851548, 145.00566740495742, 92.15505714246069, 92.15505714246069, 35.688508733139315, 35.688508733139315, 35.688508733139315, 35.688508733139315, -88.85878746261744, -88.85878746261744, -88.85878746261744, -88.85878746261744, -88.85878746261744, -88.85878746261744, -88.85878746261744, -100.32905057483032, -185.22993258516976, -185.22993258516976, -235.11497739079522], 
[288.0950553804388, 288.0950553804388, 226.27244517087547, 226.27244517087547, 226.27244517087547, 156.4704580116828, 156.4704580116828, 156.4704580116828, -113.12035096304191, -142.98897555986713, -335.7993943207955, -335.7993943207955, -335.7993943207955, -335.7993943207955, -335.7993943207955, -335.7993943207955, -335.7993943207955, -338.9423806251967, -338.9423806251967, -338.9423806251967], 
[553.5079020572948, 531.1425028505873, 531.1425028505873, 531.1425028505873, 500.9359946889689, 413.8214428163933, 251.47579324261653, -16.906088943864006, -16.906088943864006, -16.906088943864006, -16.906088943864006, -34.71944376327173, -55.27043197224765, -55.27043197224765, -94.20491394725747, -94.20491394725747, -96.11933904450285, -136.84882221477022, -225.56340470909072, -275.97788706030514], 
[601.6936232179467, 319.32452349222467, 319.32452349222467, 319.32452349222467, 16.193582683912723, 16.193582683912723, 16.193582683912723, -14.313630894689709, -14.313630894689709, -14.313630894689709, -14.313630894689709, -14.313630894689709, -39.08754409079444, -39.08754409079444, -143.91166061781058, -156.2839546115606, -156.2839546115606, -156.2839546115606, -219.70642659675974, -219.70642659675974], 
[378.51347891932096, -59.02136500095827, -59.02136500095827, -59.02136500095827, -59.02136500095827, -59.02136500095827, -59.02136500095827, -59.02136500095827, -59.02136500095827, -59.02136500095827, -59.02136500095827, -59.02136500095827, -59.02136500095827, -138.59568753050894, -190.1423650703552, -190.1423650703552, -190.1423650703552, -190.1423650703552, -190.1423650703552, -215.73033924828997], 
[968.4276207968874, 968.4276207968874, 823.2152384955727, 762.097287095952, 386.10098177072484, 220.6904230999179, 8.003836973619741, -66.23284155871357, -119.22857755049608, -119.22857755049608, -119.22857755049608, -179.19375724187194, -179.19375724187194, -179.19375724187194, -179.19375724187194, -217.03100751295523, -217.03100751295523, -217.03100751295523, -217.03100751295523, -246.25209205834935], 
[484.3738319341603, 433.545499613468, 400.6376919732787, 400.6376919732787, 400.6376919732787, 400.6376919732787, 57.08713948574075, -152.84849078342654, -152.84849078342654, -152.84849078342654, -152.84849078342654, -152.84849078342654, -152.84849078342654, -152.84849078342654, -152.84849078342654, -152.84849078342654, -293.8544042476749, -293.8544042476749, -329.5668019311973, -329.5668019311973], 
[800.8023483392728, 763.0016659400453, 763.0016659400453, 286.7450821627723, 286.7450821627723, 165.1431579689032, 165.1431579689032, 16.666476736119535, 16.666476736119535, 16.666476736119535, 16.666476736119535, 12.85024526537768, 12.85024526537768, 12.85024526537768, -17.08645095026543, -17.08645095026543, -142.29541413594626, -142.29541413594626, -271.3648252042658, -295.9320929140183], 
[367.5858314924567, 367.5858314924567, 266.02162617313525, 266.02162617313525, 266.02162617313525, 266.02162617313525, 49.166433637387286, 49.166433637387286, -76.86001842908775, -76.86001842908775, -76.86001842908775, -76.86001842908775, -76.86001842908775, -212.62468740948418, -212.62468740948418, -212.62468740948418, -278.855579726458, -278.855579726458, -321.1302077913708, -321.1302077913708], 
[1219.7770413493636, 622.2878784321408, 504.6065502056679, 504.6065502056679, 504.6065502056679, -160.36628998076617, -160.36628998076617, -160.36628998076617, -274.8302930283087, -274.8302930283087, -274.8302930283087, -274.8302930283087, -274.8302930283087, -274.8302930283087, -274.8302930283087, -274.8302930283087, -274.8302930283087, -274.8302930283087, -274.8302930283087, -274.8302930283087], 
[829.2357081107778, 274.95503318725525, 270.5727553600515, 105.12630366427436, 105.12630366427436, 105.12630366427436, 105.12630366427436, 105.12630366427436, 105.12630366427436, 105.12630366427436, -83.4794033850286, -83.4794033850286, -83.4794033850286, -83.4794033850286, -83.4794033850286, -86.79211274381458, -86.79211274381458, -86.79211274381458, -86.79211274381458, -131.81878618059932], 
[466.39593499583236, 399.194504869208, 189.06232049947232, 189.06232049947232, 93.9143515347489, 93.9143515347489, 93.9143515347489, 70.94775439420732, 70.94775439420732, 70.94775439420732, 70.94775439420732, 53.96131861137974, -33.50659905927597, -46.27285382501054, -46.27285382501054, -46.27285382501054, -76.96272406126275, -142.52448470776562, -142.52448470776562, -142.52448470776562], 
[-61.585985640082924, -61.585985640082924, -61.585985640082924, -61.585985640082924, -61.585985640082924, -61.585985640082924, -61.585985640082924, -61.585985640082924, -123.01427377858829, -123.01427377858829, -123.01427377858829, -123.01427377858829, -146.42045936820335, -159.207099349082, -159.207099349082, -197.1055297444879, -197.1055297444879, -238.2404796385942, -238.2404796385942, -258.6083945393318], 
[592.8884816739649, 592.8884816739649, 592.8884816739649, 592.8884816739649, 278.43108570312893, 278.43108570312893, 278.43108570312893, 207.08190454538624, 195.50646505116356, 195.50646505116356, 195.50646505116356, -190.83062051161176, -190.83062051161176, -190.83062051161176, -298.5736864813, -298.5736864813, -389.81484781569964, -389.81484781569964, -389.81484781569964, -389.81484781569964], 
[-139.096522096066, -139.096522096066, -139.096522096066, -139.096522096066, -139.096522096066, -139.096522096066, -139.096522096066, -139.096522096066, -192.66422606124405, -192.66422606124405, -192.66422606124405, -192.66422606124405, -212.38943519414158, -212.38943519414158, -321.95769495269684, -321.95769495269684, -321.95769495269684, -327.06487603549385, -327.06487603549385, -330.8820267642669], 
[491.49186438313143, 491.49186438313143, 491.49186438313143, 270.59211804442214, 270.59211804442214, 121.48105021605488, 26.386506753726053, 26.386506753726053, 26.386506753726053, -206.15196758045948, -206.15196758045948, -206.15196758045948, -206.15196758045948, -206.15196758045948, -206.15196758045948, -211.43371702942648, -211.43371702942648, -211.43371702942648, -211.43371702942648, -211.43371702942648], 
[625.7153960753444, 340.365104479234, 340.365104479234, 307.44539283194365, 307.44539283194365, 307.44539283194365, 149.25755434388532, 0.032602916141570404, 0.032602916141570404, 0.032602916141570404, -225.79506694841274, -225.79506694841274, -233.15674177528615, -233.15674177528615, -233.15674177528615, -233.15674177528615, -233.15674177528615, -233.15674177528615, -260.00047751461415, -260.00047751461415], 
[239.30580557115604, 239.30580557115604, 239.30580557115604, 239.30580557115604, 239.30580557115604, 239.30580557115604, 72.89120023854628, 72.89120023854628, 72.89120023854628, -182.53724106401648, -182.53724106401648, -182.53724106401648, -232.4301064970188, -232.4301064970188, -232.4301064970188, -232.4301064970188, -232.4301064970188, -232.4301064970188, -232.4301064970188, -292.4036393476946], 
[439.37256683968053, 439.37256683968053, 439.37256683968053, 166.7746128275336, 166.7746128275336, 166.7746128275336, 166.7746128275336, 166.7746128275336, 166.7746128275336, 47.92533677881568, 47.92533677881568, -44.589989966464884, -44.589989966464884, -151.872096367457, -389.5758928420262, -389.5758928420262, -389.5758928420262, -416.036226235274, -416.036226235274, -416.036226235274], 
[879.9849232318668, 285.7097153556671, 285.7097153556671, 285.7097153556671, -30.340053075996877, -30.340053075996877, -30.340053075996877, -272.7598422976903, -272.7598422976903, -272.7598422976903, -272.7598422976903, -272.7598422976903, -272.7598422976903, -272.7598422976903, -272.7598422976903, -272.7598422976903, -300.6742759422531, -300.6742759422531, -300.6742759422531, -300.6742759422531], 
[611.6572705296849, 242.8575175326555, 242.8575175326555, 241.51028265766695, 241.51028265766695, -74.63006654112127, -74.63006654112127, -74.63006654112127, -74.63006654112127, -222.82120572266018, -222.82120572266018, -222.82120572266018, -222.82120572266018, -222.82120572266018, -222.82120572266018, -222.82120572266018, -222.82120572266018, -222.82120572266018, -254.7387084475505, -275.74206755035664], 
[1059.8482374273694, 311.8155136224533, 311.8155136224533, 311.8155136224533, 311.8155136224533, 311.8155136224533, 281.35065620997693, 263.9796386105435, 127.1002732073722, -129.1143729162332, -197.9231716192363, -197.9231716192363, -197.9231716192363, -197.9231716192363, -197.9231716192363, -238.12573000739638, -238.12573000739638, -238.12573000739638, -238.12573000739638, -263.9403036645108], 
