[162.9766406840611, 151.57510070080974, 119.4391749710621, 93.53719730148865, 78.18854545198475, 67.09761277712518, 65.4410849049166, 46.24073774545407, 44.289434496203526, 27.41432008222433, 27.41432008222433, 27.41432008222433, 27.01779798267188, 23.596257171774695, 23.596257171774695, 23.596257171774695, 22.37408239331655, 22.37408239331655, 20.41505336003035, 19.631274193343536], 
[214.7990299996219, 197.6239636452645, 88.74862398485871, 75.7042353893748, 67.47416209482037, 67.47416209482037, 67.47416209482037, 52.54304947864746, 52.54304947864746, 52.54304947864746, 48.77051949401681, 48.77051949401681, 45.79410391646286, 39.144980250616314, 39.144980250616314, 29.129883415535303, 29.129883415535303, 29.129883415535303, 28.385264834351506, 28.385264834351506], 
[175.8524499032919, 175.8524499032919, 71.6905076809739, 71.6905076809739, 62.615079788346335, 52.91297755816104, 51.39725650861817, 47.001635201779976, 40.70445827706317, 40.70445827706317, 36.4769739389491, 36.4769739389491, 28.190917385143468, 28.190917385143468, 28.190917385143468, 27.736730921202902, 27.736730921202902, 21.530750511876242, 21.530750511876242, 21.530750511876242], 
[167.9023351542574, 130.81004452383377, 65.45037463078889, 60.7441994905413, 40.82182645240573, 40.82182645240573, 40.82182645240573, 39.914948280439695, 32.06022598086227, 25.37514907780097, 25.37514907780097, 22.762332061107365, 22.746824678944034, 22.746824678944034, 21.426637080312787, 21.426637080312787, 21.426637080312787, 18.97079255456098, 18.97079255456098, 17.813158644608745], 
[182.58211967967728, 182.06843431733617, 71.29939549250857, 69.27685585618565, 54.316665963292, 54.316665963292, 54.316665963292, 35.715452593646404, 35.715452593646404, 35.715452593646404, 35.715452593646404, 35.715452593646404, 31.97196840741878, 28.81454379581271, 28.81454379581271, 28.81454379581271, 28.03228826504803, 28.03228826504803, 27.512685137458973, 22.42334523625503], 
[176.1121253224334, 176.1121253224334, 107.09891137645407, 67.44878273792841, 44.79877489170986, 44.197297364511535, 44.197297364511535, 42.0285411632646, 42.0285411632646, 40.55694908827814, 37.81495889020986, 32.49848735327826, 32.49848735327826, 32.49848735327826, 32.49848735327826, 32.49848735327826, 32.49848735327826, 32.49848735327826, 30.747682665827895, 30.216182401764712], 
[159.7924424427723, 137.0243141925862, 82.19976204038082, 58.59674219545757, 46.741622511888956, 34.833393141406376, 34.833393141406376, 34.833393141406376, 32.33361634409293, 29.42531720287391, 28.876717501901975, 27.89341056756791, 27.89341056756791, 25.309213425546808, 14.674725415808808, 14.674725415808808, 14.674725415808808, 14.674725415808808, 13.465748043892548, 13.465748043892548], 
[190.09775029390016, 181.97053217519337, 80.49838012922294, 80.49838012922294, 75.56915889990425, 56.029972735465826, 52.54217118364415, 52.54217118364415, 51.8542013538885, 41.56229288202927, 32.05609875910581, 28.2315688567912, 25.641795160621335, 25.641795160621335, 25.641795160621335, 25.641795160621335, 25.641795160621335, 25.641795160621335, 25.641795160621335, 24.197104147646886], 
[199.798472627642, 185.41032791160072, 95.86850162523386, 91.61298267646143, 88.47065881858427, 66.04740757747652, 55.27122520753539, 48.821790535979304, 38.84803031078337, 38.84803031078337, 34.60240110133323, 34.60240110133323, 32.321078235429184, 31.89569916067712, 31.89569916067712, 28.921187142264337, 28.921187142264337, 23.822975968351486, 23.22308811174331, 23.22308811174331], 
[157.1574489292451, 125.2796948992044, 72.39593703432433, 68.62265063312961, 36.788597926428444, 36.788597926428444, 36.788597926428444, 36.55258192073664, 28.728940872777866, 28.14094928182754, 28.14094928182754, 24.489906292985733, 17.357227339674452, 17.357227339674452, 17.357227339674452, 17.357227339674452, 16.876998419380616, 16.876998419380616, 15.384569496846442, 15.384569496846442], 
[116.15447640935528, 91.99423428455594, 80.83787312262821, 77.15758147263061, 77.15758147263061, 55.67257677539095, 55.67257677539095, 55.67257677539095, 49.80851916224866, 46.2153977548667, 46.2153977548667, 38.62455208641798, 38.1801775909722, 23.728317758499507, 23.728317758499507, 23.728317758499507, 23.728317758499507, 22.45884257088479, 22.45884257088479, 18.31078356129644], 
[179.14450727605606, 179.14450727605606, 103.37529462403837, 81.47769222471409, 78.11923216727489, 71.77115541351168, 71.77115541351168, 67.50320705165117, 55.89482200769446, 55.89482200769446, 55.89482200769446, 52.45880000318655, 51.26419757034052, 49.012417025129686, 47.34875779607902, 45.87743991851453, 43.87441890689948, 43.87441890689948, 38.776463059730986, 35.77509188408847], 
[183.66833918532186, 183.66833918532186, 89.49414703621572, 89.49414703621572, 77.05322019146978, 75.74172301106388, 69.51787936238456, 68.93136792866464, 56.435515928907925, 46.57263541369075, 46.57263541369075, 46.57263541369075, 46.57263541369075, 35.780435620321455, 35.780435620321455, 28.66368548579589, 28.66368548579589, 28.66368548579589, 17.668660537726304, 17.668660537726304], 
[164.8325341265147, 148.9869507730805, 79.91770416142634, 79.91770416142634, 54.98281706049733, 52.90132767134258, 39.281673422521585, 34.06146301185461, 34.06146301185461, 34.06146301185461, 33.143885554642786, 25.32474566727484, 25.32474566727484, 25.32474566727484, 25.32474566727484, 25.15075584954982, 22.1575114165393, 22.1575114165393, 21.9952164471472, 21.23987840505673], 
[143.55230315681032, 132.01277499552737, 88.77889119631558, 79.58262810593645, 75.73731197281779, 75.73731197281779, 64.70452240519492, 51.73706474781349, 51.73706474781349, 51.25160772408109, 51.02421371094362, 51.02421371094362, 49.74772772236659, 46.86232975751933, 46.24886548559379, 45.83206784880017, 42.582567646440836, 41.50224185173836, 41.50224185173836, 40.8893300753075], 
[165.30396663340375, 165.30396663340375, 68.08684009813078, 68.08684009813078, 60.13616577699087, 60.13616577699087, 60.13616577699087, 60.13616577699087, 57.06900129193662, 54.95742821788843, 38.3983354807004, 34.69959594614183, 34.69959594614183, 34.69959594614183, 34.69959594614183, 34.69959594614183, 32.770656442670955, 32.770656442670955, 32.770656442670955, 32.770656442670955], 
[202.6017427378281, 191.2429868180646, 95.45210636357749, 82.6832694660065, 53.24037251936851, 53.24037251936851, 53.24037251936851, 49.26082277395054, 49.26082277395054, 47.991496977409085, 47.991496977409085, 43.98275964931193, 40.343729445622955, 34.19404383211021, 33.08195997017614, 31.88813651782307, 31.88813651782307, 30.578976651360087, 30.578976651360087, 26.36292514443668], 
[148.32141509703692, 148.32141509703692, 106.54897379758057, 84.83845639625085, 79.87082003342408, 58.30493554469556, 56.90669425449678, 54.59359146778589, 46.96050765663576, 45.03968393794332, 44.16232727141719, 42.17117626975695, 42.17117626975695, 42.17117626975695, 40.642500060753946, 40.642500060753946, 37.363615588700014, 29.491008214077098, 29.491008214077098, 29.491008214077098], 
[183.93599865551477, 176.12260504814276, 87.75411604608583, 64.33114673024082, 61.199427478985754, 42.78168444450208, 42.78168444450208, 42.78168444450208, 42.78168444450208, 42.06405388476041, 38.68880532104623, 36.071360075430746, 33.120215595461865, 28.12749536413531, 27.978205129643015, 27.091576883928695, 21.407049860991457, 21.081995084075892, 21.081995084075892, 21.081995084075892], 
[183.43973266143433, 183.43973266143433, 78.39632660831363, 78.39632660831363, 78.39632660831363, 69.81829172204931, 51.58213530878028, 50.0437684308782, 50.0437684308782, 43.771105956808086, 41.5483341080285, 34.08919719967979, 34.08919719967979, 32.6542793516936, 27.56085608477076, 27.56085608477076, 21.505481548291346, 20.20301819467741, 18.662710221523902, 18.662710221523902], 
[200.0747574362505, 141.2655367810525, 104.0100286092012, 83.67817854472862, 71.37003945190716, 51.36469106584037, 51.36469106584037, 49.65063792736996, 46.80541984003662, 41.691132515599236, 41.691132515599236, 32.3184818848506, 29.491068683734976, 29.491068683734976, 29.491068683734976, 29.491068683734976, 29.491068683734976, 27.68551337385216, 23.76390207637853, 23.76390207637853], 
[141.70713938035382, 141.70713938035382, 93.16055683857905, 82.58401344199773, 69.03114071715757, 42.87970870492477, 42.87970870492477, 42.87970870492477, 38.53709150526577, 33.68457627831923, 33.68457627831923, 33.68457627831923, 33.68457627831923, 33.68457627831923, 27.345239555666936, 25.665726501980277, 25.665726501980277, 24.88733818255506, 22.651429972045456, 22.566605195513024], 
[182.88522942155646, 182.88522942155646, 73.17523614406518, 73.17523614406518, 64.75394778588758, 56.7985813333307, 55.82704233227761, 49.42599814538821, 47.30595257466492, 42.30260389967492, 31.712896230387173, 31.712896230387173, 31.712896230387173, 23.553333060784244, 23.553333060784244, 23.156843312963215, 23.156843312963215, 20.949302899666144, 20.304197844464312, 20.27397116893666], 
[191.2612495876028, 189.76840062151777, 72.10433879628985, 68.60996609589962, 56.453848157129855, 46.380486530225106, 46.380486530225106, 46.380486530225106, 46.380486530225106, 44.47463126452495, 44.47463126452495, 42.91184384469513, 42.91184384469513, 32.1612150537864, 32.1612150537864, 31.28855460933743, 31.28855460933743, 28.298741512433136, 21.13565261895408, 21.13565261895408], 
[194.25937985677803, 158.7108046712441, 103.69774154143789, 70.68004928708184, 58.22552019266884, 43.95226853809811, 39.74438959786098, 39.74438959786098, 39.74438959786098, 32.97232849151776, 32.97232849151776, 32.97232849151776, 32.97232849151776, 32.48129412252481, 32.48129412252481, 32.48129412252481, 24.692106019156228, 24.692106019156228, 24.692106019156228, 24.692106019156228], 
[199.48876086831282, 143.47573407395805, 101.23805874336988, 68.4768399737118, 63.469137735392, 63.469137735392, 56.60496519837918, 56.60496519837918, 56.60496519837918, 54.58838066287776, 51.85731590149834, 51.85731590149834, 51.85731590149834, 46.548677439954076, 46.548677439954076, 42.63766968421746, 42.63766968421746, 42.63766968421746, 37.5954790301592, 37.5954790301592], 
[188.23483991990759, 188.23483991990759, 82.17177506365947, 66.02037037871968, 43.885321479360115, 43.885321479360115, 43.885321479360115, 43.885321479360115, 43.885321479360115, 40.17579148488186, 38.21634462903489, 37.05988630468609, 33.34281958280279, 30.214165318068808, 30.214165318068808, 27.379652775726623, 25.94765596889115, 25.94765596889115, 25.94765596889115, 25.659846342901634], 
[157.25225206672008, 142.50112774309008, 92.20338701992817, 92.20338701992817, 85.88817088963141, 65.48037055764661, 65.48037055764661, 60.31207864107312, 51.7831245144472, 51.15303525244194, 48.715108982291085, 42.58496023644671, 36.468359690178104, 36.468359690178104, 30.378787239548195, 29.523415333409417, 25.52167946840863, 25.52167946840863, 23.147509708737793, 23.124530493665404], 
[189.11872073305148, 189.11872073305148, 79.8993414515738, 79.8993414515738, 79.8993414515738, 63.80308547545904, 63.80308547545904, 63.80308547545904, 48.529040114933984, 48.529040114933984, 48.529040114933984, 48.529040114933984, 48.529040114933984, 48.529040114933984, 46.752478969737865, 43.67141598317524, 42.771904318270245, 38.263474317437655, 33.77866713111945, 32.82611647506632], 
[187.7398553917674, 187.7398553917674, 101.75135297437944, 97.50697722225475, 71.56668825658382, 71.56668825658382, 70.36350303494356, 70.36350303494356, 56.96110280545859, 47.269617739848314, 44.673328768963515, 43.604070649432536, 43.604070649432536, 33.99851294841964, 28.530145068426272, 27.23642328638138, 25.899774130708572, 25.899774130708572, 23.727903210976372, 23.727903210976372], 
