[302.2729759208647, 239.34202561061318, -195.53095712448413, -226.05778220156128, -336.3908147329052, -360.17013811022025, -360.17013811022025, -377.57928667845965, -388.33044180250727, -422.5402788152469, -423.72931811858405, -443.675931269863, -451.1057420633308, -460.23046978406734, -475.1293944888613, -479.5684965845143, -485.6721743022531, -487.31488440142107, -490.13819727554136, -490.2205410070841], 
[720.4858970852972, 197.58860247929044, -197.6412357138463, -255.62852469607202, -360.14831837008273, -375.76577845118237, -394.8607186893771, -406.0040802657961, -430.5930426256238, -436.80031309253195, -448.4714827552543, -467.394508910356, -467.92727690469815, -482.1676649790089, -482.5496500379942, -488.50509104552367, -489.4402318414916, -489.85067345056115, -492.0496878728395, -493.2693076382162], 
[1062.6151996437634, 225.76051749163344, -222.11351300022784, -322.6126158765603, -432.14071091691164, -432.14071091691164, -432.14071091691164, -440.1622904654331, -448.46153878442726, -451.65297728772657, -471.1622658199604, -471.49366406608897, -475.51008996764375, -482.9587973231001, -485.27215467872605, -491.71623342973265, -491.71623342973265, -492.3917082776286, -493.7845483574587, -496.42909671164216], 
[518.8796686371641, 501.68001665823886, -136.32833255334958, -238.5538294071835, -302.5536756099506, -321.5302923766733, -354.5020670152826, -361.6628655720574, -406.33168376500595, -418.579495368871, -442.89549703084396, -442.89549703084396, -456.6956646480797, -470.0980874937037, -472.92823605235316, -472.92823605235316, -475.8345809841357, -484.7411874468677, -485.1377290361504, -487.1214644380342], 
[1096.0536533204174, 60.28407305891915, -80.35430408663399, -142.63741638805146, -239.3370089793745, -270.89522846763504, -305.25902364287094, -338.92374505815053, -363.48607341678826, -402.8372982450281, -424.4541338429696, -432.57143416290074, -443.5434085685454, -459.7739298557727, -462.09821556757055, -476.24307187641506, -480.6467740105669, -488.7343569731407, -488.7343569731407, -491.2324980531892], 
[931.8031138201318, 710.3918815825118, -267.5784750388729, -267.5784750388729, -317.5333256393072, -355.0732887138454, -371.3273688196948, -380.71264042697476, -407.5896041734318, -419.4750499607481, -442.95575048730063, -462.5729985197227, -463.384672921453, -471.73259023426334, -474.8331716564833, -484.1359459997729, -484.5667310735352, -490.0667314396702, -490.0667314396702, -491.65525355007554], 
[606.2761768100784, 566.0616421072293, -333.3953506132456, -333.3953506132456, -352.5586086067887, -381.75590963314545, -390.7348219100659, -409.7518512788732, -418.2983569521054, -433.5037176617156, -439.44663987995375, -447.4600067261794, -456.8572140219887, -473.58117768498425, -473.58117768498425, -480.33683562448425, -481.5781975341664, -486.08139750282925, -489.3196816006356, -490.0831017255141], 
[550.5044239316287, 550.5044239316287, -270.74803077709623, -290.62741998390516, -294.093798097681, -343.74201349972145, -381.4060694353118, -381.4060694353118, -427.0354896577952, -429.1147926612981, -432.46046301099034, -464.5399551938768, -473.78892513531866, -480.4214756334889, -480.4214756334889, -486.2060733440541, -489.0750515365427, -490.25569504629385, -492.18887405948067, -493.47473892028205], 
[1230.9908887711845, 347.88149992649915, -124.85007551394762, -159.80637967057265, -192.6161408349788, -313.51876422727923, -313.51876422727923, -326.63686443501723, -367.2392162596162, -402.4179305534626, -402.49735593401164, -425.0078799675418, -434.40017665386586, -443.03818892273136, -450.84716063980466, -469.6335720958719, -473.5337042765626, -477.487975171754, -483.6096154257104, -483.71740618322485], 
[839.7463417647336, 71.80954570043059, -253.09928147405208, -281.99472578690734, -332.00067359325817, -341.1032038042663, -347.795221454468, -368.97567458542835, -398.35862990273904, -425.677354343101, -431.9243499786881, -474.71909534215354, -474.71909534215354, -476.0487735085539, -482.1409832689194, -486.3778621587835, -492.0634855836997, -492.0634855836997, -493.5016517997126, -495.12822948839755], 
[598.6462648826077, 482.3264994091396, -305.0536351320087, -305.0536351320087, -305.0536351320087, -367.60525211874096, -368.6880967548629, -395.3086882206067, -413.5589054072272, -431.1847909592726, -442.26006090935607, -447.4919953125795, -459.0819751651843, -471.3991473437285, -472.0978753302746, -476.0033895581453, -479.9078217678011, -485.95785980152414, -489.42963651740047, -490.73514187734924], 
[731.718380725737, 324.02494780630957, -211.3256532064026, -257.0586705543168, -292.0571586359332, -296.4506412945925, -320.82377839312386, -359.74351060689327, -395.2202676256286, -417.94357519549, -420.8423903603077, -437.2107360287293, -450.5040408685604, -463.77531064504774, -472.64618541759603, -476.5539073901055, -477.8022401344589, -481.0665226085088, -483.44441793364746, -486.5163221793934], 
[-164.1434007298895, -164.1434007298895, -253.82173440802507, -284.3749535497726, -295.60243422745805, -321.7120816669228, -348.5526083056777, -373.5873233789302, -377.1858635077007, -393.4148178976327, -412.05329591749853, -430.1455410615772, -454.2548528025493, -458.61746565836086, -470.18091823617544, -471.125169343072, -475.1305304106834, -478.43051556034106, -482.50620261810263, -483.90609583120295], 
[584.7777011352578, 584.7777011352578, -307.2005086909218, -359.44487489659514, -361.3132718040075, -383.60367023431786, -393.0490932409091, -426.85161518433847, -426.85161518433847, -445.9160529575201, -446.2619945555262, -460.5240078463959, -467.33912547835354, -476.40535117579697, -480.89157083747307, -483.761647103937, -485.80463189077074, -490.2527028343224, -493.6664885156916, -494.07062215825124], 
[513.966720654551, 420.10310449520534, -239.1023905378089, -239.1023905378089, -353.69847437358453, -353.69847437358453, -353.69847437358453, -364.34231834327153, -380.522312964737, -402.1761362363997, -409.11625422806094, -442.1069338874636, -447.12384673347145, -460.3931480419275, -464.04445576512575, -470.335040104847, -478.99903428056814, -481.9303050906965, -483.8748695268737, -490.4393405896753], 
[500.9286393005751, 500.9286393005751, -106.10181845035862, -226.69536592491363, -238.4905609250879, -257.1718537693391, -293.8015204232304, -320.9999630556541, -334.37661187234005, -354.5799834589517, -388.8892589648462, -397.369625869225, -409.0495053154083, -422.40095223698677, -432.1976288385246, -440.4334991905188, -440.63552520145504, -456.53796259108105, -464.1211996297586, -467.570044878804], 
[919.4612859707304, 648.2299900460239, -126.58090317603848, -204.482610881144, -238.42254901019714, -305.91067008142306, -313.6659556077223, -365.8698003597872, -370.7631602057059, -410.3685569403831, -424.5422716580978, -424.5422716580978, -437.47143282352994, -459.57697579910274, -459.836342669839, -470.2639135927421, -472.4588778199138, -479.04979201738166, -484.42981574797767, -485.97942149480065], 
[670.3945154487994, 540.0011450952584, -368.8880077676692, -368.8880077676692, -368.8880077676692, -372.70632507292885, -387.39949187238363, -415.5540460055112, -430.60367966385706, -443.97417218769414, -458.23292647419254, -468.85066882097215, -474.3839629452059, -478.4194323453739, -481.1570684792196, -485.3048058831461, -485.80865627182146, -486.84090684491304, -490.5363976569922, -490.5363976569922], 
[624.3938525404099, 553.2771534029039, -160.21447912949554, -235.68505924564272, -263.9890152708271, -294.66632012910486, -322.84144928288333, -353.4983616545746, -376.00676614295674, -392.1461058810911, -399.3043679765549, -413.7949353673282, -436.14149710343844, -440.5618176062055, -458.5782744731026, -461.34865522245764, -468.98652053463206, -472.75575987573177, -482.253010470063, -484.58830542072843], 
[1254.0161800401804, 990.4335860978606, 56.25852637135745, -28.858503762290468, -28.858503762290468, -135.34787084196898, -150.07160836134136, -203.25715900674277, -220.07857027634884, -285.24268930352923, -294.23477579815335, -331.9301177095856, -345.1305019711553, -366.73078026306086, -389.2458332853076, -398.5089748578207, -409.7133658450628, -430.37773674555956, -440.39804555581355, -448.41773942637445], 
[719.6105482828282, 539.3839369736963, -168.53011224047776, -234.13781596241103, -234.13781596241103, -320.8951528713528, -321.8053890584881, -353.23277470036305, -365.2161794306616, -406.927683053299, -439.82719311190056, -454.50334400904353, -463.4156188251005, -463.4156188251005, -464.69514551024116, -471.12054034348824, -473.03020116345544, -484.0307802368285, -484.0307802368285, -489.7616419382624], 
[192.42327655038014, 135.59388082662906, 3.2595441731564847, -140.87331951483378, -170.70231956525652, -192.90971397966808, -236.89449254571736, -263.8879839627002, -297.0297493699119, -332.45844148542426, -350.7616499785856, -382.5955296847986, -412.55186528370706, -412.55186528370706, -429.47707939646244, -446.3316877010399, -446.3316877010399, -452.29855054070254, -460.0974486967533, -462.8021016918282], 
[241.05005179207615, 241.05005179207615, -108.37298537097615, -140.47919961926738, -187.31220002530716, -290.7595562803367, -328.6735540399594, -369.9529605152113, -415.0588853620642, -415.0588853620642, -416.8806970606403, -435.12897730908463, -455.2319073533047, -458.469440215699, -469.2458317377739, -469.2458317377739, -478.33030491555843, -479.7875336411217, -480.10587639768465, -481.4978690359717], 
[1133.1252166626446, 554.3438829348195, -28.960275508334576, -263.77745547751493, -269.4559454200127, -277.3768126046473, -292.9009160354425, -355.1104237045513, -374.09225964522096, -422.20829271174017, -422.20829271174017, -441.5302537051381, -450.9871014898474, -455.8702212134786, -460.50017966925276, -472.43638951373055, -474.28292936718026, -480.87256633913944, -483.15330604502816, -483.9061133800338], 
[426.144847349811, 426.144847349811, -306.60061135581793, -329.18233836161005, -352.62781764219903, -416.40430771671384, -418.5826337037714, -418.5826337037714, -441.95561176809133, -451.4894888961401, -451.4894888961401, -459.9080858246489, -472.7726752105681, -475.4360452664212, -483.6578012716251, -488.20847687724586, -489.7136730724813, -490.54135548364735, -493.0749740890108, -493.0749740890108], 
[429.2358390203765, 312.18738405102044, -220.6679261288868, -310.88179940825535, -393.4156799112544, -410.01163933322385, -410.01163933322385, -421.93090513462573, -433.5959349238428, -444.5717679588274, -457.15177361729536, -466.8474591604764, -474.2041067342475, -478.37546532970987, -480.8337521299237, -482.6093077668695, -484.73676652812685, -486.03362890377235, -489.1070728962849, -490.3825740498323], 
[639.6526616120389, 639.6526616120389, -89.5467768889568, -128.89613254985346, -226.59051382449752, -271.38165982968064, -298.28069271355525, -313.70335012058695, -348.83935941262916, -351.46790975438637, -386.3194771701724, -391.7381462581237, -401.9464425449071, -426.85568081114513, -431.80987476717377, -441.840359154011, -462.07615539038204, -462.07615539038204, -464.70372934617893, -471.683754913545], 
[382.74215217148753, 382.74215217148753, -78.12957995851946, -121.56411008201792, -249.6490742316988, -279.404791971398, -284.55573304302413, -355.40494607884534, -364.73635651799486, -399.6280671279277, -407.46422161515983, -427.8413257589764, -439.6249084220301, -448.67759049747144, -452.6469873999882, -459.257499130927, -468.49968645016827, -476.23936140174084, -476.23936140174084, -478.14711837358516], 
[365.6333516589258, 365.6333516589258, -182.90211032774596, -192.17120204161768, -271.56443383946475, -332.1443555975454, -338.7107599488438, -369.48822258819973, -392.18422529808333, -445.85730337060863, -446.09788607483614, -446.09788607483614, -457.55828935296853, -462.57695082838205, -472.3679502010188, -480.59935132026504, -483.8093148493912, -487.48163887179965, -489.6868436866823, -491.33357389084415], 
[578.5997364380121, 578.5997364380121, -167.4638886066744, -224.27474325892143, -287.604261535441, -292.8639708059543, -308.6560752249376, -380.17755658135644, -404.99636987929614, -419.73150229756465, -444.28915746752966, -444.28915746752966, -445.8975106990767, -458.25519788599456, -461.1965098738672, -468.9723730439311, -474.5475495414634, -476.1986238674942, -478.6997839504756, -482.0907720063147], 
