[46.781044516535076, 46.781044516535076, -202.23173625980394, -239.20781343614027, -286.22879501123947, -301.9695488763167, -344.2776895203037, -363.79819361029377, -389.5814246444618, -411.5799670626159, -434.180246613893, -450.256982160603, -454.60505793218516, -462.8360405598311, -465.7394913168132, -471.0109386497013, -479.77035548242054, -481.3706675037653, -483.0738843532042, -486.4012954481896], 
[357.5779945851358, 357.5779945851358, -287.1600082530528, -310.3920151199211, -362.28536450107947, -374.26577863306494, -374.26577863306494, -410.37430675157873, -416.50079926462183, -433.45603686084934, -433.9384190384379, -451.6095830228865, -465.93138891868847, -469.14537472868705, -475.59715249026857, -480.479642244757, -482.9638864956284, -484.8460202986849, -489.55540218644006, -489.55540218644006], 
[806.1537951531759, 806.1537951531759, -220.8162144202011, -287.40680921306677, -287.40680921306677, -313.08295280659416, -351.9206829942219, -362.0927361368372, -384.4099543996026, -401.77585250027664, -416.6761344749335, -450.4982716210974, -455.5412379557993, -463.98682341786844, -467.5126945559192, -470.95441783354494, -480.1780497678683, -480.1780497678683, -482.5850343486572, -488.87318549941864], 
[100.70988928164184, 100.70988928164184, -291.40740066678575, -294.9030203163601, -328.7156152988698, -355.4586414291891, -388.40358616724575, -393.5435808654607, -410.6496405817704, -429.24656940396295, -438.68096400099256, -452.20885906246446, -463.01161518958367, -474.1139668293044, -477.3448127223124, -481.7478950571834, -486.03074360339014, -486.9476423988422, -489.90046873886166, -491.4079685579234], 
[858.097000707681, 634.9102090810932, -148.6656981379686, -184.73828837504118, -281.3475713692983, -291.3680582390212, -356.8446043064139, -393.241268431589, -409.51700103703257, -410.5530742125517, -460.53204393386244, -466.26415702735386, -467.8580299957831, -471.242908448209, -476.7475434948498, -478.4283760214251, -483.0801319895933, -483.0801319895933, -486.20665388998526, -486.68045731295285], 
[790.4642461935002, 790.4642461935002, -153.52642081865116, -196.5493973008319, -220.2488310816886, -295.5594294839093, -329.8628627050883, -374.94108583278154, -407.84672869704775, -410.07507953291724, -419.3510215776257, -440.8045187797435, -444.6644135338291, -452.2686856697712, -461.45385042204583, -463.39798861990147, -473.83776985745493, -473.83776985745493, -479.00728096101926, -483.17133535258114], 
[514.1781576318535, 514.1781576318535, -110.09383725673871, -226.2319493493369, -364.14895683376676, -364.14895683376676, -415.7288872965898, -416.25387712768435, -416.25387712768435, -419.41574944156406, -432.520095848722, -439.7985438564827, -457.6318324968955, -464.9125648652472, -469.95458502566277, -472.18079907331617, -479.98207351430557, -480.2178669904339, -485.94160613482427, -486.6534965582104], 
[1210.1328564730095, 927.5386879983712, -143.50757751226445, -159.12000709674157, -197.7565701342403, -225.16015393225103, -286.0561822917176, -286.0561822917176, -322.13328754298243, -353.60762020193204, -389.4365864306003, -406.0893106260339, -420.60193110311184, -420.687731303573, -452.9538997526819, -452.9538997526819, -454.9667826317351, -465.4435899859629, -471.0608538715798, -479.15734101919094], 
[-145.99832216405383, -220.8390576152894, -305.53303661446535, -305.53303661446535, -369.14353516429594, -379.51114204793225, -406.3309384223809, -418.2081164164456, -427.44089123540283, -445.4177796429823, -453.29507077829186, -472.12751036617885, -474.8006882139776, -484.07322403070674, -485.41120322887423, -489.2345864752652, -489.27846736806976, -490.11837521770167, -493.30192089627207, -494.02554916116065], 
[464.1329459104346, 224.18282062091623, -308.219859796568, -316.40288471142054, -337.5407085420478, -352.0263714341063, -379.4046880901665, -395.6844818557965, -408.9206229458628, -435.16060974052766, -436.0336295725543, -449.2137290381852, -456.42221770272846, -461.3384227932078, -468.714166427215, -475.407038872342, -480.5313647921684, -484.91296638489086, -485.3401429738095, -488.81673963365006], 
[339.494963510916, 339.494963510916, -292.017710879599, -335.5286331278926, -335.5286331278926, -365.51903485402283, -379.97392040765675, -399.5467537891798, -415.19879108987146, -418.5993334702122, -431.52518973032477, -448.8740061720947, -456.7569531193659, -467.0903565307808, -475.1989740298852, -478.9552826682999, -481.9265333000378, -484.46016783542274, -492.13479985340393, -492.13479985340393], 
[845.9267771068203, 599.7710444272204, -241.93642041522952, -285.7438994226128, -301.4622185081633, -315.7237302624319, -357.805984279737, -383.0020920882521, -433.0292089660656, -459.805677221602, -459.805677221602, -462.5821412994349, -473.33367568571504, -485.92916764985944, -486.2700771584512, -487.8816403965156, -488.1847579590734, -489.7403205307766, -492.36002587208674, -494.9667850373829], 
[1169.174691774748, 1129.21435960029, -33.00173990261953, -253.3691933796734, -265.1151841850203, -265.1151841850203, -291.76704528955486, -308.8316442825503, -321.4902771212753, -350.25385803127426, -365.47161714859084, -381.4299938177356, -403.1847429549096, -418.89491650711165, -427.22301578929284, -435.27695533721885, -443.1765568809745, -448.3407845090334, -453.9152675972562, -454.8974865369855], 
[24.8322540339326, 24.8322540339326, -134.49113938662776, -199.8675914253746, -233.08109541874478, -295.62909164041025, -302.03439230118715, -329.648460868827, -344.90898230097446, -360.75500418244934, -383.92685361522246, -399.02661034029626, -415.69732429932435, -431.68108133042983, -439.8307247572098, -447.1543707310698, -455.9683647387134, -463.03365881344394, -466.71806528418506, -471.44114861180503], 
[466.3740411392073, 176.8101288614971, -172.28087045721873, -176.5288266277209, -236.0301558959282, -281.2872305172939, -317.8492816107021, -347.26844247025565, -377.6926553943745, -416.0468935374987, -417.52845059678486, -470.8161483431456, -470.8161483431456, -470.8161483431456, -472.00708240988604, -475.77272434177786, -481.94706102662076, -486.8524856406557, -487.2226759017135, -489.0895303994962], 
[915.4317644820424, 316.2825101384002, -179.1064032666962, -192.79238114177366, -250.977926960852, -269.3591489519248, -286.26765748798164, -396.23957603796356, -400.8634248055587, -408.75979879591944, -419.1166786881078, -439.45142491287737, -462.8870946342248, -464.947875316893, -466.7931245517431, -468.2807435690549, -473.99632583895595, -476.4571689887534, -480.11469556125274, -482.09375034560236], 
[452.57913503962425, 452.57913503962425, -307.6866356052958, -353.2832557832116, -353.86093963897804, -411.50066091698164, -447.6207106172296, -447.6207106172296, -451.58533653979504, -456.77694163311054, -467.5786247602997, -472.5489929486489, -484.1632013714464, -484.1632013714464, -484.1632013714464, -489.6583064362996, -489.6583064362996, -492.63927716830005, -493.4837871269824, -493.4837871269824], 
[683.3640534821482, 342.53526122506287, -126.76716641245804, -178.94240279595647, -223.11531118922204, -322.45884222893494, -332.1352781801387, -368.6299529993656, -384.4940141017657, -414.0802310622707, -427.1708236704948, -441.07329006560263, -451.51678433947865, -458.5144292502156, -466.65943581824604, -466.65943581824604, -472.65163705441074, -474.9479848946902, -482.6864325367728, -482.6864325367728], 
[402.66395261873345, 402.66395261873345, -313.1633679651015, -390.78897215885894, -450.0931379777977, -450.0931379777977, -453.53312313257317, -455.2977645607359, -465.97729555618434, -470.3346737599645, -482.5461898155021, -484.554627002835, -485.0348561946077, -485.42825396759406, -490.19344407800537, -491.8177202696019, -493.7882372574458, -495.76868347500323, -496.547965360318, -496.5843288959191], 
[5.4126950673202145, -170.30696447197425, -364.10761644844274, -378.4663136433381, -392.5949158340464, -399.62944519338777, -420.5798833946411, -427.67874061362505, -442.87319454917724, -448.30996983562585, -459.1919573320946, -462.2764298472033, -469.9557402868444, -482.455716058809, -482.5171620910683, -482.5171620910683, -483.0455130346775, -488.6492548887027, -490.0613501200381, -491.06245944963075], 
[701.8359358064192, 701.8359358064192, -261.5041223881119, -310.5190899481902, -359.59519902456293, -359.59519902456293, -401.0515408196173, -417.47277872558857, -428.2042180784632, -452.054032701402, -456.2932976342087, -462.004437457806, -473.0245486400464, -478.34990640237964, -481.98098583139847, -486.0753262173608, -489.43952533456763, -490.9324165858293, -492.3887816224382, -493.5615635235537], 
[337.6659014247289, 239.41500521982584, -231.44309015997248, -278.7361593683145, -296.1882560561911, -304.01401674968554, -325.0593635704427, -338.1837974735482, -366.9079317669004, -375.07455094484504, -390.2410936020882, -415.8865684448264, -432.18647175637705, -448.9458831319917, -455.77466227893007, -458.7541049465334, -470.74643952360674, -480.354404503622, -481.01190065287585, -483.8239901872373], 
[-72.23058908701285, -88.72774798265095, -160.07056803432891, -236.92271601948772, -374.05974594172613, -374.05974594172613, -435.88331584482535, -435.88331584482535, -435.88331584482535, -450.56446955507704, -462.30421206384, -464.6174735406304, -473.0522025590195, -475.01267128869665, -477.8643779569751, -482.7018067566348, -485.41083159018194, -485.41083159018194, -485.6887282719058, -487.4558334709605], 
[907.6619444646428, 670.2184839389372, -123.47864247905369, -143.73880735206785, -251.45782470003428, -342.3436725882733, -357.29273981044264, -391.60609065864526, -406.462599368344, -413.540995893992, -421.37661663766687, -434.58961514507354, -454.7487761353776, -457.556913927084, -468.78743814646026, -473.05311363057774, -480.01252337487585, -482.68176687899467, -483.4668776689868, -486.1056017669388], 
[433.40000815245253, -249.01358892227418, -275.78913740283724, -312.8854226137177, -377.99708532107667, -420.7835896804487, -420.7835896804487, -446.4823821383703, -446.4823821383703, -459.0355278847015, -461.91437583499544, -467.69026234618593, -474.4095684656854, -479.4819109214316, -481.29677200601185, -487.1908939078752, -487.8134041146453, -489.09836545395666, -492.55586456768253, -492.55586456768253], 
[39.610871648277794, 39.610871648277794, -191.59389613693816, -198.02613176577773, -208.53682866141145, -274.3525542774694, -305.8546096036829, -307.0136375235907, -334.01477442633814, -350.5650381729511, -375.49031126337405, -396.49776773759635, -409.5360647432659, -420.17151045821186, -426.26731553619226, -432.44261424494016, -443.61602147901044, -458.98443219725664, -462.65889422059337, -466.0255798160146], 
[813.3944006269073, 288.3570100828565, -290.7749221635496, -326.9221367951991, -362.1696629074089, -362.1696629074089, -383.9110590939786, -424.3858488444934, -429.2740181110979, -450.4250479154054, -465.192019816321, -467.4302436093527, -473.54683747431017, -473.54683747431017, -479.16715427016845, -482.77932969319914, -487.30627189129615, -487.4189490698336, -488.3844222901627, -488.6501737631047], 
[153.30486707086686, 153.30486707086686, -210.09974767949103, -255.50516082135462, -255.50516082135462, -308.7746510186055, -316.8845954565651, -316.8845954565651, -334.3482321607013, -357.59717088034677, -392.70769572321524, -392.70769572321524, -416.5841859271003, -430.92029500773015, -438.8214509033172, -446.26806045141245, -453.4542634278762, -458.646554302422, -467.63701906807245, -471.0567104767763], 
[1122.510006291887, 1028.8252685709456, -10.060723868636103, -181.64467427851724, -186.41024239446864, -214.0530287675512, -295.9476289287421, -352.4812696440025, -352.4812696440025, -399.41416425679165, -403.41730838532857, -419.82061129839633, -431.1919718357668, -442.96938670066135, -451.04846000994786, -459.929244397463, -463.5248759853431, -464.24797880494526, -469.1560459742086, -472.6952192999724], 
[853.1141887582519, 853.1141887582519, -260.31822251156007, -342.901170821763, -342.901170821763, -387.72703684673195, -402.31779149612055, -409.94403154056135, -423.8068115521737, -429.7868369102624, -442.0003188996063, -453.6214510588212, -457.068910606323, -468.41350464439023, -474.18366843387304, -477.94032113907815, -483.8889069321475, -485.959262143387, -489.6385272076387, -490.3053195359853], 
