[2343.0722129998803, 2343.0722129998803, 2322.0741057096848, 2022.0787782752013, 2022.0787782752013, 2022.0787782752013, 2022.0787782752013, 2022.0787782752013, 1737.7344686896877, 1737.7344686896877, 1737.7344686896877, 1737.7344686896877, 1737.7344686896877, 1737.7344686896877, 1737.7344686896877, 1737.7344686896877, 1655.775199216127, 1655.775199216127, 1655.775199216127, 1655.775199216127], 
[2113.8179640167773, 2113.8179640167773, 2113.8179640167773, 1706.3556325548698, 1706.3556325548698, 1706.3556325548698, 1706.3556325548698, 1706.3556325548698, 1595.9514892254097, 1595.9514892254097, 1451.771525448834, 1451.771525448834, 1451.771525448834, 1451.771525448834, 1451.771525448834, 1451.771525448834, 1451.771525448834, 1451.771525448834, 1451.771525448834, 1451.771525448834], 
[2354.297327479184, 2354.297327479184, 2324.3949647907266, 2324.3949647907266, 2250.549624905478, 1476.8306529427787, 1476.8306529427787, 1476.8306529427787, 1476.8306529427787, 1476.8306529427787, 1476.8306529427787, 1476.8306529427787, 1476.8306529427787, 1252.1709014709122, 1252.1709014709122, 1252.1709014709122, 1252.1709014709122, 1252.1709014709122, 1252.1709014709122, 1252.1709014709122], 
[2270.5851228810325, 2270.5851228810325, 1946.9891875282597, 1946.9891875282597, 1946.9891875282597, 1946.9891875282597, 1946.9891875282597, 1946.9891875282597, 1656.1049774903613, 1656.1049774903613, 1656.1049774903613, 1542.5950185354777, 1542.5950185354777, 1542.5950185354777, 1542.5950185354777, 1542.5950185354777, 1542.5950185354777, 1542.5950185354777, 1542.5950185354777, 1542.5950185354777], 
[2054.679833168109, 2054.679833168109, 1788.2227380004283, 1788.2227380004283, 1788.2227380004283, 1788.2227380004283, 1788.2227380004283, 1788.2227380004283, 1788.2227380004283, 1715.240144095822, 1715.240144095822, 1715.240144095822, 1715.240144095822, 1715.240144095822, 1715.240144095822, 1715.240144095822, 1715.240144095822, 1715.240144095822, 1715.240144095822, 1512.4886815678042], 
[1998.9502642047423, 1995.0625974080267, 1925.2030278674042, 1925.2030278674042, 1867.1022432989716, 1867.1022432989716, 1715.3183222778534, 1715.3183222778534, 1715.3183222778534, 1715.3183222778534, 1715.3183222778534, 1715.3183222778534, 1715.3183222778534, 1715.3183222778534, 1715.3183222778534, 1715.3183222778534, 1617.2930510027568, 1617.2930510027568, 1617.2930510027568, 1617.2930510027568], 
[2306.168687424235, 2287.417122993682, 2287.417122993682, 1901.503342895397, 1389.322758401774, 1389.322758401774, 1147.9365007581537, 1147.9365007581537, 1147.9365007581537, 1147.9365007581537, 1111.955394049136, 1111.955394049136, 1051.11802104435, 838.0406616380328, 838.0406616380328, 809.5897899445858, 791.2575295938541, 744.048081033161, 718.8041096109464, 718.8041096109464], 
[2239.3320104855975, 2239.3320104855975, 2053.452630184961, 2053.452630184961, 1933.0645355220386, 1933.0645355220386, 1787.7753994187551, 1787.7753994187551, 1787.7753994187551, 1766.9061889142658, 1766.9061889142658, 1766.9061889142658, 1641.6777365710495, 1532.9355187611632, 1472.3580372243828, 1472.3580372243828, 1472.3580372243828, 1472.3580372243828, 1472.3580372243828, 1397.7228920041966], 
[2108.0462103312316, 2108.0462103312316, 1858.8753526416035, 1858.8753526416035, 1858.8753526416035, 1858.8753526416035, 1858.8753526416035, 1752.6058607362588, 1752.6058607362588, 1752.6058607362588, 1752.6058607362588, 1632.2168513154143, 1632.2168513154143, 1632.2168513154143, 1632.2168513154143, 1632.2168513154143, 1632.2168513154143, 1605.2379320226582, 1605.2379320226582, 1605.2379320226582], 
[2507.374283702964, 2381.486557083681, 2381.486557083681, 2144.4551377054904, 1876.984184946461, 1876.984184946461, 1876.984184946461, 1876.984184946461, 1876.984184946461, 1876.984184946461, 1823.4775366560166, 1823.4775366560166, 1501.9432707617748, 1501.9432707617748, 1501.9432707617748, 1501.9432707617748, 1501.9432707617748, 1501.9432707617748, 1501.9432707617748, 1501.9432707617748], 
[2145.476385777581, 2145.476385777581, 2145.476385777581, 2145.476385777581, 2063.2220802536676, 1622.2519980399766, 1622.2519980399766, 1622.2519980399766, 1622.2519980399766, 1622.2519980399766, 1622.2519980399766, 1622.2519980399766, 1622.2519980399766, 1492.3177851221694, 1474.8866007756787, 1043.0456625756055, 1043.0456625756055, 1043.0456625756055, 1043.0456625756055, 1043.0456625756055], 
[2186.4782402054366, 2186.4782402054366, 1956.0814088364455, 1956.0814088364455, 1956.0814088364455, 1956.0814088364455, 1956.0814088364455, 1903.6722838087403, 1903.6722838087403, 1903.6722838087403, 1741.6422158118698, 1741.6422158118698, 1732.8186592268507, 1732.8186592268507, 1722.8021315625124, 1636.675150535103, 1636.675150535103, 1636.675150535103, 1535.5783026691888, 1266.7701189838226], 
[2611.3909324957394, 2573.3815998193045, 1914.5240900289546, 1910.8661685394222, 1910.8661685394222, 1910.8661685394222, 1873.5529121321383, 1873.5529121321383, 1873.5529121321383, 1873.5529121321383, 1873.5529121321383, 1873.5529121321383, 1873.5529121321383, 1375.4122147101525, 1375.4122147101525, 1375.4122147101525, 1375.4122147101525, 1375.4122147101525, 1375.4122147101525, 1375.4122147101525], 
[2380.542541484036, 2361.684284490863, 1996.4997324570127, 1996.4997324570127, 1996.4997324570127, 1971.585773591697, 1953.5527003590564, 1661.2650460017953, 1620.0333364356384, 1620.0333364356384, 1205.7337532157944, 1205.7337532157944, 1205.7337532157944, 1195.9285215933546, 1195.9285215933546, 1043.3848096685156, 1043.3848096685156, 849.0088078283188, 849.0088078283188, 848.977622876796], 
[2336.907304731819, 2336.907304731819, 2336.907304731819, 1997.5421863508936, 1997.5421863508936, 1997.5421863508936, 1805.9023266741442, 1805.9023266741442, 1805.9023266741442, 1805.9023266741442, 1805.9023266741442, 1805.9023266741442, 1764.1176295244122, 1764.1176295244122, 1764.1176295244122, 1764.1176295244122, 1315.5519127954221, 1315.5519127954221, 1315.5519127954221, 1315.5519127954221], 
[2317.3896470486925, 2317.3896470486925, 2317.3896470486925, 2317.3896470486925, 1967.7199032153244, 1817.2949427834974, 1576.4085634666758, 1287.6224760620648, 1192.8502716648486, 999.3663620071748, 591.0389753775244, 591.0389753775244, 591.0389753775244, 591.0389753775244, 590.5232730085654, 590.5232730085654, 590.5232730085654, 454.7235519668584, 454.7235519668584, 454.7235519668584], 
[2222.294600299626, 1951.0088400334625, 1778.3950950401454, 1778.3950950401454, 1687.5588890298268, 1687.5588890298268, 1687.5588890298268, 1652.1835804674192, 1652.1835804674192, 1573.569425994067, 1573.569425994067, 1573.569425994067, 1573.569425994067, 1573.569425994067, 1573.569425994067, 1573.569425994067, 1573.569425994067, 1413.082270400063, 1413.082270400063, 1368.354111063864], 
[2688.153096077406, 2215.560417821962, 2032.0083857152194, 2032.0083857152194, 1980.819594691392, 1871.138840540471, 1871.138840540471, 1823.11019477854, 1674.3122689245201, 1601.8995228064982, 1446.9796342651598, 1446.9796342651598, 1446.9796342651598, 1446.9796342651598, 1446.9796342651598, 1413.6629401874507, 1413.6629401874507, 1413.6629401874507, 1399.8888648065144, 1381.8683648336232], 
[2405.1965925136774, 2405.1965925136774, 1915.5263091341453, 1915.5263091341453, 1915.5263091341453, 1915.5263091341453, 1915.5263091341453, 1915.5263091341453, 1915.5263091341453, 1915.5263091341453, 1915.5263091341453, 1915.5263091341453, 1797.7356857772006, 1647.709221657915, 1647.709221657915, 1564.8938978631795, 1564.8938978631795, 1492.5834614664009, 1492.5834614664009, 1492.5834614664009], 
[2621.08476174117, 2433.995197360821, 2246.1664399283795, 2238.992875969157, 1718.591007633337, 1718.591007633337, 1718.591007633337, 1718.591007633337, 1718.591007633337, 1385.4306731131946, 1385.4306731131946, 1385.4306731131946, 1385.4306731131946, 1326.9204201031716, 894.1191020950555, 867.7390322242195, 836.0765841097882, 769.1620952761673, 769.1620952761673, 769.1620952761673], 
[2353.1177492147513, 2353.1177492147513, 1342.7824369506448, 1342.7824369506448, 1324.2087386533199, 1324.2087386533199, 1324.2087386533199, 1324.2087386533199, 1324.2087386533199, 1324.2087386533199, 1324.2087386533199, 1324.2087386533199, 1324.2087386533199, 1324.2087386533199, 1285.9270153085922, 1285.9270153085922, 1285.9270153085922, 1285.9270153085922, 1285.9270153085922, 1285.9270153085922], 
[2472.8274356301636, 2466.961697839999, 2256.0922547117307, 2256.0922547117307, 2256.0922547117307, 2256.0922547117307, 2256.0922547117307, 1807.9098606816628, 1807.9098606816628, 1807.9098606816628, 1807.9098606816628, 1807.9098606816628, 1546.845815012604, 1546.845815012604, 1546.845815012604, 1546.845815012604, 1546.845815012604, 1546.845815012604, 1546.845815012604, 1546.845815012604], 
[2557.1519249626854, 1911.52230128262, 1911.52230128262, 1790.4597158889596, 1790.4597158889596, 1790.4597158889596, 1790.4597158889596, 1790.4597158889596, 1790.4597158889596, 1419.049639936186, 1419.049639936186, 1419.049639936186, 1419.049639936186, 1419.049639936186, 1419.049639936186, 1419.049639936186, 1419.049639936186, 1419.049639936186, 1419.049639936186, 1419.049639936186], 
[2112.9453819322066, 2112.9453819322066, 2112.9453819322066, 2112.9453819322066, 2112.9453819322066, 2112.9453819322066, 2083.74580559914, 1747.1113373066705, 1747.1113373066705, 1747.1113373066705, 1747.1113373066705, 1412.7747769316688, 1412.7747769316688, 1412.7747769316688, 1412.7747769316688, 1412.7747769316688, 1412.7747769316688, 1412.7747769316688, 1349.5404895897636, 1229.2374689743542], 
[2439.9505056776934, 2421.852871164707, 2122.1175182083994, 2122.1175182083994, 2007.3560218028333, 2007.3560218028333, 2007.3560218028333, 1776.8630194564357, 1776.8630194564357, 1776.8630194564357, 1611.072083007744, 1611.072083007744, 1611.072083007744, 1611.072083007744, 1611.072083007744, 1611.072083007744, 1611.072083007744, 1611.072083007744, 1611.072083007744, 1611.072083007744], 
[2470.1459461813974, 1839.2872659039417, 1839.2872659039417, 1839.2872659039417, 1839.2872659039417, 1839.2872659039417, 1839.2872659039417, 1839.2872659039417, 1839.2872659039417, 1839.2872659039417, 1718.2995028798282, 1718.2995028798282, 1718.2995028798282, 1718.2995028798282, 1718.2995028798282, 1718.2995028798282, 1718.2995028798282, 1718.2995028798282, 1718.2995028798282, 1718.2995028798282], 
[2522.160750459176, 2492.026178930515, 2053.167002893758, 2053.167002893758, 1711.0565142835235, 1711.0565142835235, 1711.0565142835235, 1711.0565142835235, 1711.0565142835235, 1711.0565142835235, 1711.0565142835235, 1711.0565142835235, 1551.0172351016236, 1461.9008225315906, 1444.789585600061, 1444.789585600061, 1444.789585600061, 1444.789585600061, 1444.789585600061, 1444.789585600061], 
[2176.7911974343288, 1752.4294978174762, 1752.4294978174762, 1752.4294978174762, 1752.4294978174762, 1752.4294978174762, 1752.4294978174762, 1752.4294978174762, 1752.4294978174762, 1752.4294978174762, 1752.4294978174762, 1752.4294978174762, 1752.4294978174762, 1752.4294978174762, 1752.4294978174762, 1752.4294978174762, 1752.4294978174762, 1752.4294978174762, 1752.4294978174762, 1740.8882414212162], 
[2633.4829962863773, 2252.608802903187, 2211.341207857211, 2140.2640412105043, 2140.2640412105043, 2140.2640412105043, 1421.7602024570415, 1421.7602024570415, 1421.7602024570415, 1159.4852597505474, 1068.3220592391867, 1050.0584999858238, 706.5972631761779, 653.4071554404663, 602.7722157590479, 602.7722157590479, 602.7722157590479, 602.7722157590479, 560.4948217784718, 560.4948217784718], 
[2475.833227561317, 2366.2906293611504, 2353.8310798287366, 2077.796713693426, 2077.796713693426, 2077.796713693426, 2077.796713693426, 2077.796713693426, 1636.2307692545464, 1636.2307692545464, 1636.2307692545464, 1636.2307692545464, 1636.2307692545464, 1636.2307692545464, 1636.2307692545464, 1636.2307692545464, 1636.2307692545464, 1636.2307692545464, 1579.6244691538836, 1579.6244691538836], 
