[2.0497028006211098, 2.0497028006211098, 2.0497028006211098, 2.0497028006211098, 2.0497028006211098, 2.0497028006211098, 2.0497028006211098, 1.7472027710809137, 1.7472027710809137, 1.7472027710809137, 1.7472027710809137, 1.7472027710809137, 1.7472027710809137, 1.7472027710809137, 1.7472027710809137, 1.7472027710809137, 1.7472027710809137, 1.7472027710809137, 1.7472027710809137, 1.7472027710809137], 
[2.941824341493207, 1.445695981879765, 1.445695981879765, 1.445695981879765, 1.445695981879765, 1.445695981879765, 1.445695981879765, 1.445695981879765, 1.445695981879765, 1.445695981879765, 1.445695981879765, 1.445695981879765, 1.445695981879765, 1.445695981879765, 1.445695981879765, 1.445695981879765, 1.445695981879765, 1.445695981879765, 1.445695981879765, 1.445695981879765], 
[2.4087044160420734, 2.4087044160420734, 2.4087044160420734, 2.08382957970918, 2.08382957970918, 1.8461769203166376, 1.8461769203166376, 1.8461769203166376, 1.8461769203166376, 1.8461769203166376, 1.8461769203166376, 1.8461769203166376, 1.8461769203166376, 1.8461769203166376, 1.8461769203166376, 1.8461769203166376, 1.8461769203166376, 1.8461769203166376, 1.8461769203166376, 1.8461769203166376], 
[3.2378780740203896, 2.951556675272934, 1.8670498275460143, 1.8670498275460143, 1.8670498275460143, 1.8670498275460143, 1.8670498275460143, 1.8670498275460143, 1.8670498275460143, 1.8670498275460143, 1.8670498275460143, 1.8670498275460143, 1.8670498275460143, 1.6300991085243755, 1.6300991085243755, 1.6300991085243755, 1.6300991085243755, 1.6300991085243755, 1.6300991085243755, 1.6300991085243755], 
[2.216315948715308, 2.216315948715308, 2.216315948715308, 2.216315948715308, 2.216315948715308, 2.216315948715308, 2.216315948715308, 2.216315948715308, 2.216315948715308, 2.216315948715308, 2.216315948715308, 2.216315948715308, 2.216315948715308, 2.216315948715308, 2.216315948715308, 2.216315948715308, 2.216315948715308, 2.216315948715308, 2.216315948715308, 2.216315948715308], 
[2.8000637426797614, 2.8000637426797614, 2.8000637426797614, 2.8000637426797614, 2.7997371084155818, 2.7997371084155818, 2.5523660929302374, 2.5523660929302374, 2.5523660929302374, 2.5523660929302374, 2.5285366168561367, 2.5285366168561367, 2.5285366168561367, 2.1898754163663616, 2.1898754163663616, 2.1898754163663616, 2.1898754163663616, 2.1898754163663616, 2.1898754163663616, 1.7270408789805778], 
[3.289380586497188, 2.3330743594995798, 2.3330743594995798, 2.3330743594995798, 2.3330743594995798, 1.73658812876343, 0.9439846093196876, 0.9439846093196876, 0.9439846093196876, 0.9439846093196876, 0.9439846093196876, 0.9439846093196876, 0.9439846093196876, 0.9439846093196876, 0.9439846093196876, 0.9439846093196876, 0.9439846093196876, 0.9439846093196876, 0.9439846093196876, 0.9439846093196876], 
[3.129202656619154, 2.2146724243273566, 2.2146724243273566, 2.2146724243273566, 2.2146724243273566, 2.2146724243273566, 2.2146724243273566, 2.2146724243273566, 2.2146724243273566, 2.2146724243273566, 2.2146724243273566, 2.2146724243273566, 2.2146724243273566, 2.016813504233025, 2.016813504233025, 2.016813504233025, 2.016813504233025, 2.016813504233025, 2.016813504233025, 2.016813504233025], 
[2.3217706410537695, 2.3217706410537695, 2.3217706410537695, 2.3217706410537695, 2.3217706410537695, 2.3217706410537695, 2.3217706410537695, 2.3217706410537695, 2.3217706410537695, 2.3217706410537695, 2.3217706410537695, 2.3217706410537695, 2.3217706410537695, 2.3217706410537695, 2.3217706410537695, 2.3217706410537695, 2.3217706410537695, 2.144745861226655, 2.144745861226655, 2.144745861226655], 
[2.5824137423191544, 2.5824137423191544, 2.5824137423191544, 2.2815409416283376, 2.2815409416283376, 2.2815409416283376, 2.2815409416283376, 2.2815409416283376, 1.5999065063564308, 1.5999065063564308, 1.5999065063564308, 1.5999065063564308, 1.5999065063564308, 1.5999065063564308, 1.5999065063564308, 1.5999065063564308, 1.5999065063564308, 1.5999065063564308, 1.5999065063564308, 1.5999065063564308], 
[2.2377249564178117, 2.2377249564178117, 2.2377249564178117, 2.2377249564178117, 2.2377249564178117, 2.2377249564178117, 1.4097319921767997, 1.4097319921767997, 1.4097319921767997, 1.4097319921767997, 1.4097319921767997, 1.4097319921767997, 1.4097319921767997, 1.4097319921767997, 1.4097319921767997, 1.4097319921767997, 1.4097319921767997, 1.4097319921767997, 1.4097319921767997, 1.4097319921767997], 
[3.031837800125053, 3.031837800125053, 2.3630690586103476, 2.3630690586103476, 2.3031054652581058, 2.3031054652581058, 2.3031054652581058, 2.3031054652581058, 2.1751269799590203, 2.1751269799590203, 2.1751269799590203, 2.1751269799590203, 1.5178284572626297, 1.5178284572626297, 1.5178284572626297, 1.5178284572626297, 1.5178284572626297, 1.5178284572626297, 1.5178284572626297, 1.5178284572626297], 
[3.1856498595718663, 2.039030780798451, 1.8127772091245002, 1.8127772091245002, 1.8127772091245002, 1.8127772091245002, 1.8127772091245002, 1.8127772091245002, 1.8127772091245002, 1.8127772091245002, 1.8127772091245002, 1.8127772091245002, 1.8127772091245002, 1.8127772091245002, 1.8127772091245002, 1.3242951822290308, 1.3242951822290308, 1.3242951822290308, 1.3242951822290308, 1.3242951822290308], 
[3.8044609177057085, 3.6382541461001403, 3.4718407881051903, 1.7604113635551162, 1.7604113635551162, 1.7604113635551162, 1.7604113635551162, 1.7604113635551162, 1.7604113635551162, 1.7604113635551162, 1.7604113635551162, 1.7604113635551162, 1.7604113635551162, 1.7604113635551162, 1.7604113635551162, 1.7604113635551162, 1.7604113635551162, 1.7604113635551162, 1.7604113635551162, 1.7604113635551162], 
[2.845518383935256, 2.845518383935256, 2.845518383935256, 2.5495641230689734, 2.188921736389677, 2.188921736389677, 2.188921736389677, 2.188921736389677, 2.188921736389677, 2.188921736389677, 2.188921736389677, 2.188921736389677, 1.9908508429061582, 1.836195344550242, 1.836195344550242, 1.836195344550242, 1.836195344550242, 1.836195344550242, 1.836195344550242, 1.836195344550242], 
[2.719411816129456, 2.719411816129456, 2.001824039988474, 2.001824039988474, 2.001824039988474, 2.001824039988474, 1.9988205581835548, 1.9988205581835548, 1.9988205581835548, 1.9988205581835548, 1.9988205581835548, 1.9988205581835548, 1.9988205581835548, 1.9988205581835548, 1.9988205581835548, 1.9988205581835548, 1.9988205581835548, 1.9988205581835548, 1.9988205581835548, 1.9988205581835548], 
[2.3132041723610697, 2.3132041723610697, 2.3132041723610697, 2.3132041723610697, 2.3132041723610697, 2.3132041723610697, 2.209561755621241, 2.209561755621241, 2.209561755621241, 2.209561755621241, 2.209561755621241, 2.209561755621241, 2.209561755621241, 1.2564902131522406, 1.2564902131522406, 1.2564902131522406, 1.2564902131522406, 1.2564902131522406, 1.2564902131522406, 1.2564902131522406], 
[2.1198475408560524, 2.1198475408560524, 2.1198475408560524, 2.1198475408560524, 2.1198475408560524, 2.1198475408560524, 2.1198475408560524, 2.1198475408560524, 1.9279480408518128, 1.9279480408518128, 1.9279480408518128, 1.9279480408518128, 1.9279480408518128, 1.9279480408518128, 1.9279480408518128, 1.9279480408518128, 1.9279480408518128, 1.9279480408518128, 1.9279480408518128, 1.9279480408518128], 
[2.457379778774579, 2.457379778774579, 2.457379778774579, 2.457379778774579, 1.3605573384912917, 1.3605573384912917, 1.3605573384912917, 1.3605573384912917, 1.3605573384912917, 1.3605573384912917, 1.3605573384912917, 1.3605573384912917, 1.3605573384912917, 1.3605573384912917, 1.3605573384912917, 1.3605573384912917, 1.3605573384912917, 1.3605573384912917, 1.3605573384912917, 1.3605573384912917], 
[2.421650604127268, 2.421650604127268, 1.9516980753993383, 1.9516980753993383, 1.9516980753993383, 1.9516980753993383, 1.9516980753993383, 1.8615145483639541, 1.8615145483639541, 1.8615145483639541, 1.8615145483639541, 1.8615145483639541, 1.8615145483639541, 1.8615145483639541, 1.7338344951361482, 1.7338344951361482, 1.7338344951361482, 1.7338344951361482, 1.7338344951361482, 1.7338344951361482], 
[3.3105469580133766, 3.1124848752251757, 2.998661639337477, 2.7550972632532162, 2.7550972632532162, 2.7550972632532162, 1.4575592438642575, 1.4575592438642575, 1.4575592438642575, 1.4575592438642575, 1.4575592438642575, 1.4575592438642575, 1.4575592438642575, 1.4575592438642575, 1.4575592438642575, 1.4575592438642575, 1.4575592438642575, 1.4575592438642575, 1.4575592438642575, 1.4575592438642575], 
[2.765937922429426, 2.765937922429426, 2.765937922429426, 2.765937922429426, 2.765937922429426, 2.307867794581758, 2.307867794581758, 2.1788936749362353, 2.1788936749362353, 2.1788936749362353, 2.1788936749362353, 2.1788936749362353, 2.1788936749362353, 2.1788936749362353, 2.1788936749362353, 1.4291691168339964, 1.4291691168339964, 1.4291691168339964, 1.4291691168339964, 1.4291691168339964], 
[3.2935845115816846, 2.168410327635549, 2.168410327635549, 2.168410327635549, 2.168410327635549, 2.168410327635549, 1.8636150415302406, 1.8636150415302406, 1.8636150415302406, 1.8636150415302406, 1.8636150415302406, 1.8636150415302406, 1.7835282293553676, 1.7835282293553676, 1.7835282293553676, 1.7835282293553676, 1.7835282293553676, 1.7835282293553676, 1.7835282293553676, 1.7835282293553676], 
[2.4562042018178007, 2.4562042018178007, 2.4562042018178007, 2.4562042018178007, 2.4562042018178007, 2.4562042018178007, 2.4562042018178007, 2.4562042018178007, 2.4562042018178007, 2.1555474357907327, 2.1555474357907327, 1.8453931892089948, 1.8453931892089948, 1.8453931892089948, 1.8453931892089948, 1.8453931892089948, 1.8453931892089948, 1.8453931892089948, 1.8453931892089948, 1.8453931892089948], 
[2.861730244271724, 2.861730244271724, 2.4516006462856956, 2.4516006462856956, 2.4516006462856956, 2.3730867099333044, 2.2524746981373047, 2.2524746981373047, 2.2524746981373047, 1.874694824511727, 1.874694824511727, 1.874694824511727, 1.874694824511727, 1.874694824511727, 1.874694824511727, 1.874694824511727, 1.874694824511727, 1.874694824511727, 1.874694824511727, 1.874694824511727], 
[4.083825239430594, 4.046075858182575, 4.046075858182575, 2.7060718351217954, 2.5030935956320266, 2.5030935956320266, 2.5030935956320266, 2.3128826211302616, 1.8092175694534647, 1.8092175694534647, 1.8092175694534647, 1.8092175694534647, 1.8092175694534647, 1.8092175694534647, 1.8092175694534647, 1.8092175694534647, 1.2887726183052393, 1.2887726183052393, 1.2887726183052393, 1.2887726183052393], 
[3.484765256999054, 3.484765256999054, 2.968270466402693, 2.4530562422657947, 2.4530562422657947, 2.1535283189139154, 2.1535283189139154, 2.1535283189139154, 2.1535283189139154, 2.1535283189139154, 2.1535283189139154, 2.1535283189139154, 2.1535283189139154, 1.6610497981946204, 1.6610497981946204, 1.6610497981946204, 1.6610497981946204, 1.6610497981946204, 1.6610497981946204, 1.6610497981946204], 
[3.790322025640151, 3.4422585843298363, 3.3639992597862625, 2.504016353024872, 2.402259960108889, 2.402259960108889, 2.402259960108889, 2.402259960108889, 2.1438769376057296, 2.1438769376057296, 2.1438769376057296, 2.1438769376057296, 2.1438769376057296, 2.1438769376057296, 2.1438769376057296, 2.1438769376057296, 2.1438769376057296, 2.1438769376057296, 2.1438769376057296, 1.5486828770937735], 
[2.9657606036877757, 2.9657606036877757, 2.516959689134159, 2.516959689134159, 2.516959689134159, 2.516959689134159, 2.516959689134159, 2.516959689134159, 2.516959689134159, 2.516959689134159, 2.516959689134159, 2.13027626786426, 2.13027626786426, 2.13027626786426, 2.13027626786426, 2.13027626786426, 2.0544242729299276, 2.0544242729299276, 1.626772184105111, 1.620838982787052], 
[2.9924237644202196, 2.825614834509093, 2.825614834509093, 2.576306151672864, 2.576306151672864, 2.576306151672864, 2.576306151672864, 2.103893884542603, 2.103893884542603, 2.103893884542603, 2.103893884542603, 2.103893884542603, 2.103893884542603, 2.103893884542603, 2.103893884542603, 2.103893884542603, 2.103893884542603, 2.103893884542603, 2.103893884542603, 2.103893884542603], 
