[26392518.91680779, 26392518.91680779, 14716716.994426826, 13580896.499096245, 12388063.532813912, 11497205.70683464, 10868236.137136536, 10868236.137136536, 10868236.137136536, 10809241.74623773, 10424107.216443382, 10086010.733908461, 9293290.310798394, 9117208.785123343, 8493079.744584672, 8349932.779220064, 8219455.308969691, 7913639.87822318, 7913639.87822318, 7671954.761362819], 
[56624059.1939421, 55884268.11602478, 13487604.266464487, 13276801.609756004, 10837398.276568316, 10837398.276568316, 10837398.276568316, 10837398.276568316, 9944254.116980154, 9381268.672726102, 9212937.733677786, 8435793.204797002, 8435793.204797002, 7756585.921370108, 7756585.921370108, 6674585.207801592, 6674585.207801592, 6674585.207801592, 6224274.156916484, 6224274.156916484], 
[101469837.39188421, 101469837.39188421, 29055857.166062202, 14689146.062643893, 14689146.062643893, 14689146.062643893, 13995700.34633934, 12896271.93008175, 12653744.772827033, 12014286.127403835, 11000494.397268483, 9011070.62819311, 8858589.15205325, 8858589.15205325, 7839779.631660753, 7379448.926503254, 7263327.15285862, 7084483.915056642, 6813221.388851545, 6530672.8324427], 
[153154273.34172702, 96740432.76063418, 20119190.662242644, 19783987.41783072, 13375225.063424401, 13375225.063424401, 13375225.063424401, 10911013.665626323, 10911013.665626323, 10753978.82922924, 10716250.151889391, 10316449.115631921, 10316449.115631921, 10042925.492324898, 9611500.380944258, 8778065.835575938, 8778065.835575938, 8778065.835575938, 8440021.29186723, 8440021.29186723], 
[118730711.53534226, 70847204.51386149, 15768534.283372294, 15768534.283372294, 13368669.787155062, 10762688.066405846, 9854622.668802153, 9834932.356432218, 8077550.292936188, 8077550.292936188, 7884648.373280039, 7442180.390005134, 7442180.390005134, 7150303.079072852, 7001416.916128779, 6729018.887821304, 6690312.382508633, 6353960.559857198, 6353960.559857198, 6353960.559857198], 
[87268294.96275869, 87268294.96275869, 18378058.248881605, 16117824.953056108, 15518134.178470597, 15298158.19291902, 13862986.31015318, 13398934.841283524, 13043134.70217136, 12162826.722346926, 10638742.096373478, 9756866.324600223, 9637649.745058209, 8956190.744217033, 7843682.299709118, 7843682.299709118, 6972406.566962927, 6972406.566962927, 6628608.284209551, 6133734.72793306], 
[72964257.22739457, 72964257.22739457, 19774166.537904393, 13914172.679202354, 13553416.62912342, 13553416.62912342, 13519297.74263408, 12538224.226601334, 12350745.474474149, 12195241.37456743, 11722083.925617386, 10445558.506269243, 10445558.506269243, 10386821.652688233, 10047188.282851914, 10032127.274427213, 9849963.940926362, 9849963.940926362, 9791622.904402625, 9737052.281275338], 
[26834257.619888574, 25944228.81584999, 12507858.340103298, 11179379.360860772, 10047405.90052046, 10047405.90052046, 8875533.204216741, 8798481.069495248, 8179015.229663726, 6915349.888695386, 6725665.209378655, 6725665.209378655, 6725665.209378655, 6043621.408205077, 6034639.946029006, 5596149.1414696565, 5378990.806892143, 5378990.806892143, 4789126.764453915, 4649935.506309576], 
[96631583.01870623, 79261986.6426235, 11789190.502568066, 11789190.502568066, 10415866.771259153, 9695901.283873718, 9695901.283873718, 9600365.749816217, 7833271.357130466, 7833271.357130466, 5714855.551762683, 5714855.551762683, 5664751.237762947, 5595635.939129559, 5595635.939129559, 5595635.939129559, 5595635.939129559, 5595635.939129559, 4493217.294520558, 4493217.294520558], 
[48395890.35778464, 40065864.64788736, 15053829.9680663, 12944719.437915942, 11208763.694981769, 11208763.694981769, 10563441.442899039, 9987468.268856777, 8999941.363497, 8889437.9675812, 7770089.926794854, 7280918.7528062165, 6303918.010615808, 5155344.41645735, 5129803.578288154, 4916725.273569367, 4483470.084746494, 4483470.084746494, 3885323.444451644, 3885323.444451644], 
[54569556.445172, 54569556.445172, 18802834.661629148, 18233467.626400776, 16467316.755026441, 15816865.346380172, 14991109.686872022, 14174974.871393852, 13911323.658198271, 13911323.658198271, 13911323.658198271, 13024089.97511478, 12542201.468478013, 11163337.946814042, 10707206.72593985, 10707206.72593985, 10707206.72593985, 10707206.72593985, 10477706.789326869, 10202557.035841921], 
[85808219.20359574, 62120755.4730392, 19266816.23415658, 14038362.137148196, 14038362.137148196, 10285106.982628822, 8182802.971478888, 7791971.671546787, 7514147.173016603, 7094549.962216349, 7094549.962216349, 6788386.071820512, 5961640.122823462, 5680775.2285756115, 5655387.2348911, 5655387.2348911, 5552652.632645375, 5552652.632645375, 5026097.532367619, 4757672.34245776], 
[161604903.28097886, 50506051.40253006, 23446601.784654807, 17744935.50535412, 17744935.50535412, 13699939.463039685, 13699939.463039685, 13699939.463039685, 13331660.101889903, 10148379.59885509, 9706248.419509795, 8886903.141180728, 7677809.833452445, 7098003.26044161, 7098003.26044161, 7082694.090046039, 6428710.966558143, 6238373.785237046, 6238373.785237046, 6114145.718995837], 
[35815822.208504565, 35815822.208504565, 13296705.972791927, 10316316.515495475, 9410334.06665559, 9410334.06665559, 9410334.06665559, 9017005.174934493, 8963786.530671993, 7763068.178842566, 7348949.063950295, 5590053.832222712, 5590053.832222712, 5520774.829651534, 5520774.829651534, 5517470.820687977, 4108803.325103791, 4108803.325103791, 4108803.325103791, 4108803.325103791], 
[139148156.16794026, 58555989.22904405, 26409062.20598572, 19801406.492968008, 14025988.412676053, 14025988.412676053, 12766682.298937399, 12766682.298937399, 12766682.298937399, 12766682.298937399, 9381960.28068459, 9381960.28068459, 8256526.97581055, 8256526.97581055, 7559087.184193854, 7559087.184193854, 7177748.381843977, 6543382.9187939055, 6529882.385391169, 6227502.019629316], 
[112090402.74482791, 39129275.95909694, 13339327.521965895, 13199671.639785668, 12115080.148559624, 10365048.034436343, 10117289.440918101, 9487373.977173738, 7432530.714601095, 6657728.561098054, 6516572.86148371, 6516572.86148371, 5272704.500642417, 5242711.534296885, 5130201.2849861, 5130201.2849861, 4974522.49112333, 4722231.881245519, 4722231.881245519, 4346228.825912552], 
[82234440.78967144, 78197331.56740129, 24892091.303160194, 17684464.899491955, 14792044.29207167, 12362241.154543355, 12362241.154543355, 12362241.154543355, 11816479.007648204, 11126044.64343747, 10010328.842325585, 10010328.842325585, 8022989.212377444, 8022989.212377444, 8022989.212377444, 7809431.727825683, 7536008.526022979, 7536008.526022979, 7536008.526022979, 7536008.526022979], 
[141133107.25982666, 129208358.57520421, 21402360.510370694, 19405243.701211926, 16082763.096449764, 15818187.576637357, 15022970.913504263, 14967603.705981668, 13477777.402559923, 12812116.802159153, 12034634.1160114, 11044860.107552301, 11044860.107552301, 10678767.095183028, 9987146.353316667, 9292579.006593755, 9046307.10752175, 8200212.694758617, 7958436.955159647, 7721502.884563001], 
[43824819.75658064, 43824819.75658064, 12505925.755683336, 10271634.889331914, 10271634.889331914, 8865097.302411627, 8367826.874758999, 6989314.601489887, 6989314.601489887, 6989314.601489887, 6657536.543865224, 6014803.223796162, 5722092.060232267, 5625340.8507626485, 5494220.932482704, 4889009.194894379, 4889009.194894379, 4572727.71904526, 4572727.71904526, 4310979.53232746], 
[82664214.24475218, 82664214.24475218, 17645836.97085615, 14555035.176575607, 10432865.425711265, 10432865.425711265, 10296032.396616189, 10296032.396616189, 9874992.912421757, 9874992.912421757, 8884606.070810622, 8876813.167007841, 7841610.943044704, 7841610.943044704, 6294587.667155624, 6294587.667155624, 5777206.86626484, 5777206.86626484, 5777206.86626484, 5550415.797885697], 
[56227182.658088796, 56227182.658088796, 24139686.104587704, 22504715.142056968, 18955543.614007022, 17832646.458977282, 16453151.203002213, 14063613.013164312, 13907168.260272928, 11559982.976635158, 11559982.976635158, 11452553.018349316, 11120040.404929236, 10749785.517697506, 10144499.698967252, 10144499.698967252, 9802170.023421202, 9798424.271650005, 9451208.764424305, 9345137.295538414], 
[36417638.28670543, 36417638.28670543, 10359857.05133961, 9965537.909713812, 5613282.059526458, 5613282.059526458, 5613282.059526458, 5613282.059526458, 5186344.785646467, 5186344.785646467, 5186344.785646467, 5186344.785646467, 4665238.947123556, 4652394.800029209, 4652394.800029209, 4652394.800029209, 4366728.908708424, 3708630.042801555, 3708630.042801555, 3690147.699708508], 
[70085515.82376666, 70085515.82376666, 20464221.827053677, 12386597.861371353, 12386597.861371353, 11713173.837702667, 10965672.712535523, 9989149.134646166, 9452203.129263291, 9261055.822482282, 9261055.822482282, 8878844.458772883, 8814011.216193393, 8489780.429697184, 8051281.588599015, 7708485.277740612, 7659711.52079974, 7523866.64766536, 7468987.186111931, 7424231.572148064], 
[187318852.9308494, 129617828.0777493, 19358033.127256103, 19068799.61048541, 17120722.845306654, 14998973.82903734, 13564369.208253719, 13454039.839560155, 13454039.839560155, 13251062.091338124, 11491153.295804923, 10997894.001799343, 10997894.001799343, 10997894.001799343, 9838039.268809529, 9837637.0387367, 9452411.50672047, 9406611.931128422, 8690331.602707073, 8690331.602707073], 
[156132708.26146534, 59258824.187304, 27023951.30745106, 18984394.31107428, 18984394.31107428, 16856397.33710992, 12032342.469392486, 12032342.469392486, 12032342.469392486, 10877229.148187216, 9969213.295979692, 9969213.295979692, 9578471.341441158, 9453601.450201508, 9413675.362796057, 8294244.4545142865, 8294244.4545142865, 8243705.789514649, 7378552.455097353, 7262472.9873400135], 
[120465009.06366368, 54553711.70316008, 16236984.210709805, 13422973.319145123, 11319558.255744036, 11319558.255744036, 9661499.71033308, 9630889.15347205, 8690063.032038417, 8139713.470909355, 8139713.470909355, 6795836.429207771, 6795836.429207771, 6795836.429207771, 6676239.081790589, 6147000.055939088, 5964562.70773217, 5964562.70773217, 5734173.915988655, 5664582.138460798], 
[85506329.14136457, 54977222.12193409, 19443838.150339335, 10239968.26634354, 8671367.310244361, 8671367.310244361, 7529981.793919556, 7529981.793919556, 7529981.793919556, 7131944.1392158605, 6282387.66857773, 6230513.973684871, 6230513.973684871, 5858392.157174215, 5213357.095420216, 5213357.095420216, 3829672.614941204, 3829672.614941204, 2786891.2095162976, 2786891.2095162976], 
[66144497.71166282, 23202467.49234057, 23202467.49234057, 18643621.397742, 18643621.397742, 17367713.58719599, 15964723.214555997, 15196971.48968538, 14994722.930507604, 14942242.756921282, 14161984.173521664, 12821319.477252327, 11394139.161503581, 10992334.449720766, 9308140.473138098, 9308140.473138098, 8572789.45454577, 8353003.794347444, 7977731.349085835, 7802073.48578556], 
[65701061.998316415, 41801563.5000785, 19611448.886614393, 15870570.179739492, 14582625.776507827, 13800028.334241826, 12102013.130530637, 10543152.109451007, 6056344.651625318, 6056344.651625318, 5146625.099302918, 5146625.099302918, 5146625.099302918, 5077221.354353722, 4552452.5389025025, 4361440.292367993, 3721115.702863614, 3588067.1237325035, 3568605.451055566, 3498458.7450311133], 
[45293412.14324303, 45293412.14324303, 15616720.671271188, 15616720.671271188, 14267539.87191792, 12184264.947849926, 12184264.947849926, 11552506.271984262, 7953204.511319779, 6103268.443545453, 4200318.551212052, 4200318.551212052, 4176843.8701098626, 2857559.3461764096, 2857559.3461764096, 2669962.4438882284, 2669962.4438882284, 2669962.4438882284, 2669962.4438882284, 2669962.4438882284], 
