[804.2625999022346, 804.2625999022346, -218.96588704502688, -263.68254199777124, -286.3169359342586, -332.9975218493058, -337.5638370232823, -373.0462893003313, -408.74434922754045, -429.6002071109632, -433.9293146035046, -443.69516562206263, -455.1776082286365, -458.382324145737, -463.82565318100956, -471.84920032988504, -477.57295845751645, -479.2063242071513, -484.24616864832495, -486.35849934057416], 
[408.89096404638747, 361.47342360132143, -264.2270726242227, -411.7565661017772, -434.70513880548526, -434.70513880548526, -434.70513880548526, -434.70513880548526, -443.66908100090575, -450.67829550757375, -454.98276489219563, -463.8346268751463, -468.67405128510813, -470.3699182090358, -477.9405504190446, -478.72185116248903, -482.06367446905347, -486.357573286451, -486.5261591018708, -486.95815747568844], 
[832.5757952195077, 175.9826339897703, -213.12889752573074, -276.86384592309577, -364.1643075866007, -364.1643075866007, -372.6723428557177, -393.97712235423813, -395.29122927172114, -418.13642303193376, -433.4228843926127, -434.56361149240297, -442.51276680529793, -457.5958177170196, -468.1890992266278, -468.1890992266278, -472.98133325638554, -478.1288764455751, -484.39342425270803, -487.59974246706713], 
[1045.4501664014697, 118.52552844569323, -204.42838063742198, -235.2505380321192, -282.8674064778169, -282.8674064778169, -304.4616944155227, -355.8474319678408, -356.7775282053635, -413.22024530538545, -416.76273745406314, -416.76273745406314, -446.2334806921564, -447.1391046719627, -453.27813785020004, -465.0383984713261, -470.8638428273789, -476.32331945167164, -478.32707006419537, -481.9460257255028], 
[408.2287165591232, 99.37434396411038, -223.67021309716904, -223.67021309716904, -276.7242031336758, -319.1562355814706, -341.19488362680585, -381.45799295957465, -398.42686992014853, -413.21751798271487, -426.079563860629, -453.96423498480607, -464.077444164442, -476.13082219325605, -477.31090352389134, -482.7668900736063, -487.8932061775519, -490.5917496746951, -494.11703775020203, -494.33875505153753], 
[181.34717929973965, -51.558185459218464, -163.32640556059772, -244.73927173902288, -261.29753853514444, -299.2200213699989, -331.20439957718423, -366.4694197732888, -366.4694197732888, -409.3696817674142, -417.0954284443434, -430.5315605219694, -442.64372413210805, -444.79465550508667, -456.498835405224, -461.4847461059639, -475.09383015627463, -476.25369448171074, -479.6331233315263, -485.5597276574891], 
[162.4827599023929, 162.4827599023929, -345.5894732521671, -366.4229381593122, -366.4229381593122, -386.03514091849337, -412.2039096821614, -431.334930383901, -447.7605622708751, -465.4126418423349, -465.4126418423349, -471.1016753296541, -480.5349219159241, -480.5349219159241, -482.6153833676811, -485.3840495306659, -488.93640682869597, -490.7703807770485, -490.91365324194703, -493.00620181147326], 
[628.3841384557466, 62.70979763016862, -291.10252588756384, -302.5430958128119, -306.14770168942175, -357.49350129609775, -373.9229322873873, -408.33039203026726, -411.79693481906736, -424.7516969823543, -434.7598550541337, -446.45240865232364, -457.0553964515273, -457.0553964515273, -460.55935338681564, -466.7068194499273, -471.5645369199702, -473.39925198955723, -475.66706700986896, -478.612016518048], 
[715.9035779232161, 428.7218257046401, -211.2892891265148, -299.27890528464775, -310.3973465616393, -363.6110673203517, -367.8129255965383, -407.6528178198174, -426.9576273860569, -442.3134917986505, -458.69357104652704, -474.53832084851564, -480.24464111995013, -483.3313160240389, -486.48935267051945, -487.3537376907022, -490.04568403138205, -492.10754834701555, -493.11146888344564, -493.13246686528294], 
[451.7336123940289, 451.7336123940289, -219.49883683362958, -224.46283352408113, -266.85589771129753, -322.7600546723439, -355.16789919447774, -356.62208864540764, -370.0956269466028, -392.67244305011457, -415.8927123957758, -431.55841449401095, -431.708222316376, -443.95765128982424, -446.79472723286244, -458.86454413717524, -463.83419663066445, -467.691288738328, -476.75554090209056, -479.62541078334306], 
[1023.9991129379334, 1023.9991129379334, -112.97353845464079, -140.09091890170077, -151.15752090957017, -281.09808386077736, -296.5780564024112, -317.07239099870515, -358.1955324149693, -385.9653184262653, -414.2385086535707, -427.68662603588285, -447.6301665652267, -459.7722895692035, -466.15521930005497, -475.20986958922373, -480.8381096771671, -485.89233124704253, -488.3842579955249, -488.74372321636577], 
[274.59763949924604, 274.59763949924604, -311.1997487493875, -311.1997487493875, -321.6524898372646, -353.94173475674927, -374.31384971539137, -388.39625977253365, -431.76880220396293, -452.4975466448608, -460.4975537410813, -464.0025400511521, -474.3441840122985, -476.4199779498092, -478.4359944755656, -479.49422208973675, -485.3053735985321, -486.74802508336063, -489.4213451720953, -490.68227246792145], 
[-151.7191371452193, -151.7191371452193, -296.5848537893611, -296.5848537893611, -296.5848537893611, -373.9251030275599, -384.9583708278151, -391.8467587125747, -407.69991854877594, -422.4362070623471, -433.2108784219581, -448.8048709236406, -455.5748447739659, -461.92970505944936, -465.93276008511975, -469.90434296186646, -474.5165509898854, -477.75417474083486, -480.85933824559316, -483.1046517933769], 
[673.0622388327615, 119.71820401181594, -313.8358322391738, -331.9402131457289, -331.9402131457289, -365.5041577184619, -365.5041577184619, -400.49710182938145, -410.6177190462025, -424.39823173268337, -433.46709525427843, -445.55722348314237, -457.622898995453, -460.52008304531574, -462.6817285026453, -473.60144725802974, -474.0117809661603, -476.30317574624917, -481.08486703426007, -481.08486703426007], 
[504.56809167243614, 504.56809167243614, -324.1634992416222, -327.8175948947143, -327.8175948947143, -360.9685662127198, -372.81695430888226, -387.8218166604872, -404.2683933322659, -433.09358845514936, -433.09358845514936, -444.0568940586553, -445.04576977056735, -454.2124023554322, -459.5121902771247, -465.4084056589342, -469.04160597541016, -478.96005167322875, -480.3514207750635, -485.84891532161083], 
[689.2652806507367, 649.9350853733224, -212.3489672448399, -212.3489672448399, -258.03025122965664, -373.2449108495452, -403.4430816669222, -412.73103404595236, -434.15433517016254, -434.15433517016254, -445.460410348678, -455.65247732843835, -468.5432339331855, -469.5785577077478, -474.89094689352225, -479.04723850852787, -484.4720967131835, -486.0075143795541, -486.819397504306, -488.7005314287175], 
[1053.2027205546296, 475.1164961325202, -171.8165144985977, -207.78337142369804, -321.4673487879702, -355.5219009741703, -363.6130751416147, -398.7159401669464, -404.7453892850242, -434.1792124836617, -457.9168159722816, -472.49112602688456, -472.49112602688456, -473.7358151285058, -476.9439995468107, -478.4556081083411, -484.37139569143375, -484.37139569143375, -484.37139569143375, -486.4549851535999], 
[822.985348323776, 735.552854686832, -187.8085895764583, -244.49933728498218, -251.94095236106, -345.8646063401163, -429.25701500698403, -429.25701500698403, -429.9144353474705, -435.16475135709345, -446.17020305397864, -454.9665323867695, -468.61244023902015, -468.61244023902015, -476.79635487932876, -481.84541802902254, -483.5915066724035, -485.48393131606144, -487.64571316610363, -492.08503308791404], 
[612.0976555851917, 390.522782154776, -297.15895271780334, -333.0804853692375, -333.0804853692375, -342.1043085203088, -378.3278652986777, -380.08143274472684, -400.45791665991965, -426.9362866977484, -426.9362866977484, -446.8455608351237, -446.8455608351237, -457.5434485405183, -460.82190683137316, -467.79943370455277, -469.1317595697335, -471.789183613191, -478.73724330099066, -486.90020736982393], 
[624.6792760030555, 622.8134845122868, -163.08995836432672, -274.67504148219376, -294.31149908978955, -315.4931040554444, -332.521238810475, -377.9791188051651, -377.9791188051651, -406.13939476597614, -449.15268763336115, -454.83169228820924, -455.3836175411964, -466.38573035782633, -471.75805964756165, -474.9052669851286, -485.07235896715235, -487.72371416663714, -489.7385627504071, -489.7385627504071], 
[763.3367292148023, 670.4947446399276, -193.62239489958108, -228.93596334856716, -263.5822936563186, -295.8657717197451, -368.07086945003323, -394.79670092765207, -403.9483897317495, -426.4446689572247, -434.6029438696197, -445.5619202199049, -455.1375277186276, -465.6909482369418, -469.82389270053665, -471.47285541036365, -479.6640183288181, -480.0882599186434, -487.56870980906524, -488.0152713198458], 
[203.53199621044462, 203.53199621044462, -359.1312218806128, -359.1312218806128, -363.6895346781859, -415.68108717767, -424.8448146555028, -445.0228217778129, -445.0228217778129, -454.12338022401184, -464.47386946420744, -467.7063544302643, -477.42633962784487, -477.747451520278, -481.13124187289253, -485.7873829415972, -489.47214407425025, -490.1950533631915, -491.6855790934752, -492.5876616222496], 
[1160.563862671466, 749.8646742093904, -230.1048860618883, -257.4890645091343, -322.618586395746, -334.9263036862204, -394.8846870042304, -394.8846870042304, -401.3136362293529, -418.2852753330472, -429.25309532424626, -443.5559849311968, -451.61576963850354, -460.94301860825954, -469.20272493175924, -469.62057177281883, -485.22349094171244, -485.22349094171244, -485.22349094171244, -489.242858662242], 
[684.8722486115441, 227.8019505195541, -161.5284008783957, -267.6226993502171, -291.47849804915177, -292.1864234483053, -312.62461728087646, -318.7071987403179, -356.1039101627554, -382.6807303833529, -401.5743680242328, -410.5832048659865, -439.62757984150795, -439.62757984150795, -454.278905007609, -457.65473631198245, -464.0872644803344, -468.31751860423515, -469.92637094126314, -477.8745564725231], 
[709.8116343868326, 487.91371277444125, -190.6000363830678, -251.45912579828874, -251.45912579828874, -283.83802277195446, -342.4898742363018, -357.20002877098784, -369.92800049126333, -388.49905870054044, -397.620739735965, -420.5486396270428, -425.01732473953, -444.9766027572033, -444.98178676364813, -459.2085169360722, -474.665871873751, -475.7467127484567, -478.6706835533553, -482.92487611843006], 
[838.5168874797348, 392.7902355903419, -296.6792835170669, -296.6792835170669, -313.1111533550441, -313.1111533550441, -359.9299343675455, -362.3167650036597, -388.56868274655636, -408.7315000821116, -409.3114424618308, -433.29910749619694, -451.1208700075089, -454.58508924094997, -461.00123232579176, -465.4248801303946, -467.1783828419752, -471.5927547536105, -476.75358315777584, -481.2811088665298], 
[770.0781994453077, 350.7862633516562, -301.7511281594145, -336.3647021107555, -360.31578358395086, -383.0462372721878, -406.3257987790436, -416.3079542645343, -444.541722961358, -453.61810589811546, -462.5043322907217, -466.5417324456878, -479.0325188969655, -483.8242406098546, -485.9081517115548, -489.5098905285367, -489.82323449888383, -491.16206764602606, -492.9494426080885, -493.32945008751784], 
[104.59862740017104, 104.59862740017104, -150.2485343853906, -212.31880673333131, -289.2556016955848, -357.7444284225912, -415.81668520505264, -444.0738789998391, -455.80319093753815, -460.50441141422385, -468.99408073342363, -473.66593965821323, -473.8453760468595, -480.0009549390834, -483.75967381507525, -484.54184876944083, -488.0828879882465, -488.24809581046696, -490.51777272696, -492.1881520256511], 
[862.558950337045, 368.72517281841215, -183.937542998394, -183.937542998394, -225.1499251067156, -286.1982806542178, -310.36535408323965, -354.7112193035686, -387.35061765585505, -413.26515049425313, -430.09388061767083, -433.1237388236939, -465.68676906033716, -465.68676906033716, -467.3836582758844, -473.31626564347636, -482.75231231121086, -482.75231231121086, -485.3481443350022, -488.3924025368514], 
[610.4007326254919, 242.52500212331358, -269.5075821968852, -281.580124263843, -305.28769780194693, -325.6886980492245, -377.6204513569347, -394.70041913044145, -413.11702390720257, -428.48640358110686, -438.85181960494714, -475.5599297807191, -475.5599297807191, -476.7625688542046, -479.10252011303686, -482.4494385628974, -486.7648770989838, -487.62791485515555, -488.97125632269956, -491.14124369993965], 
