[695.7757354540511, -128.5121788381182, -259.4662483814801, -310.76046028663984, -310.76046028663984, -329.4860869337567, -355.6962839250381, -378.3124168337154, -410.22438645086135, -438.9764271026408, -439.03388631831297, -442.8488109802307, -460.80376210268935, -464.93260065740213, -474.34500703920605, -479.7115631488626, -483.2396383743352, -485.8584767543, -488.4787947087871, -492.43046580021695], 
[425.18320664855037, 287.3526554899537, -237.8400686017007, -244.01855627991054, -278.7967888389182, -314.4904441493763, -339.1041006601092, -353.1442090307173, -382.8676165647549, -423.7688711006146, -425.4291914355405, -429.416664390561, -440.11220754255186, -449.2005445032455, -453.58426579729746, -464.79026049277326, -471.79534286627256, -472.1684798558425, -475.3003578075849, -482.8138417057066], 
[582.1413745395653, 280.02547146206996, -287.56327892527446, -376.3321830816172, -376.3321830816172, -376.3321830816172, -401.3241640984835, -427.1390840724972, -427.1390840724972, -437.0122899594878, -446.06416173415073, -450.9905804167348, -466.81038388544016, -466.81038388544016, -468.7660635655975, -479.11891118748565, -483.2008441049421, -487.3203916528895, -487.3203916528895, -490.34807392739793], 
[291.92061674280535, 291.92061674280535, -279.7267169263639, -290.5849377824544, -300.59039740006426, -346.66558649738164, -351.9767043918996, -378.6680451332694, -409.8442628144019, -436.0041738365151, -442.1461116446113, -457.66265682820847, -465.05177508744794, -476.4895886925723, -477.37716108281995, -485.9449374009446, -491.101607543813, -491.2598288046556, -494.48050685071036, -494.48050685071036], 
[534.1688813217174, 534.1688813217174, -281.26839675852034, -333.5016915469531, -358.1279153600458, -392.6622608469051, -399.5529147733778, -427.34906631512064, -443.08947431346587, -451.82830647182516, -458.71062989876265, -463.9434910033578, -476.352858443164, -476.7694872364412, -482.88702216630764, -483.12628002670914, -487.5614429033414, -487.9341923547264, -491.2140236854856, -491.9448572628485], 
[458.9617402453056, 178.87690560084616, -203.49338486835615, -286.9801901952035, -312.88746307328006, -313.51205634043686, -364.0000710087534, -388.59040282694764, -390.91546704692144, -412.98244988822466, -438.76371601450734, -452.9646064693119, -464.41890786358044, -467.57314472003526, -474.63930353135515, -482.25148444478515, -486.38395835135157, -486.38395835135157, -488.0667662475281, -490.97958588971795], 
[247.71967774179404, -22.65168258837292, -280.30703781510624, -370.2448194640759, -372.85135521386735, -408.9212393368135, -417.50586781114316, -436.8459366627203, -442.1355579984229, -454.42684991712304, -460.5231601081035, -473.7218323639132, -480.64428166194085, -484.2446677647419, -489.602103948409, -489.602103948409, -489.602103948409, -491.4702854415833, -494.91347317779514, -495.3056661241744], 
[694.3832537910712, 235.85458414265804, -194.83951635813736, -233.01045629416006, -244.79726767845102, -285.4891339209993, -342.79864894724096, -384.48917115414673, -385.6538106184197, -415.3798409865759, -415.3798409865759, -424.6836872682562, -435.7901023613787, -456.7047741096426, -462.17042664616605, -475.120014924795, -475.23157408650485, -483.4617718074713, -483.4617718074713, -484.40184857029686], 
[301.94880788666535, 192.61624174887254, -251.48904993948153, -304.19261356369134, -312.49116639590534, -349.43713091530395, -397.19483534603614, -401.7004249536302, -426.7538774335612, -426.7538774335612, -432.8957382099098, -446.64362669898213, -451.22484117784745, -464.1952526546014, -466.05484586888144, -470.53112971655924, -477.817263169442, -479.70187532717983, -483.73518985235165, -485.2413137207638], 
[719.1212362620777, 719.1212362620777, -165.79436736205776, -346.67837763416196, -346.67837763416196, -373.9843223956806, -374.7286851967675, -386.2090907919315, -406.9600016561122, -414.73941287335134, -429.65066350231683, -442.575256862351, -452.5035154889117, -465.2370950777359, -469.28359910330266, -476.3299385439494, -478.14276681414435, -480.3756816968883, -486.0908920040804, -487.1199067458367], 
[475.9157076044813, 475.9157076044813, -80.03387209567279, -130.6263618383254, -151.33614876116945, -246.81770934685628, -294.6980727749901, -351.80485073560556, -365.37396235250867, -370.4246698776128, -404.4399887106298, -432.92132663568225, -454.7144343710092, -454.7144343710092, -461.1699941609878, -472.0679173795462, -477.80032017306786, -483.89074464227406, -485.5115347261608, -487.9741181716907], 
[665.0482559943159, 665.0482559943159, -89.67106782238102, -237.87823757730382, -237.87823757730382, -295.8829025721552, -328.99771845237785, -356.1630555118993, -368.5711884723737, -398.3248261575276, -426.83217333706466, -429.0278339379669, -441.17521955155325, -446.72370870926005, -457.535535229134, -465.07824609156756, -466.92587100462544, -470.97305060610927, -475.5018975340942, -481.53132902681256], 
[490.4305603828541, -91.54696659384365, -372.1491633098556, -391.7739955352887, -416.34079788811766, -422.4280964250328, -431.82913407926833, -453.90003740787125, -470.0796104941116, -470.40024600597764, -476.1196062474173, -478.2776588630155, -484.9372553660087, -489.21874296236, -489.21874296236, -491.9768148184913, -491.9768148184913, -492.66399823180075, -493.1248456124656, -494.16610116078107], 
[1009.1362111992644, 756.2499297086779, -117.59348532905716, -128.03822598876036, -207.73795292680495, -249.35146616943422, -301.18727450546135, -351.8376389320947, -375.1638690402806, -409.5946268570525, -452.1730322781536, -458.9311327871296, -475.8668512993675, -475.8668512993675, -478.47899250904936, -486.25954952597664, -487.6246230009414, -489.1936565783887, -490.9504551713276, -491.5782529414626], 
[511.3601876511133, 511.3601876511133, -253.7411471414235, -317.558513146269, -364.64592884451054, -377.68666352219816, -377.68666352219816, -405.1777468911617, -405.1777468911617, -417.8624137024431, -431.92096657180014, -439.12669788260513, -446.76598295004936, -462.84993846793503, -463.13665217421976, -468.5199922964176, -477.6727516784734, -477.6727516784734, -480.9628736980437, -483.4379588605721], 
[402.4800419359159, 402.4800419359159, -165.52057644355625, -244.49741262128973, -252.3878725387708, -330.17629900406763, -343.89400064877805, -380.5761168027242, -394.3978548037773, -406.9677357481203, -423.2898724633675, -438.85080010568925, -453.0586147819662, -456.7510827865851, -467.5762700031617, -475.30379428477687, -478.25732158011186, -487.2547206724699, -487.2547206724699, -488.70092014006633], 
[503.20695890463924, 442.75323200511014, -141.60401677919958, -379.4224430016867, -379.4224430016867, -379.99008976022316, -379.99008976022316, -393.29964452673664, -393.29964452673664, -395.47254076201585, -420.3591355700121, -432.9899793443434, -444.3366200555639, -465.6006323136404, -465.6006323136404, -465.6006323136404, -468.13305488588355, -468.47996941830127, -475.29684685439025, -483.47952916838835], 
[914.4006526053618, 517.5867845168037, -128.9374803598128, -157.23774596165197, -173.65967069667266, -218.61653980206694, -268.93271578943575, -268.93271578943575, -296.4200585319101, -319.1428164684095, -353.3636760488297, -365.3772722405638, -383.3277242560595, -398.7763005078586, -410.4829069050036, -416.46062907777866, -426.09414072543404, -441.77102300808286, -443.59727588508554, -450.2887283844111], 
[461.03482319092893, 461.03482319092893, -230.5489649557964, -243.98878163387462, -259.8658093907554, -315.7047555120846, -320.8387997535443, -345.44710971811367, -369.40207381000675, -398.13968264450915, -422.99203700851234, -436.21450458579824, -443.36161638144006, -453.47248793660447, -457.959105478354, -469.03990860771364, -474.58135631670564, -482.0155738547197, -484.97659658342917, -486.2287893363445], 
[897.3305466415893, 6.952915244107999, -189.07841798454814, -276.22256265497344, -291.8938749924878, -312.74064800450856, -354.47899864579426, -375.79435652359257, -407.51508232827643, -426.40242968254734, -450.232133406127, -451.5875849433702, -467.6730303698471, -478.1057648725886, -480.4706666779092, -483.28619761395845, -488.3402157749544, -488.5180688592908, -489.5033708924696, -490.8950388311331], 
[632.3985036570359, 369.1395554690339, -37.48814375774583, -89.89791756129279, -256.4302434394062, -316.9671007942918, -316.9671007942918, -332.87277456144955, -357.8053349402053, -381.0014375166283, -381.0014375166283, -405.5984129784363, -421.1873112719978, -423.7930906320896, -442.7089072663291, -450.0215156651552, -453.1782465917229, -464.2062704616189, -469.60201559550586, -476.04716817585313], 
[570.7503146361321, 570.7503146361321, -219.8808406350792, -255.48355755832878, -282.29862109465205, -312.4998521923399, -335.90127621215953, -398.03714578273764, -420.30095509691637, -420.30095509691637, -429.7205618899442, -444.57789814738146, -462.23481033804194, -471.55488809266376, -477.19787045126077, -477.19787045126077, -484.09292927961684, -485.65218087422835, -486.5221745537923, -488.05096516918155], 
[800.9919776758884, 779.0175766591883, -315.4718532194265, -315.98311083969884, -327.0584744050976, -353.96368052351875, -386.1247072697018, -397.7649070565941, -417.9243036905616, -440.8021500808532, -440.8021500808532, -458.3855562583474, -465.3290817171497, -471.38704405615215, -471.38704405615215, -480.7450711015411, -484.5540023059638, -488.94231020060454, -491.1044467399345, -492.4682913354052], 
[795.374034048491, 795.374034048491, -62.9270490558103, -142.18372772066067, -208.3238992667812, -232.98155474121813, -265.6398507823843, -283.1668931415234, -301.5949346738379, -330.6773792927946, -345.351201735329, -360.0039128030504, -380.6967454359242, -400.3003723563464, -412.4440075831033, -430.51023866900084, -433.0574368976804, -440.6843227426197, -445.7013828824911, -456.0729383568017], 
[899.7120553512227, 899.7120553512227, -281.02042254335043, -286.79774481932833, -331.4130330241894, -358.0987024220758, -365.826183363488, -405.2862162834691, -436.1105482278739, -436.1105482278739, -442.7700539778315, -459.19813723341406, -468.0100192463338, -470.85962875191643, -477.3090360544237, -481.59859480238845, -484.95559656080144, -488.5156560225488, -489.4733169509102, -490.4370657063944], 
[683.8647107869388, 595.0971808983418, -266.28056736785226, -366.70037877079886, -400.2095393416172, -400.2095393416172, -418.1151797434236, -432.9133428597816, -439.89448059258257, -452.48232486607026, -466.2867503295191, -467.2711327620542, -476.01272698084233, -476.6045795208432, -480.15846033072125, -486.10549135149967, -488.92384593361453, -488.92384593361453, -489.6953159888464, -491.0585104960443], 
[381.87395159059497, 381.87395159059497, -197.8994147533462, -329.95170371119485, -329.95170371119485, -377.0601884135804, -377.0601884135804, -408.9375316911197, -423.9329240906812, -440.1796919151805, -449.7555103787356, -472.80062117260667, -472.80062117260667, -481.89846817661083, -482.38386342892034, -485.1576699603184, -487.1251898005866, -491.8881885616059, -491.97997080927905, -493.0106041869248], 
[345.1459780274165, -122.54122875717906, -144.2984423003391, -174.64706647195408, -211.4623690937358, -244.06790028163235, -289.48417069822983, -326.5953419146608, -352.3490425539219, -388.960358291852, -398.813267268048, -416.79488606583135, -431.059925931202, -434.45424149692474, -444.14184402113585, -454.88355990848544, -462.66698469390144, -468.46249760121987, -473.06693387241796, -474.0678211685099], 
[743.0973482170687, 463.3446257028853, -217.73941808142797, -217.73941808142797, -271.419036777511, -282.7013089061574, -339.9857360633414, -367.61458688063453, -385.2819662217872, -405.9064808065614, -426.80178230372513, -444.85447110881, -450.4642930811749, -456.2973107770392, -466.3418520165149, -473.8332635290825, -476.1126304343245, -480.2863238121185, -483.3172920081318, -487.19561805000825], 
[586.066521186377, 396.3970228619959, -234.29572383961954, -237.23065120683577, -247.4634595294144, -338.966344047536, -397.2414879200794, -397.5887126054676, -421.45516899605855, -424.9628618372499, -448.2141807621569, -456.3609516440362, -458.272254609915, -474.26891853504, -475.49679981929836, -483.69517838890096, -486.02790280081126, -486.02790280081126, -488.0489453032495, -491.295151444337], 
