[14455204933.099476, 14455204933.099476, 14323544818.574972, 12101110788.850857, 9753745478.432428, 8810621897.766247, 3499379983.7409496, 3499379983.7409496, 3246731052.228297, 1976105929.0889077, 1976105929.0889077, 1976105929.0889077, 1664779053.650385, 1580619025.715461, 1228978202.5922172, 996094479.8411026, 918834391.3556561, 816306743.4177881, 506684750.749405, 413184080.3884071], 
[25856476310.95002, 25856476310.95002, 25856476310.95002, 14511296367.33592, 9005010761.929094, 9005010761.929094, 8379242620.436607, 6367782907.431014, 2191161951.4547377, 2057071935.0473855, 2057071935.0473855, 2057071935.0473855, 1357047923.03358, 1236177459.4482532, 1019490555.4348989, 892149613.0493889, 842306344.4435959, 842306344.4435959, 824209164.7141489, 709925927.5759534], 
[25755421393.60651, 25755421393.60651, 19970335258.26922, 19970335258.26922, 19970335258.26922, 12864989159.854233, 9457661335.780344, 9457661335.780344, 2249828857.2215004, 2249828857.2215004, 2249828857.2215004, 2249828857.2215004, 2249828857.2215004, 2033655519.5635362, 1728021556.1080182, 1451244748.1004016, 1285454937.3702004, 1285454937.3702004, 617354638.2019945, 532765363.43955797], 
[37142145513.9383, 17848676314.448174, 17848676314.448174, 17848676314.448174, 17848676314.448174, 17848676314.448174, 11164938207.398067, 9086912993.181555, 9086912993.181555, 4539574593.698089, 4539574593.698089, 4444960687.286034, 3404473511.7048764, 3299725343.051976, 2647289158.249654, 2647289158.249654, 2554004066.3946133, 2521387632.570595, 2093839163.6241288, 1740841637.2364526], 
[12131484741.76749, 12131484741.76749, 12131484741.76749, 12131484741.76749, 10769753519.574188, 7563697258.974506, 7563697258.974506, 7563697258.974506, 6395348176.367008, 5502495477.028937, 2915991165.9705963, 1075565591.9669802, 1075565591.9669802, 1075565591.9669802, 993051979.6071004, 890497463.7270794, 410187905.8631836, 410187905.8631836, 410187905.8631836, 366029121.47107923], 
[35441027697.733, 35441027697.733, 29257946672.76747, 27862000361.7533, 14200950630.561438, 11690054291.842766, 10958029087.614859, 7029525602.548291, 7029525602.548291, 3937733862.1952987, 3937733862.1952987, 1262243953.3940268, 1262243953.3940268, 978075324.153898, 495324919.30345315, 495324919.30345315, 495324919.30345315, 456468368.23179704, 336131996.8346562, 335163017.7526829], 
[30424927775.551712, 29916868493.852947, 29916868493.852947, 19283330293.76517, 12639898021.10986, 12639898021.10986, 8123361927.969223, 7780202649.627262, 7226593707.066709, 6247012217.538746, 4462501208.976009, 2648747188.832828, 2009937485.5590916, 2009937485.5590916, 1660094916.580143, 1660094916.580143, 1345134820.6004887, 1329345123.3063247, 1061141431.1004804, 932454017.0319841], 
[21134751390.20467, 21134751390.20467, 21134751390.20467, 21134751390.20467, 11878279920.261427, 6732675417.968146, 6707555673.347447, 6698341835.801794, 6411501998.275666, 5583714630.60458, 3035642703.914338, 3035642703.914338, 3035642703.914338, 3035642703.914338, 2861751774.703041, 2499202831.822527, 2499202831.822527, 2375743647.711347, 2019329216.4282832, 2019329216.4282832], 
[132676638470.09146, 55189814559.080055, 35962988330.47932, 12960965758.692583, 11893863717.342482, 11893863717.342482, 11893863717.342482, 9738282431.452127, 9738282431.452127, 5852890103.998075, 5852890103.998075, 5852890103.998075, 5631535255.357912, 5297892647.964511, 4232494358.4375534, 4232494358.4375534, 3949955193.08889, 3782096274.530744, 3274724564.7449055, 2809005881.544976], 
[37517579625.09445, 37517579625.09445, 37517579625.09445, 37517579625.09445, 6474243436.967469, 6474243436.967469, 5458826882.496488, 4531338287.762864, 1390333015.8099604, 1390333015.8099604, 1390333015.8099604, 1091347339.2266347, 1091347339.2266347, 1091347339.2266347, 1091347339.2266347, 779268751.9842271, 705217709.2807298, 705217709.2807298, 705217709.2807298, 705217709.2807298], 
[6866758413.233284, 6866758413.233284, 6866758413.233284, 6866758413.233284, 6866758413.233284, 6866758413.233284, 5628264885.024526, 5484526534.23358, 3659911189.052335, 1491148498.987858, 1449300165.54859, 1045444259.6933689, 1045444259.6933689, 1003539231.9361535, 1003539231.9361535, 791225792.2643272, 791225792.2643272, 664144585.6575605, 655212852.2651119, 624812473.883675], 
[28962275863.07043, 22855899953.400875, 22855899953.400875, 22855899953.400875, 8529697593.899913, 8529697593.899913, 7987312320.36762, 6743650725.598243, 6182007686.7109785, 5162128231.601234, 4576294558.874052, 3613087942.7704673, 2651914970.24841, 1583674705.1345007, 1289410862.9579136, 1155394550.588176, 896524025.375837, 764561952.4205433, 703517437.5149214, 668544963.827127], 
[142483509295.2304, 28684248160.240486, 28684248160.240486, 28684248160.240486, 11123957058.278013, 7798919957.715777, 4568147348.232582, 4568147348.232582, 4341290904.157552, 4341290904.157552, 2548674185.678654, 2548674185.678654, 2548674185.678654, 2548674185.678654, 2548674185.678654, 2274398191.15967, 2116699844.559055, 1957721643.1746242, 1957721643.1746242, 1755932906.8373892], 
[30885417030.507095, 30693344662.648045, 21853348978.10144, 15923734885.211252, 9062088697.552975, 4915710746.266691, 4915710746.266691, 4915710746.266691, 4754465810.589834, 3932811902.5525727, 3179238586.600338, 2230073471.497841, 2230073471.497841, 1782884979.8581803, 1613641177.1346445, 1613641177.1346445, 1496006158.1902273, 1409393496.5059268, 1136534796.4307795, 860755611.6203158], 
[25549565515.286354, 25254354924.293514, 17842528703.673485, 14206377443.412952, 14206377443.412952, 11318435243.884375, 10434909948.680021, 6253648402.216953, 6253648402.216953, 6225111282.844135, 4906839563.072631, 4708020743.588228, 4507498118.307483, 3507968514.040023, 3120241513.37149, 2342774875.639997, 2321216913.1941295, 1931388878.7609959, 1928036803.1797013, 1757402607.8846788], 
[7367052338.974891, 7367052338.974891, 7367052338.974891, 7367052338.974891, 7367052338.974891, 7146134647.316852, 5991564749.55275, 2337023150.0463333, 2337023150.0463333, 2337023150.0463333, 2337023150.0463333, 2262528551.9659896, 1836303905.4839609, 1395229053.059954, 690987920.2549998, 516945599.10171056, 450948428.87967044, 348255977.31408644, 346365836.2450485, 325016185.2422966], 
[27342111472.73738, 26529372405.287952, 26529372405.287952, 26529372405.287952, 11308277307.184456, 8091252124.796293, 7212842336.317194, 6743836093.938955, 6743836093.938955, 6517666503.023706, 5926155575.972578, 5830925463.696828, 4166020434.472906, 3754146693.8963547, 3126878861.461354, 3122471944.0801396, 3044553029.5844355, 3044553029.5844355, 3044553029.5844355, 2982127293.9767356], 
[317428687975.4963, 32840042496.119835, 32840042496.119835, 23875755620.602333, 15077056021.561256, 9661062164.014584, 6850010486.932361, 6394402387.268346, 5263981334.870389, 4810429000.081615, 3836988616.3849864, 3384481851.3379292, 3031496617.9400926, 2156288774.5561504, 2156288774.5561504, 2156288774.5561504, 2125651080.4323523, 1718798931.2295027, 1688358574.121258, 1541471798.929281], 
[48475587040.106445, 35184588743.97154, 35184588743.97154, 12849347157.382488, 9482593577.835644, 9482593577.835644, 7907112482.642077, 5376011944.507085, 5041682605.188992, 4935859510.307656, 4259540969.9641137, 3257132399.846339, 2609480266.514304, 2288183019.5303082, 2288183019.5303082, 2192716315.4957466, 1455275505.656336, 1200223569.3142622, 1200223569.3142622, 1047362856.1727866], 
[118923088816.54276, 92369603893.45012, 92369603893.45012, 92369603893.45012, 16284680780.240469, 9163015022.159374, 7125927718.941093, 7125927718.941093, 6714360037.198185, 4246844767.402456, 3936124845.532699, 3930796549.545417, 3107536335.274823, 3002765073.635389, 2566376898.832657, 2429424423.250527, 2304505841.154443, 2072413030.0852437, 1946127760.0654416, 1690643986.9116106], 
[662049883672.3505, 73985676269.80716, 73985676269.80716, 72498072186.8253, 19283746907.98449, 12728935494.102781, 10569994161.6874, 6103345525.813037, 5481094587.013166, 4783698492.465835, 4783698492.465835, 3964791141.0119843, 3777843169.1371036, 3777843169.1371036, 3777843169.1371036, 3613852343.8901534, 3343756463.25147, 3080975898.9324636, 2908417475.6484504, 2718192733.7789617], 
[43548001403.62252, 43548001403.62252, 43548001403.62252, 17757740194.379116, 8648482290.383776, 6384991709.907004, 6384991709.907004, 6367151797.965759, 5690792050.598554, 3625303283.584532, 3351137000.539839, 2535681861.1278253, 1970742612.9119804, 1970742612.9119804, 1970742612.9119804, 1949961327.3769052, 1921262341.1762307, 1836918896.1749632, 1691845150.230507, 1598511528.8057606], 
[390261384148.21466, 30527147689.260326, 30527147689.260326, 30527147689.260326, 12290347893.291931, 12290347893.291931, 7669030307.823717, 6577763809.052048, 6266960223.051753, 4997682309.468554, 2548557572.083264, 2548557572.083264, 2062403735.226492, 1649982830.2465808, 1644604628.81296, 1441925764.6616032, 1293553517.008909, 953546866.0754443, 953546866.0754443, 953546866.0754443], 
[56281138002.43867, 56281138002.43867, 21584011226.823807, 15948481942.211315, 9665987089.602495, 5426492481.515192, 5426492481.515192, 5426492481.515192, 4035333119.111742, 4035333119.111742, 3590413547.4592733, 3590413547.4592733, 3183900504.333893, 2884025349.17826, 2343329299.208088, 2254798036.721501, 1732924768.1286025, 1732924768.1286025, 1315457651.6163547, 1290272329.198862], 
[110990878270.70638, 110990878270.70638, 110990878270.70638, 55487933452.86286, 9873306244.076029, 9500937193.178503, 9284696138.839369, 6710461382.907905, 6710461382.907905, 6618695205.712901, 5099480573.071517, 1840352676.0610383, 1840352676.0610383, 1840352676.0610383, 1396810006.0731254, 1347794059.408616, 981702136.6824982, 807705868.0050585, 734341186.1179228, 702616381.4128231], 
[15076811467.569592, 15076811467.569592, 15076811467.569592, 15076811467.569592, 13554213349.12044, 7084735272.376974, 5897609244.7043495, 5109615790.742866, 4694304304.208246, 3669879608.758359, 3035701637.9217243, 2554325873.837098, 2110682758.5244882, 1626011459.465395, 1574781529.0133457, 1570040432.323152, 1375522372.7867122, 1018208702.5075865, 789103718.3561455, 759803577.1882535], 
[38242253707.34407, 38242253707.34407, 38242253707.34407, 38242253707.34407, 35281590652.05421, 9174038242.594799, 9174038242.594799, 5573945865.114171, 5573945865.114171, 5388328602.05194, 3791737138.590859, 2910814021.3533025, 2756566387.6358747, 2280709436.7847066, 2280709436.7847066, 2260641822.415993, 2001631807.0929232, 1819141236.401917, 1643384782.0485818, 1643384782.0485818], 
[588901464447.1366, 37985009183.652596, 37985009183.652596, 37985009183.652596, 10366977918.452238, 8402139380.561317, 5087987124.499395, 4319809260.154588, 3348230735.203586, 3348230735.203586, 2591935315.931693, 2273599923.4150286, 1643653110.8897839, 1557180150.302798, 1485684384.3205616, 1223470611.0311754, 798096296.6424596, 794698138.9755324, 792138902.6196096, 594129154.4037144], 
[39588586545.00926, 27357149977.1276, 27357149977.1276, 22347928248.762497, 18001520025.98864, 10833611179.185568, 7807298626.242613, 7807298626.242613, 7807298626.242613, 5840377758.020189, 5708147431.363186, 5104911946.149166, 4746152654.043819, 4378489798.042219, 4072422581.088389, 3899320711.4906416, 3519373955.5804706, 3210995932.608753, 3175848664.570833, 2869523441.22256], 
[22790273601.100937, 17978207973.428173, 17052700949.92744, 17052700949.92744, 10345253054.86737, 8128069353.213236, 8128069353.213236, 7203923426.994592, 7186584396.434881, 4857831486.37196, 4857831486.37196, 4857831486.37196, 4218878018.067376, 3398075804.9792438, 3254046727.0353837, 2792495211.5454907, 2540471066.815061, 1916591166.4007924, 1916591166.4007924, 1861842230.0162141], 
[53888738395.64716, 53888738395.64716, 39521922951.641624, 20658176759.891697, 8086521551.747276, 8086521551.747276, 8086521551.747276, 8086521551.747276, 6665048020.43461, 5245463114.52284, 5245463114.52284, 4507029678.487269, 3684713096.9341626, 3497699894.619598, 3056467255.1552224, 2812654021.145945, 2282762036.946837, 2260812925.744847, 2123213040.9288013, 1793787783.5986807], 
[42329513638.54267, 42329513638.54267, 32250416029.426323, 32250416029.426323, 26184117631.30415, 6657653065.649165, 6657653065.649165, 6566840373.993263, 6140764361.364704, 5422444212.4726, 3634721035.5385523, 3313294717.8742647, 3313294717.8742647, 2988962029.037462, 2988962029.037462, 2988962029.037462, 2858172274.0958896, 2672337323.1135283, 2478947555.742557, 2470361265.468684], 
[28090950208.329437, 28090950208.329437, 28090950208.329437, 28090950208.329437, 13724339973.790197, 13724339973.790197, 12251865551.0824, 4976364370.455504, 4976364370.455504, 4976364370.455504, 4976364370.455504, 4821268555.424251, 3494784875.12822, 3090659832.123009, 3090659832.123009, 2711683325.837096, 2615713813.3283854, 2230676959.2750664, 1791191677.588659, 1631765151.1414413], 
[247124219271.58517, 230317756842.23508, 230317756842.23508, 38472041630.996956, 13855222874.211016, 13386909160.117098, 13386909160.117098, 9145869492.305134, 7845439381.481951, 5502489463.119314, 3685205368.484141, 3685205368.484141, 3061450887.1971183, 2837090671.9869323, 2520870720.3260393, 2501048459.948783, 2451757512.9104047, 2215516884.5664463, 2027199575.2987325, 2027199575.2987325], 
[51055148043.5043, 51055148043.5043, 22307924758.430622, 22307924758.430622, 7670170313.270177, 7670170313.270177, 5192037382.065958, 5192037382.065958, 5192037382.065958, 4510678991.839972, 4137328792.455106, 3201315553.9728026, 3201315553.9728026, 2981741282.9849806, 2652646554.335403, 2605762707.1116576, 2379526368.054391, 2370221989.3824, 2322274561.7282667, 2056982311.6093986], 
[22393742472.468052, 21587380760.284084, 21587380760.284084, 21587380760.284084, 15222195213.961584, 7940142555.860889, 7940142555.860889, 7940142555.860889, 7940142555.860889, 4625231352.552261, 4625231352.552261, 4625231352.552261, 4480686784.504719, 3015410814.8376822, 2463763671.289141, 2092046623.5737083, 1620748085.2312963, 1620748085.2312963, 1620748085.2312963, 1358484736.4813263], 
[40789509606.29716, 37172208808.40174, 27789873771.23894, 13454389047.403605, 9702474962.42083, 3421754638.5071096, 3421754638.5071096, 3421754638.5071096, 3421754638.5071096, 2454297613.566087, 1287975730.5831282, 960225106.3613267, 669152887.6004055, 669152887.6004055, 669152887.6004055, 480550430.3913677, 467790603.49743396, 378650358.6518545, 378650358.6518545, 378650358.6518545], 
[35942675477.88609, 26078205434.37538, 26078205434.37538, 26078205434.37538, 8348874854.917067, 6215534777.576045, 6215534777.576045, 6215534777.576045, 5474342127.706741, 5474342127.706741, 3550500315.850185, 2955662451.66258, 2193988017.586669, 2141879468.6356616, 1857670683.156147, 1685176223.5625694, 1363209975.6969476, 1314160655.4952838, 1006496906.1209766, 271752953.67922664], 
[45317869374.03323, 36654148298.25763, 29892462316.320587, 29892462316.320587, 20494898305.40055, 12213600844.858696, 10117108173.824196, 5622202132.960341, 4658871679.673413, 4042105925.1769514, 3779838247.6473193, 2770689744.2708354, 2539930462.8578663, 2275953125.233736, 2275953125.233736, 2057821253.8973842, 2056152774.362878, 1812500812.1164236, 1812500812.1164236, 1397200991.7380528], 
[29938489182.6369, 29938489182.6369, 13350931619.137836, 13350931619.137836, 13350931619.137836, 9260160552.165808, 6296812870.623342, 6296812870.623342, 4484542476.333065, 4437745325.028203, 3551117657.90674, 3465773658.2784624, 3233715449.6982007, 2922101238.712015, 2784900805.4302874, 2738596620.102924, 2412971652.355585, 2180536046.085284, 1662999122.3545892, 1662999122.3545892], 
[48668066977.642624, 17594984703.460968, 17594984703.460968, 17594984703.460968, 17236791587.517067, 8059971335.742998, 8059971335.742998, 8059971335.742998, 6026249621.775296, 5756282114.1135645, 5756282114.1135645, 5511192595.298891, 4870852084.016453, 3261586852.47495, 3261586852.47495, 3261586852.47495, 3172927175.6074586, 3154922101.023311, 1811580957.7869444, 1783143605.125313], 
[89163649464.82243, 22028077867.02416, 22028077867.02416, 16750321467.838398, 16750321467.838398, 16750321467.838398, 11652741981.149221, 7933000519.323763, 7933000519.323763, 7933000519.323763, 7254764041.841732, 5040153613.771136, 4210846857.755915, 3728895089.010443, 2461153323.8126473, 2461153323.8126473, 2461153323.8126473, 2461153323.8126473, 1513004395.6557734, 1444772213.6901445], 
[23832380604.457672, 19902372115.22982, 19902372115.22982, 19902372115.22982, 19902372115.22982, 12603521103.214106, 7608709522.599152, 7005834833.573969, 5668058630.828391, 4771489650.7429695, 4128636269.750259, 2049956330.5002372, 1521872585.2556787, 1326528335.3671527, 1109407611.8265254, 897648883.2564615, 786329003.4763718, 777057938.477087, 591937171.6657183, 539781002.0494225], 
[49883669131.81853, 49883669131.81853, 42115127045.15547, 42115127045.15547, 14603095196.691555, 7485647260.508612, 7485647260.508612, 7485647260.508612, 7281883471.976952, 2346853426.173134, 2346853426.173134, 2346853426.173134, 1833738075.5906188, 1833738075.5906188, 1472621763.0141625, 1085666162.0083547, 891774866.260451, 740556493.2902647, 707302519.0424081, 548229773.616419], 
[42412757307.46593, 29623418236.655876, 17059235682.853243, 17059235682.853243, 14757913297.433535, 14537013010.370075, 9240795909.3196, 9240795909.3196, 6941592986.167161, 6941592986.167161, 5513335060.80616, 5513335060.80616, 4145324319.02372, 4145324319.02372, 4145324319.02372, 4145324319.02372, 4145324319.02372, 4145324319.02372, 4145324319.02372, 4145324319.02372], 
[45300895276.74023, 45300895276.74023, 32702163326.542255, 11930482977.064636, 11930482977.064636, 11930482977.064636, 6253098418.001061, 6253098418.001061, 5329647009.987741, 3761586116.706683, 3761586116.706683, 3678799422.7572145, 814648144.6680793, 814648144.6680793, 814648144.6680793, 773954260.5439738, 773954260.5439738, 773954260.5439738, 761381752.9915578, 570128235.233051], 
[25339277221.36289, 25339277221.36289, 9319074288.582418, 8235976824.360863, 8235976824.360863, 8235976824.360863, 8235976824.360863, 8235976824.360863, 6599876531.343781, 3367434086.0144243, 3367434086.0144243, 3367434086.0144243, 2889995950.969243, 2797018524.697797, 2288520218.393101, 1911456576.8921382, 1871254144.4249234, 1836005695.5058599, 1177106366.4497888, 1154025323.000659], 
[59889870184.964005, 59889870184.964005, 59807241127.54782, 9427879159.756485, 9427879159.756485, 9427879159.756485, 9427879159.756485, 8028841965.428572, 4522764056.0079975, 4522764056.0079975, 2725740296.3210244, 2725740296.3210244, 2324068248.8168983, 2324068248.8168983, 2324068248.8168983, 2149274344.83643, 2042709259.7398674, 1576411860.8153367, 1227320520.7610793, 1227320520.7610793], 
[39531422617.00586, 39531422617.00586, 14082072308.444466, 14082072308.444466, 13567933325.585518, 10666805438.453466, 10352224401.520548, 10219628492.958456, 9173453774.743065, 5458887044.47736, 5458887044.47736, 5458887044.47736, 4171239765.153632, 3885576811.108163, 3393233462.906706, 3271162077.8838573, 3020409896.9276586, 2875283698.7019773, 2267094650.7760386, 1453209662.25188], 
[319441202971.9733, 319441202971.9733, 319441202971.9733, 319441202971.9733, 11622956092.667034, 10833497710.080929, 6463219457.89496, 6463219457.89496, 6463219457.89496, 5901302715.87455, 3906859569.814515, 3906859569.814515, 3179578169.9457464, 3160265907.59899, 3044931149.34266, 2877421772.830474, 2311392581.3395376, 2280786420.6563716, 2158971508.3647704, 2104243272.5355022], 
[141365671630.32907, 136811039901.61996, 48549604611.48596, 6429992335.944328, 6429992335.944328, 6429992335.944328, 6297210448.689786, 5449035866.030758, 5086592938.846423, 3447497995.6630154, 2950974292.635693, 2950974292.635693, 2282014949.1931114, 1752613279.2657168, 1737363585.655728, 1734002565.8933854, 1350464768.1728427, 1210486304.6616268, 911731643.7893139, 753860363.6966175], 
[14762797575.131788, 14762797575.131788, 14762797575.131788, 11251070899.80213, 11251070899.80213, 10907720012.890684, 7486303968.704981, 6122026257.768017, 5755857797.947695, 4934146461.181674, 4340907665.609957, 3648172182.195839, 3648172182.195839, 3484994194.9610915, 3391815388.7912226, 2910980661.5161095, 2910980661.5161095, 2732858186.040444, 2545621931.9926095, 2545621931.9926095], 
[45487071244.39098, 30630783005.377186, 23936313524.016796, 23936313524.016796, 11579448922.244612, 11579448922.244612, 9629097982.406092, 6049023011.401256, 4968972912.674339, 4812008853.399925, 3824741973.860987, 2711807815.8623705, 2286879879.23448, 1894229599.378755, 1170403457.5660343, 899214333.5692297, 898762605.7869794, 742998645.5949339, 547028305.6777072, 547028305.6777072], 
[62322659409.9195, 47918897026.98226, 47918897026.98226, 14241804296.993507, 14241804296.993507, 6417714914.283607, 6417714914.283607, 5162198865.713307, 5162198865.713307, 5107397079.345502, 3378072947.0529194, 1708935034.7238088, 1708935034.7238088, 1708935034.7238088, 1708935034.7238088, 1708935034.7238088, 1688023894.4157476, 1688023894.4157476, 1597950574.808585, 1312439488.060338], 
[281792116186.3606, 25726273201.565224, 25726273201.565224, 25726273201.565224, 23089135219.31905, 15030928072.95018, 12900526148.76699, 5755870949.561827, 5749683824.000351, 5716399722.227555, 3681701782.8241606, 3646770210.962804, 1761094340.2145214, 1761094340.2145214, 1761094340.2145214, 1761094340.2145214, 1761094340.2145214, 1761094340.2145214, 1761094340.2145214, 1761094340.2145214], 
[25245615028.355927, 21595705390.75832, 15866272087.546112, 4448626909.669938, 4448626909.669938, 4448626909.669938, 4448626909.669938, 4448626909.669938, 4448626909.669938, 1291805906.9470892, 1291805906.9470892, 1291805906.9470892, 1262916588.3508496, 1012415202.8619491, 696621604.7951052, 663387228.8536663, 661052521.3315026, 441578728.5494079, 440636246.93828267, 440636246.93828267], 
[53708883254.68152, 53708883254.68152, 42941770171.95885, 40940674367.54776, 17509658655.96266, 11342612650.878, 11342612650.878, 10827440609.939098, 8697400251.66249, 7550021539.138052, 7496386141.4863825, 5256998022.455505, 4676741420.785951, 3776878554.739719, 3635283788.1042523, 2967458267.9814577, 2518988192.5490723, 2279279598.054996, 1749110304.9422634, 1741002971.4686348], 
[40038494232.23928, 17788923934.95544, 17788923934.95544, 11544862011.051805, 3606792565.0659704, 3606792565.0659704, 3606792565.0659704, 3606792565.0659704, 3606792565.0659704, 3461357834.4083905, 3261483535.1689706, 3131213515.9739, 2486892656.4970236, 2486892656.4970236, 2138848442.1230264, 1843086920.6870778, 1613486848.8203216, 1436507361.1309757, 1402800509.9243708, 947985238.6287215], 
[29274956260.255318, 29274956260.255318, 29274956260.255318, 12477512514.553465, 11114086946.895912, 9122298420.465755, 8097957033.172454, 4760921492.6210165, 3525310896.388073, 3525310896.388073, 3509117903.344959, 3081992368.83608, 2552365735.836927, 2287986043.572912, 1495362155.8615139, 1298498506.65626, 1282620730.0523052, 1282620730.0523052, 1206034539.384696, 827182813.0933298], 
[22964971327.498966, 22964971327.498966, 21691518672.662144, 12081541381.898323, 12081541381.898323, 8352722746.369162, 6981042918.754639, 6981042918.754639, 6442022511.125617, 4998629556.398768, 2701216095.113727, 2701216095.113727, 2641785360.55605, 2262274599.0098004, 1961860846.1145494, 1915344345.5832012, 1856645732.305105, 1543480315.6023242, 1375601569.4292743, 1371338610.4351013], 
