[1057.326484749457, 328.8993118519876, -233.62501612119178, -262.5461142388279, -265.6791107588127, -379.19143654104255, -382.99908513743037, -395.9277319192285, -410.64960441893936, -417.8829829538638, -438.01793642911787, -455.60773539552633, -455.90398225743036, -469.535288845888, -473.3530769600462, -476.5810987340275, -478.4263057507539, -480.350350691001, -484.14989228684385, -487.4116557593134], 
[938.9635383708203, 938.9635383708203, -123.70937840440541, -129.48933051251265, -204.07151513181185, -232.10372146574474, -280.3860399435128, -327.1610072914753, -366.75188494741434, -381.87540653484876, -411.9814257278876, -418.5951850011055, -434.0969519715219, -443.5866297387574, -458.48269931821034, -463.8478553186809, -472.17380694343586, -482.27233764230516, -483.3901127607535, -487.6578775831237], 
[181.365811229271, 181.365811229271, -256.6087534003436, -256.6087534003436, -299.787486289879, -352.08269583311767, -367.8185179489494, -389.3201762841224, -404.16735760797815, -424.8560631027932, -433.66773689266574, -445.35922532389554, -447.92711435502895, -456.9993776231159, -456.9993776231159, -461.8800535637567, -464.0483718079818, -467.6421495819769, -470.58091224892115, -474.373983907673], 
[508.4738660819056, 501.4970489785916, -146.10032031357963, -202.73560864828892, -202.73560864828892, -210.0077425165088, -252.3960262606321, -284.04595735975374, -301.1591910842615, -332.1563545865281, -348.8660044101688, -404.38536090074797, -413.96750892827214, -428.2526632595783, -434.5844582504036, -442.61944968686015, -454.5386373701373, -456.9570294954659, -462.0034159957155, -469.15014691227736], 
[802.2901359744119, 802.2901359744119, -285.69910896022213, -304.9769494104049, -325.81596815092047, -342.5359124985229, -356.76128633336026, -383.6585767059772, -410.1126557967029, -433.7480783844088, -433.7480783844088, -453.4458553177704, -453.4458553177704, -461.21195927584125, -466.75034005824983, -473.35993695237966, -474.3068982248348, -474.88683554216794, -481.27955503490597, -481.93761937224826], 
[903.3222064773818, 507.4592721756442, -145.67274851444841, -204.58079139543736, -236.63721653702692, -319.3037898946718, -435.3139452627531, -435.3139452627531, -439.10052911380797, -443.40464873503356, -451.08937814419545, -461.914453463262, -474.39068447791436, -474.39068447791436, -479.31105223808646, -485.4433685789815, -488.7441194946634, -489.69958465621806, -490.77899812513107, -492.24614912698405], 
[689.843483938628, 358.67587073141306, 40.531756068432855, -38.5843184940947, -108.550919849318, -182.30222370352595, -238.8826172239472, -270.871863462527, -319.8558304443253, -348.50197807917846, -368.6459625318144, -387.39025725170427, -407.18984701499187, -422.1587594238245, -431.14365266295215, -441.7216831944023, -445.7645990066992, -461.8130445288475, -462.09187115099115, -472.29242133152036], 
[694.0171689050608, 685.9069506176991, -258.3474620712087, -284.80130836441265, -293.3467184804479, -323.0235563111591, -412.6310510122322, -417.98546962672043, -434.82777604710134, -444.86386322698206, -455.18775872930064, -472.9085101256054, -476.34499463175683, -480.64820947660024, -481.1800817480643, -484.584221386003, -485.58971876555194, -487.76589622227937, -491.5614808304971, -491.5614808304971], 
[800.7235463275556, 492.88140266912035, -191.74351339797238, -256.1631690728135, -264.2726937373673, -305.1798365200839, -321.64044537113443, -351.5260622243328, -426.69826035776833, -429.0757174888802, -436.63808432267984, -447.97006778368615, -453.9916488375131, -467.80429859763126, -470.15564640961355, -473.61640675662414, -478.32865862648896, -482.4341878914065, -486.93533414225254, -490.8540512465319], 
[816.642374567213, 766.1015648782643, -12.037236817525127, -78.31908523452648, -122.75107820045838, -207.53798772449585, -328.504088944575, -345.9385799376347, -368.38531809517934, -399.26135429772836, -407.12370222789843, -412.0487427070054, -432.7056264077369, -438.8053965080956, -451.6891486087332, -463.2693446219499, -476.8558727469529, -478.1674288137716, -479.12019002019764, -482.91864852342985], 
[363.2472702003879, 363.2472702003879, -197.10162446450067, -299.4158444052983, -299.4158444052983, -311.7170093484832, -390.3726898011462, -390.3726898011462, -406.4452856871169, -415.29437633681476, -429.13164511090383, -449.8990209371518, -455.3888850242874, -460.98286904457694, -460.98286904457694, -468.6704473540772, -469.48592676848637, -471.03683844297814, -474.063059989395, -478.6457340791599], 
[284.0463778143894, 284.0463778143894, -318.9067305696515, -323.1731004317369, -346.5820377583533, -359.89173644001653, -381.9269138110377, -402.58291247497755, -410.71807301288874, -416.6328340237767, -429.69862300467787, -439.17750849501493, -450.695633778362, -456.84921531400886, -465.4740746017981, -470.93029401937713, -470.93029401937713, -474.4469623809762, -478.1618494055426, -482.68107556952447], 
[607.5245719090026, 607.5245719090026, -226.0205022977608, -289.6284483939836, -291.2084265749268, -398.3330981824035, -404.2071001421026, -404.2071001421026, -431.11913452145853, -446.3830265029591, -460.5319643781012, -468.90387582650504, -468.90387582650504, -482.7121549630093, -482.7121549630093, -482.79442481570226, -483.8549791241237, -485.83962422618805, -487.7690600185284, -489.7575413069772], 
[431.94777834657907, 387.9049030537208, -185.87201015736827, -232.91590869528693, -328.6240805802475, -328.6240805802475, -337.0425023303561, -368.7948032811604, -390.6389082640002, -415.8361324334043, -428.82493347531386, -442.0869561621793, -449.2065047353314, -461.76382345427595, -468.954512132014, -475.81655764095257, -478.9653513611747, -483.24952495666685, -484.47544012399976, -487.56959661944757], 
[232.9103901010841, 66.33632248302558, -341.0315950271656, -371.6743812069211, -380.15455893859723, -408.061917887979, -411.195891296411, -422.8766359425203, -432.59822199366414, -439.5463660651227, -448.20065947470306, -468.9353996213114, -468.9636155851367, -470.8013963287619, -477.40181824861634, -481.53640093611887, -483.2310008974529, -485.9344497801676, -486.71923358898647, -488.6021651361743], 
[557.7418406882891, 557.7418406882891, -159.1257034369562, -218.61350930984537, -316.877814837453, -345.7604533783882, -345.7604533783882, -376.91561725360305, -415.40235757315634, -420.38632527732466, -424.85364641894705, -438.1862788006206, -450.3360098171906, -458.8416499576208, -461.74862784466916, -464.36171812807953, -474.31324225854735, -474.82489147246906, -477.4544619779461, -477.4544619779461], 
[677.0560199643821, 74.89499954513474, -156.04842244638485, -163.2318342053245, -189.911615651212, -247.5643679102713, -301.6973717773086, -301.6973717773086, -379.4338671313581, -379.4338671313581, -384.53151485556907, -390.53495134857405, -407.6318792327868, -417.3483633692109, -431.2343091104193, -444.32175971812114, -445.70736442975254, -449.9866187770419, -455.73917009093736, -460.1528053477996], 
[678.5114120612541, 217.3253018182926, -121.23957229038967, -170.31179487993546, -344.5261856583169, -416.74355083584766, -416.74355083584766, -416.74355083584766, -416.74355083584766, -427.6428797927628, -442.09227344740805, -450.3094121321764, -458.85102814864035, -462.14584862384794, -471.4648154225826, -477.1008914502044, -479.0658032491645, -485.776870420656, -491.32358213892087, -492.33647918427505], 
[509.52935452228587, 509.52935452228587, -234.6643334426766, -300.31539303762884, -312.4036979847183, -320.0784804674456, -360.6491878450828, -388.70904958248207, -399.7654011288246, -414.93076744093867, -437.0707495740667, -446.46899528602313, -458.2473968455686, -476.61782209007407, -476.61782209007407, -485.288475983198, -489.90447868665865, -492.506598119224, -493.0001965752651, -493.9712461113758], 
[496.56548090184435, 213.44671023829585, -303.0416704758388, -303.0416704758388, -310.39372054379646, -363.36931470992636, -381.1316689278837, -389.92451081726165, -404.19210949446483, -417.110946812173, -433.1762941842602, -453.3774736172924, -459.2290868094093, -463.66941905114027, -469.47144419294483, -474.7777661791747, -479.0897314333863, -483.79954881171545, -487.7069495419802, -488.44422007268486], 
[378.998442782403, 318.40963425093514, -290.515193321056, -304.9418723495776, -377.87100500597023, -419.7297319279564, -419.7297319279564, -430.4892816772648, -431.63952171475046, -461.05876439476424, -466.0385761420387, -466.0385761420387, -476.8163826888602, -477.2342979329038, -485.61838324873236, -488.32939646399393, -488.46672976068334, -490.25079234680163, -491.01382960806427, -492.6488340528513], 
[809.1501859796574, 413.8824987097173, -263.1938106866578, -330.9278964378235, -330.9278964378235, -356.8597845337266, -395.1956475829393, -401.83377663105404, -401.83377663105404, -418.40962036378556, -436.81693904975924, -441.35000291160236, -448.0847408998526, -457.6632961737639, -468.81864970041073, -472.14118895426, -476.24416486732923, -481.6525254127934, -482.3515355389464, -484.33391860650505], 
[974.673528614491, 419.7578462161058, -219.41154213510384, -279.47472756108675, -340.8740699095605, -356.32139783194725, -385.38547667771616, -398.6624340650509, -423.78196215479227, -434.57858533397064, -444.7391541538254, -455.9343961362584, -457.2549881435645, -465.8845370804056, -473.11828369180506, -474.1723080954868, -482.322556681837, -483.35948648617756, -484.0568728996277, -488.8202374275351], 
[1173.1900520183922, 760.0047396786408, -386.2010824672767, -386.2010824672767, -386.2010824672767, -386.2010824672767, -392.3367765737179, -394.82429469122917, -428.0071008329687, -428.0071008329687, -440.5604397994549, -449.09995366501636, -457.7514246909178, -461.9596653159706, -468.0875259986293, -472.50257824933715, -473.12429252085985, -477.4456481140342, -478.99868512594094, -484.0394880960128], 
[738.5051311300413, 548.0437450974562, -246.55919125024747, -299.88407352790256, -312.30021363398293, -344.23875158402484, -372.40335114238025, -372.40335114238025, -402.8437256972653, -413.47848229132626, -426.55014354624, -446.46207526667814, -450.8061291731627, -457.79448079908997, -465.0551577262042, -471.0872190148825, -476.5267193214915, -477.11567702096033, -483.4384598101961, -483.93003697396034], 
[298.3791852953416, 63.72201973133713, -257.8451121218874, -281.0594637775624, -299.99549617877676, -361.58778979807516, -368.15754946298273, -413.0852344670423, -413.0852344670423, -438.4587345569306, -450.62909495487133, -462.8979087034754, -464.4104055172318, -470.8723030513932, -483.13690993425666, -483.13690993425666, -483.84634425730144, -488.42622040276666, -490.13671820520335, -490.13671820520335], 
[469.78543404599566, 408.9036177178874, -290.663009317434, -308.1463780273075, -319.34325685942315, -395.2079063590045, -395.2079063590045, -398.5074919375138, -407.0754478202049, -415.42303387316804, -433.4412612255184, -445.98329536805824, -455.7664396643471, -463.0732057828183, -465.44589602965493, -472.36959479752323, -479.5340956637324, -484.8026012878302, -485.834030272265, -487.48704022332936], 
[348.81258642814726, 276.763060002771, -341.67018842307857, -375.5780778490167, -385.17963752302114, -430.7403560826814, -430.7403560826814, -439.8843356264452, -449.5002603898434, -456.26279226616623, -467.33126519959916, -475.3851713425863, -475.86881888111105, -481.14289997992915, -488.45496201911567, -490.13120863148765, -490.13120863148765, -491.7842899652404, -494.9269780605989, -494.9269780605989], 
[878.719116101782, 794.8156440322743, -325.2970938136343, -325.2970938136343, -390.5064004246215, -408.14536454923723, -408.14536454923723, -442.8488914164121, -480.322177584708, -480.45596736585225, -484.2728126001804, -488.34430745931485, -492.19472318199104, -492.5619823019296, -494.3262562334213, -496.7528224866877, -496.7528224866877, -496.7528224866877, -496.7528224866877, -496.7528224866877], 
[293.79061653346776, 293.79061653346776, -131.0400623517741, -182.8670702709553, -278.2111269230819, -279.63577604999494, -302.7056982195894, -357.42104302739176, -364.8289391710636, -399.0871352709265, -424.4514147610838, -432.482979847735, -452.24606538801163, -456.9714806776916, -460.4722146859885, -466.447978115653, -476.1387035422514, -480.94067323206, -481.0413193179806, -485.58894082426656], 
