[712.6225034070837, 712.6225034070837, -144.9946655137132, -191.38612882241677, -204.10221725461088, -235.59601863643195, -296.6887434636636, -361.45289173013566, -400.95846376212705, -434.41740854595025, -449.41139112107123, -451.2479680306222, -467.3512209061957, -474.88237904134905, -479.46869567624253, -485.1248594912359, -488.7237342116705, -491.0525238081233, -493.59708731284206, -493.9361679782161], 
[159.56039027351994, 145.53021057506726, -205.55780864037933, -270.01636105315447, -270.01636105315447, -314.7285224351483, -347.5932422185604, -373.17550334927023, -376.2134649177227, -410.15966010253265, -412.03780704414413, -428.32308066880114, -440.58163929385097, -450.23112053183644, -458.06844322377833, -463.23833928678135, -469.2676511810285, -478.40746431437583, -479.66119509908935, -487.6755011228687], 
[860.5927960392953, 860.5927960392953, -213.9138784607785, -217.30134493861647, -279.7028673606022, -312.77972897473467, -324.53368033030046, -350.86357853272784, -372.2771663776571, -408.1823578758099, -415.3823645946321, -428.87411784280516, -447.59611194651814, -451.2132589540484, -456.5739987034399, -469.18111726541633, -482.3487963201683, -483.22448171473945, -483.7046305703874, -487.56637765552955], 
[1032.7164338917842, 625.8547258432852, -235.15644111940003, -235.15644111940003, -293.07100589105136, -323.72447801552084, -352.9839520724186, -363.73588732996257, -397.3759643201079, -404.7210427597207, -442.57066609458997, -442.57066609458997, -451.77063130441354, -461.274605401287, -470.4998730071949, -470.4998730071949, -480.2507972917107, -482.3053000778352, -486.67265348903635, -489.43033110347795], 
[182.57189634500014, 182.57189634500014, -172.4828407001599, -197.61279394666053, -218.88491398965118, -268.4815850491889, -286.4526160228794, -344.10116598876755, -377.63197448106894, -386.8112879295031, -406.6111816040453, -407.61959464341993, -418.9987312010729, -441.82714132565184, -462.09728754155805, -462.09728754155805, -464.2271872602194, -472.92848137763656, -477.9219277042559, -478.6991483906066], 
[982.6211727417844, 739.4342308061625, -217.24486447899557, -243.16859731724594, -290.5092787457959, -317.98536713429337, -334.81555635081247, -368.36031464694213, -405.18173730783946, -430.41748668744356, -443.65054687623973, -450.9943289413965, -460.9645747259605, -470.88167439428145, -475.84568501719025, -482.08656180500907, -491.3619969483882, -491.3716195212486, -491.53785403333774, -494.182499108293], 
[131.03394175725975, 113.40914530969133, -271.62297455026055, -303.48543291621706, -304.1426230834518, -321.2527321103831, -388.45050071506876, -397.69506316283395, -424.80260824517825, -458.47182255119446, -472.3580887728305, -483.1902555270613, -486.6021218318121, -486.6021218318121, -489.3375393307231, -492.31670153089783, -493.1978718999119, -495.15732508708993, -495.15732508708993, -496.79032720958855], 
[836.8592313360755, 221.41646095607393, -133.40043336806883, -198.05986815381738, -222.87217691161032, -275.60138340269134, -298.565941206807, -338.69007110030543, -396.7460334482996, -432.1994165268353, -442.8366518166996, -451.9226983704252, -472.6037880412172, -475.51548958867255, -478.9253367939759, -488.82227831190323, -489.12818131909887, -492.4047425749001, -495.1988166272054, -496.7068556103789], 
[259.3388769178192, 225.91837704398495, -214.03581559387015, -235.43820472147775, -285.83036163054487, -331.06130545688336, -354.93396820926677, -401.1464679811859, -427.75089913715533, -455.37401373872694, -464.14064533076856, -470.40423749157446, -473.6565332070617, -477.07393030093084, -481.5204902993473, -483.0631542968341, -486.248365333652, -487.4647752654628, -489.85927588230976, -491.9793854561851], 
[705.8409675834321, 279.7397649108418, -310.17569572892785, -357.2794854205242, -363.4658138719258, -365.55345583892307, -379.4759236240671, -431.3434036616527, -446.54131576803917, -451.26583069549974, -464.3398287965575, -476.3029783617843, -477.94948178230254, -482.9296954744283, -487.3013754348325, -487.3013754348325, -492.4051078688459, -492.4051078688459, -493.16083523107795, -495.04845355635615], 
[300.9432659012326, -86.67275638865613, -131.18596651980158, -194.39188720225928, -285.9481804277933, -285.9481804277933, -285.9481804277933, -300.77028319380463, -333.77797322215423, -343.5565694500316, -364.3252131876458, -383.26353791098165, -407.5357410690871, -425.8827108585772, -438.0619698951861, -452.08405181629576, -457.57432281107833, -459.4355891500668, -470.0698807227255, -475.25426239428083], 
[861.0121413001627, 37.86536111169403, -99.27822223776025, -254.290412971156, -334.5535175116527, -334.5535175116527, -370.18603781633556, -375.73552763460856, -389.49274255570583, -389.49274255570583, -407.41261534686976, -424.44030064932605, -437.6560479832496, -446.72528241635297, -454.4530083695126, -461.6258823194866, -469.12886072191617, -470.9113500977851, -473.0561681809776, -477.3052895872933], 
[148.1837572217512, 148.1837572217512, -192.3610670303172, -259.9818033452947, -259.9818033452947, -311.1391144799611, -318.4003468290936, -351.9476453709916, -393.12171548808675, -406.5943737284014, -422.95054386347385, -434.1800335420134, -451.6866737034434, -468.1241115826554, -474.25367054243907, -476.5112702446744, -476.5112702446744, -477.7446574910368, -482.8015168970666, -484.8290802741528], 
[623.4844186458797, 369.813147890747, -152.97744976106964, -171.40243565663286, -218.07741632293983, -228.8471702608398, -293.0420844712649, -406.4340186307068, -406.4340186307068, -410.9272068292281, -434.08053946886884, -436.0702874698665, -446.71450677741893, -462.0327953814211, -467.7676513730586, -472.14524389857866, -472.89274673536715, -479.75110264813793, -482.35765183069276, -485.9256294826947], 
[585.8966813996194, 413.23213285918814, -55.739855144188596, -148.7324029495935, -148.7324029495935, -240.18344360087798, -255.69996057322922, -293.00322427748176, -410.45743481628733, -416.69021596524635, -450.4005772510919, -458.22975106051615, -464.7296306951016, -479.71607853190966, -479.71607853190966, -483.263557534831, -487.1683564463179, -489.02306929931297, -489.9495039543434, -492.4978152300715], 
[365.9252488295791, 365.9252488295791, -263.5266939503381, -339.3713731357684, -364.34945169777376, -364.34945169777376, -386.9721532762766, -403.04359893559035, -438.2087373960721, -442.8218396018611, -451.71076362528623, -459.11654399208044, -466.98173968170545, -474.3834829169347, -480.94749890391165, -484.11368262945854, -487.33381968381286, -489.79126224225985, -491.21167615082254, -492.0900895118717], 
[1201.8053337408305, 435.653115063682, -170.49033501597438, -190.0110215205139, -270.81279779635054, -298.2236514136394, -298.2236514136394, -341.35638975127756, -368.0932169443516, -375.9486853220408, -408.8830138952802, -430.89775424778406, -439.4435084448261, -447.2556370461905, -457.3609109890856, -461.9181812062493, -463.35574381135007, -471.53420550923664, -474.7956121036092, -476.34459989324375], 
[839.8212245286975, 385.97005754919223, -60.38667282565035, -183.72601350295037, -187.1142059342738, -208.28923822396013, -242.87032083630555, -282.20502345195825, -378.4702890994947, -416.8150746944684, -456.51732367531866, -456.51732367531866, -465.7907923014161, -478.9383377227367, -482.20834018385324, -484.1611200832138, -491.8326200592058, -493.38877460292576, -493.4438464809967, -495.98099934549435], 
[715.9412416053831, 715.9412416053831, -207.2862326139355, -288.94559297906096, -299.55994861641176, -338.89968171535844, -343.4070395448623, -369.194819323543, -419.62120790397364, -437.4263468204162, -443.05852269727166, -460.0314336192816, -464.2264366694573, -469.4593931624937, -472.63708277553235, -478.19389850574703, -483.0809747875939, -486.2888314231925, -487.17472779922593, -489.205220797371], 
[614.916260272224, 324.19557087276644, -154.54454804588636, -281.3453536797779, -379.0561005233171, -379.0561005233171, -379.0561005233171, -401.66064072467316, -407.40756789336854, -424.69965544573256, -432.18109339837054, -457.2027626108066, -457.8813495089337, -471.6849493768354, -473.21395565835235, -478.53569601109126, -488.96101479608575, -489.355507805435, -489.355507805435, -492.0571991236159], 
[678.9823619232914, 442.9745671773509, -30.02469621591098, -195.16646992958692, -195.16646992958692, -258.2835478767803, -332.4175581583278, -332.4175581583278, -362.9470716020435, -371.3854330284337, -414.85117292971006, -418.294642698823, -420.86846398984426, -451.30794453231954, -451.30794453231954, -456.41863794034083, -459.8744234063023, -469.6849273871426, -477.6414888554744, -478.88216426751575], 
[547.6637497431584, 278.07443466986683, -101.37630713733574, -137.86147152841363, -165.32246061116274, -237.45885829374544, -238.23140058048443, -326.4831616360359, -340.63464428019876, -351.054920160612, -370.2294568686677, -385.4039952410605, -411.29843653600255, -427.8491188350037, -446.47256254560483, -456.94187213648354, -458.93636502259, -467.1817318527778, -470.45840650316256, -478.2913311377106], 
[980.7414817989322, 980.7414817989322, -282.86731686231565, -282.86731686231565, -292.1741308260772, -317.8071491016776, -391.95314659998786, -395.70862460867335, -432.03927265938773, -436.7100949831068, -446.167379091437, -461.59371514089867, -468.2587266562646, -471.24010388367384, -475.19531313688435, -480.18311972478966, -482.7548718411912, -489.13896071491257, -490.0248865675987, -492.49982871609916], 
[1107.0833481667705, 370.119290807629, -325.6892517542459, -391.4046026887735, -403.9479620095293, -420.1382034359066, -438.31999484782204, -446.61235750255264, -448.5316642317089, -470.4346813607378, -471.46189825058894, -473.3659571544145, -477.5755520665873, -483.51682437517485, -487.63690506204125, -488.3825069998839, -490.57004112275445, -490.57004112275445, -493.6027347050152, -494.17118528741673], 
[1012.9958707744552, 358.85037352629536, -152.67618170628492, -215.8597128210272, -270.9217917581859, -319.3286846956131, -347.8444586709541, -442.3043289068959, -442.3043289068959, -442.3043289068959, -442.3043289068959, -460.37538018115515, -471.1133446558909, -478.31090423911445, -479.47233320547923, -479.47233320547923, -484.0924798652358, -488.62796554639493, -489.47090525021036, -490.8019276500713], 
[789.3491310624554, 223.21007668597122, -100.63386888011792, -150.62993149619626, -163.13096754648666, -227.9918850501303, -241.5415568830274, -324.28452651873556, -324.28452651873556, -362.38148986242436, -393.8021103438539, -428.0711204976559, -430.52726612916354, -439.1702751179962, -442.3812189559188, -448.36272828229556, -456.2233800991913, -459.37145284898077, -465.89529924747114, -470.546583784436], 
[1072.1827840064125, 1072.1827840064125, -93.54206314781186, -159.70697979414086, -172.28037014564848, -188.39448438268988, -337.260690887292, -342.1633336352383, -395.39984909360874, -402.2292997673702, -408.4320307694864, -433.0098065167122, -444.9474630356441, -457.48428293478264, -470.7992128349313, -471.284900985939, -478.12006242200516, -485.0559955044587, -485.72547128897764, -491.23549268033844], 
[136.3516756454236, 136.3516756454236, -184.8438793757353, -268.64291243141577, -278.5532689974767, -304.5490495713468, -320.1535050742943, -343.3670260463682, -346.9030876498627, -379.76418382122216, -400.5332208403084, -419.85281258991085, -425.81228197450076, -447.4547319511445, -453.79523442362347, -471.003272666409, -471.003272666409, -474.38656659284385, -478.7403048039732, -482.24163484784094], 
[1135.236502842081, 525.6691277735936, -171.78850397617975, -321.06552143822205, -342.77146665982946, -342.77146665982946, -434.38141208622085, -434.38141208622085, -436.2847362804974, -456.613569377871, -456.613569377871, -464.1687682901005, -483.2409182999838, -487.52144510768983, -487.52144510768983, -493.68626537493424, -494.30759166662824, -494.6336764586375, -495.88581345901343, -496.1331565761336], 
[776.366295720399, -240.8497286869898, -338.41115726024606, -364.9996061773187, -371.89747139186125, -395.938586174541, -421.5672505396357, -441.62976361453946, -456.7630755324144, -458.07562950969253, -477.41582506962396, -482.28939902025905, -483.3692995887522, -486.31513989852044, -491.01297762480044, -492.3431341354024, -494.0936283091689, -495.95497775795775, -495.95497775795775, -496.2586270698756], 
