[20.659900656112402, 20.54817066757249, 20.54817066757249, 20.54817066757249, 20.54817066757249, 20.54817066757249, 20.54817066757249, 20.54817066757249, 20.54817066757249, 20.54817066757249, 20.54817066757249, 20.54817066757249, 20.54817066757249, 20.54817066757249, 20.54817066757249, 20.54817066757249, 20.54817066757249, 20.54817066757249, 20.54817066757249, 20.54817066757249], 
[20.818543355851922, 20.818543355851922, 20.818543355851922, 20.813786624579254, 20.74138911332868, 20.733420066258752, 20.733420066258752, 20.707736890759726, 20.30376206842693, 20.30376206842693, 20.30376206842693, 20.30376206842693, 20.30376206842693, 20.30376206842693, 20.30376206842693, 20.30376206842693, 20.30376206842693, 20.30376206842693, 20.30376206842693, 20.30376206842693], 
[20.786608802009333, 20.75616625722482, 20.743411360005894, 20.743411360005894, 20.743411360005894, 20.743411360005894, 20.743411360005894, 20.743411360005894, 20.743411360005894, 20.743411360005894, 20.743411360005894, 20.743411360005894, 20.743411360005894, 20.743411360005894, 20.743411360005894, 20.743411360005894, 20.743411360005894, 20.743411360005894, 20.743411360005894, 20.743411360005894], 
[20.916566224736258, 20.730410152628682, 20.663999459767542, 20.663999459767542, 20.663999459767542, 20.663999459767542, 20.663999459767542, 20.663999459767542, 20.663999459767542, 20.407330658412462, 20.407330658412462, 20.407330658412462, 20.407330658412462, 20.407330658412462, 20.407330658412462, 20.407330658412462, 20.407330658412462, 20.407330658412462, 20.407330658412462, 20.407330658412462], 
[20.979940626611928, 20.806504341488147, 20.671140823697613, 20.671140823697613, 20.671140823697613, 20.671140823697613, 20.671140823697613, 20.592647760825088, 20.592647760825088, 20.592647760825088, 20.592647760825088, 20.525671718117657, 20.525671718117657, 20.525671718117657, 20.525671718117657, 20.525671718117657, 20.525671718117657, 20.525671718117657, 20.525671718117657, 20.525671718117657], 
[20.83897639870723, 20.550985887533685, 20.550985887533685, 20.550985887533685, 20.550985887533685, 20.550985887533685, 20.550985887533685, 20.550985887533685, 20.550985887533685, 20.550985887533685, 20.550985887533685, 20.550985887533685, 20.550985887533685, 20.550985887533685, 20.550985887533685, 20.550985887533685, 20.550985887533685, 20.550985887533685, 20.550985887533685, 20.550985887533685], 
[20.869665121220823, 20.834285320009528, 20.834285320009528, 20.7166961153912, 20.7166961153912, 20.7166961153912, 20.7166961153912, 20.7166961153912, 20.692496872391892, 20.692496872391892, 20.692496872391892, 20.692496872391892, 20.692496872391892, 20.692496872391892, 20.692496872391892, 20.682621965531688, 20.682621965531688, 20.682621965531688, 20.682621965531688, 20.682621965531688], 
[20.8042306004224, 20.8042306004224, 20.78542528197169, 20.78542528197169, 20.636593783572568, 20.636593783572568, 20.51887175816436, 20.515292346556414, 20.515292346556414, 20.515292346556414, 20.515292346556414, 20.515292346556414, 20.515292346556414, 20.505615557687946, 20.505615557687946, 20.505615557687946, 20.505615557687946, 20.505615557687946, 20.505615557687946, 20.505615557687946], 
[20.78374156441471, 20.758267689647365, 20.648972043518484, 20.648972043518484, 20.648972043518484, 20.648972043518484, 20.648972043518484, 20.648972043518484, 20.501315579967294, 20.501315579967294, 20.501315579967294, 20.501315579967294, 20.501315579967294, 20.501315579967294, 20.501315579967294, 20.501315579967294, 20.501315579967294, 20.501315579967294, 20.501315579967294, 20.501315579967294], 
[20.822016635386063, 20.806327246120226, 20.623051615153, 20.623051615153, 20.623051615153, 20.623051615153, 20.623051615153, 20.623051615153, 20.623051615153, 20.623051615153, 20.623051615153, 20.55059059988915, 20.55059059988915, 20.55059059988915, 20.538151156302266, 20.538151156302266, 20.538151156302266, 20.538151156302266, 20.538151156302266, 20.538151156302266], 
[20.73129117181713, 20.633317402161484, 20.633317402161484, 20.633317402161484, 20.633317402161484, 20.633317402161484, 20.633317402161484, 20.633317402161484, 20.633317402161484, 20.633317402161484, 20.633317402161484, 20.615955442648552, 20.615955442648552, 20.615955442648552, 20.615955442648552, 20.615955442648552, 20.615955442648552, 20.615955442648552, 20.615955442648552, 20.615955442648552], 
[20.892646924914246, 20.719182441572613, 20.719182441572613, 20.719182441572613, 20.644687158045397, 20.644687158045397, 20.644687158045397, 20.644687158045397, 20.644687158045397, 20.644687158045397, 20.644687158045397, 20.611101639356043, 20.594727388905373, 20.594727388905373, 20.594727388905373, 20.594727388905373, 20.594727388905373, 20.594727388905373, 20.594727388905373, 20.594727388905373], 
[20.782371704761573, 20.52435365490455, 20.52435365490455, 20.52435365490455, 20.52435365490455, 20.52435365490455, 20.52435365490455, 20.52435365490455, 20.52435365490455, 20.52435365490455, 20.52435365490455, 20.52435365490455, 20.52435365490455, 20.52435365490455, 20.494509278608504, 20.494509278608504, 20.494509278608504, 20.494509278608504, 20.494509278608504, 20.494509278608504], 
[20.893625010971732, 20.56383478556426, 20.56383478556426, 20.433506191790208, 20.433506191790208, 20.433506191790208, 20.433506191790208, 20.433506191790208, 20.433506191790208, 20.433506191790208, 20.433506191790208, 20.433506191790208, 20.433506191790208, 20.433506191790208, 20.433506191790208, 20.433506191790208, 20.433506191790208, 20.433506191790208, 20.433506191790208, 20.433506191790208], 
[20.83905417184795, 20.83905417184795, 20.530447833836046, 20.530447833836046, 20.530447833836046, 20.530447833836046, 20.530447833836046, 20.530447833836046, 20.530447833836046, 20.530447833836046, 20.530447833836046, 20.530447833836046, 20.530447833836046, 20.530447833836046, 20.530447833836046, 20.530447833836046, 20.530447833836046, 20.530447833836046, 20.530447833836046, 20.530447833836046], 
[20.663088907090295, 20.663088907090295, 20.663088907090295, 20.663088907090295, 20.663088907090295, 20.663088907090295, 20.663088907090295, 20.663088907090295, 20.663088907090295, 20.653527731957862, 20.653527731957862, 20.653527731957862, 20.46145407588219, 20.46145407588219, 20.46145407588219, 20.46145407588219, 20.46145407588219, 20.46145407588219, 20.46145407588219, 20.46145407588219], 
[20.99916505029946, 20.94146495108584, 20.8182530781884, 20.8182530781884, 20.8182530781884, 20.72493381883419, 20.72493381883419, 20.72493381883419, 20.72493381883419, 20.72493381883419, 20.72493381883419, 20.67264212530435, 20.67264212530435, 20.67264212530435, 20.67264212530435, 20.67264212530435, 20.67264212530435, 20.67264212530435, 20.67264212530435, 20.67264212530435], 
[20.517384012510497, 20.517384012510497, 20.517384012510497, 20.517384012510497, 20.517384012510497, 20.517384012510497, 20.517384012510497, 20.517384012510497, 20.517384012510497, 20.517384012510497, 20.517384012510497, 20.517384012510497, 20.326502879133155, 20.326502879133155, 20.326502879133155, 20.326502879133155, 20.326502879133155, 20.326502879133155, 20.326502879133155, 20.326502879133155], 
[20.862854887574006, 20.503019546622866, 20.503019546622866, 20.503019546622866, 20.503019546622866, 20.503019546622866, 20.503019546622866, 20.503019546622866, 20.503019546622866, 20.503019546622866, 20.503019546622866, 20.503019546622866, 20.503019546622866, 20.503019546622866, 20.503019546622866, 20.503019546622866, 20.503019546622866, 20.503019546622866, 20.503019546622866, 20.503019546622866], 
[20.79727249199791, 20.59300613066851, 20.59300613066851, 20.59300613066851, 20.59300613066851, 20.59300613066851, 20.59300613066851, 20.59300613066851, 20.59300613066851, 20.59300613066851, 20.59300613066851, 20.59300613066851, 20.59300613066851, 20.59300613066851, 20.59300613066851, 20.59300613066851, 20.49162921160032, 20.49162921160032, 20.49162921160032, 20.49162921160032], 
[20.678701516116842, 20.678701516116842, 20.678701516116842, 20.620107253121738, 20.620107253121738, 20.620107253121738, 20.620107253121738, 20.620107253121738, 20.620107253121738, 20.620107253121738, 20.620107253121738, 20.620107253121738, 20.620107253121738, 20.620107253121738, 20.620107253121738, 20.620107253121738, 20.620107253121738, 20.620107253121738, 20.620107253121738, 20.620107253121738], 
[20.629088163299876, 20.629088163299876, 20.629088163299876, 20.629088163299876, 20.629088163299876, 20.629088163299876, 20.629088163299876, 20.629088163299876, 20.629088163299876, 20.629088163299876, 20.629088163299876, 20.629088163299876, 20.629088163299876, 20.629088163299876, 20.629088163299876, 20.629088163299876, 20.629088163299876, 20.629088163299876, 20.629088163299876, 20.629088163299876], 
[20.675868874665756, 20.675868874665756, 20.675868874665756, 20.675868874665756, 20.675868874665756, 20.675868874665756, 20.675868874665756, 20.675868874665756, 20.675868874665756, 20.675868874665756, 20.675868874665756, 20.675868874665756, 20.53930753844473, 20.53930753844473, 20.53930753844473, 20.53930753844473, 20.53930753844473, 20.53930753844473, 20.53930753844473, 20.53930753844473], 
