[1812.8345255683953, -223.78671385172538, -223.78671385172538, -562.1525075863976, -562.1525075863976, -562.1525075863976, -562.1525075863976, -562.1525075863976, -562.1525075863976, -562.1525075863976, -562.1525075863976, -562.1525075863976, -562.1525075863976, -562.1525075863976, -562.1525075863976, -562.1525075863976, -562.1525075863976, -562.1525075863976, -577.8877953606417, -577.8877953606417], 
[2594.156571444073, 593.839965676608, 593.839965676608, 245.58919806530162, 6.73866854575283, 6.73866854575283, 6.73866854575283, 6.73866854575283, 6.73866854575283, -434.84487877968684, -434.84487877968684, -434.84487877968684, -434.84487877968684, -434.84487877968684, -434.84487877968684, -434.84487877968684, -434.84487877968684, -434.84487877968684, -434.84487877968684, -434.84487877968684], 
[2731.9069991818233, 171.494065692807, 171.494065692807, 171.494065692807, 171.494065692807, -381.6455769313992, -381.6455769313992, -381.6455769313992, -381.6455769313992, -381.6455769313992, -626.8664631084773, -626.8664631084773, -626.8664631084773, -626.8664631084773, -626.8664631084773, -626.8664631084773, -626.8664631084773, -626.8664631084773, -626.8664631084773, -770.9534780922245], 
[2289.57319602421, -160.52057225373596, -160.52057225373596, -226.43674976963223, -226.43674976963223, -226.43674976963223, -226.43674976963223, -709.2796449033963, -709.2796449033963, -709.2796449033963, -709.2796449033963, -709.2796449033963, -709.2796449033963, -709.2796449033963, -709.2796449033963, -709.2796449033963, -709.2796449033963, -709.2796449033963, -709.2796449033963, -709.2796449033963], 
[2853.6381377173357, 139.2431217721969, 139.2431217721969, 139.2431217721969, 139.2431217721969, 139.2431217721969, -75.37986479239282, -75.37986479239282, -75.37986479239282, -75.37986479239282, -75.37986479239282, -75.37986479239282, -75.37986479239282, -75.37986479239282, -75.37986479239282, -212.7310478498879, -212.7310478498879, -212.7310478498879, -212.7310478498879, -212.7310478498879], 
[-589.1247215334271, -589.1247215334271, -589.1247215334271, -589.1247215334271, -589.1247215334271, -589.1247215334271, -589.1247215334271, -589.1247215334271, -589.1247215334271, -589.1247215334271, -589.1247215334271, -589.1247215334271, -589.1247215334271, -589.1247215334271, -589.1247215334271, -589.1247215334271, -589.1247215334271, -589.1247215334271, -589.1247215334271, -589.1247215334271], 
[367.7556984433397, 367.7556984433397, -249.48195177367768, -249.48195177367768, -249.48195177367768, -249.48195177367768, -249.48195177367768, -249.48195177367768, -249.48195177367768, -249.48195177367768, -249.48195177367768, -249.48195177367768, -301.24950461719504, -301.24950461719504, -301.24950461719504, -641.8021810239654, -866.2467024445399, -866.2467024445399, -866.2467024445399, -866.2467024445399], 
[1486.1702948453667, 1070.5442810647337, -511.33753238266263, -511.33753238266263, -511.33753238266263, -511.33753238266263, -511.33753238266263, -511.33753238266263, -511.33753238266263, -511.33753238266263, -511.33753238266263, -511.33753238266263, -511.33753238266263, -511.33753238266263, -511.33753238266263, -511.33753238266263, -511.33753238266263, -511.33753238266263, -511.33753238266263, -511.33753238266263], 
[-693.2569572560651, -693.2569572560651, -693.2569572560651, -693.2569572560651, -693.2569572560651, -693.2569572560651, -693.2569572560651, -693.2569572560651, -693.2569572560651, -693.2569572560651, -697.9487958369673, -697.9487958369673, -697.9487958369673, -697.9487958369673, -697.9487958369673, -697.9487958369673, -697.9487958369673, -697.9487958369673, -697.9487958369673, -697.9487958369673], 
[2565.0340448877896, 296.2656285426674, 296.2656285426674, 296.2656285426674, 296.2656285426674, 277.9025477380417, 277.9025477380417, 277.9025477380417, -234.82201681760046, -341.16534977014066, -341.16534977014066, -341.16534977014066, -341.16534977014066, -341.16534977014066, -341.16534977014066, -341.16534977014066, -918.4724056494613, -918.4724056494613, -918.4724056494613, -918.4724056494613], 
[-33.09636005250297, -33.09636005250297, -33.09636005250297, -219.48573955055224, -219.48573955055224, -837.630832562843, -837.630832562843, -837.630832562843, -837.630832562843, -837.630832562843, -837.630832562843, -837.630832562843, -837.630832562843, -837.630832562843, -837.630832562843, -837.630832562843, -837.630832562843, -837.630832562843, -837.630832562843, -837.630832562843], 
[1153.4952699343748, 867.1651324700388, 614.8035204031135, -121.81570841900964, -121.81570841900964, -121.81570841900964, -121.81570841900964, -121.81570841900964, -121.81570841900964, -178.7194092324163, -178.7194092324163, -178.7194092324163, -178.7194092324163, -178.7194092324163, -704.4283033668215, -704.4283033668215, -704.4283033668215, -704.4283033668215, -721.991424284939, -721.991424284939], 
[3569.977718991666, -61.54186482091541, -61.54186482091541, -61.54186482091541, -61.54186482091541, -61.54186482091541, -61.54186482091541, -162.2284256153539, -683.0266367224317, -683.0266367224317, -683.0266367224317, -683.0266367224317, -683.0266367224317, -683.0266367224317, -683.0266367224317, -683.0266367224317, -683.0266367224317, -683.0266367224317, -683.0266367224317, -683.0266367224317], 
[841.4085403394517, 841.4085403394517, 470.4316878563211, 217.77016081622673, 217.77016081622673, 217.77016081622673, -736.6488569486983, -750.9483371942183, -750.9483371942183, -750.9483371942183, -750.9483371942183, -750.9483371942183, -750.9483371942183, -750.9483371942183, -750.9483371942183, -750.9483371942183, -750.9483371942183, -750.9483371942183, -750.9483371942183, -750.9483371942183], 
[-245.97115070736675, -245.97115070736675, -245.97115070736675, -245.97115070736675, -513.6338864350807, -513.6338864350807, -513.6338864350807, -513.6338864350807, -513.6338864350807, -668.6588754659946, -668.6588754659946, -668.6588754659946, -668.6588754659946, -668.6588754659946, -668.6588754659946, -668.6588754659946, -668.6588754659946, -668.6588754659946, -668.6588754659946, -668.6588754659946], 
[2211.0515994349857, 2211.0515994349857, -309.9658964879296, -309.9658964879296, -309.9658964879296, -309.9658964879296, -309.9658964879296, -309.9658964879296, -309.9658964879296, -309.9658964879296, -309.9658964879296, -309.9658964879296, -309.9658964879296, -309.9658964879296, -624.9395039164452, -624.9395039164452, -624.9395039164452, -624.9395039164452, -624.9395039164452, -624.9395039164452], 
[-341.80563877423117, -341.80563877423117, -341.80563877423117, -341.80563877423117, -341.80563877423117, -341.80563877423117, -487.9103836307038, -487.9103836307038, -487.9103836307038, -487.9103836307038, -487.9103836307038, -487.9103836307038, -487.9103836307038, -487.9103836307038, -487.9103836307038, -487.9103836307038, -487.9103836307038, -487.9103836307038, -487.9103836307038, -487.9103836307038], 
[814.3131068220846, 814.3131068220846, 814.3131068220846, 618.1893780486043, 320.0381673594288, 320.0381673594288, 320.0381673594288, 320.0381673594288, 320.0381673594288, 320.0381673594288, 241.88543605113682, -183.25044101804065, -183.25044101804065, -183.25044101804065, -183.25044101804065, -183.25044101804065, -682.7203264649847, -682.7203264649847, -682.7203264649847, -682.7203264649847], 
[460.85058544744084, -429.9888963410415, -429.9888963410415, -686.9817468485346, -686.9817468485346, -686.9817468485346, -686.9817468485346, -686.9817468485346, -686.9817468485346, -686.9817468485346, -686.9817468485346, -686.9817468485346, -686.9817468485346, -686.9817468485346, -686.9817468485346, -686.9817468485346, -686.9817468485346, -686.9817468485346, -686.9817468485346, -686.9817468485346], 
[1164.7955228607716, -502.7770519161614, -502.7770519161614, -502.7770519161614, -609.5832240100538, -609.5832240100538, -811.3126387468164, -811.3126387468164, -811.3126387468164, -811.3126387468164, -811.3126387468164, -811.3126387468164, -811.3126387468164, -811.3126387468164, -811.3126387468164, -811.3126387468164, -811.3126387468164, -811.3126387468164, -811.3126387468164, -811.3126387468164], 
[219.79568440093522, 219.79568440093522, 219.79568440093522, -168.10101851365232, -168.10101851365232, -168.10101851365232, -168.10101851365232, -168.10101851365232, -168.10101851365232, -168.10101851365232, -168.10101851365232, -168.10101851365232, -789.2264068139245, -789.2264068139245, -789.2264068139245, -789.2264068139245, -789.2264068139245, -789.2264068139245, -789.2264068139245, -789.2264068139245], 
[1317.2118784218983, 478.2571260842608, 478.2571260842608, 220.33008765399563, 220.33008765399563, 220.33008765399563, 220.33008765399563, 61.85657095760939, 61.85657095760939, 61.85657095760939, 61.85657095760939, 61.85657095760939, 61.85657095760939, 18.19086556278421, 18.19086556278421, 18.19086556278421, 18.19086556278421, 18.19086556278421, 18.19086556278421, 18.19086556278421], 
[137.28253583655896, 137.28253583655896, 137.28253583655896, 123.34028635968139, 99.64876258017307, -853.396756990978, -853.396756990978, -853.396756990978, -853.396756990978, -853.396756990978, -853.396756990978, -853.396756990978, -853.396756990978, -853.396756990978, -853.396756990978, -853.396756990978, -853.396756990978, -853.396756990978, -853.396756990978, -853.396756990978], 
[-125.84519599118539, -125.84519599118539, -125.84519599118539, -125.84519599118539, -125.84519599118539, -125.84519599118539, -125.84519599118539, -125.84519599118539, -125.84519599118539, -125.84519599118539, -125.84519599118539, -125.84519599118539, -125.84519599118539, -125.84519599118539, -125.84519599118539, -125.84519599118539, -125.84519599118539, -125.84519599118539, -125.84519599118539, -125.84519599118539], 
[781.3101505419752, 446.8223520340787, 446.8223520340787, 192.74116817829986, 192.74116817829986, 192.74116817829986, 192.74116817829986, 192.74116817829986, 192.74116817829986, 192.74116817829986, 192.74116817829986, 192.74116817829986, 192.74116817829986, 192.74116817829986, 192.74116817829986, 192.74116817829986, 192.74116817829986, 192.74116817829986, -677.2628745183712, -677.2628745183712], 
[-774.2233663862663, -774.2233663862663, -774.2233663862663, -774.2233663862663, -774.2233663862663, -774.2233663862663, -774.2233663862663, -774.2233663862663, -774.2233663862663, -774.2233663862663, -774.2233663862663, -774.2233663862663, -774.2233663862663, -774.2233663862663, -774.2233663862663, -774.2233663862663, -774.2233663862663, -774.2233663862663, -774.2233663862663, -774.2233663862663], 
[90.63822388645804, 90.63822388645804, 90.63822388645804, 90.63822388645804, 90.63822388645804, 90.63822388645804, 90.63822388645804, -460.2995892013387, -467.57364161316764, -467.57364161316764, -467.57364161316764, -467.57364161316764, -467.57364161316764, -467.57364161316764, -467.57364161316764, -467.57364161316764, -467.57364161316764, -467.57364161316764, -479.11104960513603, -479.11104960513603], 
[-215.59908052587264, -215.59908052587264, -215.59908052587264, -215.59908052587264, -215.59908052587264, -215.59908052587264, -215.59908052587264, -266.33685995208054, -266.33685995208054, -266.33685995208054, -266.33685995208054, -266.33685995208054, -266.33685995208054, -842.9748481129024, -842.9748481129024, -842.9748481129024, -842.9748481129024, -842.9748481129024, -842.9748481129024, -842.9748481129024], 
[-158.56330487584523, -158.56330487584523, -158.56330487584523, -158.56330487584523, -158.56330487584523, -158.56330487584523, -384.08855951551686, -384.08855951551686, -468.294248461914, -468.294248461914, -468.294248461914, -468.294248461914, -558.1550326601937, -558.1550326601937, -558.1550326601937, -558.1550326601937, -558.1550326601937, -636.9011333662297, -636.9011333662297, -636.9011333662297], 
[114.60810583964258, 114.60810583964258, -844.7651152637053, -844.7651152637053, -844.7651152637053, -844.7651152637053, -844.7651152637053, -844.7651152637053, -914.7255298415837, -914.7255298415837, -914.7255298415837, -914.7255298415837, -914.7255298415837, -914.7255298415837, -914.7255298415837, -914.7255298415837, -914.7255298415837, -914.7255298415837, -914.7255298415837, -914.7255298415837], 
