[857.0939865376561, 857.0939865376561, 857.0939865376561, 857.0939865376561, 857.0939865376561, -648.562670847989, -648.562670847989, -648.562670847989, -648.562670847989, -648.562670847989, -648.562670847989, -648.562670847989, -648.562670847989, -648.562670847989, -648.562670847989, -787.145339452172, -787.145339452172, -787.145339452172, -810.5118021506937, -810.5118021506937], 
[3881.730956667893, 515.3759737581313, 278.334335735899, -547.295812185265, -547.295812185265, -611.378641975936, -611.378641975936, -611.378641975936, -611.378641975936, -611.378641975936, -611.378641975936, -743.8389432336843, -743.8389432336843, -743.8389432336843, -743.8389432336843, -743.8389432336843, -743.8389432336843, -743.8389432336843, -743.8389432336843, -743.8389432336843], 
[232.18651222536573, -163.8896635774281, -163.8896635774281, -163.8896635774281, -163.8896635774281, -163.8896635774281, -163.8896635774281, -163.8896635774281, -163.8896635774281, -163.8896635774281, -163.8896635774281, -163.8896635774281, -163.8896635774281, -549.8135417720546, -549.8135417720546, -549.8135417720546, -549.8135417720546, -549.8135417720546, -549.8135417720546, -549.8135417720546], 
[1237.9452770008002, 1237.9452770008002, 1237.9452770008002, 1237.9452770008002, 644.3928032516087, -439.9860925280269, -439.9860925280269, -439.9860925280269, -439.9860925280269, -698.0045524499506, -698.0045524499506, -698.0045524499506, -698.0045524499506, -698.0045524499506, -698.0045524499506, -698.0045524499506, -698.0045524499506, -698.0045524499506, -698.0045524499506, -698.0045524499506], 
[374.6034318051252, 374.6034318051252, 374.6034318051252, 20.889306756356632, -346.71155801568455, -346.71155801568455, -346.71155801568455, -481.97955288230366, -481.97955288230366, -481.97955288230366, -481.97955288230366, -580.0099684120088, -580.0099684120088, -580.0099684120088, -580.0099684120088, -580.0099684120088, -580.0099684120088, -580.0099684120088, -580.0099684120088, -580.0099684120088], 
[1431.144707885629, -856.7070645756675, -856.7070645756675, -856.7070645756675, -856.7070645756675, -856.7070645756675, -856.7070645756675, -856.7070645756675, -856.7070645756675, -856.7070645756675, -856.7070645756675, -856.7070645756675, -856.7070645756675, -856.7070645756675, -856.7070645756675, -856.7070645756675, -856.7070645756675, -856.7070645756675, -856.7070645756675, -856.7070645756675], 
[-426.41071443202816, -818.0448568417348, -818.0448568417348, -818.0448568417348, -818.0448568417348, -818.0448568417348, -818.0448568417348, -818.0448568417348, -818.0448568417348, -818.0448568417348, -818.0448568417348, -818.0448568417348, -818.0448568417348, -818.0448568417348, -818.0448568417348, -818.0448568417348, -818.0448568417348, -818.0448568417348, -818.0448568417348, -818.0448568417348], 
[-334.131855804854, -334.131855804854, -334.131855804854, -334.131855804854, -334.131855804854, -334.131855804854, -334.131855804854, -334.131855804854, -358.34270116456696, -358.34270116456696, -358.34270116456696, -358.34270116456696, -358.34270116456696, -358.34270116456696, -601.3046568426753, -601.3046568426753, -601.3046568426753, -601.3046568426753, -601.3046568426753, -601.3046568426753], 
[811.4832056673579, 811.4832056673579, -648.4720196095412, -648.4720196095412, -648.4720196095412, -648.4720196095412, -648.4720196095412, -648.4720196095412, -648.4720196095412, -648.4720196095412, -648.4720196095412, -648.4720196095412, -698.2458537399082, -698.2458537399082, -698.2458537399082, -698.2458537399082, -698.2458537399082, -698.2458537399082, -698.2458537399082, -698.2458537399082], 
[1465.3038257556154, -291.3270743260763, -291.3270743260763, -291.3270743260763, -291.3270743260763, -291.3270743260763, -291.3270743260763, -873.6571180749028, -873.6571180749028, -873.6571180749028, -873.6571180749028, -873.6571180749028, -877.8155857958942, -877.8155857958942, -877.8155857958942, -877.8155857958942, -877.8155857958942, -877.8155857958942, -877.8155857958942, -877.8155857958942], 
[1927.5934572922142, -485.53606782763154, -771.8541409591704, -771.8541409591704, -771.8541409591704, -771.8541409591704, -771.8541409591704, -771.8541409591704, -771.8541409591704, -771.8541409591704, -771.8541409591704, -771.8541409591704, -771.8541409591704, -771.8541409591704, -771.8541409591704, -771.8541409591704, -771.8541409591704, -771.8541409591704, -771.8541409591704, -771.8541409591704], 
[98.44206270027257, -351.90023607465093, -351.90023607465093, -351.90023607465093, -351.90023607465093, -351.90023607465093, -351.90023607465093, -351.90023607465093, -351.90023607465093, -351.90023607465093, -351.90023607465093, -351.90023607465093, -351.90023607465093, -351.90023607465093, -369.4268726950535, -369.4268726950535, -369.4268726950535, -369.4268726950535, -369.4268726950535, -369.4268726950535], 
[539.9148817873395, -9.046321845944021, -9.046321845944021, -9.046321845944021, -9.046321845944021, -331.2895031099646, -388.3504512481326, -388.3504512481326, -388.3504512481326, -388.3504512481326, -709.6127637373281, -709.6127637373281, -709.6127637373281, -709.6127637373281, -709.6127637373281, -709.6127637373281, -709.6127637373281, -709.6127637373281, -709.6127637373281, -709.6127637373281], 
[-57.77398441290143, -57.77398441290143, -57.77398441290143, -57.77398441290143, -159.3241984517515, -159.3241984517515, -159.3241984517515, -159.3241984517515, -163.0473564971379, -163.0473564971379, -163.0473564971379, -351.27275373944553, -351.27275373944553, -351.27275373944553, -351.27275373944553, -351.27275373944553, -351.27275373944553, -351.27275373944553, -590.2180346293758, -775.7817223346037], 
[-5.486450032942912, -5.486450032942912, -5.486450032942912, -5.486450032942912, -5.486450032942912, -5.486450032942912, -5.486450032942912, -5.486450032942912, -5.486450032942912, -449.26562600311433, -449.26562600311433, -449.26562600311433, -878.853304928413, -878.853304928413, -878.853304928413, -878.853304928413, -878.853304928413, -878.853304928413, -878.853304928413, -878.853304928413], 
[-519.5410083995382, -519.5410083995382, -519.5410083995382, -519.5410083995382, -519.5410083995382, -519.5410083995382, -616.5334558787431, -616.5334558787431, -616.5334558787431, -633.3940401942084, -633.3940401942084, -633.3940401942084, -633.3940401942084, -633.3940401942084, -633.3940401942084, -633.3940401942084, -633.3940401942084, -633.3940401942084, -633.3940401942084, -804.567402520865], 
[2519.1851069143377, 352.75713466670436, -894.9682565506076, -894.9682565506076, -894.9682565506076, -894.9682565506076, -894.9682565506076, -894.9682565506076, -894.9682565506076, -894.9682565506076, -894.9682565506076, -894.9682565506076, -894.9682565506076, -894.9682565506076, -894.9682565506076, -894.9682565506076, -894.9682565506076, -894.9682565506076, -894.9682565506076, -894.9682565506076], 
[855.3786538245984, -373.4877990920112, -373.4877990920112, -373.4877990920112, -373.4877990920112, -548.060804391492, -548.060804391492, -548.060804391492, -548.060804391492, -548.060804391492, -548.060804391492, -548.060804391492, -548.060804391492, -548.060804391492, -548.060804391492, -548.060804391492, -548.060804391492, -548.060804391492, -802.740555896208, -802.740555896208], 
[1735.2879831890582, 1735.2879831890582, 521.8311684863595, 521.8311684863595, 175.9091127453944, 175.9091127453944, -161.93227945839385, -161.93227945839385, -550.3638740657793, -550.3638740657793, -550.3638740657793, -550.3638740657793, -550.3638740657793, -598.5367955580731, -598.5367955580731, -598.5367955580731, -598.5367955580731, -809.6192388085207, -809.6192388085207, -809.6192388085207], 
[141.3659057465511, 141.3659057465511, 141.3659057465511, 141.3659057465511, 141.3659057465511, -142.14355504710795, -142.14355504710795, -142.14355504710795, -142.14355504710795, -142.14355504710795, -264.5012790454798, -264.5012790454798, -264.5012790454798, -264.5012790454798, -264.5012790454798, -264.5012790454798, -264.5012790454798, -264.5012790454798, -298.793628439341, -298.793628439341], 
[3535.324002873692, 819.6401962707018, 819.6401962707018, -129.68737279631182, -129.68737279631182, -657.0942150162026, -657.0942150162026, -680.5414867192035, -750.2647213956931, -750.2647213956931, -750.2647213956931, -750.2647213956931, -768.5108265107892, -768.5108265107892, -768.5108265107892, -768.5108265107892, -768.5108265107892, -768.5108265107892, -768.5108265107892, -768.5108265107892], 
[1523.7395029549966, -254.18099946914924, -254.18099946914924, -254.18099946914924, -254.18099946914924, -254.18099946914924, -267.8664973849021, -267.8664973849021, -267.8664973849021, -267.8664973849021, -267.8664973849021, -267.8664973849021, -267.8664973849021, -920.8058924116847, -920.8058924116847, -920.8058924116847, -920.8058924116847, -920.8058924116847, -920.8058924116847, -920.8058924116847], 
[-420.88307947463693, -420.88307947463693, -420.88307947463693, -420.88307947463693, -420.88307947463693, -495.42543380151756, -495.42543380151756, -495.42543380151756, -495.42543380151756, -495.42543380151756, -495.42543380151756, -495.42543380151756, -495.42543380151756, -495.42543380151756, -495.42543380151756, -495.42543380151756, -495.42543380151756, -495.42543380151756, -495.42543380151756, -495.42543380151756], 
[1729.389203570931, 1729.389203570931, 307.77995602147007, 307.77995602147007, -209.8372330913328, -419.84430846598775, -419.84430846598775, -419.84430846598775, -419.84430846598775, -419.84430846598775, -419.84430846598775, -419.84430846598775, -419.84430846598775, -419.84430846598775, -419.84430846598775, -419.84430846598775, -419.84430846598775, -510.48212190728356, -510.48212190728356, -510.48212190728356], 
[152.4413745419124, 33.40819400967757, -753.1157590028774, -753.1157590028774, -753.1157590028774, -753.1157590028774, -753.1157590028774, -753.1157590028774, -753.1157590028774, -753.1157590028774, -753.1157590028774, -753.1157590028774, -753.1157590028774, -753.1157590028774, -753.1157590028774, -753.1157590028774, -753.1157590028774, -753.1157590028774, -753.1157590028774, -753.1157590028774], 
[652.7424402157772, -372.266777506047, -489.03961646825917, -489.03961646825917, -489.03961646825917, -489.03961646825917, -489.03961646825917, -489.03961646825917, -489.03961646825917, -489.03961646825917, -489.03961646825917, -489.03961646825917, -489.03961646825917, -489.03961646825917, -489.03961646825917, -489.03961646825917, -489.03961646825917, -489.03961646825917, -489.03961646825917, -489.03961646825917], 
[183.2114106912104, 10.101023758520341, 10.101023758520341, 10.101023758520341, 10.101023758520341, 10.101023758520341, -352.11217800285635, -352.11217800285635, -352.11217800285635, -352.11217800285635, -352.11217800285635, -511.2610374473916, -511.2610374473916, -511.2610374473916, -511.2610374473916, -511.2610374473916, -511.2610374473916, -511.2610374473916, -680.8554092211025, -680.8554092211025], 
[160.28486350346748, 160.28486350346748, 160.28486350346748, 160.28486350346748, -703.602222224959, -703.602222224959, -703.602222224959, -703.602222224959, -703.602222224959, -703.602222224959, -703.602222224959, -703.602222224959, -703.602222224959, -703.602222224959, -703.602222224959, -703.602222224959, -703.602222224959, -703.602222224959, -703.602222224959, -703.602222224959], 
[1734.297367437025, 449.92994476707963, 449.92994476707963, 449.92994476707963, 449.92994476707963, 449.92994476707963, 449.92994476707963, -136.31322444115415, -136.31322444115415, -136.31322444115415, -816.7650470964792, -816.7650470964792, -816.7650470964792, -816.7650470964792, -816.7650470964792, -858.6833451444473, -858.6833451444473, -858.6833451444473, -858.6833451444473, -858.6833451444473], 
[-182.79116602899524, -182.79116602899524, -182.79116602899524, -182.79116602899524, -182.79116602899524, -182.79116602899524, -407.59400358889354, -407.59400358889354, -407.59400358889354, -407.59400358889354, -407.59400358889354, -407.59400358889354, -612.912659638416, -612.912659638416, -612.912659638416, -612.912659638416, -612.912659638416, -808.5271898619579, -808.5271898619579, -808.5271898619579], 
