[-558.346692062608, -558.346692062608, -558.346692062608, -558.346692062608, -558.346692062608, -558.346692062608, -558.346692062608, -558.346692062608, -558.346692062608, -558.346692062608, -558.346692062608, -558.346692062608, -558.346692062608, -558.346692062608, -558.346692062608, -558.346692062608, -558.346692062608, -558.346692062608, -558.346692062608, -558.346692062608], 
[-847.4815950571702, -847.4815950571702, -847.4815950571702, -847.4815950571702, -847.4815950571702, -847.4815950571702, -847.4815950571702, -847.4815950571702, -847.4815950571702, -847.4815950571702, -847.4815950571702, -847.4815950571702, -847.4815950571702, -847.4815950571702, -847.4815950571702, -847.4815950571702, -847.4815950571702, -847.4815950571702, -847.4815950571702, -847.4815950571702], 
[5370.3408142051, -659.6311027692082, -659.6311027692082, -659.6311027692082, -659.6311027692082, -659.6311027692082, -659.6311027692082, -659.6311027692082, -659.6311027692082, -659.6311027692082, -659.6311027692082, -659.6311027692082, -659.6311027692082, -659.6311027692082, -659.6311027692082, -659.6311027692082, -659.6311027692082, -659.6311027692082, -659.6311027692082, -659.6311027692082], 
[296.6145774778995, 296.6145774778995, -1.0181561678933804, -1.0181561678933804, -1.0181561678933804, -1.0181561678933804, -1.0181561678933804, -552.3570308053627, -552.3570308053627, -552.3570308053627, -552.3570308053627, -552.3570308053627, -552.3570308053627, -552.3570308053627, -552.3570308053627, -552.3570308053627, -552.3570308053627, -552.3570308053627, -552.3570308053627, -552.3570308053627], 
[-816.6936047641913, -816.6936047641913, -816.6936047641913, -816.6936047641913, -816.6936047641913, -816.6936047641913, -816.6936047641913, -816.6936047641913, -816.6936047641913, -816.6936047641913, -816.6936047641913, -816.6936047641913, -816.6936047641913, -816.6936047641913, -816.6936047641913, -816.6936047641913, -816.6936047641913, -816.6936047641913, -816.6936047641913, -816.6936047641913], 
[430.863706978035, 430.863706978035, 430.863706978035, 430.863706978035, 97.9023060696752, -272.8945343879411, -272.8945343879411, -272.8945343879411, -272.8945343879411, -432.08657891919984, -610.0129109362149, -610.0129109362149, -610.0129109362149, -610.0129109362149, -610.0129109362149, -610.0129109362149, -610.0129109362149, -610.0129109362149, -610.0129109362149, -610.0129109362149], 
[620.6606106363572, 620.6606106363572, -261.0241488844789, -261.0241488844789, -261.0241488844789, -261.0241488844789, -419.2770266307384, -631.5065776061475, -631.5065776061475, -631.5065776061475, -631.5065776061475, -631.5065776061475, -718.7221346639533, -718.7221346639533, -718.7221346639533, -718.7221346639533, -718.7221346639533, -718.7221346639533, -718.7221346639533, -718.7221346639533], 
[6102.706610899923, -321.32640178986276, -321.32640178986276, -321.32640178986276, -321.32640178986276, -512.0845181037298, -512.0845181037298, -852.5278136003088, -852.5278136003088, -852.5278136003088, -852.5278136003088, -852.5278136003088, -852.5278136003088, -852.5278136003088, -852.5278136003088, -852.5278136003088, -852.5278136003088, -852.5278136003088, -852.5278136003088, -852.5278136003088], 
[-315.335678579303, -396.14539329179934, -396.14539329179934, -396.14539329179934, -628.6721602127427, -628.6721602127427, -628.6721602127427, -628.6721602127427, -628.6721602127427, -628.6721602127427, -628.6721602127427, -628.6721602127427, -628.6721602127427, -628.6721602127427, -628.6721602127427, -628.6721602127427, -628.6721602127427, -628.6721602127427, -628.6721602127427, -628.6721602127427], 
[-520.7488828955268, -952.5320900746455, -952.5320900746455, -952.5320900746455, -952.5320900746455, -952.5320900746455, -952.5320900746455, -952.5320900746455, -952.5320900746455, -952.5320900746455, -952.5320900746455, -952.5320900746455, -952.5320900746455, -952.5320900746455, -952.5320900746455, -952.5320900746455, -952.5320900746455, -952.5320900746455, -952.5320900746455, -952.5320900746455], 
[-262.9675765619311, -262.9675765619311, -262.9675765619311, -262.9675765619311, -430.6021906453709, -430.6021906453709, -430.6021906453709, -430.6021906453709, -430.6021906453709, -430.6021906453709, -430.6021906453709, -430.6021906453709, -430.6021906453709, -430.6021906453709, -430.6021906453709, -430.6021906453709, -430.6021906453709, -430.6021906453709, -430.6021906453709, -430.6021906453709], 
[-390.27340532737685, -390.27340532737685, -390.27340532737685, -390.27340532737685, -898.150744027647, -898.150744027647, -898.150744027647, -898.150744027647, -898.150744027647, -898.150744027647, -898.150744027647, -898.150744027647, -898.150744027647, -898.150744027647, -898.150744027647, -898.150744027647, -898.150744027647, -898.150744027647, -898.150744027647, -898.150744027647], 
[518.2831872291367, 518.2831872291367, 518.2831872291367, 518.2831872291367, -27.025458034723556, -27.025458034723556, -27.025458034723556, -27.025458034723556, -684.5389486517508, -684.5389486517508, -684.5389486517508, -684.5389486517508, -684.5389486517508, -684.5389486517508, -684.5389486517508, -684.5389486517508, -684.5389486517508, -684.5389486517508, -684.5389486517508, -684.5389486517508], 
[-557.9163111070525, -557.9163111070525, -557.9163111070525, -933.8794434270746, -933.8794434270746, -933.8794434270746, -933.8794434270746, -933.8794434270746, -933.8794434270746, -933.8794434270746, -933.8794434270746, -933.8794434270746, -933.8794434270746, -933.8794434270746, -933.8794434270746, -933.8794434270746, -933.8794434270746, -933.8794434270746, -933.8794434270746, -933.8794434270746], 
[1569.9778398990848, 44.36317419022748, 44.36317419022748, 44.36317419022748, 44.36317419022748, 44.36317419022748, -765.2987536996307, -765.2987536996307, -765.2987536996307, -765.2987536996307, -765.2987536996307, -765.2987536996307, -765.2987536996307, -765.2987536996307, -765.2987536996307, -765.2987536996307, -765.2987536996307, -765.2987536996307, -765.2987536996307, -765.2987536996307], 
[318.3903408977651, -287.9546752521362, -287.9546752521362, -287.9546752521362, -287.9546752521362, -315.91190175644385, -315.91190175644385, -315.91190175644385, -315.91190175644385, -315.91190175644385, -315.91190175644385, -315.91190175644385, -315.91190175644385, -315.91190175644385, -315.91190175644385, -493.95901731684717, -493.95901731684717, -493.95901731684717, -493.95901731684717, -493.95901731684717], 
[-221.6474324927043, -221.6474324927043, -647.0357078063282, -647.0357078063282, -647.0357078063282, -647.0357078063282, -647.0357078063282, -647.0357078063282, -647.0357078063282, -647.0357078063282, -647.0357078063282, -647.0357078063282, -647.0357078063282, -647.0357078063282, -647.0357078063282, -647.0357078063282, -647.0357078063282, -647.0357078063282, -647.0357078063282, -647.0357078063282], 
[221.9011240279342, 221.9011240279342, 221.9011240279342, 221.9011240279342, -707.0666874356974, -707.0666874356974, -707.0666874356974, -707.0666874356974, -707.0666874356974, -707.0666874356974, -707.0666874356974, -707.0666874356974, -707.0666874356974, -707.0666874356974, -707.0666874356974, -707.0666874356974, -707.0666874356974, -707.0666874356974, -707.0666874356974, -707.0666874356974], 
[978.2580953969768, 128.93549354797642, 128.93549354797642, 128.93549354797642, 128.93549354797642, -735.8821940078074, -735.8821940078074, -735.8821940078074, -735.8821940078074, -735.8821940078074, -735.8821940078074, -735.8821940078074, -735.8821940078074, -735.8821940078074, -735.8821940078074, -735.8821940078074, -735.8821940078074, -735.8821940078074, -735.8821940078074, -735.8821940078074], 
[2100.7250483004627, -96.54843834939686, -96.54843834939686, -96.54843834939686, -96.54843834939686, -96.54843834939686, -96.54843834939686, -323.7056921216132, -323.7056921216132, -323.7056921216132, -323.7056921216132, -323.7056921216132, -328.5012639850346, -328.5012639850346, -328.5012639850346, -328.5012639850346, -328.5012639850346, -328.5012639850346, -328.5012639850346, -328.5012639850346], 
[1094.53134294967, -569.5307499842962, -569.5307499842962, -569.5307499842962, -569.5307499842962, -569.5307499842962, -569.5307499842962, -569.5307499842962, -569.5307499842962, -569.5307499842962, -569.5307499842962, -569.5307499842962, -692.926774885764, -692.926774885764, -692.926774885764, -692.926774885764, -692.926774885764, -692.926774885764, -692.926774885764, -692.926774885764], 
[1287.4698807417026, 470.08640575567483, 470.08640575567483, -301.1505504046419, -301.1505504046419, -301.1505504046419, -301.1505504046419, -301.1505504046419, -301.1505504046419, -301.1505504046419, -301.1505504046419, -545.457672829376, -545.457672829376, -545.457672829376, -545.457672829376, -545.457672829376, -545.457672829376, -545.457672829376, -545.457672829376, -545.457672829376], 
[-610.5838659272613, -610.5838659272613, -610.5838659272613, -610.5838659272613, -610.5838659272613, -610.5838659272613, -610.5838659272613, -610.5838659272613, -610.5838659272613, -610.5838659272613, -610.5838659272613, -640.925913691066, -640.925913691066, -640.925913691066, -640.925913691066, -640.925913691066, -640.925913691066, -640.925913691066, -640.925913691066, -640.925913691066], 
[1323.4658087461821, -365.45333371104823, -365.45333371104823, -365.45333371104823, -382.72363433630426, -382.72363433630426, -382.72363433630426, -382.72363433630426, -382.72363433630426, -382.72363433630426, -382.72363433630426, -382.72363433630426, -382.72363433630426, -382.72363433630426, -382.72363433630426, -382.72363433630426, -382.72363433630426, -382.72363433630426, -382.72363433630426, -382.72363433630426], 
[176.55489652457368, -147.90562990749584, -147.90562990749584, -147.90562990749584, -147.90562990749584, -147.90562990749584, -593.9969814162874, -593.9969814162874, -593.9969814162874, -593.9969814162874, -593.9969814162874, -593.9969814162874, -593.9969814162874, -593.9969814162874, -593.9969814162874, -593.9969814162874, -593.9969814162874, -593.9969814162874, -593.9969814162874, -593.9969814162874], 
[-229.57863134638126, -229.57863134638126, -229.57863134638126, -229.57863134638126, -229.57863134638126, -229.57863134638126, -428.4355847646556, -428.4355847646556, -428.4355847646556, -428.4355847646556, -428.4355847646556, -428.4355847646556, -428.4355847646556, -428.4355847646556, -428.4355847646556, -428.4355847646556, -428.4355847646556, -428.4355847646556, -428.4355847646556, -428.4355847646556], 
[734.042874666158, 734.042874666158, 734.042874666158, 734.042874666158, 281.9067226047314, -136.0187438414847, -136.0187438414847, -136.0187438414847, -746.2677859269024, -746.2677859269024, -746.2677859269024, -746.2677859269024, -746.2677859269024, -746.2677859269024, -746.2677859269024, -746.2677859269024, -746.2677859269024, -746.2677859269024, -802.8256094747087, -802.8256094747087], 
[-189.03923554004223, -189.03923554004223, -189.03923554004223, -189.03923554004223, -542.0420866760498, -542.0420866760498, -653.4406903068791, -653.4406903068791, -653.4406903068791, -653.4406903068791, -653.4406903068791, -653.4406903068791, -653.4406903068791, -653.4406903068791, -653.4406903068791, -653.4406903068791, -653.4406903068791, -653.4406903068791, -653.4406903068791, -958.6839293973845], 
[2284.4148201129374, 397.73178324066816, 201.9076517814501, -550.2309334617263, -550.2309334617263, -550.2309334617263, -550.2309334617263, -550.2309334617263, -550.2309334617263, -550.2309334617263, -550.2309334617263, -550.2309334617263, -550.2309334617263, -550.2309334617263, -550.2309334617263, -550.2309334617263, -550.2309334617263, -550.2309334617263, -550.2309334617263, -550.2309334617263], 
[1080.1146657812233, -476.20568111226055, -476.20568111226055, -476.20568111226055, -476.20568111226055, -476.20568111226055, -476.20568111226055, -476.20568111226055, -476.20568111226055, -476.20568111226055, -476.20568111226055, -476.20568111226055, -476.20568111226055, -476.20568111226055, -476.20568111226055, -476.20568111226055, -476.20568111226055, -476.20568111226055, -476.20568111226055, -476.20568111226055], 
