[1193.7597714227263, -80.05015743195258, -80.05015743195258, -80.05015743195258, -779.3169921561084, -779.3169921561084, -779.3169921561084, -779.3169921561084, -779.3169921561084, -779.3169921561084, -779.3169921561084, -779.3169921561084, -924.941090936368, -924.941090936368, -924.941090936368, -924.941090936368, -924.941090936368, -924.941090936368, -924.941090936368, -924.941090936368], 
[1006.5734525033936, -427.14393515087045, -427.14393515087045, -427.14393515087045, -427.14393515087045, -668.362632134649, -668.362632134649, -668.362632134649, -668.362632134649, -668.362632134649, -668.362632134649, -668.362632134649, -668.362632134649, -668.362632134649, -668.362632134649, -668.362632134649, -668.362632134649, -668.362632134649, -668.362632134649, -668.362632134649], 
[4763.663769814027, 2562.722732796494, 37.99897607521984, 37.99897607521984, 37.99897607521984, -8.160547340450535, -96.24102903923313, -96.24102903923313, -96.24102903923313, -96.24102903923313, -96.24102903923313, -96.24102903923313, -96.24102903923313, -96.24102903923313, -309.37085849658195, -309.37085849658195, -537.1854034883331, -537.1854034883331, -537.1854034883331, -537.1854034883331], 
[1681.089010437397, -200.38290106944362, -200.38290106944362, -200.38290106944362, -200.38290106944362, -200.38290106944362, -200.38290106944362, -200.38290106944362, -200.38290106944362, -200.38290106944362, -200.38290106944362, -252.08240209083226, -252.08240209083226, -252.08240209083226, -252.08240209083226, -252.08240209083226, -252.08240209083226, -445.5775721868606, -445.5775721868606, -445.5775721868606], 
[-655.931475639326, -655.931475639326, -655.931475639326, -655.931475639326, -655.931475639326, -655.931475639326, -655.931475639326, -655.931475639326, -756.0493901686732, -756.0493901686732, -756.0493901686732, -756.0493901686732, -756.0493901686732, -756.0493901686732, -756.0493901686732, -756.0493901686732, -756.0493901686732, -756.0493901686732, -756.0493901686732, -756.0493901686732], 
[1187.4052505376922, 815.227818858094, 205.87034266577598, 205.87034266577598, 205.87034266577598, 205.87034266577598, 205.87034266577598, 205.87034266577598, 205.87034266577598, -140.7293661202384, -347.3274051388155, -347.3274051388155, -347.3274051388155, -347.3274051388155, -347.3274051388155, -347.3274051388155, -347.3274051388155, -347.3274051388155, -347.3274051388155, -347.3274051388155], 
[-225.46335731909608, -558.7149780449167, -558.7149780449167, -558.7149780449167, -558.7149780449167, -558.7149780449167, -558.7149780449167, -558.7149780449167, -558.7149780449167, -558.7149780449167, -558.7149780449167, -558.7149780449167, -558.7149780449167, -558.7149780449167, -558.7149780449167, -558.7149780449167, -558.7149780449167, -558.7149780449167, -558.7149780449167, -558.7149780449167], 
[63.705834097271236, 63.705834097271236, 63.705834097271236, 63.705834097271236, -127.10278428381707, -127.10278428381707, -127.10278428381707, -127.10278428381707, -127.10278428381707, -127.10278428381707, -127.10278428381707, -127.10278428381707, -127.10278428381707, -127.10278428381707, -127.10278428381707, -404.57508514710787, -404.57508514710787, -404.57508514710787, -404.57508514710787, -556.3942905402024], 
[3597.4111213790748, 820.5478037333557, 204.57747183300125, 204.57747183300125, 204.57747183300125, 204.57747183300125, 204.57747183300125, -688.5471554738368, -688.5471554738368, -688.5471554738368, -688.5471554738368, -688.5471554738368, -688.5471554738368, -688.5471554738368, -688.5471554738368, -688.5471554738368, -688.5471554738368, -688.5471554738368, -688.5471554738368, -688.5471554738368], 
[-147.15153409573725, -322.88298923831917, -322.88298923831917, -322.88298923831917, -322.88298923831917, -322.88298923831917, -466.5293295901521, -719.998463988808, -719.998463988808, -719.998463988808, -719.998463988808, -719.998463988808, -719.998463988808, -719.998463988808, -719.998463988808, -719.998463988808, -719.998463988808, -719.998463988808, -719.998463988808, -719.998463988808], 
[1998.681464057081, -641.1476174054471, -641.1476174054471, -641.1476174054471, -641.1476174054471, -641.1476174054471, -641.1476174054471, -641.1476174054471, -641.1476174054471, -686.351305518171, -686.351305518171, -686.351305518171, -686.351305518171, -686.351305518171, -686.351305518171, -686.351305518171, -686.351305518171, -686.351305518171, -686.351305518171, -686.351305518171], 
[362.80117775345275, 362.80117775345275, -670.3131048873497, -670.3131048873497, -670.3131048873497, -670.3131048873497, -670.3131048873497, -670.3131048873497, -670.3131048873497, -670.3131048873497, -670.3131048873497, -670.3131048873497, -670.3131048873497, -670.3131048873497, -670.3131048873497, -670.3131048873497, -670.3131048873497, -670.3131048873497, -670.3131048873497, -670.3131048873497], 
[890.7290002497177, -283.546897824078, -365.2980517572523, -365.2980517572523, -365.2980517572523, -365.2980517572523, -365.2980517572523, -365.2980517572523, -365.2980517572523, -620.678127058025, -620.678127058025, -620.678127058025, -620.678127058025, -620.678127058025, -620.678127058025, -620.678127058025, -620.678127058025, -620.678127058025, -620.678127058025, -620.678127058025], 
[1564.7793234851415, -72.50799581531021, -72.50799581531021, -104.27690659748839, -262.32079618453713, -262.32079618453713, -262.32079618453713, -262.32079618453713, -314.78471161622747, -314.78471161622747, -314.78471161622747, -314.78471161622747, -314.78471161622747, -314.78471161622747, -314.78471161622747, -314.78471161622747, -314.78471161622747, -314.78471161622747, -314.78471161622747, -374.53842551889375], 
[268.5089527931675, -45.95792507322426, -45.95792507322426, -45.95792507322426, -45.95792507322426, -45.95792507322426, -45.95792507322426, -45.95792507322426, -239.7233828745658, -239.7233828745658, -239.7233828745658, -239.7233828745658, -239.7233828745658, -848.002816804931, -848.002816804931, -848.002816804931, -848.002816804931, -848.002816804931, -848.002816804931, -848.002816804931], 
[3209.5659271408804, 732.8386463541387, 617.8713499189723, -324.10828547741164, -324.10828547741164, -324.10828547741164, -324.10828547741164, -324.10828547741164, -324.10828547741164, -324.10828547741164, -324.10828547741164, -324.10828547741164, -369.48007325090873, -369.48007325090873, -369.48007325090873, -369.48007325090873, -369.48007325090873, -369.48007325090873, -369.48007325090873, -369.48007325090873], 
[3146.0699745342918, 935.8615063481459, -154.1288982449871, -154.1288982449871, -529.7691708743016, -529.7691708743016, -529.7691708743016, -529.7691708743016, -529.7691708743016, -529.7691708743016, -529.7691708743016, -529.7691708743016, -529.7691708743016, -529.7691708743016, -529.7691708743016, -529.7691708743016, -529.7691708743016, -529.7691708743016, -701.4958004684756, -701.4958004684756], 
[307.3968627310021, 17.7301988906828, 17.7301988906828, -240.4717880686676, -240.4717880686676, -240.4717880686676, -240.4717880686676, -240.4717880686676, -451.77649501357996, -573.0854005577065, -573.0854005577065, -573.0854005577065, -834.9510594238627, -834.9510594238627, -834.9510594238627, -834.9510594238627, -834.9510594238627, -834.9510594238627, -834.9510594238627, -834.9510594238627], 
[-247.20570021080835, -247.20570021080835, -247.20570021080835, -254.88701856481168, -254.88701856481168, -254.88701856481168, -668.8901489946247, -668.8901489946247, -668.8901489946247, -668.8901489946247, -668.8901489946247, -668.8901489946247, -668.8901489946247, -668.8901489946247, -668.8901489946247, -668.8901489946247, -668.8901489946247, -668.8901489946247, -668.8901489946247, -668.8901489946247], 
[-593.9947392082549, -593.9947392082549, -593.9947392082549, -593.9947392082549, -593.9947392082549, -593.9947392082549, -593.9947392082549, -593.9947392082549, -593.9947392082549, -593.9947392082549, -593.9947392082549, -593.9947392082549, -593.9947392082549, -593.9947392082549, -593.9947392082549, -593.9947392082549, -593.9947392082549, -593.9947392082549, -593.9947392082549, -860.3933081179782], 
[281.49712992908076, 181.88155225567562, 181.88155225567562, 181.88155225567562, -396.77410751262084, -396.77410751262084, -396.77410751262084, -396.77410751262084, -396.77410751262084, -396.77410751262084, -396.77410751262084, -396.77410751262084, -396.77410751262084, -396.77410751262084, -396.77410751262084, -396.77410751262084, -526.1071570299342, -526.1071570299342, -526.1071570299342, -526.1071570299342], 
[1113.4956595435178, -202.9935256210141, -202.9935256210141, -202.9935256210141, -202.9935256210141, -202.9935256210141, -202.9935256210141, -202.9935256210141, -202.9935256210141, -202.9935256210141, -257.5097603018037, -257.5097603018037, -282.82323399523807, -282.82323399523807, -282.82323399523807, -282.82323399523807, -437.7804508275076, -590.3711329907337, -590.3711329907337, -590.3711329907337], 
[-138.18323138688822, -138.18323138688822, -138.18323138688822, -470.52392596105267, -470.52392596105267, -470.52392596105267, -470.52392596105267, -470.52392596105267, -470.52392596105267, -470.52392596105267, -470.52392596105267, -470.52392596105267, -470.52392596105267, -470.52392596105267, -470.52392596105267, -470.52392596105267, -470.52392596105267, -470.52392596105267, -470.52392596105267, -470.52392596105267], 
[879.6031503898791, 879.6031503898791, 879.6031503898791, 143.83959312007028, 143.83959312007028, -590.4604132510425, -590.4604132510425, -590.4604132510425, -590.4604132510425, -590.4604132510425, -590.4604132510425, -590.4604132510425, -590.4604132510425, -590.4604132510425, -590.4604132510425, -590.4604132510425, -590.4604132510425, -590.4604132510425, -590.4604132510425, -590.4604132510425], 
[371.26087466842864, 371.26087466842864, 371.26087466842864, -41.95971858042401, -407.79902033163216, -407.79902033163216, -407.79902033163216, -407.79902033163216, -407.79902033163216, -407.79902033163216, -407.79902033163216, -407.79902033163216, -407.79902033163216, -407.79902033163216, -407.79902033163216, -407.79902033163216, -407.79902033163216, -407.79902033163216, -407.79902033163216, -407.79902033163216], 
[-156.39172248689044, -156.39172248689044, -156.39172248689044, -156.39172248689044, -156.39172248689044, -156.39172248689044, -156.39172248689044, -524.1031935701066, -524.1031935701066, -524.1031935701066, -524.1031935701066, -524.1031935701066, -524.1031935701066, -524.1031935701066, -524.1031935701066, -524.1031935701066, -524.1031935701066, -524.1031935701066, -524.1031935701066, -524.1031935701066], 
[772.8629246479222, 397.6193315991968, -408.7776358203423, -827.2778066536049, -827.2778066536049, -827.2778066536049, -827.2778066536049, -827.2778066536049, -827.2778066536049, -827.2778066536049, -827.2778066536049, -827.2778066536049, -827.2778066536049, -827.2778066536049, -827.2778066536049, -827.2778066536049, -827.2778066536049, -827.2778066536049, -827.2778066536049, -827.2778066536049], 
[-136.84090953984992, -136.84090953984992, -239.513386319794, -239.513386319794, -239.513386319794, -239.513386319794, -621.7391207750325, -621.7391207750325, -621.7391207750325, -621.7391207750325, -621.7391207750325, -621.7391207750325, -621.7391207750325, -894.6654220091602, -894.6654220091602, -894.6654220091602, -894.6654220091602, -894.6654220091602, -894.6654220091602, -894.6654220091602], 
[-306.69390900365954, -306.69390900365954, -306.69390900365954, -306.69390900365954, -306.69390900365954, -306.69390900365954, -306.69390900365954, -306.69390900365954, -306.69390900365954, -306.69390900365954, -778.0719165233353, -778.0719165233353, -778.0719165233353, -778.0719165233353, -778.0719165233353, -778.0719165233353, -778.0719165233353, -778.0719165233353, -778.0719165233353, -778.0719165233353], 
[4631.838863576162, 593.6019731507597, 560.0022082595469, 560.0022082595469, 98.8624472688241, -337.2366027545388, -337.2366027545388, -337.2366027545388, -337.2366027545388, -337.2366027545388, -337.2366027545388, -409.7975533990532, -409.7975533990532, -514.026204050819, -514.026204050819, -514.026204050819, -514.026204050819, -514.026204050819, -514.026204050819, -514.026204050819], 
