[1314.4442065184921, 1314.4442065184921, 1314.4442065184921, 189.79517765970127, 189.79517765970127, 189.79517765970127, -110.26477877091827, -110.26477877091827, -110.26477877091827, -735.011798022863, -735.011798022863, -735.011798022863, -735.011798022863, -735.011798022863, -735.011798022863, -735.011798022863, -735.011798022863, -735.011798022863, -735.011798022863, -735.011798022863], 
[173.67761062345107, 173.67761062345107, -154.8686446467383, -537.071398145453, -537.071398145453, -537.071398145453, -537.071398145453, -537.071398145453, -537.071398145453, -537.071398145453, -665.497761678626, -665.497761678626, -665.497761678626, -665.497761678626, -665.497761678626, -665.497761678626, -665.497761678626, -665.497761678626, -665.497761678626, -665.497761678626], 
[567.0886561994928, 47.00237392098461, 47.00237392098461, 47.00237392098461, 47.00237392098461, -32.27582657107246, -32.27582657107246, -32.27582657107246, -32.27582657107246, -32.27582657107246, -32.27582657107246, -319.43039164382776, -319.43039164382776, -319.43039164382776, -319.43039164382776, -319.43039164382776, -624.0065166020408, -624.0065166020408, -624.0065166020408, -624.0065166020408], 
[2522.431195214561, -226.16195021742578, -226.16195021742578, -226.16195021742578, -226.16195021742578, -285.2945734133756, -561.0611017518415, -561.0611017518415, -561.0611017518415, -561.0611017518415, -561.0611017518415, -561.0611017518415, -561.0611017518415, -561.0611017518415, -561.0611017518415, -561.0611017518415, -561.0611017518415, -561.0611017518415, -561.0611017518415, -561.0611017518415], 
[-241.97670559136964, -241.97670559136964, -773.1781426802008, -773.1781426802008, -773.1781426802008, -773.1781426802008, -773.1781426802008, -773.1781426802008, -773.1781426802008, -773.1781426802008, -773.1781426802008, -773.1781426802008, -773.1781426802008, -773.1781426802008, -773.1781426802008, -773.1781426802008, -773.1781426802008, -773.1781426802008, -773.1781426802008, -773.1781426802008], 
[1457.3326781053256, 2.4818859017507293, 2.4818859017507293, -68.73888537509606, -423.793132450789, -423.793132450789, -423.793132450789, -423.793132450789, -423.793132450789, -423.793132450789, -781.0232999279475, -868.4655582803587, -868.4655582803587, -868.4655582803587, -868.4655582803587, -868.4655582803587, -868.4655582803587, -868.4655582803587, -868.4655582803587, -868.4655582803587], 
[2005.3015315979696, -587.7230498284102, -587.7230498284102, -587.7230498284102, -587.7230498284102, -587.7230498284102, -587.7230498284102, -587.7230498284102, -587.7230498284102, -587.7230498284102, -587.7230498284102, -587.7230498284102, -587.7230498284102, -587.7230498284102, -587.7230498284102, -587.7230498284102, -616.3425711506151, -616.3425711506151, -616.3425711506151, -616.3425711506151], 
[115.26929702413508, 115.26929702413508, -83.15097509065345, -83.15097509065345, -576.2410156021294, -576.2410156021294, -576.2410156021294, -576.2410156021294, -733.7810132297245, -733.7810132297245, -733.7810132297245, -733.7810132297245, -733.7810132297245, -733.7810132297245, -733.7810132297245, -733.7810132297245, -733.7810132297245, -733.7810132297245, -733.7810132297245, -733.7810132297245], 
[620.5786067990182, -333.22728540861124, -333.22728540861124, -479.5699250578656, -479.5699250578656, -813.6052106925954, -813.6052106925954, -813.6052106925954, -813.6052106925954, -813.6052106925954, -813.6052106925954, -813.6052106925954, -813.6052106925954, -813.6052106925954, -813.6052106925954, -813.6052106925954, -813.6052106925954, -813.6052106925954, -813.6052106925954, -813.6052106925954], 
[963.9913316528546, 332.77081734979333, -315.74597545348945, -315.74597545348945, -315.74597545348945, -315.74597545348945, -521.490406666723, -647.2769367712003, -647.2769367712003, -647.2769367712003, -647.2769367712003, -647.2769367712003, -647.2769367712003, -647.2769367712003, -647.2769367712003, -647.2769367712003, -647.2769367712003, -647.2769367712003, -647.2769367712003, -647.2769367712003], 
[2058.0034330173753, 2058.0034330173753, -383.8603525903545, -383.8603525903545, -501.66558434742205, -501.66558434742205, -501.66558434742205, -501.66558434742205, -501.66558434742205, -501.66558434742205, -501.66558434742205, -501.66558434742205, -501.66558434742205, -501.66558434742205, -501.66558434742205, -501.66558434742205, -501.66558434742205, -501.66558434742205, -501.66558434742205, -501.66558434742205], 
[71.81765177582793, 71.81765177582793, 71.81765177582793, 71.81765177582793, -408.1425918652783, -408.1425918652783, -408.1425918652783, -408.1425918652783, -408.1425918652783, -408.1425918652783, -408.1425918652783, -408.1425918652783, -408.1425918652783, -408.1425918652783, -408.1425918652783, -408.1425918652783, -408.1425918652783, -408.1425918652783, -408.1425918652783, -408.1425918652783], 
[3807.3035830815434, -47.98173958834775, -426.6247776750497, -426.6247776750497, -426.6247776750497, -426.6247776750497, -426.6247776750497, -541.1909907824019, -541.1909907824019, -541.1909907824019, -541.1909907824019, -541.1909907824019, -541.1909907824019, -541.1909907824019, -541.1909907824019, -541.1909907824019, -541.1909907824019, -541.1909907824019, -541.1909907824019, -541.1909907824019], 
[-410.9119631567743, -410.9119631567743, -410.9119631567743, -410.9119631567743, -410.9119631567743, -410.9119631567743, -410.9119631567743, -411.92726761144377, -411.92726761144377, -411.92726761144377, -411.92726761144377, -411.92726761144377, -870.4920805448684, -870.4920805448684, -870.4920805448684, -870.4920805448684, -870.4920805448684, -870.4920805448684, -942.2138789988954, -942.2138789988954], 
[1147.3095233207887, 1147.3095233207887, -122.65781411216176, -311.3034216545648, -311.3034216545648, -311.3034216545648, -311.3034216545648, -311.3034216545648, -311.3034216545648, -311.3034216545648, -380.6049164839087, -380.6049164839087, -380.6049164839087, -697.5773034922283, -697.5773034922283, -903.0832318763528, -903.0832318763528, -903.0832318763528, -903.0832318763528, -903.0832318763528], 
[862.2208180072978, -10.127883700142775, -701.7561205360277, -701.7561205360277, -701.7561205360277, -701.7561205360277, -701.7561205360277, -701.7561205360277, -701.7561205360277, -701.7561205360277, -860.43873983701, -860.43873983701, -860.43873983701, -860.43873983701, -860.43873983701, -860.43873983701, -860.43873983701, -860.43873983701, -860.43873983701, -860.43873983701], 
[3008.1927185214604, 2941.0593009055747, -98.2761919047498, -98.2761919047498, -98.2761919047498, -98.2761919047498, -98.2761919047498, -98.2761919047498, -217.3079277096772, -217.3079277096772, -217.3079277096772, -217.3079277096772, -217.3079277096772, -217.3079277096772, -709.0808133669434, -709.0808133669434, -709.0808133669434, -709.0808133669434, -709.0808133669434, -709.0808133669434], 
[1225.825669145811, -209.04690051305192, -209.83875519120295, -209.83875519120295, -432.5365865323231, -432.5365865323231, -432.5365865323231, -432.5365865323231, -432.5365865323231, -432.5365865323231, -432.5365865323231, -432.5365865323231, -432.5365865323231, -432.5365865323231, -432.5365865323231, -432.5365865323231, -432.5365865323231, -432.5365865323231, -432.5365865323231, -432.5365865323231], 
[273.18493231219054, 262.104052270839, -389.84490861737675, -389.84490861737675, -389.84490861737675, -389.84490861737675, -389.84490861737675, -389.84490861737675, -389.84490861737675, -389.84490861737675, -497.2620164586498, -497.2620164586498, -497.2620164586498, -570.6918256566064, -570.6918256566064, -570.6918256566064, -570.6918256566064, -570.6918256566064, -570.6918256566064, -570.6918256566064], 
[1215.7200358914006, 333.4722639469537, -147.36665568650744, -147.36665568650744, -147.36665568650744, -147.36665568650744, -147.36665568650744, -147.36665568650744, -147.36665568650744, -147.36665568650744, -147.36665568650744, -354.1423565925803, -354.1423565925803, -354.1423565925803, -354.1423565925803, -354.1423565925803, -354.1423565925803, -772.0012575391161, -772.0012575391161, -772.0012575391161], 
[108.71231641026156, 108.71231641026156, 108.71231641026156, -735.9838381616235, -735.9838381616235, -735.9838381616235, -735.9838381616235, -735.9838381616235, -735.9838381616235, -735.9838381616235, -735.9838381616235, -735.9838381616235, -735.9838381616235, -735.9838381616235, -735.9838381616235, -735.9838381616235, -735.9838381616235, -735.9838381616235, -735.9838381616235, -735.9838381616235], 
[1763.4853976054528, 1763.4853976054528, -560.0963571171685, -560.0963571171685, -560.0963571171685, -560.0963571171685, -560.0963571171685, -560.0963571171685, -560.0963571171685, -560.0963571171685, -770.9435797326596, -770.9435797326596, -770.9435797326596, -770.9435797326596, -770.9435797326596, -770.9435797326596, -770.9435797326596, -770.9435797326596, -770.9435797326596, -770.9435797326596], 
[2851.000786667403, 1873.7816532917886, 1338.8788323507983, 168.98904706175654, 168.98904706175654, 90.1091371000191, 90.1091371000191, 90.1091371000191, -558.4127445702762, -558.4127445702762, -558.4127445702762, -558.4127445702762, -558.4127445702762, -558.4127445702762, -558.4127445702762, -558.4127445702762, -618.0029443148364, -618.0029443148364, -618.0029443148364, -618.0029443148364], 
[8918.800349458408, 856.9562636237199, 76.66470254419096, 76.66470254419096, 76.66470254419096, 21.430946862460928, 21.430946862460928, 21.430946862460928, 21.430946862460928, -32.94115436592642, -32.94115436592642, -32.94115436592642, -32.94115436592642, -32.94115436592642, -244.32573182296028, -244.32573182296028, -314.81843145024754, -314.81843145024754, -716.0640323246691, -716.0640323246691], 
[1447.6753530322108, 934.9357211754341, 934.9357211754341, 806.6521134986485, 645.0827008370511, -529.0521461080577, -626.0965685791082, -626.0965685791082, -626.0965685791082, -626.0965685791082, -626.0965685791082, -626.0965685791082, -626.0965685791082, -626.0965685791082, -626.0965685791082, -626.0965685791082, -626.0965685791082, -626.0965685791082, -626.0965685791082, -626.0965685791082], 
[-272.8359655586012, -272.8359655586012, -272.8359655586012, -272.8359655586012, -272.8359655586012, -272.8359655586012, -272.8359655586012, -798.361645025122, -798.361645025122, -798.361645025122, -798.361645025122, -798.361645025122, -798.361645025122, -798.361645025122, -798.361645025122, -798.361645025122, -798.361645025122, -798.361645025122, -798.361645025122, -798.361645025122], 
[389.5720226497451, 209.06941906852126, 209.06941906852126, 209.06941906852126, -25.368796621505908, -25.368796621505908, -25.368796621505908, -25.368796621505908, -25.368796621505908, -502.5738407672347, -502.5738407672347, -502.5738407672347, -502.5738407672347, -502.5738407672347, -502.5738407672347, -502.5738407672347, -502.5738407672347, -502.5738407672347, -502.5738407672347, -502.5738407672347], 
[811.6084374113875, -125.41129579932499, -125.41129579932499, -251.72690207520952, -251.72690207520952, -251.72690207520952, -485.61982009400924, -485.61982009400924, -700.1374153206228, -700.1374153206228, -700.1374153206228, -700.1374153206228, -700.1374153206228, -700.1374153206228, -700.1374153206228, -700.1374153206228, -908.8681127283776, -908.8681127283776, -908.8681127283776, -908.8681127283776], 
[437.50922700341084, -355.1828275087057, -355.1828275087057, -355.1828275087057, -355.1828275087057, -355.1828275087057, -355.1828275087057, -384.6722205549927, -384.6722205549927, -886.3577105718209, -886.3577105718209, -886.3577105718209, -886.3577105718209, -886.3577105718209, -886.3577105718209, -886.3577105718209, -886.3577105718209, -886.3577105718209, -886.3577105718209, -886.3577105718209], 
[-58.532434330266256, -58.532434330266256, -58.532434330266256, -495.42053350622166, -495.42053350622166, -495.42053350622166, -495.42053350622166, -495.42053350622166, -495.42053350622166, -495.42053350622166, -495.42053350622166, -495.42053350622166, -495.42053350622166, -495.42053350622166, -495.42053350622166, -495.42053350622166, -495.42053350622166, -495.42053350622166, -495.42053350622166, -495.42053350622166], 
