[1091.0970830085012, 1091.0970830085012, 293.02150319363886, 293.02150319363886, 293.02150319363886, 293.02150319363886, 293.02150319363886, 92.1947131623549, 92.1947131623549, -174.56764081913502, -336.29992108625106, -336.29992108625106, -336.29992108625106, -486.64350241661236, -486.64350241661236, -486.64350241661236, -486.64350241661236, -486.64350241661236, -486.64350241661236, -486.64350241661236], 
[4253.033629688368, -299.8766799242285, -299.8766799242285, -299.8766799242285, -299.8766799242285, -299.8766799242285, -299.8766799242285, -299.8766799242285, -299.8766799242285, -299.8766799242285, -299.8766799242285, -299.8766799242285, -299.8766799242285, -299.8766799242285, -299.8766799242285, -299.8766799242285, -337.5627483056021, -337.5627483056021, -337.5627483056021, -337.5627483056021], 
[-95.80082330380935, -95.80082330380935, -95.80082330380935, -95.80082330380935, -95.80082330380935, -845.8866227185594, -845.8866227185594, -845.8866227185594, -845.8866227185594, -845.8866227185594, -845.8866227185594, -845.8866227185594, -845.8866227185594, -845.8866227185594, -845.8866227185594, -845.8866227185594, -845.8866227185594, -845.8866227185594, -845.8866227185594, -845.8866227185594], 
[-405.5712555583915, -405.5712555583915, -657.2692273030057, -657.2692273030057, -657.2692273030057, -657.2692273030057, -657.2692273030057, -657.2692273030057, -657.2692273030057, -657.2692273030057, -657.2692273030057, -657.2692273030057, -657.2692273030057, -657.2692273030057, -657.2692273030057, -657.2692273030057, -657.2692273030057, -657.2692273030057, -657.2692273030057, -657.2692273030057], 
[247.03528798935326, 247.03528798935326, -279.1227819094595, -279.1227819094595, -279.1227819094595, -279.1227819094595, -279.1227819094595, -279.1227819094595, -279.1227819094595, -279.1227819094595, -279.1227819094595, -279.1227819094595, -279.1227819094595, -279.1227819094595, -279.1227819094595, -279.1227819094595, -279.1227819094595, -279.1227819094595, -279.1227819094595, -279.1227819094595], 
[-554.194726716411, -554.194726716411, -568.6459557794624, -568.6459557794624, -568.6459557794624, -568.6459557794624, -568.6459557794624, -568.6459557794624, -568.6459557794624, -568.6459557794624, -568.6459557794624, -568.6459557794624, -568.6459557794624, -568.6459557794624, -568.6459557794624, -568.6459557794624, -568.6459557794624, -568.6459557794624, -568.6459557794624, -568.6459557794624], 
[-229.0819535571377, -229.0819535571377, -826.6508440278096, -826.6508440278096, -826.6508440278096, -826.6508440278096, -826.6508440278096, -826.6508440278096, -826.6508440278096, -826.6508440278096, -826.6508440278096, -826.6508440278096, -826.6508440278096, -826.6508440278096, -826.6508440278096, -826.6508440278096, -826.6508440278096, -826.6508440278096, -826.6508440278096, -826.6508440278096], 
[-19.873085436645624, -19.873085436645624, -19.873085436645624, -19.873085436645624, -19.873085436645624, -19.873085436645624, -778.5865867574776, -778.5865867574776, -778.5865867574776, -778.5865867574776, -778.5865867574776, -778.5865867574776, -778.5865867574776, -778.5865867574776, -778.5865867574776, -778.5865867574776, -778.5865867574776, -778.5865867574776, -778.5865867574776, -778.5865867574776], 
[2091.1145269341528, -303.534531067108, -303.534531067108, -496.70291436370104, -496.70291436370104, -496.70291436370104, -496.70291436370104, -496.70291436370104, -496.70291436370104, -496.70291436370104, -753.8958999461172, -753.8958999461172, -753.8958999461172, -753.8958999461172, -753.8958999461172, -753.8958999461172, -753.8958999461172, -753.8958999461172, -753.8958999461172, -883.893807723624], 
[925.4925384236808, -280.8325578449311, -497.08456888719473, -497.08456888719473, -497.08456888719473, -497.08456888719473, -497.08456888719473, -497.08456888719473, -497.08456888719473, -497.08456888719473, -497.08456888719473, -497.08456888719473, -497.08456888719473, -497.08456888719473, -497.08456888719473, -561.7959994181424, -561.7959994181424, -561.7959994181424, -561.7959994181424, -561.7959994181424], 
[1738.1732229768672, 327.4188379337106, -674.2040073956111, -674.2040073956111, -674.2040073956111, -674.2040073956111, -674.2040073956111, -674.2040073956111, -674.2040073956111, -674.2040073956111, -674.2040073956111, -674.2040073956111, -674.2040073956111, -674.2040073956111, -674.2040073956111, -674.2040073956111, -674.2040073956111, -674.2040073956111, -674.2040073956111, -674.2040073956111], 
[441.0289406585157, 441.0289406585157, 441.0289406585157, -243.1722612290497, -243.1722612290497, -243.1722612290497, -243.1722612290497, -243.1722612290497, -758.381799899968, -758.381799899968, -758.381799899968, -758.381799899968, -758.381799899968, -758.381799899968, -758.381799899968, -758.381799899968, -758.381799899968, -758.381799899968, -758.381799899968, -758.381799899968], 
[-748.6231145123962, -748.6231145123962, -748.6231145123962, -748.6231145123962, -748.6231145123962, -748.6231145123962, -748.6231145123962, -748.6231145123962, -748.6231145123962, -748.6231145123962, -748.6231145123962, -748.6231145123962, -748.6231145123962, -748.6231145123962, -748.6231145123962, -748.6231145123962, -748.6231145123962, -748.6231145123962, -808.9124379184782, -808.9124379184782], 
[1663.1746494562003, 291.0036683004637, -411.2523457446114, -411.2523457446114, -411.2523457446114, -537.4536449103397, -537.4536449103397, -537.4536449103397, -537.4536449103397, -537.4536449103397, -537.4536449103397, -537.4536449103397, -537.4536449103397, -537.4536449103397, -537.4536449103397, -537.4536449103397, -537.4536449103397, -537.4536449103397, -537.4536449103397, -537.4536449103397], 
[-177.59916698899872, -177.59916698899872, -177.59916698899872, -177.59916698899872, -437.72220180843635, -437.72220180843635, -437.72220180843635, -437.72220180843635, -437.72220180843635, -437.72220180843635, -437.72220180843635, -437.72220180843635, -437.72220180843635, -437.72220180843635, -437.72220180843635, -668.9078105763264, -668.9078105763264, -668.9078105763264, -668.9078105763264, -668.9078105763264], 
[-632.6097746449659, -632.6097746449659, -632.6097746449659, -632.6097746449659, -632.6097746449659, -632.6097746449659, -632.6097746449659, -632.6097746449659, -632.6097746449659, -632.6097746449659, -632.6097746449659, -632.6097746449659, -632.6097746449659, -632.6097746449659, -632.6097746449659, -632.6097746449659, -632.6097746449659, -632.6097746449659, -632.6097746449659, -632.6097746449659], 
[-348.22767155421843, -348.22767155421843, -348.22767155421843, -348.22767155421843, -348.22767155421843, -348.22767155421843, -348.22767155421843, -348.22767155421843, -348.22767155421843, -348.22767155421843, -684.5754863075646, -684.5754863075646, -684.5754863075646, -684.5754863075646, -684.5754863075646, -684.5754863075646, -684.5754863075646, -684.5754863075646, -684.5754863075646, -684.5754863075646], 
[2223.6484967789784, -155.998281370398, -155.998281370398, -155.998281370398, -155.998281370398, -155.998281370398, -155.998281370398, -155.998281370398, -155.998281370398, -155.998281370398, -155.998281370398, -155.998281370398, -155.998281370398, -155.998281370398, -519.6857326383013, -519.6857326383013, -519.6857326383013, -556.6092531226814, -556.6092531226814, -556.6092531226814], 
[-492.9672813836014, -492.9672813836014, -492.9672813836014, -492.9672813836014, -492.9672813836014, -618.8431421977755, -618.8431421977755, -618.8431421977755, -618.8431421977755, -618.8431421977755, -618.8431421977755, -618.8431421977755, -618.8431421977755, -618.8431421977755, -706.2517211611439, -706.2517211611439, -747.7127936042489, -747.7127936042489, -747.7127936042489, -747.7127936042489], 
[677.4212830539759, 677.4212830539759, 677.4212830539759, -559.1598959524306, -559.1598959524306, -559.1598959524306, -559.1598959524306, -559.1598959524306, -559.1598959524306, -559.1598959524306, -559.1598959524306, -559.1598959524306, -559.1598959524306, -559.1598959524306, -559.1598959524306, -559.1598959524306, -559.1598959524306, -580.64458150387, -580.64458150387, -580.64458150387], 
[1424.6387256023095, -68.11257773119678, -437.04527889870747, -437.04527889870747, -437.04527889870747, -437.04527889870747, -437.04527889870747, -437.04527889870747, -437.04527889870747, -437.04527889870747, -437.04527889870747, -437.04527889870747, -437.04527889870747, -437.04527889870747, -585.3808080002597, -585.3808080002597, -585.3808080002597, -585.3808080002597, -585.3808080002597, -585.3808080002597], 
[-187.43885357281408, -372.8327525742782, -372.8327525742782, -372.8327525742782, -372.8327525742782, -372.8327525742782, -372.8327525742782, -372.8327525742782, -372.8327525742782, -372.8327525742782, -372.8327525742782, -372.8327525742782, -372.8327525742782, -372.8327525742782, -372.8327525742782, -372.8327525742782, -372.8327525742782, -372.8327525742782, -372.8327525742782, -372.8327525742782], 
[-861.9220122740418, -861.9220122740418, -861.9220122740418, -861.9220122740418, -861.9220122740418, -861.9220122740418, -861.9220122740418, -861.9220122740418, -861.9220122740418, -861.9220122740418, -861.9220122740418, -861.9220122740418, -861.9220122740418, -861.9220122740418, -861.9220122740418, -861.9220122740418, -861.9220122740418, -861.9220122740418, -861.9220122740418, -861.9220122740418], 
[-640.3879790270998, -640.3879790270998, -640.3879790270998, -640.3879790270998, -640.3879790270998, -640.3879790270998, -640.3879790270998, -640.3879790270998, -640.3879790270998, -640.3879790270998, -640.3879790270998, -648.6437314262514, -648.6437314262514, -648.6437314262514, -648.6437314262514, -648.6437314262514, -648.6437314262514, -709.0111663004825, -709.0111663004825, -709.0111663004825], 
[-229.40108613962673, -229.40108613962673, -547.0500193319915, -547.0500193319915, -547.0500193319915, -547.0500193319915, -547.0500193319915, -547.0500193319915, -547.0500193319915, -547.0500193319915, -547.0500193319915, -547.0500193319915, -547.0500193319915, -547.0500193319915, -547.0500193319915, -547.0500193319915, -547.0500193319915, -830.2494766739997, -830.2494766739997, -830.2494766739997], 
[-573.1223244363765, -573.1223244363765, -573.1223244363765, -573.1223244363765, -573.1223244363765, -573.1223244363765, -573.1223244363765, -732.9551272521401, -732.9551272521401, -732.9551272521401, -732.9551272521401, -763.5434684075127, -763.5434684075127, -763.5434684075127, -763.5434684075127, -763.5434684075127, -763.5434684075127, -763.5434684075127, -763.5434684075127, -763.5434684075127], 
[465.6044536892905, -10.647665673721008, -125.79504458064775, -125.79504458064775, -125.79504458064775, -125.79504458064775, -125.79504458064775, -125.79504458064775, -125.79504458064775, -125.79504458064775, -125.79504458064775, -125.79504458064775, -125.79504458064775, -125.79504458064775, -126.48993332701957, -126.48993332701957, -126.48993332701957, -126.48993332701957, -143.58569637356266, -405.5592460338198], 
[514.2066892129171, 514.2066892129171, 514.2066892129171, 514.2066892129171, 514.2066892129171, -193.4514410000305, -193.4514410000305, -193.4514410000305, -193.4514410000305, -193.4514410000305, -193.4514410000305, -453.84878660472043, -453.84878660472043, -453.84878660472043, -453.84878660472043, -453.84878660472043, -453.84878660472043, -453.84878660472043, -453.84878660472043, -609.3345188796795], 
[-137.6603373136236, -137.6603373136236, -137.6603373136236, -137.6603373136236, -137.6603373136236, -137.6603373136236, -137.6603373136236, -137.6603373136236, -137.6603373136236, -550.9076975370228, -550.9076975370228, -550.9076975370228, -550.9076975370228, -550.9076975370228, -550.9076975370228, -550.9076975370228, -550.9076975370228, -550.9076975370228, -550.9076975370228, -550.9076975370228], 
[187.1235604467247, -140.41993057996956, -369.99974956484687, -369.99974956484687, -369.99974956484687, -369.99974956484687, -369.99974956484687, -369.99974956484687, -369.99974956484687, -483.38417158694403, -483.38417158694403, -754.9852726835858, -754.9852726835858, -754.9852726835858, -754.9852726835858, -754.9852726835858, -754.9852726835858, -754.9852726835858, -754.9852726835858, -754.9852726835858], 
