[-746.6621235520405, -856.8683584067545, -856.8683584067545, -856.8683584067545, -856.8683584067545, -856.8683584067545, -856.8683584067545, -856.8683584067545, -856.8683584067545, -856.8683584067545, -856.8683584067545, -856.8683584067545, -856.8683584067545, -856.8683584067545, -856.8683584067545, -856.8683584067545, -856.8683584067545, -856.8683584067545, -856.8683584067545, -856.8683584067545], 
[666.1190987057737, 394.89687932315815, 394.89687932315815, -624.3209048521519, -624.3209048521519, -624.3209048521519, -624.3209048521519, -653.9418464355092, -653.9418464355092, -680.5500484161098, -680.5500484161098, -680.5500484161098, -680.5500484161098, -680.5500484161098, -680.5500484161098, -680.5500484161098, -680.5500484161098, -680.5500484161098, -680.5500484161098, -680.5500484161098], 
[473.87469383039183, 473.87469383039183, 473.87469383039183, -637.6674781546147, -637.6674781546147, -657.0265580638797, -657.0265580638797, -657.0265580638797, -657.0265580638797, -657.0265580638797, -657.0265580638797, -657.0265580638797, -657.0265580638797, -657.0265580638797, -657.0265580638797, -657.0265580638797, -657.0265580638797, -657.0265580638797, -657.0265580638797, -684.9305937139983], 
[2851.7252698348566, -362.18540870713355, -362.18540870713355, -362.18540870713355, -362.18540870713355, -362.18540870713355, -362.18540870713355, -362.18540870713355, -362.18540870713355, -362.18540870713355, -362.18540870713355, -362.18540870713355, -362.18540870713355, -362.18540870713355, -362.18540870713355, -362.18540870713355, -362.18540870713355, -362.18540870713355, -362.18540870713355, -362.18540870713355], 
[108.98965307158733, 108.98965307158733, 108.98965307158733, -780.3315606195474, -780.3315606195474, -780.3315606195474, -780.3315606195474, -780.3315606195474, -780.3315606195474, -780.3315606195474, -780.3315606195474, -780.3315606195474, -780.3315606195474, -780.3315606195474, -780.3315606195474, -780.3315606195474, -780.3315606195474, -780.3315606195474, -780.3315606195474, -780.3315606195474], 
[797.9391061985909, -317.9702498649293, -317.9702498649293, -317.9702498649293, -317.9702498649293, -317.9702498649293, -833.9516009594303, -833.9516009594303, -833.9516009594303, -833.9516009594303, -833.9516009594303, -833.9516009594303, -833.9516009594303, -833.9516009594303, -833.9516009594303, -833.9516009594303, -833.9516009594303, -833.9516009594303, -833.9516009594303, -833.9516009594303], 
[347.2224945888445, -817.9647763319324, -817.9647763319324, -817.9647763319324, -817.9647763319324, -817.9647763319324, -817.9647763319324, -817.9647763319324, -817.9647763319324, -817.9647763319324, -817.9647763319324, -817.9647763319324, -817.9647763319324, -817.9647763319324, -817.9647763319324, -817.9647763319324, -817.9647763319324, -817.9647763319324, -817.9647763319324, -817.9647763319324], 
[-92.01011873363325, -109.77471610280793, -109.77471610280793, -109.77471610280793, -461.8084543374225, -461.8084543374225, -461.8084543374225, -461.8084543374225, -461.8084543374225, -461.8084543374225, -461.8084543374225, -461.8084543374225, -461.8084543374225, -461.8084543374225, -461.8084543374225, -461.8084543374225, -481.6507375751361, -481.6507375751361, -481.6507375751361, -855.5763524415001], 
[1128.543964997254, 1128.543964997254, 1128.543964997254, 228.66512778449192, 67.61948251236208, 67.61948251236208, 67.61948251236208, 67.61948251236208, 67.61948251236208, -261.05521499253837, -261.05521499253837, -261.05521499253837, -261.05521499253837, -261.05521499253837, -261.05521499253837, -261.05521499253837, -262.9422534895634, -748.943534086196, -748.943534086196, -748.943534086196], 
[-352.53017384469354, -352.53017384469354, -352.53017384469354, -659.0043076230236, -659.0043076230236, -659.0043076230236, -659.0043076230236, -659.0043076230236, -659.0043076230236, -659.0043076230236, -659.0043076230236, -659.0043076230236, -659.0043076230236, -659.0043076230236, -659.0043076230236, -659.0043076230236, -659.0043076230236, -659.0043076230236, -659.0043076230236, -659.0043076230236], 
[1074.8372033340743, 1074.8372033340743, -802.3955589336981, -802.3955589336981, -802.3955589336981, -802.3955589336981, -802.3955589336981, -802.3955589336981, -802.3955589336981, -802.3955589336981, -802.3955589336981, -802.3955589336981, -802.3955589336981, -802.3955589336981, -802.3955589336981, -802.3955589336981, -802.3955589336981, -802.3955589336981, -802.3955589336981, -802.3955589336981], 
[-202.9123729341601, -202.9123729341601, -202.9123729341601, -202.9123729341601, -202.9123729341601, -545.2543154863046, -545.2543154863046, -822.1300802065191, -822.1300802065191, -822.1300802065191, -822.1300802065191, -822.1300802065191, -822.1300802065191, -822.1300802065191, -822.1300802065191, -822.1300802065191, -822.1300802065191, -822.1300802065191, -822.1300802065191, -822.1300802065191], 
[772.4218446942423, 772.4218446942423, 324.9123789597206, -235.94716977728945, -235.94716977728945, -235.94716977728945, -501.8135484093169, -501.8135484093169, -501.8135484093169, -501.8135484093169, -501.8135484093169, -501.8135484093169, -501.8135484093169, -501.8135484093169, -501.8135484093169, -501.8135484093169, -501.8135484093169, -501.8135484093169, -501.8135484093169, -501.8135484093169], 
[2003.3792534879472, 197.04715648332217, -624.7927879484519, -624.7927879484519, -624.7927879484519, -624.7927879484519, -733.415466997371, -733.415466997371, -733.415466997371, -733.415466997371, -733.415466997371, -733.415466997371, -733.415466997371, -733.415466997371, -733.415466997371, -733.415466997371, -733.415466997371, -733.415466997371, -733.415466997371, -733.415466997371], 
[224.11242300646836, 224.11242300646836, 224.11242300646836, 100.50314520929646, 100.50314520929646, 100.50314520929646, 100.50314520929646, -433.5288008096801, -433.5288008096801, -433.5288008096801, -433.5288008096801, -433.5288008096801, -433.5288008096801, -804.1629631889069, -804.1629631889069, -804.1629631889069, -804.1629631889069, -804.1629631889069, -804.1629631889069, -804.1629631889069], 
[2389.9133004965847, -477.4081243350172, -477.4081243350172, -477.4081243350172, -477.4081243350172, -477.4081243350172, -477.4081243350172, -477.4081243350172, -477.4081243350172, -741.1931504884103, -741.1931504884103, -741.1931504884103, -741.1931504884103, -741.1931504884103, -795.9501919046804, -795.9501919046804, -795.9501919046804, -795.9501919046804, -795.9501919046804, -795.9501919046804], 
[-521.396998479662, -521.396998479662, -521.396998479662, -521.396998479662, -521.396998479662, -521.396998479662, -521.396998479662, -521.396998479662, -521.396998479662, -521.396998479662, -521.396998479662, -521.396998479662, -521.396998479662, -521.396998479662, -521.396998479662, -521.396998479662, -521.396998479662, -521.396998479662, -521.396998479662, -521.396998479662], 
[3705.5628096853698, 740.9921440406777, 137.18929974317348, 137.18929974317348, 137.18929974317348, 137.18929974317348, 137.18929974317348, 137.18929974317348, 137.18929974317348, 137.18929974317348, 137.18929974317348, 137.18929974317348, -851.386154336753, -851.386154336753, -851.386154336753, -851.386154336753, -851.386154336753, -851.386154336753, -851.386154336753, -851.386154336753], 
[-242.13636089175338, -242.13636089175338, -242.13636089175338, -242.13636089175338, -242.13636089175338, -242.13636089175338, -242.13636089175338, -242.13636089175338, -242.13636089175338, -242.13636089175338, -242.13636089175338, -242.13636089175338, -242.13636089175338, -242.13636089175338, -242.13636089175338, -321.2906126507929, -321.2906126507929, -321.2906126507929, -321.2906126507929, -321.2906126507929], 
[887.2093542126283, 257.1987471878758, -149.52202474965645, -149.52202474965645, -149.52202474965645, -149.52202474965645, -899.1602765748494, -899.1602765748494, -899.1602765748494, -899.1602765748494, -899.1602765748494, -899.1602765748494, -899.1602765748494, -899.1602765748494, -899.1602765748494, -899.1602765748494, -899.1602765748494, -899.1602765748494, -899.1602765748494, -899.1602765748494], 
[824.2337418225272, -104.79678258718695, -545.844790695026, -545.844790695026, -545.844790695026, -545.844790695026, -545.844790695026, -545.844790695026, -545.844790695026, -545.844790695026, -545.844790695026, -545.844790695026, -580.4138023886401, -580.4138023886401, -580.4138023886401, -580.4138023886401, -580.4138023886401, -580.4138023886401, -580.4138023886401, -580.4138023886401], 
[1938.5122831740268, 402.89636932424514, -62.792127661103905, -188.32228106114985, -188.32228106114985, -188.32228106114985, -188.32228106114985, -188.32228106114985, -188.32228106114985, -188.32228106114985, -188.32228106114985, -476.66133559524803, -476.66133559524803, -476.66133559524803, -620.8580670718072, -620.8580670718072, -620.8580670718072, -620.8580670718072, -620.8580670718072, -620.8580670718072], 
[3197.161471338127, -166.00996464909633, -166.00996464909633, -166.00996464909633, -364.5119417650018, -364.5119417650018, -364.5119417650018, -364.5119417650018, -364.5119417650018, -364.5119417650018, -364.5119417650018, -364.5119417650018, -757.450306828219, -757.450306828219, -757.450306828219, -757.450306828219, -757.450306828219, -757.450306828219, -757.450306828219, -757.450306828219], 
[100.9080145611299, -101.98596422285891, -101.98596422285891, -101.98596422285891, -101.98596422285891, -101.98596422285891, -101.98596422285891, -101.98596422285891, -101.98596422285891, -101.98596422285891, -101.98596422285891, -438.3436026061303, -438.3436026061303, -438.3436026061303, -438.3436026061303, -438.3436026061303, -438.3436026061303, -438.3436026061303, -660.1359914393092, -660.1359914393092], 
[-287.2238667047079, -316.0315866768693, -316.0315866768693, -316.0315866768693, -316.0315866768693, -316.0315866768693, -316.0315866768693, -316.0315866768693, -361.37022287303023, -361.37022287303023, -361.37022287303023, -361.37022287303023, -361.37022287303023, -488.16441377114563, -488.16441377114563, -488.16441377114563, -488.16441377114563, -488.16441377114563, -488.16441377114563, -594.6030881968339], 
[979.1308508600762, 979.1308508600762, -721.0458407784629, -721.0458407784629, -721.0458407784629, -721.0458407784629, -721.0458407784629, -721.0458407784629, -721.0458407784629, -721.0458407784629, -721.0458407784629, -721.0458407784629, -721.0458407784629, -721.0458407784629, -721.0458407784629, -721.0458407784629, -721.0458407784629, -721.0458407784629, -721.0458407784629, -721.0458407784629], 
[-469.3310844740221, -469.3310844740221, -469.3310844740221, -657.9919424858645, -657.9919424858645, -657.9919424858645, -657.9919424858645, -657.9919424858645, -657.9919424858645, -657.9919424858645, -657.9919424858645, -657.9919424858645, -657.9919424858645, -657.9919424858645, -657.9919424858645, -657.9919424858645, -657.9919424858645, -657.9919424858645, -657.9919424858645, -657.9919424858645], 
[352.40104020115473, -789.6025778073681, -789.6025778073681, -789.6025778073681, -789.6025778073681, -789.6025778073681, -789.6025778073681, -789.6025778073681, -789.6025778073681, -789.6025778073681, -789.6025778073681, -789.6025778073681, -789.6025778073681, -789.6025778073681, -789.6025778073681, -789.6025778073681, -789.6025778073681, -789.6025778073681, -789.6025778073681, -789.6025778073681], 
[1956.3198595510603, 1640.3194070007416, 1640.3194070007416, 1566.801261852701, -253.28915075908355, -253.28915075908355, -253.28915075908355, -253.28915075908355, -253.28915075908355, -253.28915075908355, -253.28915075908355, -253.28915075908355, -253.28915075908355, -253.28915075908355, -253.28915075908355, -253.28915075908355, -772.6008139022454, -772.6008139022454, -772.6008139022454, -772.6008139022454], 
[2567.062112531048, 902.246743947703, 902.246743947703, 902.246743947703, -540.3796157130814, -540.3796157130814, -540.3796157130814, -540.3796157130814, -540.3796157130814, -540.3796157130814, -540.3796157130814, -540.3796157130814, -540.3796157130814, -540.3796157130814, -540.3796157130814, -540.3796157130814, -540.3796157130814, -540.3796157130814, -540.3796157130814, -540.3796157130814], 
