[-680.2432513061617, -680.2432513061617, -680.2432513061617, -680.2432513061617, -680.2432513061617, -680.2432513061617, -680.2432513061617, -680.2432513061617, -680.2432513061617, -680.2432513061617, -680.2432513061617, -680.2432513061617, -680.2432513061617, -680.2432513061617, -680.2432513061617, -680.2432513061617, -680.2432513061617, -680.2432513061617, -680.2432513061617, -680.2432513061617], 
[-410.2870435281068, -410.2870435281068, -410.2870435281068, -410.2870435281068, -410.2870435281068, -410.2870435281068, -410.2870435281068, -410.2870435281068, -671.7233534187178, -671.7233534187178, -671.7233534187178, -671.7233534187178, -671.7233534187178, -671.7233534187178, -800.8026842778332, -800.8026842778332, -800.8026842778332, -800.8026842778332, -800.8026842778332, -800.8026842778332], 
[2659.6371354835414, -453.7968088804239, -593.0575922905671, -593.0575922905671, -593.0575922905671, -797.339814054372, -797.339814054372, -797.339814054372, -797.339814054372, -797.339814054372, -797.339814054372, -797.339814054372, -797.339814054372, -797.339814054372, -797.339814054372, -797.339814054372, -797.339814054372, -797.339814054372, -797.339814054372, -847.395063873852], 
[787.807869546252, 308.448658651869, 308.448658651869, -231.64247090901733, -231.64247090901733, -231.64247090901733, -231.64247090901733, -231.64247090901733, -844.0230532947396, -844.0230532947396, -844.0230532947396, -844.0230532947396, -844.0230532947396, -844.0230532947396, -844.0230532947396, -844.0230532947396, -844.0230532947396, -844.0230532947396, -844.0230532947396, -844.0230532947396], 
[-171.59432393924192, -171.59432393924192, -617.002793430145, -617.002793430145, -617.002793430145, -617.002793430145, -617.002793430145, -617.002793430145, -617.002793430145, -617.002793430145, -617.002793430145, -617.002793430145, -617.002793430145, -617.002793430145, -617.002793430145, -617.002793430145, -617.002793430145, -617.002793430145, -617.002793430145, -617.002793430145], 
[11202.042703242856, 1731.2522973605965, 1214.240248791908, 838.3016500533893, 838.3016500533893, 838.3016500533893, 456.36541363559763, 456.36541363559763, 333.42146024085923, 333.42146024085923, 333.42146024085923, 333.42146024085923, 333.42146024085923, 172.21388073026742, 150.10018628130456, 150.10018628130456, 150.10018628130456, 150.10018628130456, 63.3911811222647, 63.3911811222647], 
[-6.3033606024187065, -6.3033606024187065, -6.3033606024187065, -6.3033606024187065, -6.3033606024187065, -6.3033606024187065, -617.8008191989895, -617.8008191989895, -617.8008191989895, -617.8008191989895, -617.8008191989895, -617.8008191989895, -617.8008191989895, -617.8008191989895, -617.8008191989895, -617.8008191989895, -617.8008191989895, -617.8008191989895, -617.8008191989895, -617.8008191989895], 
[484.4470690244932, -676.9705016522021, -676.9705016522021, -676.9705016522021, -676.9705016522021, -676.9705016522021, -676.9705016522021, -676.9705016522021, -711.8673235438245, -711.8673235438245, -711.8673235438245, -711.8673235438245, -711.8673235438245, -711.8673235438245, -711.8673235438245, -711.8673235438245, -711.8673235438245, -711.8673235438245, -711.8673235438245, -711.8673235438245], 
[2227.8128990328746, -395.672828894952, -395.672828894952, -395.672828894952, -395.672828894952, -395.672828894952, -395.672828894952, -395.672828894952, -395.672828894952, -395.672828894952, -395.672828894952, -395.672828894952, -395.672828894952, -395.672828894952, -395.672828894952, -395.672828894952, -395.672828894952, -395.672828894952, -395.672828894952, -395.672828894952], 
[-477.4083253722167, -477.4083253722167, -477.4083253722167, -477.4083253722167, -477.4083253722167, -477.4083253722167, -477.4083253722167, -477.4083253722167, -477.4083253722167, -477.4083253722167, -477.4083253722167, -477.4083253722167, -477.4083253722167, -477.4083253722167, -477.4083253722167, -477.4083253722167, -477.4083253722167, -477.4083253722167, -477.4083253722167, -477.4083253722167], 
[-456.9934325390834, -456.9934325390834, -456.9934325390834, -456.9934325390834, -456.9934325390834, -456.9934325390834, -456.9934325390834, -456.9934325390834, -456.9934325390834, -456.9934325390834, -456.9934325390834, -456.9934325390834, -456.9934325390834, -456.9934325390834, -646.0072354191909, -646.0072354191909, -646.0072354191909, -646.0072354191909, -646.0072354191909, -646.0072354191909], 
[4200.169058528598, 240.84972358256914, 125.05049751297634, 125.05049751297634, 125.05049751297634, 125.05049751297634, -225.03313261509618, -225.03313261509618, -225.03313261509618, -225.03313261509618, -225.03313261509618, -225.03313261509618, -225.03313261509618, -225.03313261509618, -225.03313261509618, -702.0375847309048, -702.0375847309048, -702.0375847309048, -702.0375847309048, -702.0375847309048], 
[377.75064477326464, -411.3003507195107, -411.3003507195107, -411.3003507195107, -411.3003507195107, -411.3003507195107, -411.3003507195107, -411.3003507195107, -411.3003507195107, -411.3003507195107, -411.3003507195107, -820.5545649078113, -820.5545649078113, -820.5545649078113, -820.5545649078113, -820.5545649078113, -820.5545649078113, -820.5545649078113, -820.5545649078113, -820.5545649078113], 
[346.6140620274871, -162.42845982114943, -525.7361125762186, -525.7361125762186, -525.7361125762186, -525.7361125762186, -525.7361125762186, -525.7361125762186, -525.7361125762186, -525.7361125762186, -525.7361125762186, -778.3122571175288, -778.3122571175288, -778.3122571175288, -778.3122571175288, -778.3122571175288, -778.3122571175288, -778.3122571175288, -778.3122571175288, -778.3122571175288], 
[-79.77995321817082, -79.77995321817082, -79.77995321817082, -79.77995321817082, -79.77995321817082, -577.8159323117852, -577.8159323117852, -577.8159323117852, -577.8159323117852, -577.8159323117852, -577.8159323117852, -577.8159323117852, -577.8159323117852, -577.8159323117852, -577.8159323117852, -858.0865270127651, -858.0865270127651, -858.0865270127651, -858.0865270127651, -858.0865270127651], 
[3569.7358691550735, 2546.16477589806, 2546.16477589806, -131.02685775932298, -189.88529849189717, -212.1634248528169, -212.1634248528169, -212.1634248528169, -212.1634248528169, -212.1634248528169, -212.1634248528169, -212.1634248528169, -212.1634248528169, -212.1634248528169, -212.1634248528169, -212.1634248528169, -212.1634248528169, -212.1634248528169, -703.8520698744709, -703.8520698744709], 
[-49.05167184039931, -135.20101626676308, -135.20101626676308, -135.20101626676308, -135.20101626676308, -135.20101626676308, -214.7508991645234, -214.7508991645234, -214.7508991645234, -214.7508991645234, -214.7508991645234, -484.99843372930854, -484.99843372930854, -484.99843372930854, -484.99843372930854, -484.99843372930854, -773.3053247547837, -773.3053247547837, -773.3053247547837, -773.3053247547837], 
[4200.440118610765, -228.6849635265329, -228.6849635265329, -228.6849635265329, -228.6849635265329, -228.6849635265329, -228.6849635265329, -228.6849635265329, -228.6849635265329, -228.6849635265329, -228.6849635265329, -228.6849635265329, -228.6849635265329, -616.8882669603222, -616.8882669603222, -616.8882669603222, -837.1473942372418, -837.1473942372418, -837.1473942372418, -837.1473942372418], 
[423.40737419671655, 423.40737419671655, 34.693451010847184, 34.693451010847184, -572.3677143218396, -572.3677143218396, -572.3677143218396, -572.3677143218396, -615.5316525518447, -615.5316525518447, -615.5316525518447, -615.5316525518447, -615.5316525518447, -615.5316525518447, -615.5316525518447, -615.5316525518447, -615.5316525518447, -615.5316525518447, -615.5316525518447, -615.5316525518447], 
[4800.090318897398, 363.8942443543724, 363.8942443543724, -28.27013174596152, -28.27013174596152, -28.27013174596152, -316.4105306356498, -316.4105306356498, -316.4105306356498, -316.4105306356498, -316.4105306356498, -316.4105306356498, -316.4105306356498, -316.4105306356498, -316.4105306356498, -316.4105306356498, -904.9697653620734, -904.9697653620734, -904.9697653620734, -904.9697653620734], 
[-181.37055098715052, -181.37055098715052, -258.4827468825679, -258.4827468825679, -258.4827468825679, -258.4827468825679, -258.4827468825679, -418.2307079766339, -418.2307079766339, -418.2307079766339, -418.2307079766339, -418.2307079766339, -418.2307079766339, -418.2307079766339, -418.2307079766339, -418.2307079766339, -418.2307079766339, -418.2307079766339, -418.2307079766339, -418.2307079766339], 
[382.55034430152386, 382.55034430152386, 382.55034430152386, 382.55034430152386, 382.55034430152386, 382.55034430152386, -661.6063243646697, -917.923250305985, -917.923250305985, -917.923250305985, -917.923250305985, -917.923250305985, -917.923250305985, -917.923250305985, -917.923250305985, -917.923250305985, -917.923250305985, -917.923250305985, -917.923250305985, -917.923250305985], 
[1067.0779217436652, -482.36295926469415, -482.36295926469415, -741.0877391505959, -741.0877391505959, -741.0877391505959, -741.0877391505959, -741.0877391505959, -741.0877391505959, -741.0877391505959, -741.0877391505959, -741.0877391505959, -741.0877391505959, -741.0877391505959, -741.0877391505959, -741.0877391505959, -741.0877391505959, -741.0877391505959, -741.0877391505959, -741.0877391505959], 
[2074.275263441547, 405.3603319242311, -465.4409947163557, -465.4409947163557, -465.4409947163557, -465.4409947163557, -465.4409947163557, -505.3153898864273, -505.3153898864273, -505.3153898864273, -505.3153898864273, -505.3153898864273, -505.3153898864273, -505.3153898864273, -505.3153898864273, -802.0207580555368, -802.0207580555368, -802.0207580555368, -802.0207580555368, -802.0207580555368], 
[-205.93808611748852, -205.93808611748852, -205.93808611748852, -205.93808611748852, -205.93808611748852, -205.93808611748852, -205.93808611748852, -205.93808611748852, -205.93808611748852, -205.93808611748852, -860.9608122624485, -860.9608122624485, -860.9608122624485, -860.9608122624485, -860.9608122624485, -860.9608122624485, -860.9608122624485, -860.9608122624485, -860.9608122624485, -860.9608122624485], 
[-236.77487523434354, -236.77487523434354, -791.1932557065783, -791.1932557065783, -791.1932557065783, -791.1932557065783, -791.1932557065783, -791.1932557065783, -791.1932557065783, -791.1932557065783, -791.1932557065783, -791.1932557065783, -791.1932557065783, -791.1932557065783, -791.1932557065783, -791.1932557065783, -791.1932557065783, -791.1932557065783, -791.1932557065783, -791.1932557065783], 
[-19.53029335283111, -19.53029335283111, -478.61768661129463, -478.61768661129463, -478.61768661129463, -478.61768661129463, -478.61768661129463, -478.61768661129463, -478.61768661129463, -478.61768661129463, -478.61768661129463, -478.61768661129463, -478.61768661129463, -478.61768661129463, -478.61768661129463, -478.61768661129463, -727.7868845243181, -727.7868845243181, -727.7868845243181, -727.7868845243181], 
[-305.37017958340607, -305.37017958340607, -305.37017958340607, -305.37017958340607, -305.37017958340607, -305.37017958340607, -628.1337023161045, -628.1337023161045, -628.1337023161045, -628.1337023161045, -628.1337023161045, -628.1337023161045, -628.1337023161045, -628.1337023161045, -628.1337023161045, -628.1337023161045, -628.1337023161045, -628.1337023161045, -628.1337023161045, -628.1337023161045], 
[1068.6606132624252, 1068.6606132624252, 25.30070391823415, -272.4307477994307, -272.4307477994307, -272.4307477994307, -272.4307477994307, -272.4307477994307, -272.4307477994307, -272.4307477994307, -272.4307477994307, -272.4307477994307, -272.4307477994307, -328.1300668445448, -328.1300668445448, -338.4402988397376, -338.4402988397376, -338.4402988397376, -338.4402988397376, -338.4402988397376], 
[-287.39135317334683, -287.39135317334683, -287.39135317334683, -287.39135317334683, -287.39135317334683, -310.3781891708651, -426.8310171236094, -426.8310171236094, -426.8310171236094, -426.8310171236094, -426.8310171236094, -426.8310171236094, -426.8310171236094, -426.8310171236094, -426.8310171236094, -426.8310171236094, -426.8310171236094, -426.8310171236094, -656.9937702746792, -656.9937702746792], 
