[680.5668492701261, 680.5668492701261, -507.9333630860547, -507.9333630860547, -507.9333630860547, -507.9333630860547, -507.9333630860547, -507.9333630860547, -793.3486569225697, -793.3486569225697, -793.3486569225697, -793.3486569225697, -793.3486569225697, -793.3486569225697, -793.3486569225697, -793.3486569225697, -911.3809457638811, -911.3809457638811, -911.3809457638811, -911.3809457638811], 
[-303.450902268434, -303.450902268434, -589.8855020130825, -589.8855020130825, -589.8855020130825, -589.8855020130825, -589.8855020130825, -589.8855020130825, -589.8855020130825, -589.8855020130825, -589.8855020130825, -589.8855020130825, -589.8855020130825, -589.8855020130825, -589.8855020130825, -589.8855020130825, -589.8855020130825, -589.8855020130825, -599.3680276240414, -599.3680276240414], 
[1429.6639485776263, 840.9952001789516, 840.9952001789516, 623.7490451833696, -144.32000189942858, -171.62315144095896, -171.62315144095896, -171.62315144095896, -614.7585432333868, -614.7585432333868, -614.7585432333868, -614.7585432333868, -614.7585432333868, -614.7585432333868, -614.7585432333868, -614.7585432333868, -614.7585432333868, -614.7585432333868, -614.7585432333868, -614.7585432333868], 
[-399.9282300693858, -399.9282300693858, -399.9282300693858, -399.9282300693858, -399.9282300693858, -399.9282300693858, -399.9282300693858, -399.9282300693858, -475.1433990273948, -475.1433990273948, -475.1433990273948, -475.1433990273948, -475.1433990273948, -563.1475357852103, -563.1475357852103, -563.1475357852103, -563.1475357852103, -563.1475357852103, -563.1475357852103, -563.1475357852103], 
[-331.57201981560456, -331.57201981560456, -331.57201981560456, -331.57201981560456, -331.57201981560456, -331.57201981560456, -331.57201981560456, -331.57201981560456, -331.57201981560456, -331.57201981560456, -331.57201981560456, -331.57201981560456, -331.57201981560456, -465.4936608807029, -465.4936608807029, -575.635778902641, -575.635778902641, -575.635778902641, -575.635778902641, -575.635778902641], 
[944.2725295632297, -508.24219073682184, -508.24219073682184, -508.24219073682184, -508.24219073682184, -508.24219073682184, -508.24219073682184, -716.0984741998636, -716.0984741998636, -716.0984741998636, -716.0984741998636, -716.0984741998636, -716.0984741998636, -716.0984741998636, -716.0984741998636, -716.0984741998636, -805.6786000978037, -805.6786000978037, -805.6786000978037, -805.6786000978037], 
[938.629481691876, 938.629481691876, -360.5287506790527, -377.89076181536745, -377.89076181536745, -377.89076181536745, -377.89076181536745, -377.89076181536745, -377.89076181536745, -377.89076181536745, -463.0105289730317, -463.0105289730317, -463.0105289730317, -463.0105289730317, -463.0105289730317, -463.0105289730317, -463.0105289730317, -463.0105289730317, -463.0105289730317, -463.0105289730317], 
[1030.205123692654, 187.07879383102068, 187.07879383102068, -413.21745095577694, -413.21745095577694, -413.21745095577694, -413.21745095577694, -413.21745095577694, -413.21745095577694, -413.21745095577694, -413.21745095577694, -413.21745095577694, -413.21745095577694, -502.19912228789525, -502.19912228789525, -502.19912228789525, -502.19912228789525, -502.19912228789525, -502.19912228789525, -502.19912228789525], 
[2288.6801411251386, -142.52055675396264, -142.52055675396264, -142.52055675396264, -206.10542990985198, -206.10542990985198, -631.6794676851746, -631.6794676851746, -631.6794676851746, -885.8072551134751, -885.8072551134751, -885.8072551134751, -885.8072551134751, -885.8072551134751, -885.8072551134751, -885.8072551134751, -885.8072551134751, -885.8072551134751, -885.8072551134751, -885.8072551134751], 
[1558.1703492880279, -886.9787694354648, -886.9787694354648, -886.9787694354648, -886.9787694354648, -886.9787694354648, -886.9787694354648, -886.9787694354648, -886.9787694354648, -886.9787694354648, -886.9787694354648, -886.9787694354648, -886.9787694354648, -886.9787694354648, -886.9787694354648, -886.9787694354648, -886.9787694354648, -886.9787694354648, -886.9787694354648, -886.9787694354648], 
[835.4044069425088, -15.937687733432426, -15.937687733432426, -15.937687733432426, -15.937687733432426, -307.69167840519935, -513.2636068665727, -513.2636068665727, -513.2636068665727, -513.2636068665727, -513.2636068665727, -513.2636068665727, -513.2636068665727, -513.2636068665727, -513.2636068665727, -520.6697375788156, -520.6697375788156, -520.6697375788156, -520.6697375788156, -691.9568104546001], 
[-743.3912274982406, -743.3912274982406, -743.3912274982406, -743.3912274982406, -743.3912274982406, -743.3912274982406, -743.3912274982406, -743.3912274982406, -743.3912274982406, -800.6688069353768, -800.6688069353768, -800.6688069353768, -800.6688069353768, -800.6688069353768, -800.6688069353768, -800.6688069353768, -800.6688069353768, -800.6688069353768, -800.6688069353768, -800.6688069353768], 
[5077.892426976892, 2018.800406806898, 1120.9222965435774, 402.79428138724074, 240.23442771063674, 240.23442771063674, -362.41860780985064, -362.41860780985064, -362.41860780985064, -362.41860780985064, -362.41860780985064, -362.41860780985064, -626.4043803127802, -626.4043803127802, -626.4043803127802, -626.4043803127802, -626.4043803127802, -626.4043803127802, -626.4043803127802, -626.4043803127802], 
[166.61427176404914, -21.2689060395802, -21.2689060395802, -515.1017487268971, -515.1017487268971, -515.1017487268971, -515.1017487268971, -515.1017487268971, -515.1017487268971, -515.1017487268971, -515.1017487268971, -515.1017487268971, -573.0487030400166, -573.0487030400166, -573.0487030400166, -573.0487030400166, -573.0487030400166, -573.0487030400166, -573.0487030400166, -573.0487030400166], 
[369.6050203223531, -373.23997988026383, -373.23997988026383, -373.23997988026383, -373.23997988026383, -432.11661576591746, -432.11661576591746, -432.11661576591746, -432.11661576591746, -432.11661576591746, -432.11661576591746, -432.11661576591746, -432.11661576591746, -432.11661576591746, -432.11661576591746, -432.11661576591746, -432.11661576591746, -432.11661576591746, -480.7854949667975, -541.5988617015483], 
[1961.0956889671047, 896.5940836506886, 364.833728958396, 364.833728958396, 167.55341540889458, 91.47605103638784, 91.47605103638784, 91.47605103638784, -11.670549648231258, -11.670549648231258, -546.2130841732317, -546.2130841732317, -546.2130841732317, -758.2722529482621, -758.2722529482621, -758.2722529482621, -758.2722529482621, -813.0786773945437, -813.0786773945437, -813.0786773945437], 
[2556.6653693868284, -351.0517978530396, -351.0517978530396, -351.0517978530396, -351.0517978530396, -351.0517978530396, -351.0517978530396, -351.0517978530396, -351.0517978530396, -351.0517978530396, -351.0517978530396, -351.0517978530396, -351.0517978530396, -351.0517978530396, -351.0517978530396, -351.0517978530396, -351.0517978530396, -351.0517978530396, -351.0517978530396, -351.0517978530396], 
[1327.8388376219991, 1327.8388376219991, 556.6062744938317, 556.6062744938317, 556.6062744938317, -56.674673148033094, -56.674673148033094, -56.674673148033094, -700.1092149223227, -700.1092149223227, -700.1092149223227, -700.1092149223227, -700.1092149223227, -700.1092149223227, -700.1092149223227, -700.1092149223227, -700.1092149223227, -700.1092149223227, -700.1092149223227, -700.1092149223227], 
[1152.5507092843773, 1152.5507092843773, 1033.1167782302994, -122.79448423196288, -122.79448423196288, -122.79448423196288, -172.277270077053, -172.277270077053, -172.277270077053, -172.277270077053, -172.277270077053, -398.0789288514176, -398.0789288514176, -398.0789288514176, -687.6933149866134, -687.6933149866134, -687.6933149866134, -687.6933149866134, -687.6933149866134, -687.6933149866134], 
[-322.87141243704684, -322.87141243704684, -322.87141243704684, -322.87141243704684, -322.87141243704684, -322.87141243704684, -322.87141243704684, -322.87141243704684, -322.87141243704684, -322.87141243704684, -322.87141243704684, -494.4862379497531, -494.4862379497531, -494.4862379497531, -494.4862379497531, -494.4862379497531, -494.4862379497531, -494.4862379497531, -494.4862379497531, -494.4862379497531], 
[2139.6446461715095, 2139.6446461715095, 2139.6446461715095, 1237.1857100407565, 24.876357215523512, -425.26177542032667, -425.26177542032667, -425.26177542032667, -425.26177542032667, -430.0921041104343, -430.0921041104343, -430.0921041104343, -430.0921041104343, -430.0921041104343, -430.0921041104343, -430.0921041104343, -430.0921041104343, -430.0921041104343, -430.0921041104343, -430.0921041104343], 
[-137.5641848822827, -137.5641848822827, -137.5641848822827, -493.700719747691, -493.700719747691, -493.700719747691, -493.700719747691, -493.700719747691, -493.700719747691, -493.700719747691, -493.700719747691, -493.700719747691, -493.700719747691, -493.700719747691, -493.700719747691, -493.700719747691, -493.700719747691, -493.700719747691, -493.700719747691, -493.700719747691], 
[245.2419523898111, 245.2419523898111, 245.2419523898111, -594.8836184038332, -871.1875429481192, -871.1875429481192, -871.1875429481192, -871.1875429481192, -871.1875429481192, -871.1875429481192, -871.1875429481192, -871.1875429481192, -871.1875429481192, -871.1875429481192, -871.1875429481192, -871.1875429481192, -871.1875429481192, -871.1875429481192, -871.1875429481192, -871.1875429481192], 
[941.8543931859003, 926.3508969629399, 85.40829204653414, 85.40829204653414, -15.716999519546675, -15.716999519546675, -15.716999519546675, -15.716999519546675, -134.3460140780552, -134.3460140780552, -134.3460140780552, -236.40227224961745, -436.0464426134762, -436.0464426134762, -436.0464426134762, -436.0464426134762, -436.0464426134762, -436.0464426134762, -436.0464426134762, -436.0464426134762], 
[899.0810193185769, -429.2875577252462, -429.2875577252462, -429.2875577252462, -922.7597608736293, -922.7597608736293, -922.7597608736293, -922.7597608736293, -922.7597608736293, -922.7597608736293, -922.7597608736293, -922.7597608736293, -922.7597608736293, -922.7597608736293, -922.7597608736293, -922.7597608736293, -922.7597608736293, -922.7597608736293, -922.7597608736293, -922.7597608736293], 
[2555.6941556700103, 692.6448401508626, 430.9714269613339, -361.34294980197444, -361.34294980197444, -361.34294980197444, -602.3647923223643, -602.3647923223643, -629.585735430922, -629.585735430922, -629.585735430922, -629.585735430922, -629.585735430922, -843.142976119668, -843.142976119668, -843.142976119668, -843.142976119668, -843.142976119668, -843.142976119668, -843.142976119668], 
[854.2712918145075, 566.5756976760656, 153.19197736462547, -906.0315489906151, -906.0315489906151, -906.0315489906151, -906.0315489906151, -906.0315489906151, -906.0315489906151, -906.0315489906151, -906.0315489906151, -906.0315489906151, -906.0315489906151, -906.0315489906151, -906.0315489906151, -906.0315489906151, -906.0315489906151, -906.0315489906151, -906.0315489906151, -906.0315489906151], 
[-570.3892696728844, -570.3892696728844, -570.3892696728844, -570.3892696728844, -585.5193782114986, -585.5193782114986, -585.5193782114986, -585.5193782114986, -585.5193782114986, -585.5193782114986, -585.5193782114986, -585.5193782114986, -585.5193782114986, -585.5193782114986, -585.5193782114986, -585.5193782114986, -585.5193782114986, -585.5193782114986, -585.5193782114986, -585.5193782114986], 
[262.368269591615, 262.368269591615, 262.368269591615, 262.368269591615, -177.10750522948206, -177.10750522948206, -177.10750522948206, -785.8137850084865, -785.8137850084865, -785.8137850084865, -787.6063788499365, -787.6063788499365, -787.6063788499365, -787.6063788499365, -787.6063788499365, -787.6063788499365, -787.6063788499365, -787.6063788499365, -787.6063788499365, -787.6063788499365], 
[3359.7744757189375, 1845.6195049337443, -9.795593274696898, -9.795593274696898, -307.4100343759602, -307.4100343759602, -307.4100343759602, -307.4100343759602, -307.4100343759602, -307.4100343759602, -307.4100343759602, -307.4100343759602, -307.4100343759602, -307.4100343759602, -307.4100343759602, -307.4100343759602, -307.4100343759602, -307.4100343759602, -551.7581252331881, -551.7581252331881], 
