[-196.7611900364634, -196.7611900364634, -196.7611900364634, -196.7611900364634, -196.7611900364634, -196.7611900364634, -196.7611900364634, -196.7611900364634, -196.7611900364634, -196.7611900364634, -196.7611900364634, -196.7611900364634, -196.7611900364634, -196.7611900364634, -197.85668091528385, -197.85668091528385, -197.85668091528385, -197.85668091528385, -846.9190473538855, -846.9190473538855], 
[6104.001269357265, 1466.3810208977911, 1466.3810208977911, -300.5574861655201, -300.5574861655201, -300.5574861655201, -300.5574861655201, -300.5574861655201, -300.5574861655201, -467.09004426999036, -467.09004426999036, -467.09004426999036, -467.09004426999036, -467.09004426999036, -467.09004426999036, -467.09004426999036, -467.09004426999036, -467.09004426999036, -467.09004426999036, -467.09004426999036], 
[1511.8926676349165, -815.9513933941828, -815.9513933941828, -815.9513933941828, -815.9513933941828, -815.9513933941828, -815.9513933941828, -815.9513933941828, -815.9513933941828, -815.9513933941828, -815.9513933941828, -815.9513933941828, -815.9513933941828, -815.9513933941828, -815.9513933941828, -815.9513933941828, -815.9513933941828, -815.9513933941828, -815.9513933941828, -815.9513933941828], 
[6203.533411895941, 1419.1534614161242, -188.5608655601443, -188.5608655601443, -249.36710647408495, -263.8374778788317, -263.8374778788317, -263.8374778788317, -263.8374778788317, -263.8374778788317, -263.8374778788317, -329.2478042777643, -329.2478042777643, -329.2478042777643, -329.2478042777643, -329.2478042777643, -550.2763834366891, -778.2722787263983, -778.2722787263983, -778.2722787263983], 
[2866.8071596628433, 496.9681097517448, 496.9681097517448, -164.23079705020382, -164.23079705020382, -164.23079705020382, -164.23079705020382, -464.9084452647272, -464.9084452647272, -464.9084452647272, -464.9084452647272, -464.9084452647272, -464.9084452647272, -464.9084452647272, -464.9084452647272, -464.9084452647272, -464.9084452647272, -464.9084452647272, -464.9084452647272, -464.9084452647272], 
[2119.48795996162, -243.391378989063, -243.391378989063, -243.391378989063, -243.391378989063, -243.391378989063, -243.391378989063, -243.391378989063, -243.391378989063, -243.391378989063, -243.391378989063, -243.391378989063, -243.391378989063, -243.391378989063, -243.391378989063, -243.391378989063, -403.9920172802665, -403.9920172802665, -403.9920172802665, -403.9920172802665], 
[628.7588812654128, 86.57195794589757, 86.57195794589757, -119.71925468248003, -119.71925468248003, -119.71925468248003, -119.71925468248003, -311.0845212539506, -311.0845212539506, -311.0845212539506, -311.0845212539506, -311.0845212539506, -311.0845212539506, -311.0845212539506, -311.0845212539506, -311.0845212539506, -311.0845212539506, -311.0845212539506, -311.0845212539506, -415.9608226335997], 
[-261.8575576324122, -261.8575576324122, -261.8575576324122, -261.8575576324122, -261.8575576324122, -261.8575576324122, -261.8575576324122, -261.8575576324122, -261.8575576324122, -261.8575576324122, -261.8575576324122, -261.8575576324122, -350.41284274293014, -350.41284274293014, -350.41284274293014, -350.41284274293014, -350.41284274293014, -350.41284274293014, -350.41284274293014, -350.41284274293014], 
[1748.3649255049418, 1748.3649255049418, 1748.3649255049418, 1748.3649255049418, -100.1190689334303, -100.1190689334303, -100.1190689334303, -100.1190689334303, -100.1190689334303, -100.1190689334303, -194.19265889922644, -682.7291647436742, -682.7291647436742, -682.7291647436742, -682.7291647436742, -682.7291647436742, -682.7291647436742, -682.7291647436742, -682.7291647436742, -682.7291647436742], 
[920.8703183929456, 920.8703183929456, 738.2729790653816, -371.27073783695914, -371.27073783695914, -371.27073783695914, -371.27073783695914, -885.2340610617221, -885.2340610617221, -885.2340610617221, -885.2340610617221, -885.2340610617221, -885.2340610617221, -885.2340610617221, -885.2340610617221, -885.2340610617221, -885.2340610617221, -885.2340610617221, -885.2340610617221, -885.2340610617221], 
[339.2308141333733, 339.2308141333733, -587.4832134541203, -587.4832134541203, -587.4832134541203, -587.4832134541203, -587.4832134541203, -587.4832134541203, -600.5568842389403, -600.5568842389403, -600.5568842389403, -600.5568842389403, -600.5568842389403, -600.5568842389403, -600.5568842389403, -600.5568842389403, -600.5568842389403, -600.5568842389403, -600.5568842389403, -600.5568842389403], 
[-439.09897737821075, -439.09897737821075, -439.09897737821075, -894.095983252427, -894.095983252427, -894.095983252427, -894.095983252427, -894.095983252427, -894.095983252427, -894.095983252427, -894.095983252427, -894.095983252427, -894.095983252427, -894.095983252427, -894.095983252427, -894.095983252427, -894.095983252427, -894.095983252427, -894.095983252427, -894.095983252427], 
[1121.6574485265483, 1108.9672985727675, 342.89838912761206, 130.0532872596441, 130.0532872596441, 0.5483323511678009, 0.5483323511678009, 0.5483323511678009, 0.5483323511678009, 0.5483323511678009, -271.26161829351815, -271.26161829351815, -271.26161829351815, -271.26161829351815, -616.6891116930628, -616.6891116930628, -616.6891116930628, -616.6891116930628, -616.6891116930628, -616.6891116930628], 
[128.54157030455121, 128.54157030455121, 128.54157030455121, 128.54157030455121, 128.54157030455121, 128.54157030455121, 128.54157030455121, -140.36233312361708, -140.36233312361708, -140.36233312361708, -140.36233312361708, -140.36233312361708, -140.36233312361708, -140.36233312361708, -140.36233312361708, -223.04817593603855, -223.04817593603855, -223.04817593603855, -223.04817593603855, -223.04817593603855], 
[-643.0020752841793, -838.0183780494037, -838.0183780494037, -838.0183780494037, -838.0183780494037, -838.0183780494037, -838.0183780494037, -838.0183780494037, -838.0183780494037, -838.0183780494037, -838.0183780494037, -838.0183780494037, -838.0183780494037, -838.0183780494037, -838.0183780494037, -838.0183780494037, -838.0183780494037, -838.0183780494037, -838.0183780494037, -838.0183780494037], 
[167.03923856157508, -246.12454718748847, -246.12454718748847, -246.12454718748847, -246.12454718748847, -246.12454718748847, -561.027801224931, -561.027801224931, -561.027801224931, -561.027801224931, -561.027801224931, -561.027801224931, -561.027801224931, -561.027801224931, -561.027801224931, -563.2204528922388, -563.2204528922388, -563.2204528922388, -563.2204528922388, -563.2204528922388], 
[-363.42130865491345, -363.42130865491345, -573.7703846956376, -573.7703846956376, -573.7703846956376, -573.7703846956376, -573.7703846956376, -815.7487392386009, -815.7487392386009, -815.7487392386009, -815.7487392386009, -815.7487392386009, -815.7487392386009, -815.7487392386009, -815.7487392386009, -815.7487392386009, -815.7487392386009, -815.7487392386009, -815.7487392386009, -815.7487392386009], 
[118.68509063152146, 118.68509063152146, 118.68509063152146, 118.68509063152146, 118.68509063152146, 118.68509063152146, 118.68509063152146, 118.68509063152146, -251.1081007243514, -251.1081007243514, -251.1081007243514, -251.1081007243514, -251.1081007243514, -348.63385552404304, -348.63385552404304, -348.63385552404304, -348.63385552404304, -468.1944977981934, -468.1944977981934, -468.1944977981934], 
[-583.7594844894747, -583.7594844894747, -583.7594844894747, -583.7594844894747, -583.7594844894747, -583.7594844894747, -583.7594844894747, -583.7594844894747, -583.7594844894747, -583.7594844894747, -583.7594844894747, -583.7594844894747, -807.3613445919418, -807.3613445919418, -807.3613445919418, -807.3613445919418, -807.3613445919418, -807.3613445919418, -807.3613445919418, -807.3613445919418], 
[-18.615240957064657, -18.615240957064657, -275.17206132617787, -536.5430089713573, -536.5430089713573, -536.5430089713573, -536.5430089713573, -536.5430089713573, -536.5430089713573, -747.6870970089012, -747.6870970089012, -747.6870970089012, -747.6870970089012, -747.6870970089012, -747.6870970089012, -747.6870970089012, -747.6870970089012, -747.6870970089012, -747.6870970089012, -747.6870970089012], 
[310.4141105058893, -537.0740474929754, -537.0740474929754, -537.0740474929754, -537.0740474929754, -537.0740474929754, -781.586655989686, -781.586655989686, -781.586655989686, -781.586655989686, -781.586655989686, -781.586655989686, -781.586655989686, -781.586655989686, -781.586655989686, -781.586655989686, -781.586655989686, -781.586655989686, -781.586655989686, -781.586655989686], 
[755.9091590030753, 755.9091590030753, 755.9091590030753, 755.9091590030753, 755.9091590030753, 289.0916705885804, -528.6870303408386, -528.6870303408386, -598.7485876588569, -598.7485876588569, -598.7485876588569, -598.7485876588569, -598.7485876588569, -598.7485876588569, -598.7485876588569, -598.7485876588569, -598.7485876588569, -598.7485876588569, -598.7485876588569, -598.7485876588569], 
[1126.0929183377407, -57.52679892356127, -57.52679892356127, -258.9142901742323, -258.9142901742323, -258.9142901742323, -537.3069019453092, -537.3069019453092, -537.3069019453092, -537.3069019453092, -537.3069019453092, -537.3069019453092, -537.3069019453092, -537.3069019453092, -583.8826140707251, -583.8826140707251, -583.8826140707251, -583.8826140707251, -583.8826140707251, -619.5966154411071], 
[-595.8795030900707, -851.0121260317543, -851.0121260317543, -851.0121260317543, -851.0121260317543, -851.0121260317543, -851.0121260317543, -851.0121260317543, -851.0121260317543, -851.0121260317543, -851.0121260317543, -851.0121260317543, -851.0121260317543, -851.0121260317543, -851.0121260317543, -851.0121260317543, -851.0121260317543, -851.0121260317543, -851.0121260317543, -851.0121260317543], 
[846.1305867301821, -196.89997199915683, -196.89997199915683, -196.89997199915683, -196.89997199915683, -196.89997199915683, -196.89997199915683, -601.9142816941987, -601.9142816941987, -601.9142816941987, -807.0563655546882, -807.0563655546882, -807.0563655546882, -807.0563655546882, -807.0563655546882, -807.0563655546882, -807.0563655546882, -807.0563655546882, -807.0563655546882, -807.0563655546882], 
[1702.1475172214073, -351.6537638164284, -351.6537638164284, -351.6537638164284, -351.6537638164284, -351.6537638164284, -351.6537638164284, -351.6537638164284, -351.6537638164284, -522.4182406149916, -522.4182406149916, -522.4182406149916, -522.4182406149916, -522.4182406149916, -522.4182406149916, -522.4182406149916, -522.4182406149916, -522.4182406149916, -522.4182406149916, -522.4182406149916], 
[30.456244501746824, 30.456244501746824, 30.456244501746824, 30.456244501746824, 30.456244501746824, -783.2142212510478, -783.2142212510478, -783.2142212510478, -783.2142212510478, -783.2142212510478, -783.2142212510478, -783.2142212510478, -783.2142212510478, -783.2142212510478, -783.2142212510478, -783.2142212510478, -783.2142212510478, -783.2142212510478, -783.2142212510478, -783.2142212510478], 
[6788.82616175617, 907.4667987888511, 907.4667987888511, 700.9993834205413, 700.9993834205413, -55.7826287052103, -55.7826287052103, -55.7826287052103, -55.7826287052103, -55.7826287052103, -169.2786491426541, -169.2786491426541, -228.2520357774481, -228.2520357774481, -228.2520357774481, -228.2520357774481, -228.2520357774481, -228.2520357774481, -500.5674520232062, -500.5674520232062], 
[890.2296355652509, 890.2296355652509, -163.17713323185012, -163.17713323185012, -163.17713323185012, -163.17713323185012, -163.17713323185012, -163.17713323185012, -163.17713323185012, -729.2098492219644, -729.2098492219644, -729.2098492219644, -729.2098492219644, -729.2098492219644, -729.2098492219644, -729.2098492219644, -729.2098492219644, -729.2098492219644, -729.2098492219644, -729.2098492219644], 
[867.7680938670194, -37.505009691226746, -37.505009691226746, -138.57745770713143, -138.57745770713143, -138.57745770713143, -138.57745770713143, -138.57745770713143, -138.57745770713143, -827.0400174828301, -827.0400174828301, -827.0400174828301, -827.0400174828301, -827.0400174828301, -827.0400174828301, -827.0400174828301, -827.0400174828301, -827.0400174828301, -827.0400174828301, -827.0400174828301], 
