[-817.3790820601914, -817.3790820601914, -817.3790820601914, -817.3790820601914, -817.3790820601914, -817.3790820601914, -817.3790820601914, -817.3790820601914, -817.3790820601914, -817.3790820601914, -817.3790820601914, -817.3790820601914, -817.3790820601914, -817.3790820601914, -817.3790820601914, -817.3790820601914, -817.3790820601914, -817.3790820601914, -817.3790820601914, -817.3790820601914], 
[1853.1487693296558, 419.30808560639935, 419.30808560639935, -356.0420619018263, -356.0420619018263, -598.3973300434103, -598.3973300434103, -598.3973300434103, -598.3973300434103, -598.3973300434103, -598.3973300434103, -598.3973300434103, -598.3973300434103, -598.3973300434103, -598.3973300434103, -598.3973300434103, -598.3973300434103, -598.3973300434103, -598.3973300434103, -598.3973300434103], 
[378.80042169909984, 269.52456419754617, -429.29570239897237, -429.29570239897237, -429.29570239897237, -429.29570239897237, -429.29570239897237, -754.4659420280096, -754.4659420280096, -754.4659420280096, -754.4659420280096, -754.4659420280096, -754.4659420280096, -754.4659420280096, -754.4659420280096, -754.4659420280096, -754.4659420280096, -754.4659420280096, -754.4659420280096, -754.4659420280096], 
[421.9694626945286, 421.9694626945286, 421.9694626945286, 421.9694626945286, 354.41223637835014, 354.41223637835014, 161.2030582447387, 161.2030582447387, 161.2030582447387, -183.06668681503595, -183.06668681503595, -383.74395806032226, -383.74395806032226, -661.6453801606207, -661.6453801606207, -661.6453801606207, -661.6453801606207, -661.6453801606207, -661.6453801606207, -661.6453801606207], 
[2002.3707712482592, -278.1269965028664, -278.1269965028664, -278.1269965028664, -278.1269965028664, -278.1269965028664, -278.1269965028664, -278.1269965028664, -278.1269965028664, -278.1269965028664, -278.1269965028664, -278.1269965028664, -278.1269965028664, -627.0961913438445, -627.0961913438445, -627.0961913438445, -627.0961913438445, -627.0961913438445, -627.0961913438445, -627.0961913438445], 
[383.4170919987016, 383.4170919987016, 187.73820439731935, -672.8994113854467, -672.8994113854467, -672.8994113854467, -672.8994113854467, -672.8994113854467, -672.8994113854467, -672.8994113854467, -672.8994113854467, -672.8994113854467, -672.8994113854467, -672.8994113854467, -672.8994113854467, -672.8994113854467, -672.8994113854467, -672.8994113854467, -853.7531623987437, -853.7531623987437], 
[-289.16928444214443, -289.16928444214443, -289.16928444214443, -289.16928444214443, -289.16928444214443, -289.16928444214443, -289.16928444214443, -289.16928444214443, -289.16928444214443, -289.16928444214443, -323.55441489709006, -323.55441489709006, -323.55441489709006, -323.55441489709006, -323.55441489709006, -323.55441489709006, -323.55441489709006, -589.4896126461733, -643.483593738926, -643.483593738926], 
[-701.6912557452489, -701.6912557452489, -701.6912557452489, -701.6912557452489, -701.6912557452489, -701.6912557452489, -701.6912557452489, -701.6912557452489, -701.6912557452489, -701.6912557452489, -701.6912557452489, -701.6912557452489, -701.6912557452489, -701.6912557452489, -701.6912557452489, -701.6912557452489, -701.6912557452489, -792.9846459851648, -792.9846459851648, -792.9846459851648], 
[-825.0574975793661, -825.0574975793661, -825.0574975793661, -825.0574975793661, -825.0574975793661, -825.0574975793661, -825.0574975793661, -825.0574975793661, -825.0574975793661, -825.0574975793661, -825.0574975793661, -825.0574975793661, -825.0574975793661, -825.0574975793661, -825.0574975793661, -825.0574975793661, -825.0574975793661, -825.0574975793661, -825.0574975793661, -825.0574975793661], 
[3345.4711708652903, 721.8952080928334, 721.8952080928334, 513.7576100765345, 225.05626687871677, 57.5082332835882, 57.5082332835882, 57.5082332835882, 57.5082332835882, 57.5082332835882, 17.492306640216157, -576.7744304661762, -576.7744304661762, -576.7744304661762, -576.7744304661762, -576.7744304661762, -576.7744304661762, -576.7744304661762, -576.7744304661762, -576.7744304661762], 
[-596.4330130236062, -596.4330130236062, -596.4330130236062, -596.4330130236062, -596.4330130236062, -596.4330130236062, -596.4330130236062, -596.4330130236062, -596.4330130236062, -596.4330130236062, -596.4330130236062, -596.4330130236062, -596.4330130236062, -596.4330130236062, -717.0270256505254, -717.0270256505254, -717.0270256505254, -717.0270256505254, -717.0270256505254, -717.0270256505254], 
[2326.1876857750526, 1078.080737717572, -836.1166899143217, -836.1166899143217, -836.1166899143217, -836.1166899143217, -836.1166899143217, -836.1166899143217, -836.1166899143217, -836.1166899143217, -836.1166899143217, -836.1166899143217, -836.1166899143217, -836.1166899143217, -836.1166899143217, -836.1166899143217, -836.1166899143217, -836.1166899143217, -836.1166899143217, -836.1166899143217], 
[1428.9299871185835, 1428.9299871185835, 742.2297071430262, 663.3448102353452, 5.488582886996369, 5.488582886996369, 5.488582886996369, -922.0805364775756, -922.0805364775756, -922.0805364775756, -922.0805364775756, -922.0805364775756, -922.0805364775756, -922.0805364775756, -922.0805364775756, -922.0805364775756, -922.0805364775756, -922.0805364775756, -922.0805364775756, -922.0805364775756], 
[277.21467902037625, 277.21467902037625, 6.364877640138502, 6.364877640138502, -502.7959750552533, -502.7959750552533, -784.2984623520217, -784.2984623520217, -784.2984623520217, -784.2984623520217, -784.2984623520217, -784.2984623520217, -784.2984623520217, -784.2984623520217, -784.2984623520217, -784.2984623520217, -784.2984623520217, -784.2984623520217, -784.2984623520217, -784.2984623520217], 
[3128.3346240214687, 2610.931165263876, -901.23431501578, -901.23431501578, -901.23431501578, -901.23431501578, -901.23431501578, -901.23431501578, -901.23431501578, -901.23431501578, -901.23431501578, -901.23431501578, -901.23431501578, -901.23431501578, -901.23431501578, -901.23431501578, -901.23431501578, -901.23431501578, -929.1039933831954, -929.1039933831954], 
[2364.2706116866893, -305.2161614158405, -453.74718426756647, -453.74718426756647, -453.74718426756647, -453.74718426756647, -453.74718426756647, -453.74718426756647, -453.74718426756647, -453.74718426756647, -453.74718426756647, -453.74718426756647, -453.74718426756647, -467.88294415138705, -467.88294415138705, -467.88294415138705, -467.88294415138705, -467.88294415138705, -467.88294415138705, -467.88294415138705], 
[789.031138405481, 789.031138405481, -173.1034825211708, -493.32441821439255, -493.32441821439255, -842.134846293581, -842.134846293581, -842.134846293581, -842.134846293581, -842.134846293581, -842.134846293581, -842.134846293581, -842.134846293581, -842.134846293581, -842.134846293581, -842.134846293581, -842.134846293581, -842.134846293581, -842.134846293581, -842.134846293581], 
[-3.6038351302960336, -3.6038351302960336, -3.6038351302960336, -766.6164940702113, -766.6164940702113, -766.6164940702113, -766.6164940702113, -766.6164940702113, -766.6164940702113, -766.6164940702113, -766.6164940702113, -766.6164940702113, -766.6164940702113, -766.6164940702113, -766.6164940702113, -766.6164940702113, -766.6164940702113, -766.6164940702113, -766.6164940702113, -766.6164940702113], 
[2143.9025990946566, 1102.8273894240924, 53.793134684204006, 53.793134684204006, 53.793134684204006, 53.793134684204006, -104.67898571754824, -104.67898571754824, -104.67898571754824, -104.67898571754824, -104.67898571754824, -104.67898571754824, -104.67898571754824, -422.14825824218303, -422.14825824218303, -422.14825824218303, -422.14825824218303, -559.1113754420941, -559.1113754420941, -559.1113754420941], 
[555.3205714894511, 204.1469688965558, 204.1469688965558, -520.6839473258647, -785.2571322016571, -785.2571322016571, -785.2571322016571, -785.2571322016571, -785.2571322016571, -785.2571322016571, -785.2571322016571, -785.2571322016571, -785.2571322016571, -785.2571322016571, -785.2571322016571, -785.2571322016571, -785.2571322016571, -785.2571322016571, -785.2571322016571, -785.2571322016571], 
[2204.319328246121, 2204.319328246121, 1564.0907381969814, 398.3229724758412, -91.52917305018741, -654.7655415148644, -654.7655415148644, -654.7655415148644, -654.7655415148644, -654.7655415148644, -654.7655415148644, -654.7655415148644, -654.7655415148644, -654.7655415148644, -654.7655415148644, -654.7655415148644, -654.7655415148644, -654.7655415148644, -654.7655415148644, -654.7655415148644], 
[994.3688526220601, 994.3688526220601, 994.3688526220601, 994.3688526220601, 994.3688526220601, 937.2445820320927, 605.8113913626105, 605.8113913626105, -522.3886270555042, -522.3886270555042, -522.3886270555042, -522.3886270555042, -522.3886270555042, -522.3886270555042, -522.3886270555042, -522.3886270555042, -767.4818660493962, -767.4818660493962, -767.4818660493962, -767.4818660493962], 
[990.5170030597012, 711.756939866797, -558.4632882399962, -558.4632882399962, -558.4632882399962, -558.4632882399962, -558.4632882399962, -558.4632882399962, -558.4632882399962, -558.4632882399962, -558.4632882399962, -558.4632882399962, -558.4632882399962, -558.4632882399962, -558.4632882399962, -558.4632882399962, -558.4632882399962, -558.4632882399962, -558.4632882399962, -558.4632882399962], 
[3081.666032446641, 2054.1558376297876, 2054.1558376297876, 397.0143095377473, -125.23089092278872, -125.23089092278872, -934.8196409218629, -934.8196409218629, -934.8196409218629, -934.8196409218629, -934.8196409218629, -934.8196409218629, -934.8196409218629, -934.8196409218629, -934.8196409218629, -934.8196409218629, -934.8196409218629, -934.8196409218629, -934.8196409218629, -934.8196409218629], 
[1440.6310549792793, 1440.6310549792793, 1440.6310549792793, 1440.6310549792793, -572.1032000743892, -572.1032000743892, -572.1032000743892, -980.0402440345682, -980.0402440345682, -980.0402440345682, -980.0402440345682, -980.0402440345682, -980.0402440345682, -980.0402440345682, -980.0402440345682, -980.0402440345682, -980.0402440345682, -980.0402440345682, -980.0402440345682, -980.0402440345682], 
[4458.268000781532, 833.6745315809951, -199.5898483061793, -199.5898483061793, -199.5898483061793, -199.5898483061793, -199.5898483061793, -199.5898483061793, -199.5898483061793, -532.2700205545223, -532.2700205545223, -532.2700205545223, -532.2700205545223, -532.2700205545223, -532.2700205545223, -532.2700205545223, -532.2700205545223, -532.2700205545223, -532.2700205545223, -532.2700205545223], 
[4637.3629341007045, 514.8723495356783, 514.8723495356783, 514.8723495356783, 514.8723495356783, 514.8723495356783, 514.8723495356783, 514.8723495356783, 514.8723495356783, 514.8723495356783, 514.8723495356783, -196.55163904768733, -196.55163904768733, -196.55163904768733, -196.55163904768733, -196.55163904768733, -196.55163904768733, -633.3705498533056, -633.3705498533056, -633.3705498533056], 
[-188.79542610353894, -188.79542610353894, -188.79542610353894, -543.6285171502064, -543.6285171502064, -543.6285171502064, -543.6285171502064, -543.6285171502064, -543.6285171502064, -543.6285171502064, -543.6285171502064, -543.6285171502064, -543.6285171502064, -543.6285171502064, -543.6285171502064, -543.6285171502064, -543.6285171502064, -543.6285171502064, -543.6285171502064, -543.6285171502064], 
[1353.0152751198434, 1353.0152751198434, 1353.0152751198434, 1353.0152751198434, -202.829513989014, -202.829513989014, -202.829513989014, -202.829513989014, -202.829513989014, -208.59811910100711, -208.59811910100711, -208.59811910100711, -208.59811910100711, -208.59811910100711, -208.59811910100711, -437.11960475465844, -941.3352010336883, -941.3352010336883, -941.3352010336883, -941.3352010336883], 
[2761.8240831826306, 1605.0483344172394, 1289.189604702171, 952.9296142212825, 97.03665802098044, -835.419031103354, -835.419031103354, -835.419031103354, -835.419031103354, -835.419031103354, -835.419031103354, -835.419031103354, -835.419031103354, -835.419031103354, -835.419031103354, -835.419031103354, -835.419031103354, -835.419031103354, -835.419031103354, -835.419031103354], 
