[1740.352621104285, 9.000770181076746, 9.000770181076746, 9.000770181076746, 9.000770181076746, 9.000770181076746, 9.000770181076746, -139.986387423598, -139.986387423598, -139.986387423598, -139.986387423598, -139.986387423598, -255.0501398760481, -255.0501398760481, -255.0501398760481, -255.0501398760481, -255.0501398760481, -255.0501398760481, -255.0501398760481, -255.0501398760481], 
[-779.5030044493836, -779.5030044493836, -779.5030044493836, -779.5030044493836, -779.5030044493836, -779.5030044493836, -779.5030044493836, -779.5030044493836, -779.5030044493836, -779.5030044493836, -779.5030044493836, -779.5030044493836, -779.5030044493836, -779.5030044493836, -779.5030044493836, -779.5030044493836, -779.5030044493836, -779.5030044493836, -779.5030044493836, -779.5030044493836], 
[2561.3788652597227, 2561.3788652597227, 1012.7607766524502, 251.3704359712999, -671.7316282873985, -671.7316282873985, -671.7316282873985, -671.7316282873985, -671.7316282873985, -671.7316282873985, -671.7316282873985, -671.7316282873985, -671.7316282873985, -671.7316282873985, -671.7316282873985, -671.7316282873985, -671.7316282873985, -671.7316282873985, -671.7316282873985, -671.7316282873985], 
[3323.8901720461545, 3323.8901720461545, -200.8210619101592, -200.8210619101592, -200.8210619101592, -317.34524083066776, -317.34524083066776, -317.34524083066776, -317.34524083066776, -317.34524083066776, -317.34524083066776, -317.34524083066776, -317.34524083066776, -317.34524083066776, -317.34524083066776, -401.20593231786256, -401.20593231786256, -401.20593231786256, -401.20593231786256, -401.20593231786256], 
[-522.4892096576567, -522.4892096576567, -522.4892096576567, -522.4892096576567, -522.4892096576567, -522.4892096576567, -615.4986904411678, -615.4986904411678, -615.4986904411678, -615.4986904411678, -615.4986904411678, -615.4986904411678, -615.4986904411678, -615.4986904411678, -615.4986904411678, -615.4986904411678, -615.4986904411678, -615.4986904411678, -615.4986904411678, -615.4986904411678], 
[698.7242329715109, -332.707082017418, -332.707082017418, -332.707082017418, -436.83202900658966, -436.83202900658966, -666.2456245930825, -666.2456245930825, -666.2456245930825, -666.2456245930825, -666.2456245930825, -666.2456245930825, -666.2456245930825, -666.2456245930825, -666.2456245930825, -666.2456245930825, -666.2456245930825, -666.2456245930825, -666.2456245930825, -666.2456245930825], 
[737.8370435151269, -738.8722833671328, -738.8722833671328, -738.8722833671328, -738.8722833671328, -738.8722833671328, -738.8722833671328, -738.8722833671328, -738.8722833671328, -738.8722833671328, -738.8722833671328, -738.8722833671328, -738.8722833671328, -738.8722833671328, -738.8722833671328, -738.8722833671328, -738.8722833671328, -738.8722833671328, -738.8722833671328, -738.8722833671328], 
[-356.78833018118814, -356.78833018118814, -356.78833018118814, -356.78833018118814, -356.78833018118814, -691.9722994842441, -691.9722994842441, -691.9722994842441, -691.9722994842441, -691.9722994842441, -691.9722994842441, -691.9722994842441, -691.9722994842441, -691.9722994842441, -691.9722994842441, -691.9722994842441, -691.9722994842441, -691.9722994842441, -691.9722994842441, -691.9722994842441], 
[-21.126354132526558, -21.126354132526558, -21.126354132526558, -21.126354132526558, -21.126354132526558, -576.2734024118565, -576.2734024118565, -576.2734024118565, -801.6869412181409, -801.6869412181409, -801.6869412181409, -801.6869412181409, -801.6869412181409, -801.6869412181409, -801.6869412181409, -801.6869412181409, -801.6869412181409, -801.6869412181409, -801.6869412181409, -801.6869412181409], 
[2091.462459601578, -451.16768602303716, -451.16768602303716, -451.16768602303716, -451.16768602303716, -451.16768602303716, -451.16768602303716, -451.16768602303716, -611.4083149896467, -611.4083149896467, -611.4083149896467, -611.4083149896467, -611.4083149896467, -611.4083149896467, -611.4083149896467, -611.4083149896467, -611.4083149896467, -611.4083149896467, -611.4083149896467, -611.4083149896467], 
[-444.7680543166672, -444.7680543166672, -444.7680543166672, -828.8986527238808, -828.8986527238808, -828.8986527238808, -828.8986527238808, -828.8986527238808, -828.8986527238808, -828.8986527238808, -828.8986527238808, -828.8986527238808, -828.8986527238808, -828.8986527238808, -828.8986527238808, -828.8986527238808, -828.8986527238808, -828.8986527238808, -828.8986527238808, -828.8986527238808], 
[1272.708680888376, -5.133281042144404, -5.133281042144404, -5.133281042144404, -337.44403373423347, -337.44403373423347, -337.44403373423347, -337.44403373423347, -337.44403373423347, -337.44403373423347, -337.44403373423347, -337.44403373423347, -337.44403373423347, -337.44403373423347, -337.44403373423347, -670.35992274361, -670.35992274361, -670.35992274361, -670.35992274361, -776.3998249996157], 
[147.21936220118914, 85.78272018584425, -315.86752368574946, -315.86752368574946, -315.86752368574946, -315.86752368574946, -315.86752368574946, -315.86752368574946, -491.3299912395409, -491.3299912395409, -491.3299912395409, -491.3299912395409, -491.3299912395409, -491.3299912395409, -491.3299912395409, -589.4463304143794, -589.4463304143794, -589.4463304143794, -648.8298089581674, -648.8298089581674], 
[402.53125569207964, 402.53125569207964, 402.53125569207964, 402.53125569207964, 402.53125569207964, -394.4475148044859, -394.4475148044859, -543.8561294887953, -543.8561294887953, -543.8561294887953, -543.8561294887953, -543.8561294887953, -900.4527900443165, -900.4527900443165, -900.4527900443165, -900.4527900443165, -900.4527900443165, -900.4527900443165, -900.4527900443165, -900.4527900443165], 
[493.5132260526825, -99.09926546718134, -291.65620271362286, -291.65620271362286, -291.65620271362286, -291.65620271362286, -291.65620271362286, -291.65620271362286, -791.7977582992629, -791.7977582992629, -791.7977582992629, -791.7977582992629, -791.7977582992629, -791.7977582992629, -791.7977582992629, -791.7977582992629, -791.7977582992629, -791.7977582992629, -791.7977582992629, -791.7977582992629], 
[1138.0174787167898, 1138.0174787167898, -409.27881647955473, -409.27881647955473, -409.27881647955473, -409.27881647955473, -409.27881647955473, -409.27881647955473, -409.27881647955473, -671.552544091764, -671.552544091764, -729.5296704478399, -729.5296704478399, -729.5296704478399, -729.5296704478399, -729.5296704478399, -729.5296704478399, -729.5296704478399, -729.5296704478399, -729.5296704478399], 
[512.6254260722642, 512.6254260722642, 512.6254260722642, 512.6254260722642, 420.665617985768, -638.968657197662, -638.968657197662, -638.968657197662, -638.968657197662, -638.968657197662, -638.968657197662, -638.968657197662, -638.968657197662, -638.968657197662, -638.968657197662, -638.968657197662, -638.968657197662, -638.968657197662, -638.968657197662, -638.968657197662], 
[361.26771444842257, 361.26771444842257, 361.26771444842257, 297.6379746034452, -695.7607781248748, -695.7607781248748, -695.7607781248748, -695.7607781248748, -695.7607781248748, -790.5672586427679, -790.5672586427679, -790.5672586427679, -790.5672586427679, -790.5672586427679, -790.5672586427679, -790.5672586427679, -790.5672586427679, -790.5672586427679, -790.5672586427679, -790.5672586427679], 
[2487.811933372084, 2487.811933372084, -785.6718664497312, -785.6718664497312, -785.6718664497312, -785.6718664497312, -785.6718664497312, -785.6718664497312, -785.6718664497312, -785.6718664497312, -785.6718664497312, -785.6718664497312, -785.6718664497312, -785.6718664497312, -785.6718664497312, -785.6718664497312, -785.6718664497312, -785.6718664497312, -785.6718664497312, -785.6718664497312], 
[739.9785738236872, -246.19381216844363, -246.19381216844363, -246.19381216844363, -246.19381216844363, -246.19381216844363, -246.19381216844363, -246.19381216844363, -246.19381216844363, -246.19381216844363, -246.19381216844363, -246.19381216844363, -246.19381216844363, -246.19381216844363, -246.19381216844363, -246.19381216844363, -246.19381216844363, -745.8119827256032, -745.8119827256032, -745.8119827256032], 
[370.15374939346157, -249.69413478814465, -249.69413478814465, -780.7859644454286, -780.7859644454286, -780.7859644454286, -780.7859644454286, -780.7859644454286, -780.7859644454286, -780.7859644454286, -780.7859644454286, -780.7859644454286, -780.7859644454286, -780.7859644454286, -780.7859644454286, -780.7859644454286, -780.7859644454286, -780.7859644454286, -780.7859644454286, -780.7859644454286], 
[-673.4186687555164, -673.4186687555164, -673.4186687555164, -673.4186687555164, -673.4186687555164, -673.4186687555164, -673.4186687555164, -673.4186687555164, -673.4186687555164, -673.4186687555164, -673.4186687555164, -673.4186687555164, -673.4186687555164, -728.2536489396286, -728.2536489396286, -728.2536489396286, -728.2536489396286, -728.2536489396286, -728.2536489396286, -728.2536489396286], 
[135.02123360012183, 135.02123360012183, 135.02123360012183, -185.57207820856922, -185.57207820856922, -185.57207820856922, -273.05608297934, -273.05608297934, -273.05608297934, -273.05608297934, -273.05608297934, -379.2376206877709, -379.2376206877709, -595.9633981218375, -595.9633981218375, -595.9633981218375, -595.9633981218375, -595.9633981218375, -595.9633981218375, -595.9633981218375], 
[-328.03005263558487, -328.03005263558487, -328.03005263558487, -328.03005263558487, -328.03005263558487, -328.03005263558487, -328.03005263558487, -328.03005263558487, -328.03005263558487, -328.03005263558487, -346.96122496441785, -346.96122496441785, -346.96122496441785, -346.96122496441785, -346.96122496441785, -346.96122496441785, -346.96122496441785, -346.96122496441785, -346.96122496441785, -346.96122496441785], 
[184.38886936200652, 184.38886936200652, -376.7509286993097, -455.40811183306425, -455.40811183306425, -455.40811183306425, -455.40811183306425, -455.40811183306425, -455.40811183306425, -455.40811183306425, -455.40811183306425, -588.3246961792693, -588.3246961792693, -588.3246961792693, -588.3246961792693, -588.3246961792693, -588.3246961792693, -588.3246961792693, -588.3246961792693, -588.3246961792693], 
[3010.6534875815746, 407.80869129179314, 407.80869129179314, 407.80869129179314, 407.80869129179314, 407.80869129179314, 407.80869129179314, 407.80869129179314, -435.32333251652074, -435.32333251652074, -435.32333251652074, -565.2940961073814, -565.2940961073814, -565.2940961073814, -565.2940961073814, -565.2940961073814, -565.2940961073814, -565.2940961073814, -565.2940961073814, -565.2940961073814], 
[-444.07167911462216, -444.07167911462216, -444.07167911462216, -444.07167911462216, -444.07167911462216, -444.07167911462216, -444.07167911462216, -444.07167911462216, -444.07167911462216, -444.07167911462216, -444.07167911462216, -444.07167911462216, -444.07167911462216, -660.7451900385172, -660.7451900385172, -660.7451900385172, -660.7451900385172, -660.7451900385172, -660.7451900385172, -660.7451900385172], 
[547.2137176554206, -368.46639069147693, -368.46639069147693, -368.46639069147693, -368.46639069147693, -368.46639069147693, -368.46639069147693, -368.46639069147693, -368.46639069147693, -368.46639069147693, -431.3163960667357, -431.3163960667357, -431.3163960667357, -431.3163960667357, -431.3163960667357, -431.3163960667357, -431.3163960667357, -431.3163960667357, -460.75016584738194, -460.75016584738194], 
[2963.4628056019683, 587.3030520772579, 587.3030520772579, 587.3030520772579, -504.776865439454, -504.776865439454, -504.776865439454, -504.776865439454, -724.7356336092732, -724.7356336092732, -724.7356336092732, -724.7356336092732, -724.7356336092732, -724.7356336092732, -724.7356336092732, -724.7356336092732, -724.7356336092732, -724.7356336092732, -724.7356336092732, -724.7356336092732], 
[1315.4601249861548, 474.22487677538334, 474.22487677538334, 474.22487677538334, -66.1804698977561, -401.0154059954126, -580.2066048587578, -580.2066048587578, -580.2066048587578, -580.2066048587578, -580.2066048587578, -580.2066048587578, -580.2066048587578, -580.2066048587578, -580.2066048587578, -580.2066048587578, -580.2066048587578, -580.2066048587578, -580.2066048587578, -580.2066048587578], 
