[1280.526907736024, -408.2710530000579, -408.2710530000579, -698.6216594547159, -698.6216594547159, -698.6216594547159, -698.6216594547159, -698.6216594547159, -698.6216594547159, -698.6216594547159, -698.6216594547159, -698.6216594547159, -698.6216594547159, -698.6216594547159, -698.6216594547159, -698.6216594547159, -698.6216594547159, -698.6216594547159, -698.6216594547159, -698.6216594547159], 
[898.8711577775753, 898.8711577775753, 898.8711577775753, -512.9702451006815, -512.9702451006815, -512.9702451006815, -512.9702451006815, -512.9702451006815, -512.9702451006815, -512.9702451006815, -512.9702451006815, -512.9702451006815, -512.9702451006815, -512.9702451006815, -512.9702451006815, -512.9702451006815, -512.9702451006815, -512.9702451006815, -512.9702451006815, -512.9702451006815], 
[725.2318140253992, -337.6121046678734, -337.6121046678734, -337.6121046678734, -337.6121046678734, -337.6121046678734, -337.6121046678734, -337.6121046678734, -413.9027732474982, -413.9027732474982, -413.9027732474982, -824.5278659317751, -824.5278659317751, -824.5278659317751, -824.5278659317751, -824.5278659317751, -824.5278659317751, -824.5278659317751, -824.5278659317751, -824.5278659317751], 
[438.88945207895017, 438.88945207895017, 31.68557756088012, -198.75772981779107, -198.75772981779107, -198.75772981779107, -198.75772981779107, -198.75772981779107, -198.75772981779107, -536.7202571295726, -536.7202571295726, -536.7202571295726, -536.7202571295726, -536.7202571295726, -536.7202571295726, -706.4238155763462, -706.4238155763462, -706.4238155763462, -706.4238155763462, -706.4238155763462], 
[1542.4217874734677, 208.9440233773837, 208.9440233773837, -97.67272727650959, -97.67272727650959, -458.14687162578764, -458.14687162578764, -458.14687162578764, -458.14687162578764, -458.14687162578764, -458.14687162578764, -458.14687162578764, -458.14687162578764, -458.14687162578764, -458.14687162578764, -458.14687162578764, -458.14687162578764, -458.14687162578764, -458.14687162578764, -458.14687162578764], 
[5596.880479262425, 2613.5069781407133, -661.478606493468, -661.478606493468, -661.478606493468, -661.478606493468, -661.478606493468, -661.478606493468, -661.478606493468, -661.478606493468, -661.478606493468, -661.478606493468, -661.478606493468, -661.478606493468, -661.478606493468, -661.478606493468, -661.478606493468, -661.478606493468, -661.478606493468, -661.478606493468], 
[375.5871324686216, 375.5871324686216, -375.9349280820809, -375.9349280820809, -375.9349280820809, -375.9349280820809, -375.9349280820809, -375.9349280820809, -375.9349280820809, -375.9349280820809, -375.9349280820809, -375.9349280820809, -375.9349280820809, -375.9349280820809, -375.9349280820809, -375.9349280820809, -375.9349280820809, -375.9349280820809, -375.9349280820809, -375.9349280820809], 
[-459.01022747401373, -682.9685168291471, -682.9685168291471, -898.932510898509, -898.932510898509, -898.932510898509, -898.932510898509, -898.932510898509, -898.932510898509, -898.932510898509, -898.932510898509, -898.932510898509, -898.932510898509, -898.932510898509, -898.932510898509, -898.932510898509, -898.932510898509, -898.932510898509, -898.932510898509, -898.932510898509], 
[-109.06492767184966, -109.06492767184966, -109.06492767184966, -109.06492767184966, -469.5453685308819, -469.5453685308819, -469.5453685308819, -469.5453685308819, -469.5453685308819, -469.5453685308819, -469.5453685308819, -469.5453685308819, -469.5453685308819, -663.7593887368364, -663.7593887368364, -663.7593887368364, -663.7593887368364, -663.7593887368364, -663.7593887368364, -663.7593887368364], 
[1550.7893807130604, 420.76030182849036, 420.76030182849036, 420.76030182849036, 420.76030182849036, 50.74112029168032, 50.74112029168032, 50.74112029168032, -715.2392231247463, -715.2392231247463, -715.2392231247463, -715.2392231247463, -715.2392231247463, -715.2392231247463, -715.2392231247463, -715.2392231247463, -715.2392231247463, -715.2392231247463, -715.2392231247463, -715.2392231247463], 
[1050.4699646061313, 1050.4699646061313, 1050.4699646061313, 86.5454784985991, 86.5454784985991, -317.0397208089033, -317.0397208089033, -317.0397208089033, -317.0397208089033, -353.68328331384873, -353.68328331384873, -353.68328331384873, -353.68328331384873, -353.68328331384873, -353.68328331384873, -353.68328331384873, -353.68328331384873, -353.68328331384873, -353.68328331384873, -353.68328331384873], 
[249.004409587473, 249.004409587473, -365.995608190446, -365.995608190446, -614.5816750182005, -614.5816750182005, -614.5816750182005, -614.5816750182005, -614.5816750182005, -614.5816750182005, -614.5816750182005, -614.5816750182005, -614.5816750182005, -614.5816750182005, -614.5816750182005, -614.5816750182005, -614.5816750182005, -614.5816750182005, -614.5816750182005, -614.5816750182005], 
[3292.9212860531134, -318.5644131648645, -318.5644131648645, -318.5644131648645, -318.5644131648645, -318.5644131648645, -318.5644131648645, -318.5644131648645, -318.5644131648645, -318.5644131648645, -318.5644131648645, -318.5644131648645, -318.5644131648645, -318.5644131648645, -318.5644131648645, -318.5644131648645, -318.5644131648645, -318.5644131648645, -318.5644131648645, -318.5644131648645], 
[5977.819342115783, -657.5006891457317, -657.5006891457317, -657.5006891457317, -657.5006891457317, -657.5006891457317, -657.5006891457317, -657.5006891457317, -657.5006891457317, -657.5006891457317, -657.5006891457317, -657.5006891457317, -657.5006891457317, -657.5006891457317, -657.5006891457317, -657.5006891457317, -657.5006891457317, -657.5006891457317, -657.5006891457317, -657.5006891457317], 
[396.0472347250384, -507.3804768917936, -507.3804768917936, -507.3804768917936, -507.3804768917936, -507.3804768917936, -507.3804768917936, -507.3804768917936, -507.3804768917936, -507.3804768917936, -507.3804768917936, -507.3804768917936, -507.3804768917936, -868.4174566132281, -868.4174566132281, -868.4174566132281, -868.4174566132281, -868.4174566132281, -868.4174566132281, -868.4174566132281], 
[-604.5647622389952, -604.5647622389952, -604.5647622389952, -604.5647622389952, -604.5647622389952, -604.5647622389952, -604.5647622389952, -604.5647622389952, -604.5647622389952, -604.5647622389952, -604.5647622389952, -604.5647622389952, -604.5647622389952, -604.5647622389952, -730.2823627297541, -730.2823627297541, -730.2823627297541, -730.2823627297541, -730.2823627297541, -730.2823627297541], 
[-116.80585878507236, -116.80585878507236, -116.80585878507236, -116.80585878507236, -116.80585878507236, -116.80585878507236, -116.80585878507236, -116.80585878507236, -116.80585878507236, -376.97479320489447, -376.97479320489447, -376.97479320489447, -376.97479320489447, -473.88710316742254, -473.88710316742254, -568.7827870690833, -568.7827870690833, -568.7827870690833, -568.7827870690833, -568.7827870690833], 
[692.1482885642258, 236.327449593447, 159.88899020802796, 159.88899020802796, 159.88899020802796, 159.88899020802796, 159.88899020802796, -105.26094609515258, -105.26094609515258, -105.26094609515258, -404.67076951173317, -404.67076951173317, -404.67076951173317, -404.67076951173317, -404.67076951173317, -404.67076951173317, -569.6839426233238, -569.6839426233238, -569.6839426233238, -603.36523305373], 
[540.4186965598967, -250.7810769051015, -250.7810769051015, -609.3449902292409, -609.3449902292409, -609.3449902292409, -609.3449902292409, -609.3449902292409, -663.8828897981714, -663.8828897981714, -663.8828897981714, -663.8828897981714, -663.8828897981714, -663.8828897981714, -663.8828897981714, -663.8828897981714, -663.8828897981714, -718.1888868047449, -718.1888868047449, -718.1888868047449], 
[-60.922339233209414, -60.922339233209414, -60.922339233209414, -60.922339233209414, -267.0378367866583, -267.0378367866583, -827.7536705169605, -827.7536705169605, -827.7536705169605, -827.7536705169605, -827.7536705169605, -827.7536705169605, -827.7536705169605, -827.7536705169605, -827.7536705169605, -827.7536705169605, -827.7536705169605, -827.7536705169605, -827.7536705169605, -827.7536705169605], 
[83.28202715863586, 3.48537295441713, -173.36598384586034, -173.36598384586034, -887.9375308918669, -887.9375308918669, -887.9375308918669, -887.9375308918669, -887.9375308918669, -887.9375308918669, -887.9375308918669, -887.9375308918669, -887.9375308918669, -887.9375308918669, -887.9375308918669, -887.9375308918669, -887.9375308918669, -887.9375308918669, -887.9375308918669, -887.9375308918669], 
[598.8013568725814, 598.8013568725814, 598.8013568725814, 598.8013568725814, -441.3809588034387, -441.3809588034387, -441.3809588034387, -441.3809588034387, -441.3809588034387, -441.3809588034387, -441.3809588034387, -441.3809588034387, -441.3809588034387, -441.3809588034387, -441.3809588034387, -683.9386698022261, -683.9386698022261, -683.9386698022261, -683.9386698022261, -683.9386698022261], 
[1854.8718769227685, -633.2314337441825, -633.2314337441825, -633.2314337441825, -633.2314337441825, -633.2314337441825, -633.2314337441825, -633.2314337441825, -633.2314337441825, -633.2314337441825, -633.2314337441825, -633.2314337441825, -633.2314337441825, -633.2314337441825, -633.2314337441825, -633.2314337441825, -633.2314337441825, -633.2314337441825, -633.2314337441825, -633.2314337441825], 
[378.9829967309788, 378.9829967309788, -608.9264799121465, -608.9264799121465, -608.9264799121465, -608.9264799121465, -608.9264799121465, -608.9264799121465, -608.9264799121465, -608.9264799121465, -608.9264799121465, -608.9264799121465, -608.9264799121465, -608.9264799121465, -608.9264799121465, -608.9264799121465, -608.9264799121465, -608.9264799121465, -608.9264799121465, -608.9264799121465], 
[283.2388028932853, 283.2388028932853, -151.20523614736226, -151.20523614736226, -309.16491541416326, -309.16491541416326, -309.16491541416326, -309.16491541416326, -309.16491541416326, -309.16491541416326, -309.16491541416326, -309.16491541416326, -309.16491541416326, -309.16491541416326, -309.16491541416326, -309.16491541416326, -309.16491541416326, -309.16491541416326, -309.16491541416326, -309.16491541416326], 
[-769.2493886853824, -769.2493886853824, -769.2493886853824, -769.2493886853824, -769.2493886853824, -769.2493886853824, -769.2493886853824, -769.2493886853824, -769.2493886853824, -769.2493886853824, -769.2493886853824, -769.2493886853824, -769.2493886853824, -769.2493886853824, -769.2493886853824, -769.2493886853824, -769.2493886853824, -838.1101268586854, -838.1101268586854, -838.1101268586854], 
[1119.0825710109552, -513.5176022531646, -513.5176022531646, -513.5176022531646, -513.5176022531646, -513.5176022531646, -513.5176022531646, -513.5176022531646, -513.5176022531646, -513.5176022531646, -513.5176022531646, -513.5176022531646, -513.5176022531646, -513.5176022531646, -513.5176022531646, -513.5176022531646, -513.5176022531646, -513.5176022531646, -513.5176022531646, -513.5176022531646], 
[2209.2995632916973, 547.4843787724535, 547.4843787724535, -663.0499717836174, -663.0499717836174, -663.0499717836174, -663.0499717836174, -663.0499717836174, -663.0499717836174, -663.0499717836174, -663.0499717836174, -663.0499717836174, -663.0499717836174, -663.0499717836174, -663.0499717836174, -663.0499717836174, -663.0499717836174, -663.0499717836174, -663.0499717836174, -832.9975531546496], 
[-138.54029056122567, -842.2662088579557, -842.2662088579557, -842.2662088579557, -842.2662088579557, -842.2662088579557, -842.2662088579557, -842.2662088579557, -842.2662088579557, -842.2662088579557, -842.2662088579557, -842.2662088579557, -842.2662088579557, -842.2662088579557, -842.2662088579557, -842.2662088579557, -842.2662088579557, -842.2662088579557, -842.2662088579557, -842.2662088579557], 
[-102.10462973811332, -277.50046282304527, -277.50046282304527, -277.50046282304527, -277.50046282304527, -277.50046282304527, -277.50046282304527, -277.50046282304527, -336.5227435593822, -336.5227435593822, -336.5227435593822, -336.5227435593822, -336.5227435593822, -336.5227435593822, -336.5227435593822, -353.4673180107194, -353.4673180107194, -353.4673180107194, -353.4673180107194, -353.4673180107194], 
