[2929.449175743981, 1423.6100703068291, -733.2471988568363, -733.2471988568363, -733.2471988568363, -733.2471988568363, -733.2471988568363, -733.2471988568363, -733.2471988568363, -733.2471988568363, -733.2471988568363, -733.2471988568363, -733.2471988568363, -733.2471988568363, -733.2471988568363, -733.2471988568363, -733.2471988568363, -733.2471988568363, -733.2471988568363, -733.2471988568363], 
[-38.31070250099731, -38.31070250099731, -38.31070250099731, -38.31070250099731, -38.31070250099731, -38.31070250099731, -38.31070250099731, -504.62797690783316, -504.62797690783316, -504.62797690783316, -504.62797690783316, -504.62797690783316, -504.62797690783316, -504.62797690783316, -504.62797690783316, -504.62797690783316, -504.62797690783316, -504.62797690783316, -504.62797690783316, -504.62797690783316], 
[2183.100037678173, 1493.488385696387, 1493.488385696387, 926.7108434903059, -267.45073395322004, -267.45073395322004, -267.45073395322004, -267.45073395322004, -267.45073395322004, -267.45073395322004, -267.45073395322004, -267.45073395322004, -267.45073395322004, -267.45073395322004, -612.6352770099622, -612.6352770099622, -612.6352770099622, -696.9890317084426, -696.9890317084426, -696.9890317084426], 
[422.971715606765, 131.85683799268782, -304.80655349582116, -304.80655349582116, -353.49400642483465, -353.49400642483465, -353.49400642483465, -353.49400642483465, -353.49400642483465, -353.49400642483465, -431.49325851138246, -431.49325851138246, -826.9238979888652, -826.9238979888652, -826.9238979888652, -826.9238979888652, -826.9238979888652, -826.9238979888652, -826.9238979888652, -826.9238979888652], 
[660.4440921783885, 660.4440921783885, -580.9765867275497, -580.9765867275497, -580.9765867275497, -580.9765867275497, -580.9765867275497, -629.4021274316968, -629.4021274316968, -629.4021274316968, -629.4021274316968, -629.4021274316968, -629.4021274316968, -629.4021274316968, -629.4021274316968, -629.4021274316968, -629.4021274316968, -703.6951633020304, -703.6951633020304, -703.6951633020304], 
[2359.0746261160507, 1793.4808401569835, -473.83036599630077, -939.9949784340656, -939.9949784340656, -939.9949784340656, -939.9949784340656, -939.9949784340656, -939.9949784340656, -939.9949784340656, -939.9949784340656, -939.9949784340656, -939.9949784340656, -939.9949784340656, -939.9949784340656, -939.9949784340656, -939.9949784340656, -939.9949784340656, -939.9949784340656, -939.9949784340656], 
[2783.4351152374356, 305.53175762946694, 305.53175762946694, 305.53175762946694, 305.53175762946694, 305.53175762946694, -270.5041383072718, -270.5041383072718, -270.5041383072718, -270.5041383072718, -270.5041383072718, -900.7664699829025, -900.7664699829025, -900.7664699829025, -900.7664699829025, -900.7664699829025, -900.7664699829025, -900.7664699829025, -900.7664699829025, -900.7664699829025], 
[1980.3309816617834, 67.37964404269769, 67.37964404269769, -160.38000186564784, -160.38000186564784, -160.38000186564784, -160.38000186564784, -281.1210029770673, -281.1210029770673, -866.2049585958938, -866.2049585958938, -866.2049585958938, -866.2049585958938, -866.2049585958938, -866.2049585958938, -866.2049585958938, -866.2049585958938, -866.2049585958938, -866.2049585958938, -866.2049585958938], 
[2540.729639943891, 473.4703119730382, 473.4703119730382, 196.62695561474834, 178.67936842854147, 178.67936842854147, 178.67936842854147, 178.67936842854147, 178.67936842854147, -439.72621444262745, -439.72621444262745, -439.72621444262745, -439.72621444262745, -439.72621444262745, -439.72621444262745, -439.72621444262745, -439.72621444262745, -439.72621444262745, -439.72621444262745, -439.72621444262745], 
[176.05349051033818, 176.05349051033818, 159.75936161008485, 159.75936161008485, 159.75936161008485, 159.75936161008485, -185.23206953948943, -307.61284973458555, -307.61284973458555, -307.61284973458555, -307.61284973458555, -524.8321577339259, -524.8321577339259, -752.8085598238521, -752.8085598238521, -752.8085598238521, -752.8085598238521, -752.8085598238521, -752.8085598238521, -752.8085598238521], 
[107.96876556456141, -26.31374511401532, -92.36644556410715, -92.36644556410715, -191.26794922083627, -465.62276198684765, -465.62276198684765, -465.62276198684765, -465.62276198684765, -465.62276198684765, -465.62276198684765, -465.62276198684765, -465.62276198684765, -465.62276198684765, -465.62276198684765, -465.62276198684765, -465.62276198684765, -465.62276198684765, -465.62276198684765, -465.62276198684765], 
[-66.00596483563959, -66.00596483563959, -664.6665791574945, -664.6665791574945, -664.6665791574945, -664.6665791574945, -664.6665791574945, -664.6665791574945, -664.6665791574945, -664.6665791574945, -664.6665791574945, -664.6665791574945, -664.6665791574945, -664.6665791574945, -664.6665791574945, -664.6665791574945, -664.6665791574945, -858.7488278961096, -858.7488278961096, -858.7488278961096], 
[1096.5730435085989, 784.8997263335898, 784.8997263335898, 165.29166619565717, 165.29166619565717, 78.1901006448827, -72.24754984792298, -72.24754984792298, -72.24754984792298, -72.24754984792298, -72.24754984792298, -72.24754984792298, -72.24754984792298, -72.24754984792298, -72.24754984792298, -72.24754984792298, -72.24754984792298, -72.24754984792298, -120.80513861044392, -337.3278793784557], 
[2755.7732499217764, 562.2375516183113, 456.8217216464018, 196.366532941076, 196.366532941076, 196.366532941076, 196.366532941076, -120.07688250948854, -120.07688250948854, -563.7398043731093, -563.7398043731093, -563.7398043731093, -563.7398043731093, -563.7398043731093, -563.7398043731093, -563.7398043731093, -563.7398043731093, -563.7398043731093, -564.3753184273689, -564.3753184273689], 
[2658.604930364779, -689.0379792993004, -689.0379792993004, -689.0379792993004, -689.0379792993004, -689.0379792993004, -689.0379792993004, -689.0379792993004, -689.0379792993004, -689.0379792993004, -689.0379792993004, -689.0379792993004, -689.0379792993004, -689.0379792993004, -689.0379792993004, -689.0379792993004, -689.0379792993004, -689.0379792993004, -689.0379792993004, -689.0379792993004], 
[-580.6499614492332, -749.0096333451907, -749.0096333451907, -749.0096333451907, -749.0096333451907, -749.0096333451907, -749.0096333451907, -749.0096333451907, -749.0096333451907, -749.0096333451907, -749.0096333451907, -749.0096333451907, -749.0096333451907, -749.0096333451907, -749.0096333451907, -749.0096333451907, -749.0096333451907, -749.0096333451907, -749.0096333451907, -749.0096333451907], 
[-37.31140472371828, -37.31140472371828, -37.31140472371828, -37.31140472371828, -267.26586995925095, -267.26586995925095, -267.26586995925095, -609.3611264840433, -609.3611264840433, -609.3611264840433, -609.3611264840433, -609.3611264840433, -609.3611264840433, -609.3611264840433, -609.3611264840433, -609.3611264840433, -609.3611264840433, -609.3611264840433, -609.3611264840433, -622.8962938746504], 
[2738.873245631058, 572.4174341479545, 572.4174341479545, -107.4133835814473, -107.4133835814473, -520.7248173127264, -520.7248173127264, -520.7248173127264, -520.7248173127264, -520.7248173127264, -520.7248173127264, -520.7248173127264, -520.7248173127264, -520.7248173127264, -520.7248173127264, -597.8101409477106, -597.8101409477106, -597.8101409477106, -597.8101409477106, -597.8101409477106], 
[-435.74026166574447, -435.74026166574447, -435.74026166574447, -435.74026166574447, -435.74026166574447, -435.74026166574447, -435.74026166574447, -618.1731617068255, -618.1731617068255, -618.1731617068255, -618.1731617068255, -618.1731617068255, -618.1731617068255, -618.1731617068255, -618.1731617068255, -618.1731617068255, -639.2899639827152, -841.1448588062333, -841.1448588062333, -841.1448588062333], 
[1643.436293256505, 710.9946009277396, 710.9946009277396, 710.9946009277396, 710.9946009277396, 710.9946009277396, 710.9946009277396, 158.6262823692357, 158.6262823692357, 158.6262823692357, 158.6262823692357, 158.6262823692357, 158.6262823692357, 158.6262823692357, 158.6262823692357, 158.6262823692357, -173.82055953895735, -173.82055953895735, -173.82055953895735, -529.3859056782939], 
[3303.9577241186134, -438.081413359057, -438.081413359057, -438.081413359057, -438.081413359057, -438.081413359057, -783.8870976346221, -783.8870976346221, -783.8870976346221, -783.8870976346221, -783.8870976346221, -783.8870976346221, -783.8870976346221, -783.8870976346221, -783.8870976346221, -783.8870976346221, -908.6267679250055, -908.6267679250055, -908.6267679250055, -908.6267679250055], 
[796.5120530317602, -824.0169829354604, -824.0169829354604, -824.0169829354604, -824.0169829354604, -824.0169829354604, -824.0169829354604, -824.0169829354604, -824.0169829354604, -824.0169829354604, -824.0169829354604, -824.0169829354604, -824.0169829354604, -824.0169829354604, -824.0169829354604, -824.0169829354604, -824.0169829354604, -824.0169829354604, -824.0169829354604, -824.0169829354604], 
[-595.7316958346157, -595.7316958346157, -595.7316958346157, -595.7316958346157, -595.7316958346157, -595.7316958346157, -595.7316958346157, -595.7316958346157, -595.7316958346157, -666.4367838682904, -666.4367838682904, -666.4367838682904, -666.4367838682904, -666.4367838682904, -666.4367838682904, -666.4367838682904, -666.4367838682904, -666.4367838682904, -666.4367838682904, -666.4367838682904], 
[-697.842144408195, -697.842144408195, -697.842144408195, -697.842144408195, -697.842144408195, -697.842144408195, -697.842144408195, -697.842144408195, -697.842144408195, -697.842144408195, -697.842144408195, -697.842144408195, -697.842144408195, -697.842144408195, -697.842144408195, -697.842144408195, -697.842144408195, -697.842144408195, -697.842144408195, -697.842144408195], 
[18.51219308581483, 18.51219308581483, 18.51219308581483, -633.7705587740427, -633.7705587740427, -633.7705587740427, -633.7705587740427, -633.7705587740427, -633.7705587740427, -633.7705587740427, -633.7705587740427, -633.7705587740427, -633.7705587740427, -633.7705587740427, -633.7705587740427, -721.4226047246003, -721.4226047246003, -721.4226047246003, -721.4226047246003, -721.4226047246003], 
[2250.7204976917915, -135.05747599073084, -135.05747599073084, -135.05747599073084, -212.41214320565814, -212.41214320565814, -212.41214320565814, -212.41214320565814, -212.41214320565814, -212.41214320565814, -212.41214320565814, -212.41214320565814, -212.41214320565814, -212.41214320565814, -388.7205905713605, -484.1885991537788, -484.1885991537788, -484.1885991537788, -484.1885991537788, -645.946628585904], 
[274.8295678888685, 274.8295678888685, 274.8295678888685, 274.8295678888685, -515.4903081559073, -515.4903081559073, -515.4903081559073, -515.4903081559073, -515.4903081559073, -515.4903081559073, -515.4903081559073, -515.4903081559073, -515.4903081559073, -515.4903081559073, -515.4903081559073, -515.4903081559073, -515.4903081559073, -515.4903081559073, -515.4903081559073, -515.4903081559073], 
[1549.3667769740346, 92.61875032564922, -594.9223650664926, -594.9223650664926, -594.9223650664926, -594.9223650664926, -594.9223650664926, -594.9223650664926, -594.9223650664926, -594.9223650664926, -594.9223650664926, -594.9223650664926, -594.9223650664926, -594.9223650664926, -594.9223650664926, -594.9223650664926, -594.9223650664926, -594.9223650664926, -594.9223650664926, -594.9223650664926], 
[472.96444459767054, 472.96444459767054, -104.59907864857712, -104.59907864857712, -104.59907864857712, -401.1838028574384, -401.1838028574384, -401.1838028574384, -401.1838028574384, -401.1838028574384, -401.1838028574384, -401.1838028574384, -401.1838028574384, -401.1838028574384, -401.1838028574384, -726.6871266312833, -726.6871266312833, -726.6871266312833, -726.6871266312833, -726.6871266312833], 
[850.3092164687318, 850.3092164687318, -168.11357061158594, -168.11357061158594, -168.11357061158594, -168.11357061158594, -336.6383920055738, -336.6383920055738, -336.6383920055738, -336.6383920055738, -930.9632111793078, -930.9632111793078, -930.9632111793078, -930.9632111793078, -930.9632111793078, -930.9632111793078, -930.9632111793078, -930.9632111793078, -930.9632111793078, -930.9632111793078], 
