[-713.2779941795065, -713.2779941795065, -713.2779941795065, -713.2779941795065, -713.2779941795065, -713.2779941795065, -713.2779941795065, -713.2779941795065, -713.2779941795065, -713.2779941795065, -713.2779941795065, -713.2779941795065, -713.2779941795065, -713.2779941795065, -713.2779941795065, -713.2779941795065, -740.5422214489217, -740.5422214489217, -740.5422214489217, -756.7852963164032], 
[-580.5763139662506, -580.5763139662506, -580.5763139662506, -580.5763139662506, -595.0069373002452, -595.0069373002452, -595.0069373002452, -750.2216703659101, -750.2216703659101, -915.5939834043445, -915.5939834043445, -915.5939834043445, -915.5939834043445, -915.5939834043445, -915.5939834043445, -919.8460164025099, -919.8460164025099, -938.4107935987757, -938.4107935987757, -940.395444623232], 
[-135.20229943960715, -135.20229943960715, -135.20229943960715, -435.3967802581923, -612.5319080202095, -686.2554885195118, -686.2554885195118, -686.2554885195118, -838.2918612872186, -838.2918612872186, -890.3450917396246, -890.3450917396246, -890.3450917396246, -890.3450917396246, -890.3450917396246, -890.3450917396246, -890.3450917396246, -890.3450917396246, -935.4868524375321, -935.4868524375321], 
[-302.36762354080633, -302.36762354080633, -302.36762354080633, -302.36762354080633, -302.36762354080633, -305.77072154755126, -305.77072154755126, -736.2971927109735, -736.2971927109735, -736.2971927109735, -834.0346455771376, -834.0346455771376, -834.0346455771376, -834.0346455771376, -834.0346455771376, -834.0346455771376, -834.0346455771376, -834.0346455771376, -834.0346455771376, -866.1737179592817], 
[689.7754678752949, 472.23194611805343, -131.88544052734244, -494.21737523531294, -494.21737523531294, -726.6293685351668, -726.6293685351668, -726.6293685351668, -811.0623108059424, -811.0623108059424, -811.0623108059424, -843.5639671611034, -862.3517205437015, -862.3517205437015, -862.3517205437015, -862.3517205437015, -862.3517205437015, -896.2319939459535, -896.2319939459535, -931.3953839038959], 
[-361.85154883585074, -866.1740866937798, -866.1740866937798, -866.1740866937798, -866.1740866937798, -866.1740866937798, -866.1740866937798, -866.1740866937798, -925.7185916297612, -925.7185916297612, -925.7185916297612, -925.7185916297612, -925.7185916297612, -925.7185916297612, -925.7185916297612, -938.466557145556, -938.466557145556, -938.466557145556, -938.466557145556, -938.466557145556], 
[1572.3061853256336, 349.7227405177273, 349.7227405177273, -287.73063379592395, -509.4021326418336, -509.4021326418336, -509.4021326418336, -653.0105423707834, -653.0105423707834, -795.3345338474859, -795.3345338474859, -807.935853028192, -807.935853028192, -880.2516270593615, -880.2516270593615, -884.9559691396444, -891.4726797143187, -891.4726797143187, -921.6005578565921, -921.6005578565921], 
[-235.9098017520298, -235.9098017520298, -235.9098017520298, -235.9098017520298, -235.9098017520298, -865.9516868161735, -865.9516868161735, -865.9516868161735, -865.9516868161735, -865.9516868161735, -865.9516868161735, -865.9516868161735, -865.9516868161735, -865.9516868161735, -865.9516868161735, -865.9516868161735, -865.9516868161735, -913.7266403125554, -913.7266403125554, -913.7266403125554], 
[701.6588995724758, 327.096842294771, 327.096842294771, 196.24137010301752, -444.35059438714393, -667.6275218482378, -667.6275218482378, -667.6275218482378, -667.6275218482378, -723.7281468400497, -723.7281468400497, -785.319739098427, -785.319739098427, -785.319739098427, -837.8006776875734, -837.8006776875734, -837.8006776875734, -837.8006776875734, -940.7261936740377, -940.7261936740377], 
[-658.5957158323715, -658.5957158323715, -658.5957158323715, -658.5957158323715, -658.5957158323715, -658.5957158323715, -658.5957158323715, -812.9428213694608, -812.9428213694608, -812.9428213694608, -819.1590951805714, -823.2503949652, -847.6685156673392, -847.6685156673392, -847.6685156673392, -847.6685156673392, -893.6604249491324, -893.6604249491324, -893.6604249491324, -933.4705339023416], 
[-376.60978815625924, -451.6383211729611, -720.5415252567784, -720.5415252567784, -720.5415252567784, -728.6006819352813, -728.6006819352813, -824.2257349440129, -824.2257349440129, -824.2257349440129, -824.2257349440129, -824.2257349440129, -824.2257349440129, -824.2257349440129, -860.7860582607409, -872.2603119294561, -872.2603119294561, -894.6162907056693, -894.6162907056693, -894.6162907056693], 
[1264.2198303559458, 1264.2198303559458, 433.23936699934507, -111.8316969903999, -166.90319642001623, -833.7920845303317, -863.8343994194199, -863.8343994194199, -863.8343994194199, -877.4542382413534, -877.4542382413534, -877.4542382413534, -877.4542382413534, -897.7773458495174, -897.7773458495174, -914.4717817133973, -914.4717817133973, -914.4717817133973, -914.4717817133973, -914.4717817133973], 
[-481.5275439941056, -481.5275439941056, -481.5275439941056, -481.5275439941056, -481.5275439941056, -481.5275439941056, -481.5275439941056, -481.5275439941056, -481.5275439941056, -626.6529581866746, -626.6529581866746, -626.6529581866746, -660.244769872656, -872.5277970915757, -872.5277970915757, -872.5277970915757, -940.0485962892212, -940.0485962892212, -940.0485962892212, -940.0485962892212], 
[-161.42823803718238, -161.42823803718238, -161.42823803718238, -311.7372126590012, -311.7372126590012, -311.7372126590012, -525.1735892934394, -525.1735892934394, -564.4405777796745, -709.6506419474883, -934.2969312658098, -934.2969312658098, -934.2969312658098, -934.2969312658098, -934.2969312658098, -934.2969312658098, -942.1470394663031, -942.1470394663031, -942.1470394663031, -942.1470394663031], 
[-397.6375765984769, -527.0682065576582, -527.0682065576582, -763.9207664377349, -786.3637090766135, -786.3637090766135, -786.3637090766135, -786.3637090766135, -786.3637090766135, -786.3637090766135, -786.3637090766135, -858.7370921971597, -858.7370921971597, -873.8235342717459, -873.8235342717459, -925.6723979780128, -925.6723979780128, -925.6723979780128, -925.6723979780128, -925.6723979780128], 
[-462.94045837026124, -653.3355322050041, -653.3355322050041, -717.2990032330205, -717.2990032330205, -747.1857631725029, -811.826882310951, -811.826882310951, -811.826882310951, -909.5983358161363, -909.5983358161363, -924.004050141623, -924.004050141623, -924.004050141623, -924.004050141623, -924.004050141623, -924.004050141623, -941.6482213186318, -941.6482213186318, -941.6482213186318], 
[-179.018394644379, -179.018394644379, -407.5224349156571, -672.6252621725812, -672.6252621725812, -803.3954480529508, -803.3954480529508, -803.3954480529508, -874.0619091198643, -874.0619091198643, -874.0619091198643, -874.0619091198643, -880.5008904201537, -880.5008904201537, -880.5008904201537, -882.7619361503811, -882.7619361503811, -882.7619361503811, -882.7619361503811, -894.3361784243564], 
[989.8302908486473, 443.05672816846754, -81.07153554444585, -81.07153554444585, -133.98691134963815, -748.1971246483439, -748.1971246483439, -748.1971246483439, -748.1971246483439, -900.0419433736502, -900.0419433736502, -900.0419433736502, -932.2686169452429, -954.5662723252078, -954.5662723252078, -954.5662723252078, -954.5662723252078, -954.5662723252078, -958.9416679030585, -958.9416679030585], 
[-140.63982644679038, -140.63982644679038, -140.63982644679038, -140.63982644679038, -461.54999552135166, -654.1630113662275, -654.1630113662275, -654.1630113662275, -803.1996919663618, -803.1996919663618, -933.8814137747637, -933.8814137747637, -933.8814137747637, -933.8814137747637, -933.8814137747637, -933.8814137747637, -935.4370138109327, -982.7630949781403, -982.7630949781403, -982.7630949781403], 
[-25.88547884623506, -25.88547884623506, -147.4353987037456, -147.4353987037456, -514.0294633216038, -514.0294633216038, -514.0294633216038, -691.0142340835248, -691.0142340835248, -780.5544935194887, -780.5544935194887, -780.5544935194887, -870.9355463652234, -870.9355463652234, -870.9355463652234, -919.5184496450142, -919.5184496450142, -919.5184496450142, -940.0151988028225, -940.0151988028225], 
[983.3446377006287, 183.6654552063651, -311.0415376275066, -915.036551138866, -915.036551138866, -915.036551138866, -915.036551138866, -915.036551138866, -915.036551138866, -915.036551138866, -915.036551138866, -915.036551138866, -915.036551138866, -915.036551138866, -973.9961765487535, -973.9961765487535, -973.9961765487535, -973.9961765487535, -973.9961765487535, -973.9961765487535], 
[-757.8071725528628, -757.8071725528628, -757.8071725528628, -757.8071725528628, -757.8071725528628, -757.8071725528628, -796.0029904151297, -796.0029904151297, -796.0029904151297, -796.0029904151297, -799.8693078153793, -799.8693078153793, -847.2469121343894, -884.6920290698835, -884.6920290698835, -884.6920290698835, -936.1433605728728, -936.1433605728728, -936.1433605728728, -936.1433605728728], 
[981.340479349378, 698.0036369515822, 334.0380173938561, -169.5776028313188, -356.09231370403234, -651.164321569406, -651.164321569406, -886.8978337806426, -886.8978337806426, -930.3580124277123, -930.3580124277123, -930.3580124277123, -930.3580124277123, -930.3580124277123, -930.3580124277123, -930.3580124277123, -930.3580124277123, -930.3580124277123, -985.9493328331743, -985.9493328331743], 
[90.57191163242737, 90.57191163242737, 90.57191163242737, -312.3945536275212, -452.2303956270076, -731.8317605843811, -731.8317605843811, -751.4890851371703, -751.4890851371703, -866.9691534469594, -866.9691534469594, -866.9691534469594, -866.9691534469594, -923.7344456871095, -923.7344456871095, -923.7344456871095, -923.7344456871095, -923.7344456871095, -923.7344456871095, -923.7344456871095], 
[10.995109708975292, -169.0608609398638, -169.0608609398638, -173.88043739365366, -173.88043739365366, -499.82620435171117, -499.82620435171117, -499.82620435171117, -876.7618449183753, -876.7618449183753, -876.7618449183753, -876.7618449183753, -876.7618449183753, -876.7618449183753, -876.7618449183753, -876.7618449183753, -948.5964432955886, -948.5964432955886, -948.5964432955886, -948.5964432955886], 
[705.9883123708471, -836.5245112841942, -836.5245112841942, -836.5245112841942, -836.5245112841942, -836.5245112841942, -836.5245112841942, -836.5245112841942, -887.0652504337041, -887.0652504337041, -887.0652504337041, -887.0652504337041, -887.0652504337041, -887.0652504337041, -887.0652504337041, -887.0652504337041, -931.3752689426799, -931.3752689426799, -931.3752689426799, -931.3752689426799], 
[-792.8552352428408, -792.8552352428408, -792.8552352428408, -792.8552352428408, -792.8552352428408, -792.8552352428408, -792.8552352428408, -792.8552352428408, -792.8552352428408, -792.8552352428408, -792.8552352428408, -792.8552352428408, -869.0755598333782, -869.0755598333782, -882.450979176327, -884.5141898035362, -884.5141898035362, -884.5141898035362, -895.0548147182725, -946.7881945312294], 
[-332.9617893268536, -332.9617893268536, -712.0892774323265, -712.0892774323265, -712.0892774323265, -712.0892774323265, -712.0892774323265, -712.0892774323265, -712.0892774323265, -712.0892774323265, -728.1423617898861, -852.0360032917858, -852.0360032917858, -852.0360032917858, -852.0360032917858, -876.3524954197352, -876.3524954197352, -915.5305146299772, -915.5305146299772, -915.5305146299772], 
[1609.5414837200824, -888.5038003130326, -888.5038003130326, -888.5038003130326, -888.5038003130326, -888.5038003130326, -888.5038003130326, -888.5038003130326, -888.5038003130326, -888.5038003130326, -888.5038003130326, -888.5038003130326, -888.5038003130326, -888.5038003130326, -888.5038003130326, -888.5038003130326, -944.1036101685514, -944.1036101685514, -944.1036101685514, -944.1036101685514], 
[225.4608917630726, 225.4608917630726, 225.4608917630726, -438.11064249379876, -438.11064249379876, -699.2129475749051, -699.2129475749051, -699.2129475749051, -699.2129475749051, -755.7818170672683, -755.7818170672683, -755.7818170672683, -755.7818170672683, -792.907078004452, -792.907078004452, -792.907078004452, -792.907078004452, -792.907078004452, -904.5147461277398, -904.5147461277398], 
