[-51.06075683811787, -51.06075683811787, -51.06075683811787, -759.6630721565367, -759.6630721565367, -759.6630721565367, -759.6630721565367, -759.6630721565367, -759.6630721565367, -759.6630721565367, -759.6630721565367, -759.6630721565367, -920.4366914113597, -920.4366914113597, -920.4366914113597, -920.4366914113597, -920.4366914113597, -920.4366914113597, -920.4366914113597, -920.4366914113597], 
[-25.331483834352525, -82.23046908992433, -515.1082696711676, -690.597065657272, -690.597065657272, -690.597065657272, -690.597065657272, -690.597065657272, -875.4477043986768, -875.4477043986768, -931.3358794810473, -931.3358794810473, -931.3358794810473, -931.3358794810473, -931.3358794810473, -931.3358794810473, -931.3358794810473, -931.3358794810473, -931.3358794810473, -931.3358794810473], 
[-335.9247889253613, -335.9247889253613, -783.0047537750376, -783.0047537750376, -783.0047537750376, -783.0047537750376, -783.0047537750376, -783.0047537750376, -783.0047537750376, -783.0047537750376, -783.0047537750376, -783.0047537750376, -838.1005412357831, -914.1153153869557, -914.1153153869557, -914.1153153869557, -914.1153153869557, -914.1153153869557, -914.1153153869557, -914.1153153869557], 
[1878.6103138389753, -526.3641612057071, -526.3641612057071, -539.2547325398959, -539.2547325398959, -851.1625765675749, -851.1625765675749, -851.1625765675749, -851.1625765675749, -851.1625765675749, -851.1625765675749, -851.1625765675749, -851.1625765675749, -890.3228233547698, -890.3228233547698, -905.6289335830335, -905.6289335830335, -905.6289335830335, -924.6977100093127, -924.6977100093127], 
[-654.3530944515327, -654.3530944515327, -654.3530944515327, -654.3530944515327, -654.3530944515327, -859.9086879300991, -859.9086879300991, -859.9086879300991, -922.070988344654, -922.070988344654, -922.070988344654, -922.070988344654, -922.070988344654, -922.070988344654, -922.070988344654, -922.070988344654, -922.070988344654, -922.070988344654, -922.070988344654, -922.070988344654], 
[-768.0363051518149, -768.0363051518149, -768.0363051518149, -848.3361608743302, -848.3361608743302, -848.3361608743302, -848.3361608743302, -848.3361608743302, -848.3361608743302, -848.3361608743302, -940.0927698037207, -940.0927698037207, -940.0927698037207, -940.0927698037207, -940.0927698037207, -940.0927698037207, -940.0927698037207, -940.0927698037207, -940.0927698037207, -940.0927698037207], 
[249.9521360516253, -341.48477126938735, -341.48477126938735, -626.4279189684607, -626.4279189684607, -626.4279189684607, -626.4279189684607, -858.2906936123061, -858.2906936123061, -895.3184671594837, -895.3184671594837, -895.3184671594837, -895.3184671594837, -895.3184671594837, -911.7135154910193, -921.0163917101434, -926.7211246150537, -927.4395303528755, -927.4395303528755, -927.4395303528755], 
[549.865384793562, 549.865384793562, 549.865384793562, -208.08438768752535, -208.08438768752535, -208.08438768752535, -213.55320714386312, -213.55320714386312, -583.8018671978585, -583.8018671978585, -885.2639109461355, -885.2639109461355, -885.2639109461355, -885.2639109461355, -885.2639109461355, -885.2639109461355, -885.2639109461355, -919.8886692170313, -919.8886692170313, -919.8886692170313], 
[-918.0038387136817, -918.0038387136817, -918.0038387136817, -918.0038387136817, -918.0038387136817, -918.0038387136817, -918.0038387136817, -918.0038387136817, -918.0038387136817, -918.0038387136817, -918.0038387136817, -918.0038387136817, -918.0038387136817, -918.0038387136817, -918.0038387136817, -918.0038387136817, -918.0038387136817, -956.1396125759736, -956.1396125759736, -956.1396125759736], 
[-438.1371402782188, -438.1371402782188, -438.1371402782188, -862.4539386850979, -862.4539386850979, -922.8431368587345, -922.8431368587345, -922.8431368587345, -922.8431368587345, -922.8431368587345, -922.8431368587345, -922.8431368587345, -922.8431368587345, -922.8431368587345, -922.8431368587345, -922.8431368587345, -922.8431368587345, -922.8431368587345, -922.8431368587345, -922.8431368587345], 
[-659.9781394371553, -659.9781394371553, -659.9781394371553, -659.9781394371553, -687.8789287976566, -687.8789287976566, -687.8789287976566, -687.8789287976566, -687.8789287976566, -687.8789287976566, -851.9130599817963, -886.0469652687943, -898.3010268858129, -898.3010268858129, -906.7407687777237, -906.7407687777237, -906.7407687777237, -921.2353046168474, -921.2353046168474, -947.8756588572658], 
[-42.74582957645919, -639.5004418197825, -639.5004418197825, -639.5004418197825, -639.5004418197825, -672.1668205346894, -672.1668205346894, -672.1668205346894, -672.1668205346894, -672.1668205346894, -729.2383694353443, -751.8933571670387, -806.4708944527805, -871.554260755355, -871.554260755355, -871.554260755355, -936.8379254724963, -938.339910446577, -938.339910446577, -938.339910446577], 
[-308.0097174014562, -308.0097174014562, -308.0097174014562, -308.0097174014562, -308.0097174014562, -494.12175778425643, -756.8476476657564, -756.8476476657564, -756.8476476657564, -756.8476476657564, -756.8476476657564, -863.2717011014638, -863.2717011014638, -863.2717011014638, -863.2717011014638, -863.2717011014638, -863.2717011014638, -863.2717011014638, -879.1163148395544, -913.7047446020306], 
[134.66500630628525, 134.66500630628525, 134.66500630628525, 134.66500630628525, -134.44569356124282, -454.839702855689, -454.839702855689, -766.6294340441361, -766.6294340441361, -766.6294340441361, -937.9786766450896, -937.9786766450896, -937.9786766450896, -937.9786766450896, -937.9786766450896, -937.9786766450896, -937.9786766450896, -937.9786766450896, -937.9786766450896, -937.9786766450896], 
[1184.1722308025655, 764.2166539661089, 326.1095707809902, -372.589477321869, -372.589477321869, -810.3510588431068, -810.3510588431068, -810.3510588431068, -810.3510588431068, -810.3510588431068, -810.3510588431068, -810.3510588431068, -867.4392726931877, -929.945258346572, -929.945258346572, -929.945258346572, -934.0206557252469, -934.0206557252469, -934.0206557252469, -943.7857146084561], 
[1386.0597363481102, -572.434996107369, -572.434996107369, -572.434996107369, -572.434996107369, -572.434996107369, -572.434996107369, -572.434996107369, -572.434996107369, -572.434996107369, -572.434996107369, -572.434996107369, -669.0516951508107, -753.1042734949156, -753.1042734949156, -867.5290625248393, -870.6880267944211, -870.6880267944211, -908.0694594693699, -908.0694594693699], 
[395.082191491819, 395.082191491819, -675.8882513271941, -675.8882513271941, -675.8882513271941, -675.8882513271941, -675.8882513271941, -675.8882513271941, -888.6398891267594, -888.6398891267594, -888.6398891267594, -888.6398891267594, -922.5180918198275, -922.5180918198275, -922.5180918198275, -922.5180918198275, -922.5180918198275, -922.5180918198275, -925.4251484276334, -925.4251484276334], 
[1024.6382932702759, 1024.6382932702759, -785.9354667746763, -785.9354667746763, -785.9354667746763, -785.9354667746763, -785.9354667746763, -801.3596717745204, -801.3596717745204, -801.3596717745204, -801.3596717745204, -801.3596717745204, -801.3596717745204, -801.3596717745204, -842.9908117363788, -923.6039101743401, -923.6039101743401, -923.6039101743401, -923.6039101743401, -923.6039101743401], 
[158.0021867154294, -326.9897386476687, -326.9897386476687, -326.9897386476687, -665.7913198150783, -665.7913198150783, -665.7913198150783, -665.7913198150783, -887.8029984130538, -887.8029984130538, -887.8029984130538, -887.8029984130538, -887.8029984130538, -887.8029984130538, -887.8029984130538, -887.8029984130538, -914.7958812408511, -914.7958812408511, -914.7958812408511, -914.7958812408511], 
[-336.30108551705985, -732.649630990597, -732.649630990597, -732.649630990597, -781.0648609449954, -781.0648609449954, -781.0648609449954, -781.0648609449954, -781.0648609449954, -781.0648609449954, -806.2248323637796, -806.2248323637796, -921.4145696359544, -921.4145696359544, -921.4145696359544, -921.4145696359544, -921.4145696359544, -926.4816494548588, -972.4835609590988, -972.4835609590988], 
[-18.420534998853554, -18.420534998853554, -18.420534998853554, -671.2981787928809, -671.2981787928809, -671.2981787928809, -671.2981787928809, -683.8338514557774, -683.8338514557774, -857.3848784104684, -857.3848784104684, -857.3848784104684, -857.3848784104684, -915.0093908527847, -915.0093908527847, -915.0093908527847, -915.0093908527847, -915.0093908527847, -915.0093908527847, -958.719743830964], 
[-89.1818534651353, -591.2380245526492, -591.2380245526492, -591.2380245526492, -591.2380245526492, -711.4075280697213, -711.4075280697213, -711.4075280697213, -711.4075280697213, -781.8034349948614, -784.3443957397217, -808.4299283166933, -818.4156097821356, -939.1223624543168, -939.1223624543168, -939.1223624543168, -939.1223624543168, -939.1223624543168, -939.1223624543168, -939.1223624543168], 
[-625.0366627403471, -625.0366627403471, -625.0366627403471, -625.0366627403471, -625.0366627403471, -625.0366627403471, -795.4688708654988, -795.4688708654988, -795.4688708654988, -795.4688708654988, -795.4688708654988, -795.4688708654988, -795.4688708654988, -795.4688708654988, -795.4688708654988, -795.4688708654988, -845.8511872189077, -923.610063512176, -923.610063512176, -923.610063512176], 
[-236.67176863586337, -236.67176863586337, -236.67176863586337, -486.82727569747635, -788.1192520509925, -788.1192520509925, -788.1192520509925, -788.1192520509925, -788.1192520509925, -804.1285597663348, -804.1285597663348, -804.1285597663348, -838.8155353261207, -881.78689718156, -881.78689718156, -888.2747636927959, -888.2747636927959, -888.2747636927959, -897.6098698074245, -897.6098698074245], 
[196.18035792503338, -422.1675253444347, -422.1675253444347, -422.1675253444347, -422.1675253444347, -422.1675253444347, -422.1675253444347, -422.1675253444347, -877.8738536038898, -877.8738536038898, -877.8738536038898, -877.8738536038898, -877.8738536038898, -877.8738536038898, -877.8738536038898, -877.8738536038898, -877.8738536038898, -877.8738536038898, -877.8738536038898, -959.3742201076441], 
[-69.13678920297002, -585.6012157705584, -585.6012157705584, -585.6012157705584, -585.6012157705584, -585.6012157705584, -585.6012157705584, -912.7613176491998, -927.1735344926001, -927.1735344926001, -927.1735344926001, -927.1735344926001, -945.5561450538797, -945.5561450538797, -945.5561450538797, -945.5561450538797, -945.5561450538797, -945.5561450538797, -945.5561450538797, -945.5561450538797], 
[-673.9778540329685, -673.9778540329685, -673.9778540329685, -673.9778540329685, -673.9778540329685, -673.9778540329685, -921.9606850537366, -921.9606850537366, -921.9606850537366, -921.9606850537366, -921.9606850537366, -921.9606850537366, -921.9606850537366, -921.9606850537366, -980.2696222494874, -980.2696222494874, -980.2696222494874, -980.2696222494874, -980.2696222494874, -980.2696222494874], 
[2332.1610994863627, 814.4868233381994, -359.3175142221627, -359.3175142221627, -773.9618152912578, -773.9618152912578, -773.9618152912578, -773.9618152912578, -773.9618152912578, -773.9618152912578, -773.9618152912578, -773.9618152912578, -773.9618152912578, -773.9618152912578, -825.8067175747424, -825.8067175747424, -825.8067175747424, -825.8067175747424, -825.8067175747424, -825.8067175747424], 
[-83.03491631058228, -347.57717093637257, -352.5220779613828, -559.1456894614178, -559.1456894614178, -559.1456894614178, -567.6053353233553, -641.5262239988828, -641.5262239988828, -652.2237670824625, -652.2237670824625, -944.0898291170489, -944.0898291170489, -944.0898291170489, -944.0898291170489, -944.0898291170489, -944.0898291170489, -944.0898291170489, -944.0898291170489, -944.0898291170489], 
[676.0646061693014, 676.0646061693014, -364.2622345582846, -364.2622345582846, -690.8070372837881, -690.8070372837881, -690.8070372837881, -690.8070372837881, -690.8070372837881, -690.8070372837881, -831.0833903350058, -831.0833903350058, -831.0833903350058, -862.3599880133172, -862.3599880133172, -937.9369914223208, -937.9369914223208, -937.9369914223208, -954.2910737413831, -954.2910737413831], 
