[56.661304485355004, 56.661304485355004, -646.6274423686174, -646.6274423686174, -866.5298696969066, -866.5298696969066, -866.5298696969066, -866.5298696969066, -866.5298696969066, -871.4664400206832, -871.4664400206832, -871.4664400206832, -871.4664400206832, -871.4664400206832, -871.4664400206832, -871.4664400206832, -871.4664400206832, -871.4664400206832, -871.4664400206832, -925.3903941645929], 
[669.0955599501626, -479.0128742702484, -479.0128742702484, -479.0128742702484, -479.0128742702484, -479.0128742702484, -816.5514009910213, -816.5514009910213, -816.5514009910213, -816.5514009910213, -816.5514009910213, -816.5514009910213, -816.5514009910213, -912.9922525122544, -912.9922525122544, -912.9922525122544, -912.9922525122544, -912.9922525122544, -912.9922525122544, -912.9922525122544], 
[-689.0082335713848, -689.0082335713848, -689.0082335713848, -689.0082335713848, -689.0082335713848, -689.0082335713848, -776.9710827251832, -776.9710827251832, -776.9710827251832, -776.9710827251832, -952.9774018316888, -952.9774018316888, -952.9774018316888, -952.9774018316888, -952.9774018316888, -952.9774018316888, -952.9774018316888, -952.9774018316888, -952.9774018316888, -952.9774018316888], 
[-273.8112952088346, -792.751355757241, -792.751355757241, -792.751355757241, -840.5190774937972, -840.5190774937972, -840.5190774937972, -840.5190774937972, -840.5190774937972, -840.5190774937972, -840.5190774937972, -840.5190774937972, -840.5190774937972, -840.5190774937972, -840.5190774937972, -840.5190774937972, -871.0317915968989, -969.5703416292569, -969.5703416292569, -969.5703416292569], 
[-815.3938802107575, -815.3938802107575, -815.3938802107575, -815.3938802107575, -839.6451523925178, -839.6451523925178, -839.6451523925178, -839.6451523925178, -839.6451523925178, -839.6451523925178, -839.6451523925178, -897.1969232062945, -897.1969232062945, -897.1969232062945, -897.1969232062945, -897.1969232062945, -897.1969232062945, -921.1902788608149, -955.2468951152526, -955.2468951152526], 
[107.9482143878447, 107.9482143878447, 107.9482143878447, -789.5254311495038, -789.5254311495038, -789.5254311495038, -789.5254311495038, -795.1681391589849, -795.1681391589849, -795.1681391589849, -795.1681391589849, -832.4600407224789, -832.4600407224789, -928.6205879392307, -928.6205879392307, -939.5107639899295, -939.5107639899295, -939.5107639899295, -939.5107639899295, -939.5107639899295], 
[-297.62320602781074, -602.7390018389408, -602.7390018389408, -602.7390018389408, -602.7390018389408, -801.2697446966691, -803.7751515977552, -803.7751515977552, -803.7751515977552, -891.8301996181979, -891.8301996181979, -891.8301996181979, -891.8301996181979, -891.8301996181979, -891.8301996181979, -929.4567628277965, -929.4567628277965, -929.4567628277965, -942.3943391113394, -942.3943391113394], 
[-569.3967476221785, -569.3967476221785, -569.3967476221785, -569.3967476221785, -569.3967476221785, -569.3967476221785, -569.3967476221785, -729.2254968085265, -729.2254968085265, -729.2254968085265, -785.3609674797626, -907.2294074888526, -907.2294074888526, -907.2294074888526, -907.2294074888526, -907.2294074888526, -907.2294074888526, -907.2294074888526, -907.2294074888526, -923.4342159841963], 
[-87.37326374364875, -750.3887621658399, -750.3887621658399, -750.3887621658399, -813.9921104888331, -813.9921104888331, -813.9921104888331, -813.9921104888331, -813.9921104888331, -813.9921104888331, -813.9921104888331, -813.9921104888331, -813.9921104888331, -902.261936828383, -902.261936828383, -902.261936828383, -902.261936828383, -902.261936828383, -929.7037193946687, -929.7037193946687], 
[-40.25567830177238, -40.25567830177238, -40.25567830177238, -40.25567830177238, -286.537883155072, -582.0602328860607, -582.0602328860607, -582.0602328860607, -582.0602328860607, -582.0602328860607, -656.0704996919336, -656.0704996919336, -776.2436928896907, -776.2436928896907, -776.2436928896907, -822.2418685070422, -865.2245889036242, -865.2245889036242, -865.2245889036242, -865.2245889036242], 
[-149.30016441945133, -695.7906264558192, -695.7906264558192, -881.5504084904364, -881.5504084904364, -881.5504084904364, -881.5504084904364, -881.5504084904364, -881.5504084904364, -881.5504084904364, -881.5504084904364, -881.5504084904364, -881.5504084904364, -881.5504084904364, -887.6187012943329, -887.6187012943329, -901.5301400439287, -901.5301400439287, -901.5301400439287, -901.5301400439287], 
[1277.993338963036, 635.6295118863793, -110.88011745915378, -110.88011745915378, -204.7407269990831, -657.404767741258, -657.404767741258, -657.404767741258, -657.404767741258, -757.8384421720928, -757.8384421720928, -757.8384421720928, -808.9272978619549, -888.837922438544, -888.837922438544, -888.837922438544, -888.837922438544, -888.837922438544, -888.837922438544, -891.8895273293306], 
[775.453044700479, -526.8213751044452, -526.8213751044452, -955.1235495146176, -955.1235495146176, -955.1235495146176, -955.1235495146176, -955.1235495146176, -955.1235495146176, -955.1235495146176, -955.1235495146176, -955.1235495146176, -955.1235495146176, -955.1235495146176, -955.4585103912301, -955.4585103912301, -955.4585103912301, -955.4585103912301, -955.4585103912301, -955.4585103912301], 
[443.48774691022163, -168.38765890979403, -677.2023814919899, -705.0294986523579, -705.0294986523579, -845.6486541465584, -845.6486541465584, -845.6486541465584, -845.6486541465584, -845.6486541465584, -845.6486541465584, -845.6486541465584, -845.6486541465584, -845.6486541465584, -845.6486541465584, -845.6486541465584, -869.6577620820399, -882.1478100028443, -912.0552741398767, -912.0552741398767], 
[-531.4014941761814, -531.4014941761814, -531.4014941761814, -531.4014941761814, -833.9665657169153, -833.9665657169153, -833.9665657169153, -833.9665657169153, -833.9665657169153, -833.9665657169153, -836.1441816735638, -836.1441816735638, -836.1441816735638, -836.1441816735638, -836.1441816735638, -836.1441816735638, -893.7409048985472, -893.7409048985472, -893.7409048985472, -893.7409048985472], 
[-792.5648793817494, -792.5648793817494, -792.5648793817494, -792.5648793817494, -792.5648793817494, -856.0300757847799, -856.0300757847799, -856.0300757847799, -856.0300757847799, -856.0300757847799, -856.0300757847799, -856.0300757847799, -856.0300757847799, -856.0300757847799, -856.0300757847799, -923.7921973437558, -923.7921973437558, -923.7921973437558, -923.7921973437558, -923.7921973437558], 
[-326.418079964552, -326.418079964552, -853.779124736499, -853.779124736499, -853.779124736499, -853.779124736499, -853.779124736499, -853.779124736499, -853.779124736499, -853.779124736499, -853.779124736499, -853.779124736499, -869.019562456036, -889.2092321311186, -889.2092321311186, -896.57478335313, -896.57478335313, -903.2337137958983, -903.2337137958983, -903.2337137958983], 
[-298.27149791871784, -298.27149791871784, -298.27149791871784, -452.0560362567983, -648.6557311895092, -648.6557311895092, -648.6557311895092, -755.0348364048583, -910.0132833792048, -910.0132833792048, -910.0132833792048, -910.0132833792048, -920.5712158972827, -920.5712158972827, -920.5712158972827, -962.9694711292199, -962.9694711292199, -962.9694711292199, -962.9694711292199, -962.9694711292199], 
[-191.34121330923938, -191.34121330923938, -282.26646336721547, -282.26646336721547, -756.6030679720254, -756.6030679720254, -756.6030679720254, -920.3114614484441, -920.3114614484441, -920.3114614484441, -920.3114614484441, -920.3114614484441, -920.3114614484441, -920.3114614484441, -920.3114614484441, -920.3114614484441, -920.3114614484441, -920.3114614484441, -920.3114614484441, -920.3114614484441], 
[-651.6701052815752, -651.6701052815752, -651.6701052815752, -789.5467184665349, -789.5467184665349, -789.5467184665349, -789.5467184665349, -789.5467184665349, -789.5467184665349, -789.5467184665349, -826.1372977850696, -826.1372977850696, -826.1372977850696, -826.1372977850696, -856.8602387431785, -872.5634732613163, -881.6293138771865, -881.6293138771865, -901.5290138610651, -919.8811413086859], 
[-423.07608988501397, -423.07608988501397, -566.4679889022038, -566.4679889022038, -566.4679889022038, -703.2919679819668, -867.2455311857334, -867.2455311857334, -867.2455311857334, -867.2455311857334, -867.2455311857334, -867.2455311857334, -867.2455311857334, -867.2455311857334, -867.2455311857334, -867.2455311857334, -867.2455311857334, -867.2455311857334, -867.2455311857334, -868.3817189119085], 
[-121.23566731422545, -121.23566731422545, -121.23566731422545, -379.1045938206222, -379.1045938206222, -379.1045938206222, -379.1045938206222, -553.9927327445739, -553.9927327445739, -553.9927327445739, -713.4654830301362, -743.5890339016946, -743.5890339016946, -811.1873526043676, -811.1873526043676, -854.9665588396955, -854.9665588396955, -854.9665588396955, -854.9665588396955, -894.680100027374], 
[-204.05018488318797, -800.6804489171514, -800.6804489171514, -800.6804489171514, -800.6804489171514, -800.6804489171514, -800.6804489171514, -800.6804489171514, -800.6804489171514, -800.6804489171514, -800.6804489171514, -864.15239059514, -864.15239059514, -890.9297446062277, -890.9297446062277, -890.9297446062277, -890.9297446062277, -890.9297446062277, -890.9297446062277, -890.9297446062277], 
[-847.76220228482, -847.76220228482, -847.76220228482, -847.76220228482, -847.76220228482, -847.76220228482, -847.76220228482, -847.76220228482, -847.76220228482, -847.76220228482, -847.76220228482, -847.76220228482, -882.5732827380081, -882.5732827380081, -882.5732827380081, -909.0207471465534, -909.0207471465534, -926.7077337006485, -926.7077337006485, -926.7077337006485], 
[-317.1249996503965, -317.1249996503965, -317.1249996503965, -317.1249996503965, -321.7698595809229, -333.0823543021979, -762.2935864337535, -762.2935864337535, -762.2935864337535, -762.2935864337535, -893.6519742577344, -893.6519742577344, -893.6519742577344, -893.6519742577344, -893.6519742577344, -893.6519742577344, -893.6519742577344, -895.920449565664, -895.920449565664, -901.0058187639635], 
[121.0335310094847, 121.0335310094847, -603.1527530359185, -603.1527530359185, -603.1527530359185, -603.1527530359185, -829.7810980988979, -829.7810980988979, -829.7810980988979, -829.7810980988979, -829.7810980988979, -829.7810980988979, -840.3307573887091, -931.0484440815244, -932.6560405253753, -932.6560405253753, -932.6560405253753, -932.6560405253753, -932.6560405253753, -965.5164029982452], 
[-729.8702036724721, -729.8702036724721, -729.8702036724721, -729.8702036724721, -765.7028882805996, -765.7028882805996, -765.7028882805996, -765.7028882805996, -765.7028882805996, -765.7028882805996, -765.7028882805996, -800.8327672940275, -800.8327672940275, -829.0945743209246, -869.2800618225215, -928.7100230329543, -928.7100230329543, -928.7100230329543, -928.7100230329543, -928.7100230329543], 
[-366.0959271970669, -544.5448928187425, -544.5448928187425, -544.5448928187425, -544.5448928187425, -544.5448928187425, -544.5448928187425, -544.5448928187425, -731.8407375368753, -731.8407375368753, -742.586559284822, -746.5671669626544, -776.5970549639965, -886.5287868928124, -886.5287868928124, -886.5287868928124, -900.1735253911237, -900.1735253911237, -900.1735253911237, -937.677380015598], 
[1349.9230264345497, 148.73178466911736, -58.877229764918525, -475.4794570516717, -774.7784599493905, -774.7784599493905, -774.7784599493905, -774.7784599493905, -774.7784599493905, -774.7784599493905, -810.2247837883158, -810.2247837883158, -810.2247837883158, -810.2247837883158, -810.2247837883158, -810.2247837883158, -911.7861386534513, -911.7861386534513, -911.7861386534513, -911.7861386534513], 
[-478.0676756601466, -864.0650144147918, -864.0650144147918, -864.0650144147918, -864.0650144147918, -864.0650144147918, -864.0650144147918, -864.0650144147918, -864.0650144147918, -952.3401294522176, -952.3401294522176, -952.3401294522176, -952.3401294522176, -952.3401294522176, -952.3401294522176, -952.3401294522176, -952.3401294522176, -952.3401294522176, -952.3401294522176, -969.9221406659138], 
