[-650.9640043559316, -650.9640043559316, -650.9640043559316, -650.9640043559316, -650.9640043559316, -650.9640043559316, -650.9640043559316, -650.9640043559316, -774.9178711076302, -790.8699487902727, -790.8699487902727, -790.8699487902727, -790.8699487902727, -790.8699487902727, -880.2290529947584, -880.2290529947584, -880.2290529947584, -880.2290529947584, -904.7854839849267, -904.7854839849267], 
[498.85806314872366, -830.7382146680399, -830.7382146680399, -830.7382146680399, -830.7382146680399, -830.7382146680399, -830.7382146680399, -830.7382146680399, -830.7382146680399, -830.7382146680399, -846.6426399668826, -867.9439436160158, -867.9439436160158, -867.9439436160158, -889.2005313080049, -889.2005313080049, -969.2855868824972, -969.2855868824972, -984.8655657037837, -985.8195886890451], 
[-423.80880822533595, -423.80880822533595, -423.80880822533595, -423.80880822533595, -423.80880822533595, -616.1912822521471, -616.1912822521471, -616.1912822521471, -791.6155391054444, -791.6155391054444, -791.6155391054444, -791.6155391054444, -791.6155391054444, -882.9184460873488, -882.9184460873488, -882.9184460873488, -883.3953277417426, -891.446406625545, -913.5692191938344, -913.5692191938344], 
[1109.3646594228708, -2.9926528176388274, -223.84656086067355, -223.84656086067355, -344.3470130085801, -344.3470130085801, -344.3470130085801, -491.392708610366, -604.6462173424695, -604.6462173424695, -604.6462173424695, -788.4405073208646, -788.4405073208646, -849.3721900021853, -849.3721900021853, -849.3721900021853, -852.0630456470042, -891.7457254012535, -891.7457254012535, -928.7145529199965], 
[1478.0030159205594, 448.42155550607754, 127.0524727746913, 127.0524727746913, 127.0524727746913, 127.0524727746913, -588.5777866201262, -588.5777866201262, -813.290690373411, -813.290690373411, -813.290690373411, -813.290690373411, -813.290690373411, -813.290690373411, -813.290690373411, -813.290690373411, -813.290690373411, -934.5796633558164, -934.5796633558164, -935.4088895836998], 
[1019.8087404963635, -402.69566133484466, -402.69566133484466, -472.4551576051184, -472.4551576051184, -472.4551576051184, -631.921318018977, -631.921318018977, -919.3219906104043, -919.3219906104043, -919.3219906104043, -919.3219906104043, -919.3219906104043, -919.3219906104043, -919.3219906104043, -919.3219906104043, -919.3219906104043, -919.3219906104043, -919.3219906104043, -919.3219906104043], 
[121.50024895218189, 121.50024895218189, 121.50024895218189, 71.56405224303103, -645.05235037898, -645.05235037898, -645.05235037898, -645.05235037898, -844.6754943363381, -844.6754943363381, -844.6754943363381, -844.6754943363381, -844.6754943363381, -844.6754943363381, -844.6754943363381, -844.6754943363381, -844.6754943363381, -844.6754943363381, -844.6754943363381, -844.6754943363381], 
[-256.85333210430724, -256.85333210430724, -256.85333210430724, -256.85333210430724, -256.85333210430724, -256.85333210430724, -466.24311892291405, -466.24311892291405, -472.91298500222183, -698.6917000183937, -805.1276249761249, -805.1276249761249, -805.1276249761249, -850.7208193811787, -850.7208193811787, -903.2037912429288, -903.2037912429288, -919.2563519829864, -919.2563519829864, -919.2563519829864], 
[542.4645070951872, -34.81717905254209, -34.81717905254209, -196.2226787602632, -231.38285324957587, -231.38285324957587, -705.8373001033804, -705.8373001033804, -705.8373001033804, -705.8373001033804, -705.8373001033804, -705.8373001033804, -855.5414775302797, -855.5414775302797, -855.5414775302797, -911.1866232076144, -911.1866232076144, -911.1866232076144, -911.1866232076144, -911.1866232076144], 
[-470.57027039984405, -470.57027039984405, -537.1981002082789, -537.1981002082789, -650.1022238867117, -650.1022238867117, -650.1022238867117, -650.1022238867117, -650.1022238867117, -810.0111480585235, -810.0111480585235, -810.0111480585235, -810.0111480585235, -859.9379805822464, -859.9379805822464, -970.3127877741946, -970.3127877741946, -970.3127877741946, -970.3127877741946, -970.3127877741946], 
[20.397613135618712, 20.397613135618712, 20.397613135618712, 20.397613135618712, -797.8241310064462, -797.8241310064462, -797.8241310064462, -797.8241310064462, -797.8241310064462, -797.8241310064462, -821.7032519796037, -821.7032519796037, -845.5542176066574, -845.5542176066574, -845.5542176066574, -845.5542176066574, -845.5542176066574, -845.5542176066574, -910.4231626336513, -910.4231626336513], 
[81.03248377747786, -517.7700925229766, -517.7700925229766, -593.7209373918292, -593.7209373918292, -593.7209373918292, -593.7209373918292, -593.7209373918292, -650.2810080334219, -650.2810080334219, -862.0401113763801, -862.0401113763801, -862.0401113763801, -862.0401113763801, -862.0401113763801, -940.4180943013192, -940.4180943013192, -940.4180943013192, -940.4180943013192, -940.4180943013192], 
[-574.1827559905189, -574.1827559905189, -574.1827559905189, -574.1827559905189, -574.1827559905189, -677.2028710974151, -677.2028710974151, -677.2028710974151, -677.2028710974151, -704.3878294454653, -940.2805911804196, -940.2805911804196, -940.2805911804196, -940.2805911804196, -940.2805911804196, -940.2805911804196, -940.2805911804196, -940.2805911804196, -940.2805911804196, -940.2805911804196], 
[-488.250427860296, -860.6897935482492, -860.6897935482492, -860.6897935482492, -860.6897935482492, -860.6897935482492, -860.6897935482492, -860.6897935482492, -860.6897935482492, -860.6897935482492, -860.6897935482492, -860.6897935482492, -888.8423931029331, -888.8423931029331, -888.8423931029331, -888.8423931029331, -888.8423931029331, -949.3329659937754, -949.3329659937754, -949.3329659937754], 
[-407.0765138213776, -753.2788569472534, -753.2788569472534, -753.2788569472534, -753.2788569472534, -753.2788569472534, -753.2788569472534, -753.2788569472534, -839.0901416138579, -839.0901416138579, -839.0901416138579, -876.3197252731046, -876.3197252731046, -876.5385838796061, -876.5385838796061, -876.5385838796061, -876.5385838796061, -876.5385838796061, -896.0509412161965, -896.0509412161965], 
[-356.64594728677764, -356.64594728677764, -356.64594728677764, -696.3551753085446, -696.3551753085446, -696.3551753085446, -696.3551753085446, -696.3551753085446, -767.8515709057731, -905.2172785548491, -905.2172785548491, -905.2172785548491, -905.2172785548491, -905.2172785548491, -931.9403126394122, -931.9403126394122, -931.9403126394122, -931.9403126394122, -936.1225607070924, -936.1225607070924], 
[696.0144083057148, -850.4661957615081, -850.4661957615081, -850.4661957615081, -850.4661957615081, -850.4661957615081, -850.4661957615081, -850.4661957615081, -850.4661957615081, -850.4661957615081, -850.4661957615081, -850.4661957615081, -850.4661957615081, -850.4661957615081, -850.4661957615081, -850.4661957615081, -880.9734826333354, -880.9734826333354, -880.9734826333354, -880.9734826333354], 
[-427.7821509521075, -535.4469938447216, -535.4469938447216, -626.1308912477311, -626.1308912477311, -771.2411542762281, -771.2411542762281, -771.2411542762281, -869.7893775326952, -869.7893775326952, -869.7893775326952, -869.7893775326952, -904.613927886061, -928.7537659617533, -928.7537659617533, -928.7537659617533, -928.7537659617533, -928.7537659617533, -928.7537659617533, -928.7537659617533], 
[-582.7098291233895, -582.7098291233895, -582.7098291233895, -582.7098291233895, -582.7098291233895, -664.8914051672803, -664.8914051672803, -664.8914051672803, -664.8914051672803, -779.3484280190951, -809.9258411583094, -868.6005542576949, -868.6005542576949, -869.908262136169, -879.4504904817343, -879.4504904817343, -879.4504904817343, -940.28096845174, -949.1124848002314, -949.1124848002314], 
[781.2064068916907, -700.3705927692104, -700.3705927692104, -700.3705927692104, -709.2300577294026, -709.2300577294026, -815.7056939689624, -815.7056939689624, -815.7056939689624, -815.7056939689624, -815.7056939689624, -815.7056939689624, -815.7056939689624, -815.7056939689624, -819.5452812038329, -819.5452812038329, -819.5452812038329, -856.6228373292566, -856.6228373292566, -856.6228373292566], 
[-287.73027445400714, -750.9098097147124, -750.9098097147124, -750.9098097147124, -750.9098097147124, -856.3425175960708, -875.2521936319154, -875.2521936319154, -875.2521936319154, -875.2521936319154, -875.2521936319154, -875.2521936319154, -875.2521936319154, -875.2521936319154, -875.2521936319154, -877.9019405866272, -877.9019405866272, -877.9019405866272, -923.4927643984349, -930.2469175637909], 
[163.65636117260783, 163.65636117260783, -527.582432341685, -527.582432341685, -527.582432341685, -527.582432341685, -649.0915473191565, -864.2042629672784, -864.2042629672784, -864.2042629672784, -864.2042629672784, -864.2042629672784, -868.3138623390983, -868.3138623390983, -868.3138623390983, -868.3138623390983, -868.3138623390983, -877.2375381218546, -897.308601241081, -897.308601241081], 
[-307.8392049716665, -307.8392049716665, -307.8392049716665, -307.8392049716665, -307.8392049716665, -307.8392049716665, -380.0246404457471, -719.0274881883436, -732.4649291208677, -741.7763918915448, -741.7763918915448, -827.3838151086348, -827.3838151086348, -848.4681907902, -848.4681907902, -848.4681907902, -850.2891109191258, -911.5723549381147, -911.5723549381147, -911.5723549381147], 
[1205.0205765411947, -877.9282253629083, -877.9282253629083, -877.9282253629083, -877.9282253629083, -877.9282253629083, -877.9282253629083, -877.9282253629083, -877.9282253629083, -877.9282253629083, -877.9282253629083, -877.9282253629083, -877.9282253629083, -877.9282253629083, -904.437440337538, -957.9997524570575, -957.9997524570575, -957.9997524570575, -957.9997524570575, -957.9997524570575], 
[1238.6881499963292, -394.2713672444744, -734.6333064776119, -734.6333064776119, -734.6333064776119, -734.6333064776119, -889.5739839163343, -889.5739839163343, -899.5033794584494, -899.5033794584494, -918.1196187014232, -918.1196187014232, -918.1196187014232, -918.1196187014232, -918.1196187014232, -918.1196187014232, -918.1196187014232, -918.1196187014232, -918.1196187014232, -924.3770191226671], 
[-183.69814701799658, -183.69814701799658, -183.69814701799658, -308.45579475780414, -893.1700761403295, -893.1700761403295, -893.1700761403295, -893.1700761403295, -893.1700761403295, -893.1700761403295, -893.1700761403295, -893.1700761403295, -893.1700761403295, -893.5631133142608, -896.1385362181786, -913.581387143208, -937.1179844509123, -937.1179844509123, -937.1179844509123, -937.1179844509123], 
[-507.6469086514026, -507.6469086514026, -507.6469086514026, -507.6469086514026, -597.9617645105, -814.9023786032727, -814.9023786032727, -814.9023786032727, -814.9023786032727, -814.9023786032727, -814.9023786032727, -844.0170667512319, -873.3298150042326, -873.3298150042326, -873.3298150042326, -891.2650010810044, -891.2650010810044, -891.2650010810044, -916.6731045095287, -916.6731045095287], 
[-450.8056168719759, -450.8056168719759, -450.8056168719759, -450.8056168719759, -450.8056168719759, -779.93367875598, -779.93367875598, -779.93367875598, -867.8766656761591, -867.8766656761591, -867.8766656761591, -912.4322633394719, -912.4322633394719, -912.4322633394719, -912.4322633394719, -912.4322633394719, -912.4322633394719, -912.4322633394719, -912.4322633394719, -912.4322633394719], 
[-478.2388091166098, -478.2388091166098, -757.11541001027, -757.11541001027, -757.11541001027, -757.11541001027, -757.11541001027, -757.11541001027, -823.8225658016096, -935.7516572571526, -935.7516572571526, -935.7516572571526, -935.7516572571526, -935.7516572571526, -935.7516572571526, -935.7516572571526, -935.7516572571526, -935.7516572571526, -935.7516572571526, -935.7516572571526], 
[120.1803943586824, 120.1803943586824, 37.223139586854586, -221.60279494210636, -221.60279494210636, -331.1139408038523, -481.15054394104084, -481.15054394104084, -583.0055179242488, -583.0055179242488, -607.6131355042994, -607.6131355042994, -619.072590233766, -675.5702548428451, -692.8535567524312, -767.3451292413137, -767.3451292413137, -767.3451292413137, -803.8748915993867, -879.456969665605], 
