[-957.9482488969594, -957.9482488969594, -957.9482488969594, -957.9482488969594, -957.9482488969594, -957.9482488969594, -957.9482488969594, -957.9482488969594, -957.9482488969594, -957.9482488969594, -957.9482488969594, -957.9482488969594, -957.9482488969594, -957.9482488969594, -957.9482488969594, -957.9482488969594, -957.9482488969594, -970.2040678098604, -970.2040678098604, -970.2040678098604], 
[1485.663654747441, -445.12607788964306, -445.12607788964306, -445.12607788964306, -445.12607788964306, -831.5749329187586, -831.5749329187586, -831.5749329187586, -848.6404147543736, -848.6404147543736, -848.6404147543736, -953.7107606432386, -953.7107606432386, -953.7107606432386, -953.7107606432386, -953.7107606432386, -953.7107606432386, -953.7107606432386, -958.2452063576592, -958.2452063576592], 
[-141.08293373758238, -141.08293373758238, -873.2768995204873, -873.2768995204873, -873.2768995204873, -873.2768995204873, -873.2768995204873, -873.2768995204873, -873.2768995204873, -873.2768995204873, -915.8913973664739, -915.8913973664739, -915.8913973664739, -915.8913973664739, -915.8913973664739, -915.8913973664739, -915.8913973664739, -915.8913973664739, -915.8913973664739, -920.5927732505891], 
[824.4394236118142, -267.45749151286907, -267.45749151286907, -693.0070830744678, -693.0070830744678, -838.95100305346, -838.95100305346, -838.95100305346, -838.95100305346, -877.7477549819262, -877.7477549819262, -877.7477549819262, -906.5115694492316, -906.5115694492316, -906.5115694492316, -906.5115694492316, -906.5115694492316, -906.5115694492316, -906.5115694492316, -936.9777005728455], 
[-397.66891380485174, -397.66891380485174, -446.52165387479045, -446.52165387479045, -446.52165387479045, -514.761971569419, -597.9142767411902, -597.9142767411902, -597.9142767411902, -665.0194486095456, -918.7231112212368, -918.7231112212368, -918.7231112212368, -918.7231112212368, -933.9346866535426, -933.9346866535426, -933.9346866535426, -933.9346866535426, -933.9346866535426, -933.9346866535426], 
[-588.5758963196212, -588.5758963196212, -588.5758963196212, -588.5758963196212, -588.5758963196212, -588.5758963196212, -725.4253397565953, -777.6842987933478, -777.6842987933478, -777.6842987933478, -794.8898904281048, -838.2539134639217, -975.7227568226416, -975.7227568226416, -975.7227568226416, -975.7227568226416, -975.7227568226416, -975.7227568226416, -975.7227568226416, -975.7227568226416], 
[502.97134274481914, 502.97134274481914, 502.97134274481914, 471.0984488453894, 399.6528688184869, 45.697494015184475, -710.9452342993256, -896.9666427493632, -896.9666427493632, -896.9666427493632, -896.9666427493632, -907.1873966568934, -907.1873966568934, -907.1873966568934, -916.3251335616055, -916.3251335616055, -916.3251335616055, -936.9090759025745, -936.9090759025745, -936.9090759025745], 
[-467.5218143151633, -600.5464437752187, -600.5464437752187, -600.5464437752187, -627.5604793139104, -859.964195604101, -859.964195604101, -859.964195604101, -859.964195604101, -859.964195604101, -859.964195604101, -859.964195604101, -859.964195604101, -859.964195604101, -865.917739096246, -884.5381633796276, -889.9851929048017, -905.3220606619363, -905.3220606619363, -905.3220606619363], 
[-278.42953628659563, -278.42953628659563, -278.42953628659563, -278.42953628659563, -679.6304852283895, -679.6304852283895, -679.6304852283895, -758.4018041836785, -758.4018041836785, -803.2878143138494, -803.2878143138494, -803.2878143138494, -880.8958903236313, -880.8958903236313, -880.8958903236313, -880.8958903236313, -880.8958903236313, -890.497947360549, -938.6975962087595, -938.6975962087595], 
[-896.2615692093584, -896.2615692093584, -896.2615692093584, -896.2615692093584, -896.2615692093584, -896.2615692093584, -896.2615692093584, -896.2615692093584, -896.2615692093584, -896.2615692093584, -896.2615692093584, -896.2615692093584, -896.2615692093584, -896.2615692093584, -905.1108433100671, -905.1108433100671, -925.678185820825, -925.678185820825, -935.0475164567752, -944.755621177401], 
[341.05015242932905, -93.68666639710398, -238.61407223208641, -238.61407223208641, -840.3951304752309, -840.3951304752309, -840.3951304752309, -840.3951304752309, -840.3951304752309, -840.3951304752309, -840.3951304752309, -840.3951304752309, -840.3951304752309, -874.8086832400131, -874.8086832400131, -874.8086832400131, -874.8086832400131, -874.8086832400131, -874.8086832400131, -940.251888147656], 
[-371.0468179241806, -371.0468179241806, -371.0468179241806, -371.0468179241806, -467.22886621141015, -741.4547709283438, -741.4547709283438, -883.8888120158217, -883.8888120158217, -913.2068053234013, -913.2068053234013, -913.2068053234013, -913.2068053234013, -913.2068053234013, -913.2068053234013, -913.2068053234013, -913.2068053234013, -913.2068053234013, -933.6639191922019, -933.6639191922019], 
[96.28680609992716, 96.28680609992716, -327.76627822765806, -777.7919466728047, -777.7919466728047, -777.7919466728047, -777.7919466728047, -777.7919466728047, -777.7919466728047, -777.7919466728047, -777.7919466728047, -777.7919466728047, -875.0240359814213, -875.0240359814213, -875.0240359814213, -875.0240359814213, -875.0240359814213, -875.0240359814213, -875.0240359814213, -875.0240359814213], 
[250.26025736788938, 250.26025736788938, -32.36952826990796, -32.36952826990796, -32.36952826990796, -261.2876764882509, -722.2817555047989, -722.2817555047989, -722.2817555047989, -722.2817555047989, -858.431860023337, -858.431860023337, -858.431860023337, -858.431860023337, -858.431860023337, -858.431860023337, -858.431860023337, -858.431860023337, -922.866036983406, -961.9497464641855], 
[361.6829151402983, 192.40342551544632, -361.4928360358276, -361.4928360358276, -361.4928360358276, -361.4928360358276, -574.9971301262009, -574.9971301262009, -874.4142271334413, -874.4142271334413, -874.4142271334413, -874.4142271334413, -938.1367329351023, -938.1367329351023, -938.1367329351023, -938.1367329351023, -938.1367329351023, -938.1367329351023, -938.1367329351023, -938.1367329351023], 
[-646.8877719947506, -646.8877719947506, -646.8877719947506, -646.8877719947506, -646.8877719947506, -646.8877719947506, -647.1437467369589, -647.1437467369589, -647.1437467369589, -672.1831808769609, -818.8327292185953, -886.9741536401973, -886.9741536401973, -886.9741536401973, -886.9741536401973, -886.9741536401973, -886.9741536401973, -886.9741536401973, -886.9741536401973, -906.3970399137904], 
[217.2184181093494, -99.22731889313707, -99.22731889313707, -264.84894024924324, -264.84894024924324, -588.5300636327445, -588.5300636327445, -588.5300636327445, -594.4538830940301, -594.4538830940301, -690.0654369411338, -690.0654369411338, -792.4004194444005, -792.4004194444005, -876.2879800988853, -876.2879800988853, -876.2879800988853, -876.2879800988853, -925.4301346975486, -925.4301346975486], 
[-195.18696572992246, -195.18696572992246, -195.18696572992246, -505.0294675188578, -656.4574829423797, -656.4574829423797, -685.8333662509758, -685.8333662509758, -685.8333662509758, -721.8845515789446, -721.8845515789446, -721.8845515789446, -721.8845515789446, -721.8845515789446, -828.7507816987854, -828.7507816987854, -828.7507816987854, -828.7507816987854, -895.1613684847316, -895.1613684847316], 
[131.68924373864274, 131.68924373864274, -293.93118874671404, -499.33758198151065, -499.33758198151065, -499.33758198151065, -499.33758198151065, -806.8038827239731, -806.8038827239731, -806.8038827239731, -806.8038827239731, -860.3789317020855, -864.0475992934633, -864.0475992934633, -940.5910568420633, -940.5910568420633, -940.5910568420633, -940.5910568420633, -941.4608391888738, -941.4608391888738], 
[-788.608404527727, -788.608404527727, -788.608404527727, -788.608404527727, -788.608404527727, -833.8003522612292, -833.8003522612292, -833.8003522612292, -833.8003522612292, -833.8003522612292, -892.4600118113584, -892.4600118113584, -892.4600118113584, -892.4600118113584, -892.4600118113584, -892.4600118113584, -918.6867649023928, -918.6867649023928, -918.6867649023928, -918.6867649023928], 
[454.30569027737783, 454.30569027737783, 454.30569027737783, 291.11464009612723, -366.53936942499195, -366.53936942499195, -366.53936942499195, -366.53936942499195, -547.2896955338676, -561.8859350158759, -662.3224547174799, -900.3107902369164, -900.3107902369164, -900.3107902369164, -900.3107902369164, -932.4622554090379, -932.4622554090379, -932.4622554090379, -932.4622554090379, -932.4622554090379], 
[-27.514434106694807, -75.19760592136254, -75.19760592136254, -75.19760592136254, -75.19760592136254, -744.1346347040222, -744.1346347040222, -744.1346347040222, -744.1346347040222, -744.1346347040222, -744.1346347040222, -818.6658735567244, -834.3188709599065, -839.4067672759584, -839.4067672759584, -927.3903710576485, -927.3903710576485, -927.3903710576485, -927.3903710576485, -927.3903710576485], 
[-688.3914094353747, -949.738406626834, -949.738406626834, -949.738406626834, -949.738406626834, -949.738406626834, -949.738406626834, -949.738406626834, -949.738406626834, -949.738406626834, -949.738406626834, -949.738406626834, -949.738406626834, -949.738406626834, -949.738406626834, -949.738406626834, -949.738406626834, -949.738406626834, -949.738406626834, -949.738406626834], 
[-386.20415539339206, -386.20415539339206, -386.20415539339206, -386.20415539339206, -921.9982761156281, -921.9982761156281, -921.9982761156281, -921.9982761156281, -921.9982761156281, -921.9982761156281, -921.9982761156281, -921.9982761156281, -921.9982761156281, -921.9982761156281, -921.9982761156281, -921.9982761156281, -932.4410936053857, -932.4410936053857, -932.4410936053857, -932.4410936053857], 
[620.2182057478221, -782.0082424184715, -782.0082424184715, -782.0082424184715, -782.0082424184715, -782.0082424184715, -782.0082424184715, -782.0082424184715, -782.0082424184715, -782.0082424184715, -782.0082424184715, -819.433944049554, -819.433944049554, -921.5333484939121, -921.5333484939121, -921.5333484939121, -923.2718750644585, -923.2718750644585, -923.2718750644585, -944.7535565748615], 
[-551.9699883773342, -551.9699883773342, -551.9699883773342, -551.9699883773342, -551.9699883773342, -551.9699883773342, -551.9699883773342, -551.9699883773342, -551.9699883773342, -574.9232720564826, -741.4920364084664, -741.4920364084664, -776.5474814483034, -776.5474814483034, -794.5436816599054, -842.4428210706076, -857.8698962508658, -868.6438078501321, -914.0378164397571, -914.0378164397571], 
[-679.5378598034606, -679.5378598034606, -679.5378598034606, -679.5378598034606, -679.5378598034606, -679.5378598034606, -679.5378598034606, -679.5378598034606, -679.5378598034606, -679.5378598034606, -831.8319019473842, -831.8319019473842, -831.8319019473842, -831.8319019473842, -831.8319019473842, -831.8319019473842, -831.8319019473842, -831.8319019473842, -905.6626393898027, -905.6626393898027], 
[351.71223397401786, -79.53338064965783, -79.53338064965783, -225.14150248907742, -225.14150248907742, -569.7955398729534, -569.7955398729534, -569.7955398729534, -759.6348269347748, -759.6348269347748, -759.6348269347748, -759.6348269347748, -759.6348269347748, -918.2723087978137, -918.2723087978137, -954.4611507317206, -954.4611507317206, -954.4611507317206, -954.4611507317206, -954.4611507317206], 
[-117.55988813969009, -117.55988813969009, -731.8321199870984, -731.8321199870984, -731.8321199870984, -731.8321199870984, -807.4406816995172, -807.4406816995172, -807.4406816995172, -807.4406816995172, -807.4406816995172, -850.2696484272997, -878.937849667104, -970.5183914436024, -970.5183914436024, -970.5183914436024, -970.5183914436024, -970.5183914436024, -970.5183914436024, -970.5183914436024], 
[1159.3271855922585, 1129.0839816553507, -479.915832250074, -479.915832250074, -541.0679418194704, -541.0679418194704, -541.0679418194704, -541.0679418194704, -541.0679418194704, -541.0679418194704, -550.7930229577878, -582.8451781673839, -582.8451781673839, -813.0993172528463, -813.0993172528463, -813.0993172528463, -813.0993172528463, -813.0993172528463, -813.0993172528463, -961.3541840010218], 
