[-876.633469920557, -876.633469920557, -876.633469920557, -876.633469920557, -876.633469920557, -876.633469920557, -876.633469920557, -876.633469920557, -906.5719455298862, -906.5719455298862, -907.328166991019, -907.328166991019, -907.328166991019, -907.328166991019, -928.4009149825989, -928.4009149825989, -937.3720177734954, -937.3720177734954, -937.3720177734954, -955.0750071695718], 
[30.3366754366607, 30.3366754366607, 30.3366754366607, 30.3366754366607, -801.7143846524232, -801.7143846524232, -801.7143846524232, -801.7143846524232, -801.7143846524232, -801.7143846524232, -801.7143846524232, -801.7143846524232, -801.7143846524232, -801.7143846524232, -891.3632595854008, -891.3632595854008, -895.3695456185766, -897.7799383642565, -897.7799383642565, -897.7799383642565], 
[2450.1563703050524, 1288.0970054075187, 184.55539220783953, -332.5965418352405, -332.5965418352405, -332.5965418352405, -332.5965418352405, -416.9339129440008, -416.9339129440008, -514.4921489425774, -789.3000118348918, -789.3000118348918, -789.3000118348918, -789.3000118348918, -789.3000118348918, -823.4534184027145, -823.4534184027145, -863.2226606087012, -899.0638834333395, -900.0297783976678], 
[-521.9075668021578, -521.9075668021578, -521.9075668021578, -693.0928230644316, -693.0928230644316, -693.0928230644316, -693.0928230644316, -693.0928230644316, -693.0928230644316, -693.0928230644316, -753.0197171266011, -797.4391470658162, -804.0111043602011, -804.0111043602011, -922.5552379591381, -922.5552379591381, -922.5552379591381, -922.5552379591381, -922.5552379591381, -922.5552379591381], 
[-163.73791298573508, -163.73791298573508, -163.73791298573508, -163.73791298573508, -601.851407024719, -601.851407024719, -601.851407024719, -676.4679665196916, -676.4679665196916, -681.9408374807149, -681.9408374807149, -867.7938402415522, -867.7938402415522, -891.9348172860124, -891.9348172860124, -891.9348172860124, -897.5479398566797, -897.5479398566797, -897.5479398566797, -925.5986139865241], 
[474.8688499612267, -929.0999121547293, -929.0999121547293, -929.0999121547293, -929.0999121547293, -929.0999121547293, -929.0999121547293, -929.0999121547293, -929.0999121547293, -929.0999121547293, -929.0999121547293, -929.0999121547293, -929.0999121547293, -929.0999121547293, -929.0999121547293, -929.0999121547293, -929.0999121547293, -929.0999121547293, -929.0999121547293, -929.0999121547293], 
[-371.9965132360496, -371.9965132360496, -792.8729088120681, -792.8729088120681, -792.8729088120681, -792.8729088120681, -792.8729088120681, -792.8729088120681, -792.8729088120681, -792.8729088120681, -792.8729088120681, -792.8729088120681, -792.8729088120681, -885.6060041043348, -923.657850505912, -923.657850505912, -923.657850505912, -923.657850505912, -923.657850505912, -930.5085577177539], 
[321.65650879205623, -157.87708517788906, -453.4448970625043, -453.4448970625043, -722.3871524174401, -722.3871524174401, -722.3871524174401, -722.3871524174401, -722.3871524174401, -722.3871524174401, -722.3871524174401, -722.3871524174401, -722.3871524174401, -811.4908835464277, -811.4908835464277, -811.4908835464277, -864.0530951249566, -864.0530951249566, -917.1856648081225, -917.1856648081225], 
[-341.69022178272985, -341.69022178272985, -432.36825163331036, -432.36825163331036, -432.36825163331036, -483.53880295930855, -483.53880295930855, -483.53880295930855, -483.53880295930855, -592.1568778984308, -723.8105936383215, -723.8105936383215, -791.3170756357865, -791.3170756357865, -791.3170756357865, -791.3170756357865, -884.7035192285499, -884.7035192285499, -884.7035192285499, -884.7035192285499], 
[-565.6317529162415, -565.6317529162415, -565.6317529162415, -565.6317529162415, -565.6317529162415, -565.6317529162415, -565.6317529162415, -674.0934290241695, -715.0914868495631, -715.0914868495631, -783.2171487175858, -783.2171487175858, -952.3587405253694, -952.3587405253694, -952.3587405253694, -964.8811242826894, -964.8811242826894, -964.8811242826894, -964.8811242826894, -964.8811242826894], 
[166.81736335257824, 166.81736335257824, 166.81736335257824, 147.61562716634967, -623.6503137684208, -623.6503137684208, -623.6503137684208, -623.6503137684208, -623.6503137684208, -750.2340855249113, -750.2340855249113, -782.1539977065327, -861.9651869039144, -861.9651869039144, -861.9651869039144, -861.9651869039144, -869.4508201331533, -869.4508201331533, -869.4508201331533, -869.4508201331533], 
[-39.909648618641086, -39.909648618641086, -39.909648618641086, -218.55534867915605, -393.6261744001405, -493.4147397620371, -493.4147397620371, -827.4902949904686, -920.1599559015369, -920.1599559015369, -920.1599559015369, -920.1599559015369, -920.1599559015369, -920.1599559015369, -920.1599559015369, -939.2164258808706, -962.2138465455321, -962.2138465455321, -962.2138465455321, -962.2138465455321], 
[-258.38649215476096, -258.38649215476096, -258.38649215476096, -258.38649215476096, -378.4175440576113, -768.5613135563707, -768.5613135563707, -768.5613135563707, -768.5613135563707, -768.5613135563707, -819.6017106842991, -897.3017058019086, -933.4713375501284, -933.4713375501284, -933.4713375501284, -933.4713375501284, -933.4713375501284, -933.4713375501284, -947.8470785716318, -947.8470785716318], 
[12.076722072144435, -60.74664462915041, -60.74664462915041, -60.74664462915041, -566.3556206987184, -566.3556206987184, -583.5315058850097, -656.162146912862, -656.162146912862, -656.162146912862, -747.7497295934213, -747.7497295934213, -747.7497295934213, -905.3836747594124, -905.3836747594124, -905.3836747594124, -917.7324983045063, -917.7324983045063, -917.7324983045063, -917.7324983045063], 
[-178.5576257682717, -178.5576257682717, -178.5576257682717, -178.5576257682717, -178.5576257682717, -805.1656628378042, -805.1656628378042, -805.1656628378042, -878.4529445426206, -878.4529445426206, -878.4529445426206, -878.4529445426206, -878.4529445426206, -878.4529445426206, -878.4529445426206, -878.4529445426206, -878.4529445426206, -878.4529445426206, -928.9066275442484, -928.9066275442484], 
[-366.74922759123626, -580.169639936164, -580.169639936164, -743.0167228430223, -743.0167228430223, -743.0167228430223, -743.0167228430223, -743.0167228430223, -743.0167228430223, -743.0167228430223, -743.0167228430223, -743.0167228430223, -793.8821469381655, -800.5248982345446, -800.5248982345446, -800.5248982345446, -800.5248982345446, -900.1852374887552, -905.6752156879193, -930.2164043874801], 
[1946.4432528538591, 304.45718920423974, -97.12663577497392, -97.12663577497392, -97.12663577497392, -97.12663577497392, -481.6870376009822, -628.5973032220779, -670.2316985941069, -670.2316985941069, -670.2316985941069, -684.8961120860722, -684.8961120860722, -721.4160801374105, -809.1219026701507, -809.1219026701507, -824.8026662951627, -824.8026662951627, -937.9080663391, -937.9080663391], 
[311.5651203942059, -500.2005272917182, -500.2005272917182, -500.2005272917182, -500.2005272917182, -849.3865493775237, -849.3865493775237, -849.3865493775237, -849.3865493775237, -849.3865493775237, -849.3865493775237, -849.3865493775237, -849.3865493775237, -849.3865493775237, -849.3865493775237, -849.3865493775237, -849.3865493775237, -880.3758448231276, -880.3758448231276, -880.3758448231276], 
[-697.72609992223, -697.72609992223, -697.72609992223, -697.72609992223, -697.72609992223, -697.72609992223, -697.72609992223, -697.72609992223, -697.72609992223, -697.72609992223, -697.72609992223, -697.72609992223, -876.52331388592, -876.52331388592, -876.52331388592, -876.52331388592, -876.52331388592, -877.141785391035, -877.141785391035, -883.2049050162719], 
[256.6400133613481, 256.6400133613481, 256.6400133613481, -76.55613591622114, -76.55613591622114, -76.55613591622114, -76.55613591622114, -239.75893318517785, -239.75893318517785, -239.75893318517785, -239.75893318517785, -481.71995190684515, -921.604514056982, -921.604514056982, -921.604514056982, -921.6061360374712, -924.9745120835112, -924.9745120835112, -924.9745120835112, -924.9745120835112], 
[493.02806926629773, 195.59454707834652, 188.45753855675798, 188.45753855675798, -2.838074657530683, -694.1055741976927, -694.1055741976927, -694.1055741976927, -694.1055741976927, -694.1055741976927, -694.1055741976927, -738.6656704902745, -738.6656704902745, -776.4576115547309, -776.4576115547309, -896.5740988835403, -896.5740988835403, -896.5740988835403, -896.5740988835403, -896.5740988835403], 
[109.1457213592937, -521.3348248669915, -521.3348248669915, -854.6232182282333, -854.6232182282333, -854.6232182282333, -936.5791263674543, -936.5791263674543, -936.5791263674543, -936.5791263674543, -936.5791263674543, -936.5791263674543, -936.5791263674543, -936.5791263674543, -936.5791263674543, -936.5791263674543, -936.5791263674543, -936.5791263674543, -936.5791263674543, -936.5791263674543], 
[2644.527534246789, -687.5019089229168, -687.5019089229168, -687.5019089229168, -687.5019089229168, -687.5019089229168, -741.5615885615623, -741.5615885615623, -948.7773572458254, -948.7773572458254, -948.7773572458254, -948.7773572458254, -948.7773572458254, -948.7773572458254, -948.7773572458254, -948.7773572458254, -948.7773572458254, -948.7773572458254, -948.7773572458254, -948.7773572458254], 
[-304.60017413455694, -304.60017413455694, -304.60017413455694, -304.60017413455694, -540.9823183775036, -923.6201906349489, -923.6201906349489, -923.6201906349489, -923.6201906349489, -923.6201906349489, -923.6201906349489, -923.6201906349489, -923.6201906349489, -923.6201906349489, -923.6201906349489, -923.6201906349489, -923.6201906349489, -923.6201906349489, -926.082438427751, -952.7597198279442], 
[1629.3418614129578, 1018.9836446114487, -293.4359382172013, -293.4359382172013, -599.1354969541111, -599.1354969541111, -817.6047451047938, -817.6047451047938, -817.6047451047938, -901.2780934479165, -901.2780934479165, -901.2780934479165, -901.2780934479165, -901.2780934479165, -901.2780934479165, -901.2780934479165, -909.342361822002, -909.342361822002, -909.342361822002, -909.342361822002], 
[-600.4609065041483, -600.4609065041483, -600.4609065041483, -600.4609065041483, -600.4609065041483, -600.4609065041483, -600.4609065041483, -658.8671513264601, -873.4808434685718, -873.4808434685718, -873.4808434685718, -873.4808434685718, -873.4808434685718, -873.4808434685718, -877.3193269206176, -897.1461599361822, -897.1461599361822, -897.1461599361822, -897.1461599361822, -897.1461599361822], 
[620.3311378667006, 104.0837976809637, -393.73398163539844, -393.73398163539844, -540.4403411119833, -540.4403411119833, -661.957657878962, -906.9301649867252, -906.9301649867252, -906.9301649867252, -906.9301649867252, -906.9301649867252, -906.9301649867252, -906.9301649867252, -906.9301649867252, -907.6350273854945, -907.6350273854945, -907.6350273854945, -907.6350273854945, -907.6350273854945], 
[915.949620256228, -629.5765599642082, -629.5765599642082, -722.1399476810473, -722.1399476810473, -722.1399476810473, -722.1399476810473, -722.1399476810473, -722.1399476810473, -933.20324964546, -933.20324964546, -933.20324964546, -933.20324964546, -933.20324964546, -933.20324964546, -933.20324964546, -933.20324964546, -933.20324964546, -933.20324964546, -933.20324964546], 
[1126.580189910419, 1021.8153393999942, 237.67709628879038, -787.5007037889256, -787.5007037889256, -787.5007037889256, -795.7542778730867, -795.7542778730867, -795.7542778730867, -795.7542778730867, -870.2725149044493, -870.2725149044493, -870.2725149044493, -870.2725149044493, -870.2725149044493, -870.2725149044493, -871.7492826996133, -871.7492826996133, -920.6927194349645, -920.6927194349645], 
[687.8335469065833, 687.8335469065833, 285.214619503045, -43.36552117882309, -43.36552117882309, -291.70097035714696, -291.70097035714696, -559.8076475049637, -592.7705818495047, -706.0343450117264, -810.3582842835559, -852.391544546358, -852.391544546358, -852.391544546358, -972.1963320622315, -972.1963320622315, -972.1963320622315, -972.1963320622315, -972.1963320622315, -972.1963320622315], 
