[-445.1136897805129, -445.1136897805129, -445.1136897805129, -445.1136897805129, -445.1136897805129, -445.1136897805129, -523.7554191311342, -523.7554191311342, -529.2026118743867, -588.8188166152472, -756.2452580342192, -756.2452580342192, -756.2452580342192, -756.2452580342192, -756.2452580342192, -756.2452580342192, -756.2452580342192, -756.2452580342192, -756.2452580342192, -803.8784616674442], 
[277.4110700186484, -595.0546991241102, -595.0546991241102, -595.0546991241102, -595.0546991241102, -595.0546991241102, -595.0546991241102, -595.0546991241102, -595.0546991241102, -612.6642480260175, -612.6642480260175, -612.6642480260175, -646.106693110561, -646.106693110561, -899.3667945092128, -899.3667945092128, -899.3667945092128, -899.3667945092128, -899.3667945092128, -899.3667945092128], 
[-207.73530822477335, -207.73530822477335, -207.73530822477335, -883.2213293390279, -883.2213293390279, -883.2213293390279, -883.2213293390279, -883.2213293390279, -883.2213293390279, -883.2213293390279, -883.2213293390279, -883.2213293390279, -883.2213293390279, -883.2213293390279, -947.1823618734551, -947.1823618734551, -947.1823618734551, -947.1823618734551, -947.1823618734551, -947.1823618734551], 
[-667.219115778717, -667.219115778717, -749.1362691137133, -760.1199658918504, -760.1199658918504, -760.1199658918504, -760.1199658918504, -760.1199658918504, -760.1199658918504, -760.1199658918504, -760.1199658918504, -760.1199658918504, -782.5259319025729, -782.9693710373666, -810.5873520121794, -831.6996247643374, -884.1469123209259, -884.1469123209259, -884.1469123209259, -884.1469123209259], 
[907.6185943269315, 70.75460358980831, 70.75460358980831, -815.0346278983989, -815.0346278983989, -815.0346278983989, -815.0346278983989, -815.0346278983989, -815.0346278983989, -815.0346278983989, -815.0346278983989, -815.0346278983989, -815.0346278983989, -860.0666839672656, -860.0666839672656, -860.0666839672656, -860.0666839672656, -891.43133453735, -891.43133453735, -891.43133453735], 
[557.1599795680856, -517.5348108489862, -517.5348108489862, -517.5348108489862, -517.5348108489862, -517.5348108489862, -517.5348108489862, -708.2850710294309, -708.2850710294309, -708.2850710294309, -771.5008628500113, -771.5008628500113, -842.9154622922345, -842.9154622922345, -842.9154622922345, -842.9154622922345, -842.9154622922345, -847.8264494746006, -857.3975763698672, -911.0543451578765], 
[-220.58499669303865, -220.58499669303865, -220.58499669303865, -655.6625260559138, -655.6625260559138, -837.3566807589779, -837.3566807589779, -837.3566807589779, -837.3566807589779, -886.8020454351724, -886.8020454351724, -886.8020454351724, -886.8020454351724, -886.8020454351724, -886.8020454351724, -886.8020454351724, -886.8020454351724, -886.8020454351724, -886.8020454351724, -886.8020454351724], 
[-474.4921975871839, -474.4921975871839, -474.4921975871839, -474.4921975871839, -474.4921975871839, -474.4921975871839, -625.3927482715708, -788.1149274757393, -976.7982390526209, -976.7982390526209, -976.7982390526209, -976.7982390526209, -976.7982390526209, -976.7982390526209, -976.7982390526209, -976.7982390526209, -976.7982390526209, -976.7982390526209, -976.7982390526209, -976.7982390526209], 
[200.9182552952584, -51.38241174940174, -51.38241174940174, -640.4551393266486, -640.4551393266486, -640.4551393266486, -737.8553858379198, -737.8553858379198, -864.3318304805975, -864.3318304805975, -864.3318304805975, -864.3318304805975, -926.4926330488536, -926.4926330488536, -926.4926330488536, -926.4926330488536, -926.4926330488536, -926.4926330488536, -926.4926330488536, -926.4926330488536], 
[-457.78813089603943, -457.78813089603943, -457.78813089603943, -457.78813089603943, -457.78813089603943, -457.78813089603943, -457.78813089603943, -457.78813089603943, -527.3641507084092, -527.3641507084092, -527.3641507084092, -527.3641507084092, -808.3169836244587, -864.1325987369078, -864.1325987369078, -866.0044906667492, -866.0044906667492, -929.8721155106496, -929.8721155106496, -929.8721155106496], 
[1559.9375068837348, 825.8316097729517, -16.095244603598758, -510.14221273264315, -885.4718890912902, -885.4718890912902, -885.4718890912902, -885.4718890912902, -885.4718890912902, -885.4718890912902, -885.4718890912902, -885.4718890912902, -924.7669566396969, -924.7669566396969, -924.7669566396969, -936.7866540623857, -936.7866540623857, -984.8758660248334, -984.8758660248334, -984.8758660248334], 
[85.17055071548452, 83.13551147057706, -463.20112174720373, -463.20112174720373, -579.703882748001, -579.703882748001, -583.8353952823588, -583.8353952823588, -630.1017795388274, -630.1017795388274, -630.1017795388274, -630.1017795388274, -630.1017795388274, -721.3819234703788, -721.3819234703788, -791.6582787523462, -791.6582787523462, -863.1155107052844, -910.3089129104305, -950.0922715722675], 
[-920.9795294586447, -920.9795294586447, -920.9795294586447, -920.9795294586447, -920.9795294586447, -920.9795294586447, -920.9795294586447, -920.9795294586447, -920.9795294586447, -920.9795294586447, -920.9795294586447, -920.9795294586447, -920.9795294586447, -920.9795294586447, -920.9795294586447, -920.9795294586447, -920.9795294586447, -920.9795294586447, -920.9795294586447, -920.9795294586447], 
[344.3900371729676, 344.3900371729676, 344.3900371729676, 194.92225095027493, 194.92225095027493, -874.9544446243057, -874.9544446243057, -874.9544446243057, -874.9544446243057, -874.9544446243057, -874.9544446243057, -874.9544446243057, -874.9544446243057, -907.0473539886771, -907.0473539886771, -907.0473539886771, -907.0473539886771, -907.0473539886771, -907.0473539886771, -911.7138231901884], 
[-115.17224918059514, -641.3630249245668, -641.3630249245668, -641.3630249245668, -641.3630249245668, -641.3630249245668, -641.3630249245668, -643.3476259572169, -674.5826163585652, -674.5826163585652, -674.5826163585652, -674.5826163585652, -829.8213817497112, -857.2373417104827, -918.6057575979229, -918.6057575979229, -923.3235552115725, -923.3235552115725, -923.3235552115725, -923.3235552115725], 
[-553.9311107057406, -553.9311107057406, -553.9311107057406, -553.9311107057406, -553.9311107057406, -620.839010973667, -728.6329987797722, -728.6329987797722, -736.4153161463039, -736.4153161463039, -741.6511924211406, -876.3911211346033, -876.3911211346033, -905.2467298819939, -905.2467298819939, -905.2467298819939, -916.0613844504, -916.0613844504, -929.3564138500109, -929.3564138500109], 
[258.7628158571563, 258.7628158571563, -56.209123081228086, -56.209123081228086, -168.18951384092566, -414.9123361755943, -455.91665223867597, -517.732742654124, -681.616194665814, -681.616194665814, -699.0279972584935, -699.0279972584935, -927.9306077553669, -927.9306077553669, -927.9306077553669, -927.9306077553669, -927.9306077553669, -927.9306077553669, -927.9306077553669, -956.6059255746037], 
[-474.9027624017999, -612.5927657844311, -612.5927657844311, -612.5927657844311, -612.5927657844311, -612.5927657844311, -673.6774600967988, -673.6774600967988, -673.6774600967988, -886.5772169267223, -886.5772169267223, -886.5772169267223, -886.5772169267223, -886.5772169267223, -886.5772169267223, -887.3342981558794, -887.3342981558794, -887.3342981558794, -887.3342981558794, -887.3342981558794], 
[-203.53867153758563, -203.53867153758563, -203.53867153758563, -203.53867153758563, -249.2750390878673, -757.0372412177496, -757.0372412177496, -757.0372412177496, -806.1617516949036, -806.1617516949036, -806.1617516949036, -812.5642480869515, -812.5642480869515, -844.162530484807, -844.162530484807, -942.8676172351646, -942.8676172351646, -942.8676172351646, -942.8676172351646, -942.8676172351646], 
[-644.4052273226014, -663.3466167738968, -663.3466167738968, -663.3466167738968, -663.3466167738968, -663.3466167738968, -663.3466167738968, -663.3466167738968, -782.1898476035858, -782.1898476035858, -782.1898476035858, -899.2921688550917, -899.2921688550917, -899.2921688550917, -899.2921688550917, -899.2921688550917, -899.2921688550917, -899.2921688550917, -899.2921688550917, -921.9967481836885], 
[247.4767222334233, -149.0014431129664, -398.76558016552383, -398.76558016552383, -398.76558016552383, -753.2838927694386, -753.2838927694386, -753.2838927694386, -753.2838927694386, -753.2838927694386, -753.2838927694386, -798.1134972915734, -799.1478987069839, -799.1478987069839, -799.1478987069839, -799.1478987069839, -799.1478987069839, -880.7625214516039, -880.7625214516039, -880.7625214516039], 
[-610.6789245940075, -610.6789245940075, -610.6789245940075, -645.9179879578945, -765.829038030924, -765.829038030924, -841.7333197135358, -841.7333197135358, -841.7333197135358, -841.7333197135358, -841.7333197135358, -841.7333197135358, -841.7333197135358, -841.7333197135358, -841.7333197135358, -904.3132804377483, -904.3132804377483, -904.3132804377483, -911.4119581955891, -911.4119581955891], 
[580.8696333011051, -325.5639071062858, -373.65331834681524, -373.65331834681524, -373.65331834681524, -373.65331834681524, -373.65331834681524, -736.0456898284974, -736.0456898284974, -736.0456898284974, -875.4869430815723, -875.4869430815723, -887.8687899365027, -887.8687899365027, -887.8687899365027, -887.8687899365027, -887.8687899365027, -948.2836015236846, -948.2836015236846, -948.2836015236846], 
[1093.2735448241806, 542.8806940008553, 542.8806940008553, 54.18584686987265, -661.2335021548283, -742.6999359432491, -742.6999359432491, -906.7446519618746, -906.7446519618746, -906.7446519618746, -906.7446519618746, -906.7446519618746, -906.7446519618746, -962.7510491965029, -962.7510491965029, -962.7510491965029, -962.7510491965029, -962.7510491965029, -962.7510491965029, -962.7510491965029], 
[12.911150594066612, -227.84046878159518, -227.84046878159518, -308.74607908753876, -860.5348823556169, -860.5348823556169, -860.5348823556169, -860.5348823556169, -860.5348823556169, -860.5348823556169, -923.6352887904985, -923.6352887904985, -923.6352887904985, -923.6352887904985, -923.6352887904985, -923.6352887904985, -951.1149201349044, -951.1149201349044, -951.1149201349044, -951.1149201349044], 
[1471.3132719321752, 1143.3780485595576, 802.7175944714218, -54.87883143121803, -54.87883143121803, -54.87883143121803, -658.4803298600052, -658.4803298600052, -860.5349532206166, -860.5349532206166, -860.5349532206166, -860.5349532206166, -890.986396508552, -890.986396508552, -890.986396508552, -890.986396508552, -890.986396508552, -890.986396508552, -957.6542722392904, -957.6542722392904], 
[528.1770557029395, 528.1770557029395, -74.12652301885839, -82.40709580369537, -82.40709580369537, -443.40519532880467, -573.0282510793365, -573.0282510793365, -761.6042834075129, -761.6042834075129, -761.6042834075129, -761.6042834075129, -839.4180129030276, -839.4180129030276, -839.4180129030276, -849.6308676590911, -860.688929785401, -909.890265883345, -909.890265883345, -909.890265883345], 
[-394.4522694345526, -394.4522694345526, -394.4522694345526, -394.4522694345526, -394.4522694345526, -394.4522694345526, -394.4522694345526, -394.4522694345526, -394.4522694345526, -423.33661351019464, -742.4361162704057, -752.1785896792784, -752.1785896792784, -846.3591567072991, -846.8089262760934, -846.8089262760934, -888.7623804030744, -888.7623804030744, -888.7623804030744, -888.7623804030744], 
[-881.8523882516095, -881.8523882516095, -881.8523882516095, -881.8523882516095, -881.8523882516095, -881.8523882516095, -881.8523882516095, -881.8523882516095, -889.9087871473672, -889.9087871473672, -889.9087871473672, -889.9087871473672, -892.337536160283, -892.337536160283, -892.337536160283, -892.337536160283, -906.0545515212546, -987.7825481876159, -987.7825481876159, -987.7825481876159], 
[473.2201457779124, 473.2201457779124, -809.9521734927146, -809.9521734927146, -809.9521734927146, -809.9521734927146, -809.9521734927146, -809.9521734927146, -809.9521734927146, -809.9521734927146, -809.9521734927146, -906.5702502187268, -906.5702502187268, -906.5702502187268, -906.5702502187268, -906.5702502187268, -906.5702502187268, -913.0354550467113, -913.0354550467113, -913.0354550467113], 
