[95.69354266154369, 95.69354266154369, 95.69354266154369, -280.39292169731027, -900.4246852413073, -900.4246852413073, -900.4246852413073, -900.4246852413073, -900.4246852413073, -900.4246852413073, -900.4246852413073, -900.4246852413073, -900.4246852413073, -900.4246852413073, -900.4246852413073, -900.4246852413073, -900.4246852413073, -944.9310047233113, -944.9310047233113, -944.9310047233113], 
[-654.0936806629086, -654.0936806629086, -654.0936806629086, -654.0936806629086, -654.0936806629086, -654.0936806629086, -654.0936806629086, -781.9330624260825, -884.2504251843644, -884.2504251843644, -884.2504251843644, -884.2504251843644, -884.2504251843644, -884.2504251843644, -884.2504251843644, -884.2504251843644, -884.2504251843644, -884.2504251843644, -888.0577042896256, -901.8933764252206], 
[861.8046846801367, -580.877469488111, -580.877469488111, -580.877469488111, -580.877469488111, -580.877469488111, -580.877469488111, -657.5414040944327, -657.5414040944327, -657.5414040944327, -766.9084632748416, -766.9084632748416, -805.3819649264874, -939.9064248968411, -939.9064248968411, -939.9064248968411, -939.9064248968411, -939.9064248968411, -939.9064248968411, -939.9064248968411], 
[-770.4078914430295, -770.4078914430295, -770.4078914430295, -922.5295442073617, -922.5295442073617, -922.5295442073617, -922.5295442073617, -922.5295442073617, -922.5295442073617, -922.5295442073617, -922.5295442073617, -922.5295442073617, -922.5295442073617, -922.5295442073617, -922.5295442073617, -922.5295442073617, -922.5295442073617, -940.2450125011915, -940.2450125011915, -940.2450125011915], 
[-348.8973524356484, -348.8973524356484, -348.8973524356484, -348.8973524356484, -348.8973524356484, -529.096731907233, -529.096731907233, -620.666032471052, -620.666032471052, -620.666032471052, -849.1430382193938, -862.3516308325422, -862.3516308325422, -862.3516308325422, -862.3516308325422, -932.2277076771213, -932.2277076771213, -932.2277076771213, -932.2277076771213, -932.2277076771213], 
[-101.49832928862747, -458.6943532965638, -546.4068739689927, -546.4068739689927, -546.4068739689927, -546.4068739689927, -828.636113072894, -828.636113072894, -828.636113072894, -828.636113072894, -828.636113072894, -828.636113072894, -828.636113072894, -828.636113072894, -855.9377600241173, -911.7078450732696, -911.7078450732696, -911.7078450732696, -911.7078450732696, -939.6487944112334], 
[1061.0305315611085, -441.0247264145479, -441.0247264145479, -441.0247264145479, -441.0247264145479, -441.0247264145479, -753.0897738340689, -753.0897738340689, -753.0897738340689, -753.0897738340689, -835.8769414233736, -835.8769414233736, -835.8769414233736, -835.8769414233736, -835.8769414233736, -874.0822935458821, -874.0822935458821, -874.0822935458821, -882.7411672680473, -903.8215063324109], 
[-319.1660873479475, -319.1660873479475, -319.1660873479475, -319.1660873479475, -319.1660873479475, -319.1660873479475, -319.1660873479475, -319.1660873479475, -427.7185794024032, -821.0608346065585, -821.0608346065585, -861.8100675119725, -861.8100675119725, -892.7440173926254, -933.7637899476499, -933.7637899476499, -933.7637899476499, -964.2077759515769, -964.2077759515769, -964.2077759515769], 
[1608.0314513368453, 1608.0314513368453, -654.3592825444903, -654.3592825444903, -654.3592825444903, -654.3592825444903, -654.3592825444903, -654.3592825444903, -749.02559924258, -749.02559924258, -749.02559924258, -749.02559924258, -800.8943993898095, -800.8943993898095, -800.8943993898095, -800.8943993898095, -813.3346197650242, -893.4176616343802, -893.4176616343802, -893.4176616343802], 
[960.9667464329154, 141.49010777077365, 141.49010777077365, -777.6172047336164, -777.6172047336164, -777.6172047336164, -777.6172047336164, -777.6172047336164, -777.6172047336164, -784.0533286611992, -784.0533286611992, -824.0708337165684, -824.0708337165684, -927.0882065946488, -927.0882065946488, -927.0882065946488, -927.0882065946488, -927.0882065946488, -927.0882065946488, -929.2499526914687], 
[490.8228672147993, 490.8228672147993, 25.18972588579345, -197.20485991632995, -197.20485991632995, -197.20485991632995, -606.9021860348255, -762.6127522656786, -762.6127522656786, -762.6127522656786, -762.6127522656786, -924.2451878367406, -924.2451878367406, -924.2451878367406, -924.2451878367406, -924.2451878367406, -924.2451878367406, -924.2451878367406, -924.2451878367406, -924.2451878367406], 
[-602.982766334916, -602.982766334916, -602.982766334916, -602.982766334916, -602.982766334916, -899.1373448720608, -899.1373448720608, -899.1373448720608, -941.0388970334775, -941.0388970334775, -941.0388970334775, -941.0388970334775, -941.0388970334775, -941.0388970334775, -941.0388970334775, -941.0388970334775, -941.0388970334775, -941.0388970334775, -941.0388970334775, -941.0388970334775], 
[695.8272846328796, 7.638671859320539, 7.638671859320539, -819.9905727108592, -819.9905727108592, -819.9905727108592, -819.9905727108592, -819.9905727108592, -819.9905727108592, -819.9905727108592, -882.1633325418812, -882.1633325418812, -882.1633325418812, -907.1481910444163, -907.1481910444163, -933.1377797845165, -933.1377797845165, -933.1377797845165, -933.1377797845165, -933.1377797845165], 
[-253.40583675309188, -253.40583675309188, -253.40583675309188, -376.53573610655087, -376.53573610655087, -376.53573610655087, -757.0829800270343, -757.0829800270343, -757.0829800270343, -792.8949977453569, -912.0213289985959, -912.0213289985959, -912.0213289985959, -912.0213289985959, -933.656480645404, -933.656480645404, -933.656480645404, -933.656480645404, -933.656480645404, -938.4730684239458], 
[40.266726569959246, 40.266726569959246, -523.3684256265612, -523.3684256265612, -835.0795797674785, -835.0795797674785, -835.0795797674785, -835.0795797674785, -835.0795797674785, -835.0795797674785, -848.4863662807218, -848.4863662807218, -904.2215372146665, -904.2215372146665, -904.2215372146665, -904.2215372146665, -904.2215372146665, -904.2215372146665, -904.2215372146665, -904.2215372146665], 
[-645.1526038119281, -645.1526038119281, -645.1526038119281, -645.1526038119281, -645.1526038119281, -645.1526038119281, -769.4388859314582, -890.7303840408558, -890.7303840408558, -892.8517939435357, -892.8517939435357, -892.8517939435357, -909.6792347674021, -909.6792347674021, -956.8738054523707, -956.8738054523707, -956.8738054523707, -974.8347339633767, -974.8347339633767, -974.8347339633767], 
[-839.7925208174039, -839.7925208174039, -839.7925208174039, -839.7925208174039, -839.7925208174039, -839.7925208174039, -839.7925208174039, -839.7925208174039, -839.7925208174039, -839.7925208174039, -839.7925208174039, -863.7335850288782, -863.7335850288782, -907.4353161599527, -907.4353161599527, -913.4415936486583, -913.4415936486583, -913.4415936486583, -920.1871272168183, -927.8393767880647], 
[-219.32290340245243, -219.32290340245243, -313.5691840782073, -313.5691840782073, -431.96042477319224, -431.96042477319224, -578.3244252247428, -578.3244252247428, -712.8327551025334, -712.8327551025334, -732.0996572798977, -916.1169827608901, -916.1169827608901, -916.1169827608901, -916.1169827608901, -916.1169827608901, -916.1169827608901, -916.1169827608901, -916.1169827608901, -979.8525014521518], 
[-745.1601547168787, -745.1601547168787, -745.1601547168787, -745.1601547168787, -745.1601547168787, -745.1601547168787, -745.1601547168787, -783.1762268534521, -849.5312645287413, -849.5312645287413, -849.5312645287413, -849.5312645287413, -849.5312645287413, -849.5312645287413, -849.5312645287413, -849.5312645287413, -849.5312645287413, -906.3883933522841, -906.3883933522841, -906.3883933522841], 
[723.1218720612067, 723.1218720612067, -433.38399402500113, -433.38399402500113, -433.38399402500113, -433.38399402500113, -433.38399402500113, -433.38399402500113, -433.38399402500113, -696.768358756471, -696.768358756471, -696.768358756471, -823.3745707357077, -846.1677404839147, -858.8430522146734, -868.2711485171578, -868.2711485171578, -879.6300204685699, -888.2927369157117, -888.2927369157117], 
[123.18950314067365, -124.90972762139666, -124.90972762139666, -893.4553754409952, -893.4553754409952, -893.4553754409952, -893.4553754409952, -893.4553754409952, -893.4553754409952, -893.4553754409952, -893.4553754409952, -893.4553754409952, -893.4553754409952, -893.4553754409952, -893.4553754409952, -893.4553754409952, -893.4553754409952, -893.4553754409952, -893.4553754409952, -902.9348856985268], 
[-253.63804243395157, -253.63804243395157, -322.99564429977636, -418.1700432337374, -805.3401926520835, -805.3401926520835, -805.3401926520835, -805.3401926520835, -805.3401926520835, -805.3401926520835, -805.3401926520835, -805.3401926520835, -805.3401926520835, -805.3401926520835, -805.3401926520835, -805.3401926520835, -838.3312413140682, -838.3312413140682, -838.3312413140682, -934.6518124083171], 
[-882.5262148942314, -882.5262148942314, -882.5262148942314, -882.5262148942314, -882.5262148942314, -886.633133577601, -886.633133577601, -886.633133577601, -886.633133577601, -938.1973407762554, -938.1973407762554, -938.1973407762554, -938.1973407762554, -938.1973407762554, -938.1973407762554, -938.1973407762554, -948.2549791820333, -948.2549791820333, -948.2549791820333, -948.2549791820333], 
[-328.61291593795715, -748.4207135783058, -748.4207135783058, -748.4207135783058, -763.4766627882519, -763.4766627882519, -763.4766627882519, -908.8603093744574, -930.7951875750499, -930.7951875750499, -930.7951875750499, -930.7951875750499, -961.4892523455534, -961.4892523455534, -961.4892523455534, -961.4892523455534, -969.8047215645996, -969.8047215645996, -969.8047215645996, -977.8815358716256], 
[-476.773364228791, -476.773364228791, -476.773364228791, -476.773364228791, -476.773364228791, -624.7223273723905, -703.0179092011309, -703.0179092011309, -703.0179092011309, -703.0179092011309, -703.0179092011309, -830.0860039171616, -830.0860039171616, -839.8541269395115, -839.8541269395115, -839.8541269395115, -839.8541269395115, -884.2010912170413, -884.2010912170413, -884.4902955694719], 
[-771.2991899882055, -771.2991899882055, -771.2991899882055, -771.2991899882055, -771.2991899882055, -771.2991899882055, -771.2991899882055, -771.2991899882055, -779.473296429194, -779.473296429194, -779.473296429194, -779.473296429194, -834.0844677842613, -834.0844677842613, -834.0844677842613, -885.3216113569522, -951.6700429640218, -951.6700429640218, -951.6700429640218, -951.6700429640218], 
[200.2025665718063, 200.2025665718063, -435.95461894601215, -526.1274074330748, -526.1274074330748, -526.1274074330748, -526.1274074330748, -783.4721160190134, -783.4721160190134, -783.4721160190134, -783.4721160190134, -848.7653481972964, -848.7653481972964, -943.1537970721806, -943.1537970721806, -943.1537970721806, -943.1537970721806, -943.1537970721806, -943.1537970721806, -945.6585977107177], 
[-163.1186435697166, -163.1186435697166, -386.28102701920136, -682.5765943669958, -682.5765943669958, -772.3325310168368, -772.3325310168368, -772.3325310168368, -772.3325310168368, -772.3325310168368, -772.3325310168368, -886.1864143397535, -886.1864143397535, -886.1864143397535, -886.1864143397535, -886.1864143397535, -886.1864143397535, -886.1864143397535, -886.1864143397535, -886.1864143397535], 
[190.73423514419028, 170.9861291077484, 170.9861291077484, -592.7379250507745, -592.7379250507745, -595.1652240178187, -595.1652240178187, -785.8686359878297, -785.8686359878297, -785.8686359878297, -785.8686359878297, -785.8686359878297, -785.8686359878297, -785.8686359878297, -785.8686359878297, -785.8686359878297, -873.4919305262765, -891.7133979857655, -891.7133979857655, -919.731845539069], 
[801.1913016547417, -66.62114532153123, -66.62114532153123, -66.62114532153123, -66.62114532153123, -424.31089866651223, -483.33596511237806, -483.33596511237806, -483.33596511237806, -483.33596511237806, -552.5493048552504, -552.5493048552504, -760.0045078014651, -780.7845018503278, -780.7845018503278, -780.7845018503278, -843.2877947982709, -923.2203456786315, -923.2203456786315, -923.4973847467306], 
