[-308.44780304239566, -498.3101034029087, -654.8966212388284, -819.4678337661511, -853.2467502023828, -853.2467502023828, -853.2467502023828, -853.2467502023828, -853.2467502023828, -853.2467502023828, -882.9491309405178, -882.9491309405178, -882.9491309405178, -923.9922429166894, -923.9922429166894, -923.9922429166894, -923.9922429166894, -923.9922429166894, -923.9922429166894, -923.9922429166894], 
[23.224770046193953, -307.9042066759853, -307.9042066759853, -352.1479107268095, -352.1479107268095, -509.7062539382521, -621.0892493585154, -743.37271085982, -743.37271085982, -743.37271085982, -859.6317160228605, -859.6317160228605, -859.6317160228605, -865.7397374407346, -865.7397374407346, -900.2337836670876, -900.2337836670876, -900.2337836670876, -900.2337836670876, -900.2337836670876], 
[265.7148721994863, -269.29373787260613, -269.29373787260613, -269.29373787260613, -269.29373787260613, -775.5335238180813, -775.5335238180813, -775.5335238180813, -775.5335238180813, -775.5335238180813, -815.6476502150767, -815.6476502150767, -815.6476502150767, -815.6476502150767, -851.9597101477307, -851.9597101477307, -885.0878608164005, -885.0878608164005, -885.0878608164005, -947.6214425359522], 
[-588.222495484906, -676.8534903251556, -676.8534903251556, -676.8534903251556, -676.8534903251556, -676.8534903251556, -730.3749746717274, -730.3749746717274, -730.3749746717274, -730.3749746717274, -730.3749746717274, -730.3749746717274, -730.3749746717274, -807.4820698708045, -895.8357249444696, -895.8357249444696, -895.8357249444696, -895.8357249444696, -895.8357249444696, -895.8357249444696], 
[880.9182619614935, 115.59276876197441, -268.69189123872616, -268.69189123872616, -689.8523802695127, -689.8523802695127, -689.8523802695127, -689.8523802695127, -854.9111964228636, -854.9111964228636, -904.5654433057404, -904.5654433057404, -904.5654433057404, -904.5654433057404, -905.3749272796834, -905.3749272796834, -905.3749272796834, -905.3749272796834, -905.9980216228446, -927.2256765430451], 
[788.2303385125085, 650.9314341934223, -369.5498618689992, -369.5498618689992, -668.9550673962815, -668.9550673962815, -668.9550673962815, -668.9550673962815, -779.7579288751026, -779.7579288751026, -779.7579288751026, -779.7579288751026, -779.7579288751026, -779.7579288751026, -779.7579288751026, -796.9189942188407, -917.6443461124802, -928.0999246770667, -928.0999246770667, -928.0999246770667], 
[-348.6867441710384, -348.6867441710384, -348.6867441710384, -348.6867441710384, -867.9457117350656, -914.1768491968465, -914.1768491968465, -914.1768491968465, -914.1768491968465, -914.1768491968465, -914.1768491968465, -914.1768491968465, -914.1768491968465, -914.1768491968465, -914.1768491968465, -914.1768491968465, -914.1768491968465, -914.1768491968465, -914.1768491968465, -914.1768491968465], 
[-15.458620594416516, -15.458620594416516, -125.38688679581867, -428.962460952608, -468.7531834575086, -780.7714838450755, -780.7714838450755, -780.7714838450755, -780.7714838450755, -780.7714838450755, -780.7714838450755, -780.7714838450755, -841.1527294019687, -967.5873591227426, -967.5873591227426, -967.5873591227426, -967.5873591227426, -967.5873591227426, -967.5873591227426, -967.5873591227426], 
[209.12294484625454, -788.5048577135517, -788.5048577135517, -788.5048577135517, -788.5048577135517, -788.5048577135517, -788.5048577135517, -788.5048577135517, -788.5048577135517, -788.5048577135517, -853.1520383452194, -853.1520383452194, -887.0669737914526, -946.3651626609308, -946.3651626609308, -946.3651626609308, -946.3651626609308, -946.3651626609308, -946.3651626609308, -946.3651626609308], 
[-640.6577517225332, -640.6577517225332, -640.6577517225332, -640.6577517225332, -640.6577517225332, -640.6577517225332, -640.6577517225332, -927.4100652846967, -927.4100652846967, -927.4100652846967, -927.4100652846967, -927.4100652846967, -927.4100652846967, -927.4100652846967, -927.4100652846967, -927.4100652846967, -944.8788344688251, -950.131692796937, -950.131692796937, -950.131692796937], 
[1530.3212892283163, 300.23465808521064, 300.23465808521064, -825.7490242020051, -825.7490242020051, -825.7490242020051, -825.7490242020051, -825.7490242020051, -825.7490242020051, -825.7490242020051, -825.7490242020051, -825.7490242020051, -825.7490242020051, -916.2750099368475, -916.2750099368475, -916.2750099368475, -916.2750099368475, -916.2750099368475, -916.2750099368475, -916.2750099368475], 
[-437.46551403515286, -437.46551403515286, -437.46551403515286, -437.46551403515286, -476.42439710694975, -700.6654364903429, -700.6654364903429, -700.6654364903429, -941.7997047868643, -941.7997047868643, -941.7997047868643, -941.7997047868643, -941.7997047868643, -941.7997047868643, -941.7997047868643, -941.7997047868643, -941.7997047868643, -941.7997047868643, -946.1584040075214, -946.1584040075214], 
[546.5078247076833, 546.5078247076833, -203.60594506481254, -203.60594506481254, -548.6245664592011, -621.3902631045944, -621.3902631045944, -743.1581774222991, -743.1581774222991, -887.0024608374871, -887.0024608374871, -887.0024608374871, -887.0024608374871, -887.0024608374871, -887.0024608374871, -887.0024608374871, -887.0024608374871, -887.0024608374871, -887.0024608374871, -887.0024608374871], 
[-182.03857533194457, -636.3988848948284, -636.3988848948284, -636.3988848948284, -636.3988848948284, -636.3988848948284, -636.3988848948284, -636.3988848948284, -636.3988848948284, -636.3988848948284, -863.4458767631255, -863.4458767631255, -863.4458767631255, -863.4458767631255, -897.6741387439198, -897.6741387439198, -939.268398605761, -939.268398605761, -939.268398605761, -939.268398605761], 
[450.4277291413259, 242.62863301746734, 242.62863301746734, -162.2706526093957, -510.6918621910839, -510.6918621910839, -644.1068992622119, -644.1068992622119, -644.1068992622119, -644.1068992622119, -644.1068992622119, -848.8335689464136, -909.3870485365555, -949.3011065045508, -949.3011065045508, -949.3011065045508, -949.3011065045508, -949.3011065045508, -968.4379651040998, -968.4379651040998], 
[416.67909240237736, -229.23674151277476, -652.8429144118461, -652.8429144118461, -903.5463777900585, -903.5463777900585, -923.2623129556866, -923.2623129556866, -923.2623129556866, -923.2623129556866, -923.2623129556866, -923.2623129556866, -923.2623129556866, -923.2623129556866, -923.2623129556866, -925.7236810221232, -925.7236810221232, -925.7236810221232, -937.0464709370743, -937.0464709370743], 
[-695.0836415428287, -872.4345777958873, -872.4345777958873, -872.4345777958873, -872.4345777958873, -872.4345777958873, -872.4345777958873, -887.4209674287602, -887.4209674287602, -887.4209674287602, -887.4209674287602, -887.4209674287602, -887.4209674287602, -887.4209674287602, -887.4209674287602, -887.4209674287602, -887.4209674287602, -887.4209674287602, -887.4209674287602, -887.4209674287602], 
[-399.32454865154796, -830.6301998811339, -830.6301998811339, -830.6301998811339, -830.6301998811339, -893.1564225280158, -893.1564225280158, -893.1564225280158, -893.1564225280158, -893.1564225280158, -893.1564225280158, -893.1564225280158, -893.1564225280158, -893.1564225280158, -896.7186283363428, -896.7186283363428, -896.7186283363428, -897.330811171814, -897.330811171814, -897.330811171814], 
[568.5798185987674, 568.5798185987674, -690.1678382241719, -690.1678382241719, -690.1678382241719, -690.1678382241719, -741.5081062703032, -741.5081062703032, -741.5081062703032, -878.238923635397, -878.238923635397, -878.238923635397, -878.238923635397, -917.9295687845407, -917.9295687845407, -917.9295687845407, -917.9295687845407, -917.9295687845407, -917.9295687845407, -917.9295687845407], 
[-722.433268242434, -722.433268242434, -722.433268242434, -722.433268242434, -722.433268242434, -722.433268242434, -722.433268242434, -722.433268242434, -722.433268242434, -722.433268242434, -722.433268242434, -793.4920411830437, -876.8206026132933, -876.8206026132933, -876.8206026132933, -876.8206026132933, -915.9667731624772, -915.9667731624772, -915.9667731624772, -916.6608077692017], 
[680.2284246112106, 583.7050927507958, 356.09454338328374, -197.33953258479573, -197.33953258479573, -581.1620740164061, -581.1620740164061, -581.1620740164061, -581.1620740164061, -581.1620740164061, -581.1620740164061, -682.6843360688083, -682.6843360688083, -769.406486001795, -792.2343865611539, -832.432363394562, -832.432363394562, -832.432363394562, -832.432363394562, -856.5857128247392], 
[1142.1321072144733, -625.4045041255708, -625.4045041255708, -625.4045041255708, -625.4045041255708, -625.4045041255708, -625.4045041255708, -625.4045041255708, -625.4045041255708, -625.4045041255708, -625.4045041255708, -838.3156883089632, -877.8110813330132, -877.8110813330132, -892.1157135308806, -910.9944497006671, -910.9944497006671, -910.9944497006671, -932.7878430857851, -941.839466762871], 
[-27.239377925513054, -752.0107286864555, -752.0107286864555, -752.0107286864555, -752.0107286864555, -752.0107286864555, -752.0107286864555, -752.0107286864555, -752.0107286864555, -752.0107286864555, -843.8965663890003, -911.9998767628688, -911.9998767628688, -911.9998767628688, -950.1753562015224, -956.394212544198, -956.394212544198, -956.394212544198, -956.394212544198, -956.394212544198], 
[-148.21562472887388, -148.21562472887388, -148.21562472887388, -148.21562472887388, -148.21562472887388, -811.0798907318865, -899.7385969284437, -899.7385969284437, -899.7385969284437, -899.7385969284437, -899.7385969284437, -945.4176262635743, -945.4176262635743, -945.4176262635743, -945.4176262635743, -945.4176262635743, -945.4176262635743, -945.4176262635743, -945.4176262635743, -945.4176262635743], 
[-218.52368786350928, -218.52368786350928, -218.52368786350928, -218.52368786350928, -682.0650186438045, -682.0650186438045, -682.0650186438045, -882.600580055616, -882.600580055616, -882.600580055616, -882.600580055616, -882.600580055616, -882.600580055616, -941.3988311063185, -941.3988311063185, -941.3988311063185, -941.3988311063185, -941.3988311063185, -941.3988311063185, -941.3988311063185], 
[221.70872841132496, -482.39858050876853, -482.39858050876853, -867.3538548335728, -867.3538548335728, -867.3538548335728, -867.3538548335728, -867.3538548335728, -867.3538548335728, -867.3538548335728, -867.3538548335728, -867.3538548335728, -867.3538548335728, -867.3538548335728, -867.3538548335728, -872.7840405235085, -872.7840405235085, -939.9121722816637, -939.9121722816637, -939.9121722816637], 
[388.1410832649715, 388.1410832649715, -369.02893818815744, -583.4648512826323, -673.7520948295656, -673.7520948295656, -745.9142665171537, -745.9142665171537, -745.9142665171537, -745.9142665171537, -905.9838195339345, -905.9838195339345, -905.9838195339345, -905.9838195339345, -905.9838195339345, -905.9838195339345, -905.9838195339345, -905.9838195339345, -905.9838195339345, -940.5957951712803], 
[-174.07467445432314, -174.07467445432314, -174.07467445432314, -210.87280273594934, -633.095249403654, -633.095249403654, -633.095249403654, -921.9759289100085, -921.9759289100085, -921.9759289100085, -921.9759289100085, -921.9759289100085, -921.9759289100085, -921.9759289100085, -921.9759289100085, -931.8951839376899, -933.9203039132353, -933.9203039132353, -933.9203039132353, -933.9203039132353], 
[-459.583106896628, -459.583106896628, -459.583106896628, -459.583106896628, -459.583106896628, -459.583106896628, -697.7318094087074, -697.7318094087074, -697.7318094087074, -697.7318094087074, -697.7318094087074, -697.7318094087074, -708.5003945094105, -782.1015516632583, -782.1015516632583, -784.9307803041903, -923.6887082488036, -923.6887082488036, -923.6887082488036, -984.7397812156219], 
[-574.5116247006397, -574.5116247006397, -574.5116247006397, -574.5116247006397, -574.5116247006397, -574.5116247006397, -574.5116247006397, -574.5116247006397, -574.5116247006397, -620.3792205054795, -657.4559667081793, -800.1257816331733, -800.1257816331733, -843.9833295701695, -843.9833295701695, -843.9833295701695, -846.0089260112829, -846.0089260112829, -940.2491992806074, -940.2491992806074], 
