[-227.80000760217638, -227.80000760217638, -227.80000760217638, -385.50030156675484, -518.6404701410481, -736.0036321541386, -736.0036321541386, -736.0036321541386, -736.0036321541386, -792.8703584777354, -792.8703584777354, -792.8703584777354, -857.4232448660767, -857.4232448660767, -862.8497323331649, -873.1180969826526, -873.1180969826526, -873.1180969826526, -873.1180969826526, -873.1180969826526], 
[-178.31603991188763, -662.4894167621726, -662.4894167621726, -662.4894167621726, -675.5603303634475, -675.5603303634475, -675.5603303634475, -675.5603303634475, -675.5603303634475, -675.5603303634475, -725.1211001552791, -725.1211001552791, -770.2146952854234, -770.2146952854234, -770.2146952854234, -837.6607511380757, -864.553281060668, -864.553281060668, -911.0967043732949, -913.6666096985979], 
[135.6343220009046, -215.76148790107868, -215.76148790107868, -215.76148790107868, -215.76148790107868, -855.2984700697355, -855.2984700697355, -855.2984700697355, -855.2984700697355, -855.2984700697355, -855.2984700697355, -855.2984700697355, -855.2984700697355, -855.2984700697355, -855.2984700697355, -877.2884035838827, -877.2884035838827, -877.2884035838827, -877.2884035838827, -877.2884035838827], 
[-4.935822945434552, -4.935822945434552, -4.935822945434552, -4.935822945434552, -431.6653956757327, -555.6413813791312, -555.6413813791312, -643.3289626187889, -643.3289626187889, -643.3289626187889, -643.3289626187889, -784.9830517317271, -784.9830517317271, -808.9232379035125, -808.9232379035125, -840.2052643878578, -840.2052643878578, -840.2052643878578, -840.2052643878578, -866.5552747484653], 
[-778.1777829372404, -778.1777829372404, -778.1777829372404, -778.1777829372404, -778.1777829372404, -778.1777829372404, -778.1777829372404, -778.1777829372404, -778.1777829372404, -778.1777829372404, -778.1777829372404, -778.1777829372404, -818.4520457833914, -818.4520457833914, -818.4520457833914, -818.4520457833914, -818.4520457833914, -856.3937633157353, -856.3937633157353, -856.3937633157353], 
[-340.18135909578643, -340.18135909578643, -340.18135909578643, -369.5931484109849, -636.215436338714, -636.215436338714, -636.215436338714, -636.215436338714, -677.1733894388447, -677.1733894388447, -699.4983089110762, -753.1244375956695, -753.1244375956695, -839.9880527197258, -839.9880527197258, -885.5208603987166, -919.4448356822273, -919.4448356822273, -919.4448356822273, -919.4448356822273], 
[90.00422290132701, -315.11663227160284, -737.2767757014227, -737.2767757014227, -737.2767757014227, -747.4290028519472, -747.4290028519472, -747.4290028519472, -747.4290028519472, -919.7554211609576, -919.7554211609576, -919.7554211609576, -919.7554211609576, -919.7554211609576, -919.7554211609576, -919.7554211609576, -919.7554211609576, -919.7554211609576, -919.7554211609576, -919.7554211609576], 
[-636.827693003011, -636.827693003011, -636.827693003011, -712.7968465828208, -712.7968465828208, -712.7968465828208, -736.452486328528, -736.452486328528, -840.9476713016677, -840.9476713016677, -840.9476713016677, -840.9476713016677, -840.9476713016677, -840.9476713016677, -840.9476713016677, -840.9476713016677, -900.2159842188546, -932.7458747481419, -954.3676518372371, -954.3676518372371], 
[1129.5292403186427, -207.77024510523972, -207.77024510523972, -207.77024510523972, -207.77024510523972, -207.77024510523972, -207.77024510523972, -574.7995305570935, -574.7995305570935, -786.5230184064163, -786.5230184064163, -786.5230184064163, -786.5230184064163, -901.6838014849538, -901.6838014849538, -901.6838014849538, -901.6838014849538, -910.1536361031849, -910.1536361031849, -910.1536361031849], 
[366.9228896948341, 366.9228896948341, 366.9228896948341, -830.6283933614455, -830.6283933614455, -830.6283933614455, -830.6283933614455, -910.3758394038302, -910.3758394038302, -910.3758394038302, -910.3758394038302, -910.3758394038302, -910.3758394038302, -910.3758394038302, -910.3758394038302, -910.3758394038302, -915.5827372714693, -915.5827372714693, -915.5827372714693, -915.5827372714693], 
[474.66529100651405, 474.66529100651405, -324.27722453831666, -324.27722453831666, -343.8883869032703, -389.8212035284032, -389.8212035284032, -454.85252464831103, -565.1753231352905, -565.1753231352905, -777.0470130766871, -777.0470130766871, -785.4052803177507, -785.4052803177507, -785.4052803177507, -785.4052803177507, -905.2413795916078, -905.2413795916078, -927.2376744387119, -927.2376744387119], 
[-38.71706521121712, -38.71706521121712, -502.28779084983205, -502.28779084983205, -502.28779084983205, -561.1522264887948, -847.0655200563992, -847.0655200563992, -847.0655200563992, -848.1590217590656, -848.1590217590656, -848.1590217590656, -848.1590217590656, -977.7803077644289, -977.7803077644289, -977.7803077644289, -977.7803077644289, -977.7803077644289, -977.7803077644289, -977.7803077644289], 
[446.54999704287934, -506.50706714286594, -506.50706714286594, -506.50706714286594, -648.929834428699, -648.929834428699, -648.929834428699, -648.929834428699, -648.929834428699, -648.929834428699, -655.3260818982404, -655.3260818982404, -655.3260818982404, -818.9165793330785, -818.9165793330785, -818.9165793330785, -818.9165793330785, -871.1787985675461, -871.1787985675461, -911.5468292275159], 
[636.8479774865455, 636.8479774865455, 92.62144662966762, -116.38302706740137, -531.3865689143365, -531.3865689143365, -531.3865689143365, -531.3865689143365, -556.6656319810937, -848.7338345658466, -848.7338345658466, -848.7338345658466, -848.7338345658466, -848.7338345658466, -848.7338345658466, -850.1872581999659, -850.1872581999659, -850.1872581999659, -880.1996279173769, -880.1996279173769], 
[-188.53510508282238, -759.3003511999177, -759.3003511999177, -759.3003511999177, -759.3003511999177, -759.3003511999177, -870.9580935908311, -870.9580935908311, -870.9580935908311, -870.9580935908311, -870.9580935908311, -870.9580935908311, -870.9580935908311, -870.9580935908311, -870.9580935908311, -870.9580935908311, -927.2419773316929, -927.2419773316929, -927.2419773316929, -927.2419773316929], 
[171.58322317772172, -498.6974850457559, -498.6974850457559, -572.98044992427, -572.98044992427, -572.98044992427, -846.8073409845936, -846.8073409845936, -846.8073409845936, -846.8073409845936, -846.8073409845936, -846.8073409845936, -914.4130938957279, -914.4130938957279, -914.4130938957279, -914.4130938957279, -914.4130938957279, -914.4130938957279, -924.232516927424, -974.4825146151722], 
[807.3377012960657, 190.49764691639575, 190.49764691639575, 190.49764691639575, -331.11692685408843, -546.9422859780599, -546.9422859780599, -554.3058582731537, -659.0186823877168, -819.5636456523287, -819.5636456523287, -819.5636456523287, -819.5636456523287, -819.5636456523287, -819.5636456523287, -838.3922101335147, -866.3904239523667, -889.2098912484306, -940.0942584910138, -959.8773882670205], 
[132.87649229477915, 132.87649229477915, -611.5285795143088, -611.5285795143088, -611.5285795143088, -611.5285795143088, -611.5285795143088, -724.137563896152, -724.137563896152, -760.0443426034767, -760.0443426034767, -760.0443426034767, -829.0849135574097, -829.0849135574097, -829.0849135574097, -871.0520818512357, -871.0520818512357, -947.9246109054972, -947.9246109054972, -947.9246109054972], 
[323.96685189310233, 43.734423356532034, -287.5744054839183, -791.482708384478, -791.482708384478, -791.482708384478, -791.482708384478, -831.6297651605571, -831.6297651605571, -831.6297651605571, -831.6297651605571, -831.6297651605571, -853.2546656546955, -877.957118669489, -916.8432375106396, -957.9432716630766, -957.9432716630766, -957.9432716630766, -966.0924278900864, -966.0924278900864], 
[-546.2879661181738, -546.2879661181738, -546.2879661181738, -546.2879661181738, -546.2879661181738, -546.2879661181738, -546.2879661181738, -712.1517170343282, -712.1517170343282, -712.1517170343282, -712.1517170343282, -712.1517170343282, -761.5424000475016, -888.7681505496918, -888.7681505496918, -888.7681505496918, -951.5091524270059, -951.5091524270059, -951.5091524270059, -951.5091524270059], 
[-203.4229186727689, -854.1255718847085, -854.1255718847085, -854.1255718847085, -854.1255718847085, -854.1255718847085, -854.1255718847085, -854.1255718847085, -854.1255718847085, -854.1255718847085, -854.1255718847085, -877.0043449677742, -877.0043449677742, -877.0043449677742, -877.0043449677742, -901.2246701264675, -938.3704004501408, -938.3704004501408, -938.3704004501408, -938.3704004501408], 
[-400.9034504175288, -400.9034504175288, -400.9034504175288, -400.9034504175288, -400.9034504175288, -529.1684484392747, -529.1684484392747, -606.7934442906381, -675.9154114243283, -675.9154114243283, -903.696872221384, -903.696872221384, -903.696872221384, -911.7597100587027, -911.7597100587027, -911.7597100587027, -911.7597100587027, -911.7597100587027, -911.7597100587027, -925.9323553576006], 
[-514.2081633174665, -514.2081633174665, -514.2081633174665, -514.2081633174665, -514.2081633174665, -607.2521342222315, -834.9897422150176, -834.9897422150176, -834.9897422150176, -834.9897422150176, -834.9897422150176, -834.9897422150176, -888.689868708499, -888.689868708499, -888.689868708499, -888.689868708499, -933.3277917202081, -933.3277917202081, -933.3277917202081, -933.3277917202081], 
[337.136617122811, 230.9413795149644, -265.67426462857, -265.67426462857, -409.5877265790922, -409.5877265790922, -548.54621109003, -548.54621109003, -724.9188334478789, -724.9188334478789, -724.9188334478789, -724.9188334478789, -833.9720335783162, -833.9720335783162, -833.9720335783162, -886.4839974690819, -957.0679545278715, -957.0679545278715, -957.0679545278715, -957.0679545278715], 
[843.4876540908685, -219.5401455079001, -219.5401455079001, -219.5401455079001, -219.5401455079001, -697.4264699359242, -697.4264699359242, -756.5593267567333, -854.1115138252933, -854.1115138252933, -854.1115138252933, -854.1115138252933, -854.1115138252933, -854.1115138252933, -868.6295574385429, -945.6613265037632, -945.6613265037632, -945.6613265037632, -945.6613265037632, -945.6613265037632], 
[-344.10347086612103, -344.10347086612103, -877.7055075448654, -877.7055075448654, -877.7055075448654, -877.7055075448654, -877.7055075448654, -877.7055075448654, -877.7055075448654, -877.7055075448654, -877.7055075448654, -884.81389078744, -928.8658808989825, -928.8658808989825, -928.8658808989825, -928.8658808989825, -928.8658808989825, -928.8658808989825, -939.8703451662477, -939.8703451662477], 
[504.9426924557765, -459.31114496464465, -459.31114496464465, -459.31114496464465, -459.31114496464465, -459.31114496464465, -459.31114496464465, -726.6883952776307, -726.6883952776307, -726.6883952776307, -726.6883952776307, -726.6883952776307, -854.0122724743197, -854.0122724743197, -854.0122724743197, -854.0122724743197, -914.5699062326652, -914.5699062326652, -914.5699062326652, -914.5699062326652], 
[-437.3903678022557, -437.3903678022557, -437.3903678022557, -451.3341008593702, -451.3341008593702, -451.3341008593702, -787.0246765452166, -787.0246765452166, -787.0246765452166, -787.0246765452166, -787.0246765452166, -787.0246765452166, -787.0246765452166, -787.0246765452166, -829.9965412103677, -915.3092104113193, -915.3092104113193, -915.3092104113193, -915.3092104113193, -915.3092104113193], 
[537.4430004849696, 537.4430004849696, 537.4430004849696, 284.7455828325567, 284.7455828325567, -586.2613132126742, -731.0470686929925, -731.0470686929925, -731.0470686929925, -731.0470686929925, -731.0470686929925, -731.0470686929925, -732.9642672422918, -914.800212148307, -914.800212148307, -932.5584744839396, -932.5584744839396, -932.5584744839396, -932.5584744839396, -936.4244435864111], 
[-127.5086848346674, -377.13321451181037, -377.13321451181037, -511.92391131513773, -511.92391131513773, -511.92391131513773, -883.2953057056566, -883.2953057056566, -883.2953057056566, -883.2953057056566, -883.2953057056566, -883.2953057056566, -898.2396415802847, -898.2396415802847, -898.2396415802847, -898.2396415802847, -935.476253831976, -935.476253831976, -935.476253831976, -935.476253831976], 
