[7855.644997415457, 7855.644997415457, 7576.510175920733, 7576.510175920733, 7576.510175920733, 7576.510175920733, 7576.510175920733, 7576.510175920733, 7576.510175920733, 7576.510175920733, 7576.510175920733, 7576.510175920733, 7568.406130545462, 7568.406130545462, 7568.406130545462, 7568.406130545462, 7172.315636753931, 7172.315636753931, 7172.315636753931, 7172.315636753931], 
[8261.273773650802, 8261.273773650802, 8261.273773650802, 8261.273773650802, 8261.273773650802, 8218.730564690357, 7751.904866443723, 7751.904866443723, 7751.904866443723, 7592.093931083661, 7592.093931083661, 7592.093931083661, 7444.28290380037, 7444.28290380037, 7409.845213117446, 7409.845213117446, 7409.845213117446, 7225.849582193073, 7225.849582193073, 7225.849582193073], 
[8636.797616679723, 8636.797616679723, 7476.191592077726, 7476.191592077726, 7476.191592077726, 7476.191592077726, 7476.191592077726, 7476.191592077726, 7476.191592077726, 7476.191592077726, 7476.191592077726, 7476.191592077726, 7453.707113595547, 7453.707113595547, 7453.707113595547, 7065.942074114505, 7065.942074114505, 7065.942074114505, 7065.942074114505, 7065.942074114505], 
[8296.614172521393, 8296.614172521393, 8296.614172521393, 8296.614172521393, 8030.221630356138, 8030.221630356138, 8030.221630356138, 7718.399951242199, 7368.014370677883, 7368.014370677883, 7368.014370677883, 7368.014370677883, 7368.014370677883, 7368.014370677883, 7368.014370677883, 7368.014370677883, 7204.4221328556, 7204.4221328556, 7204.4221328556, 7187.252595182098], 
[9011.393371121045, 9011.393371121045, 9011.393371121045, 8057.282140924334, 8057.282140924334, 7623.323443305387, 7623.323443305387, 7623.323443305387, 7623.323443305387, 7623.323443305387, 7623.323443305387, 7623.323443305387, 7623.323443305387, 7623.323443305387, 7623.323443305387, 7623.323443305387, 7273.301151210766, 7273.301151210766, 7273.301151210766, 7273.301151210766], 
[8289.035587431685, 8289.035587431685, 8289.035587431685, 8289.035587431685, 8289.035587431685, 8289.035587431685, 8289.035587431685, 8289.035587431685, 7963.864965429847, 7963.864965429847, 7963.864965429847, 7963.864965429847, 7963.864965429847, 7963.864965429847, 7890.60451341811, 7768.146868319709, 7617.606965158869, 7617.606965158869, 7559.629839690738, 7559.629839690738], 
[8490.703078807917, 8490.703078807917, 8490.703078807917, 8490.703078807917, 8055.269802632703, 8055.269802632703, 8055.269802632703, 8055.269802632703, 8055.269802632703, 7914.159692690642, 7914.159692690642, 7914.159692690642, 7883.275920869474, 7883.275920869474, 7882.623854828478, 7882.623854828478, 7322.112666426589, 7322.112666426589, 7310.776185923621, 7150.690952010466], 
[9083.227685252217, 8911.64395477508, 8911.64395477508, 8911.64395477508, 8657.24593168899, 8657.24593168899, 8232.087693982976, 8142.734560349992, 7374.907054458481, 7374.907054458481, 7374.907054458481, 7374.907054458481, 7374.907054458481, 7374.907054458481, 7290.290813219113, 7217.416160201508, 7217.416160201508, 7217.416160201508, 7217.416160201508, 7217.416160201508], 
[7784.233675600937, 7110.863640026384, 7110.863640026384, 7110.863640026384, 7110.863640026384, 7110.863640026384, 7110.863640026384, 7110.863640026384, 7110.863640026384, 7110.863640026384, 6954.011369639647, 6954.011369639647, 6954.011369639647, 6933.460334483065, 6933.460334483065, 6933.460334483065, 6933.460334483065, 6933.460334483065, 6657.330577259431, 6657.330577259431], 
[8507.504888819862, 8507.504888819862, 8507.504888819862, 8423.9336290879, 7744.24688934626, 7744.24688934626, 7744.24688934626, 7744.24688934626, 7471.697790819664, 7471.697790819664, 7471.697790819664, 7471.697790819664, 7471.697790819664, 7471.697790819664, 7362.789323732129, 7362.789323732129, 7362.789323732129, 7362.789323732129, 7362.789323732129, 7362.789323732129], 
[9451.936999619433, 8585.759843027856, 8568.721861081844, 8511.425452089481, 8406.262398280687, 8374.923562160364, 8374.923562160364, 8374.923562160364, 8297.641805717769, 8226.552545349568, 8226.552545349568, 8226.552545349568, 8212.59100754439, 8046.837090138797, 8046.837090138797, 8026.950404229391, 7251.160216006349, 7251.160216006349, 7251.160216006349, 7162.238053773554], 
[9013.065872508534, 9013.065872508534, 8130.566033766012, 8073.850377653559, 8073.850377653559, 8073.850377653559, 7967.407682756198, 7896.3966588064395, 7791.9470287936365, 7791.9470287936365, 7595.325061282757, 7595.325061282757, 7595.325061282757, 7529.481784288912, 7417.98011482764, 7384.71675192946, 6856.430648284987, 6856.430648284987, 6856.430648284987, 6856.430648284987], 
[9032.382125390064, 9032.382125390064, 7937.498216072674, 7937.498216072674, 7869.723514399042, 7869.723514399042, 7349.291579272168, 7349.291579272168, 7349.291579272168, 7349.291579272168, 7349.291579272168, 7263.172225418179, 7263.172225418179, 7000.189995554687, 7000.189995554687, 7000.189995554687, 7000.189995554687, 7000.189995554687, 7000.189995554687, 6935.916754463975], 
[9087.471776559469, 8806.242496619361, 7691.802733385402, 7691.802733385402, 7691.802733385402, 7691.802733385402, 7691.802733385402, 7683.798666212224, 7683.798666212224, 7634.818287604906, 7634.818287604906, 7634.818287604906, 7634.818287604906, 7634.818287604906, 7634.818287604906, 7634.818287604906, 7634.818287604906, 7252.383348681109, 7252.383348681109, 7252.383348681109], 
[8264.48848283637, 8264.48848283637, 8264.48848283637, 8264.48848283637, 7972.177412774511, 7621.513616148303, 7621.513616148303, 7621.513616148303, 7621.513616148303, 7621.513616148303, 7621.513616148303, 7507.269325966397, 7461.293044856859, 7461.293044856859, 7346.560979884282, 7346.560979884282, 7290.321382101096, 7210.717145444628, 7206.291503011693, 7201.158198215032], 
[8716.426693171183, 8716.426693171183, 8521.568996337297, 8521.568996337297, 8448.81172082844, 8348.357766390713, 8113.657630337282, 8113.657630337282, 8113.657630337282, 7934.558468447922, 7823.039837917344, 7823.039837917344, 7539.46585755329, 7444.425855592735, 7174.587000450078, 7174.587000450078, 7174.587000450078, 7174.587000450078, 7135.780578470311, 7135.780578470311], 
[8757.564340388864, 8757.564340388864, 8567.517696440782, 8564.245356368658, 8059.999198731209, 8059.999198731209, 7888.521254965039, 7888.521254965039, 7519.298684759413, 7308.622644477342, 6672.62054552744, 6672.62054552744, 6672.62054552744, 6581.740221793219, 6581.740221793219, 6581.740221793219, 6212.6810367269245, 5633.410815601449, 5582.124306206027, 5582.124306206027], 
[8560.8841634303, 8560.8841634303, 8560.8841634303, 8211.773759035823, 8211.773759035823, 8211.773759035823, 8211.773759035823, 8211.773759035823, 8211.773759035823, 8017.766421123884, 8017.766421123884, 8017.766421123884, 7923.406144972378, 7923.406144972378, 7923.406144972378, 7565.339275011608, 7565.339275011608, 7565.339275011608, 7565.339275011608, 7540.495330952766], 
[8647.986189341838, 8647.986189341838, 8372.100744509753, 8372.100744509753, 8372.100744509753, 8338.183679431177, 7964.101076519459, 7964.101076519459, 7964.101076519459, 7964.101076519459, 7639.457397039607, 7425.065579020603, 7425.065579020603, 7425.065579020603, 7425.065579020603, 6913.519966898764, 6798.077688771571, 6798.077688771571, 6798.077688771571, 6789.598519648847], 
[9028.701081616871, 9028.701081616871, 8450.330340215634, 8450.330340215634, 7979.030667350227, 7757.074620279749, 7757.074620279749, 7757.074620279749, 7757.074620279749, 7682.503311929451, 7682.503311929451, 7682.503311929451, 7682.503311929451, 7682.503311929451, 7682.503311929451, 7682.503311929451, 7682.503311929451, 7600.296068989673, 7600.296068989673, 7444.585192738108], 
[8730.48756455422, 8730.48756455422, 8685.049016758598, 8398.394986099625, 8031.960859196051, 7478.083300732278, 7478.083300732278, 7279.706624197373, 7109.001833279296, 6869.975972753053, 6829.4695179813125, 6491.974132094335, 6491.974132094335, 6400.221425409052, 6221.244769526331, 5971.717366601124, 5965.2992993609605, 5833.967348549326, 5719.209453596481, 5719.209453596481], 
[8717.510409138495, 8717.510409138495, 8717.510409138495, 8648.70490785445, 8048.361272207522, 8048.361272207522, 8048.361272207522, 8048.361272207522, 8048.361272207522, 8048.361272207522, 8048.361272207522, 8048.361272207522, 7594.721462369296, 7594.721462369296, 7594.721462369296, 7507.816278387881, 7507.816278387881, 7507.816278387881, 7487.049602013933, 7487.049602013933], 
[8781.850958490313, 8781.850958490313, 8781.850958490313, 8437.202866579417, 8437.202866579417, 8165.98274485839, 8098.252895218749, 8097.789535535975, 8097.789535535975, 7736.25509142252, 7736.25509142252, 7736.25509142252, 7725.0995916221145, 7725.0995916221145, 7598.078931619008, 7598.078931619008, 7598.078931619008, 7598.078931619008, 7598.078931619008, 7589.524201243096], 
[8944.909706725472, 8893.50603518306, 8841.978681169125, 8841.978681169125, 8164.076593680305, 8164.076593680305, 8161.396998008962, 8108.099595234094, 8108.099595234094, 7328.12724992977, 7328.12724992977, 7328.12724992977, 7328.12724992977, 7328.12724992977, 7328.12724992977, 7328.12724992977, 7249.119402001781, 7090.6176803732415, 7090.6176803732415, 7090.6176803732415], 
[8672.457231813698, 8672.457231813698, 8483.219300732268, 8127.936875964622, 8112.0761266418895, 8112.0761266418895, 8112.0761266418895, 7922.176115355378, 7922.176115355378, 7922.176115355378, 7922.176115355378, 7687.226491730175, 7687.226491730175, 7687.226491730175, 7515.862080950631, 7445.977970693676, 7445.977970693676, 7445.977970693676, 7445.977970693676, 7445.977970693676], 
[8853.10083400333, 8498.238308740092, 8494.405347692991, 7916.075190591903, 7916.075190591903, 7916.075190591903, 7916.075190591903, 6975.180452623677, 6975.180452623677, 6975.180452623677, 6975.180452623677, 6975.180452623677, 6975.180452623677, 6975.180452623677, 6975.180452623677, 6975.180452623677, 6975.180452623677, 6839.564903801263, 6726.586306377122, 6719.04045594363], 
[8546.931402248592, 8546.931402248592, 8263.909444406543, 8263.909444406543, 7953.865041140439, 7671.3039082241075, 7671.3039082241075, 7671.3039082241075, 7671.3039082241075, 7671.3039082241075, 7671.3039082241075, 7671.3039082241075, 7671.3039082241075, 7671.3039082241075, 7625.246099177791, 7436.92685449053, 7436.92685449053, 7163.845286451787, 7163.845286451787, 7163.845286451787], 
[8225.515286992297, 8225.515286992297, 8225.515286992297, 8225.515286992297, 8225.515286992297, 8151.416887057195, 8042.03243269915, 8042.03243269915, 8042.03243269915, 8042.03243269915, 8042.03243269915, 8042.03243269915, 8042.03243269915, 7596.816638017238, 7596.816638017238, 7596.816638017238, 7596.816638017238, 7596.816638017238, 7596.816638017238, 7209.400666449442], 
[8961.129559199835, 8961.129559199835, 7989.068446678526, 7989.068446678526, 7989.068446678526, 7989.068446678526, 7989.068446678526, 7989.068446678526, 6909.208854791474, 6909.208854791474, 6871.356357541943, 6785.735700392056, 6785.735700392056, 6785.735700392056, 6785.735700392056, 6785.735700392056, 6785.735700392056, 6785.735700392056, 6785.735700392056, 6768.151114447518], 
[8167.656988467085, 7969.00567539746, 7969.00567539746, 7969.00567539746, 7969.00567539746, 7650.447527661311, 7650.447527661311, 7650.447527661311, 7650.447527661311, 6930.6095133255385, 6930.6095133255385, 6930.6095133255385, 6878.2485019022, 6830.226130507552, 6830.226130507552, 6819.433448658273, 6819.433448658273, 6582.846609682942, 6582.846609682942, 6582.846609682942], 
