[2008.7540989514287, 1987.4569611181723, 458.6747335806206, 410.779605917817, 410.779605917817, 373.0794579382597, 366.49524454797495, 363.22478259094464, 363.22478259094464, 357.7569182242298, 349.19127959977084, 337.4740114942655, 337.4740114942655, 337.4740114942655, 337.4740114942655, 337.4505210036671, 308.81210096661175, 308.81210096661175, 308.81210096661175, 297.10610708431255], 
[2238.0599861155765, 2238.0599861155765, 435.4232479027826, 407.26329897672986, 394.58852085590416, 394.58852085590416, 394.58852085590416, 387.06244651215485, 349.7845330057281, 349.7845330057281, 349.7845330057281, 341.947023686865, 341.47789128950114, 341.47789128950114, 336.2409524012194, 335.48373548354806, 335.48373548354806, 319.7180830049693, 319.7180830049693, 319.7180830049693], 
[2202.087136906226, 2202.087136906226, 483.96926725954364, 459.8099001301797, 459.8099001301797, 434.7952836062808, 434.7952836062808, 426.9415823441599, 402.0639141713245, 402.0639141713245, 402.0639141713245, 390.8205959449199, 361.57791394824056, 361.57791394824056, 351.4280347934209, 351.4280347934209, 341.7315597005859, 341.65911765719386, 341.65911765719386, 341.65911765719386], 
[2308.985734973547, 2087.2358356034238, 393.35755423908176, 372.14256627996565, 372.14256627996565, 365.1973443657943, 345.42749459300705, 334.7413848614598, 334.7413848614598, 326.539311585796, 326.539311585796, 326.539311585796, 326.539311585796, 322.54798723217993, 322.54798723217993, 322.54798723217993, 313.17744834753853, 310.37731108700643, 310.37731108700643, 299.2784502703644], 
[1926.1961867122095, 1926.1961867122095, 464.98199806818735, 422.3112388131782, 419.8726118650476, 419.8726118650476, 411.81565898579527, 394.76672851655536, 394.76672851655536, 369.1253703406703, 369.1253703406703, 369.1253703406703, 364.76216305897776, 364.76216305897776, 364.76216305897776, 350.71215582756713, 350.71215582756713, 350.71215582756713, 339.7032069234484, 329.9203952941289], 
[2021.883206976076, 2021.883206976076, 456.3120457863582, 445.10180138746296, 445.10180138746296, 435.74977150069276, 435.74977150069276, 432.5996022384484, 421.0747087111307, 412.2828768185808, 403.3246245261863, 403.3246245261863, 387.37475126207494, 375.4301611342796, 375.4301611342796, 371.60826697624134, 360.8913317624154, 360.07985986130416, 359.5215302748385, 359.5215302748385], 
[2066.394407962405, 2066.394407962405, 408.0598512051678, 408.0598512051678, 371.91591657095523, 371.91591657095523, 368.6307532308517, 368.6307532308517, 355.6527418860023, 355.6527418860023, 331.83837002546386, 331.83837002546386, 325.0313886914508, 325.0313886914508, 324.07394681282335, 320.4228128031285, 307.3431569451655, 307.3431569451655, 307.2929754756573, 307.2929754756573], 
[2290.672919372336, 2285.304210899703, 429.50620406416505, 394.49522147574544, 371.9750275010674, 355.3722767338234, 355.3722767338234, 355.3722767338234, 355.3722767338234, 355.3722767338234, 347.5805815235989, 337.7214072873959, 332.58435429242246, 332.58435429242246, 332.58435429242246, 332.58435429242246, 332.58435429242246, 316.0947964593096, 304.397339174708, 303.88359476787514], 
[2100.7317552185405, 1832.8817132475094, 433.5878707628823, 414.54838707401154, 411.8373381936334, 391.01833413380257, 372.8704674233852, 362.1189829687505, 357.0463943937606, 351.0269791584802, 349.971176721546, 349.971176721546, 349.971176721546, 349.971176721546, 349.971176721546, 343.21811010692414, 314.22538179732965, 314.22538179732965, 301.5471237187236, 301.5471237187236], 
[1951.6408585224451, 1951.6408585224451, 533.0853211214513, 464.77104594301824, 464.2415006633248, 464.2415006633248, 449.9430211679447, 440.2380407521634, 395.3041120282174, 387.9525181167046, 378.6455751719874, 378.6455751719874, 378.6455751719874, 378.6455751719874, 378.6455751719874, 368.50433223195137, 368.50433223195137, 366.3093734089541, 366.3093734089541, 348.8343133999906], 
[2121.4212563856236, 2051.3204418930522, 536.5216040085899, 518.8551657676951, 456.56517112954845, 456.56517112954845, 454.9779518590743, 454.9779518590743, 450.416881895176, 420.17998533207447, 420.17998533207447, 420.17998533207447, 410.6802767823407, 410.6802767823407, 404.72416697642484, 404.72416697642484, 404.72416697642484, 398.13520990319364, 398.13520990319364, 390.05827484446195], 
[2107.677152592705, 2098.304579536911, 420.31809964618776, 408.2184131624972, 374.812078507335, 374.812078507335, 374.812078507335, 372.21742712600906, 367.455059572751, 359.2052604239696, 336.5503309119192, 336.5503309119192, 336.5503309119192, 336.5503309119192, 336.5503309119192, 332.53983550118454, 320.6870969308741, 320.6870969308741, 310.38011657124184, 310.38011657124184], 
[2120.9469355647752, 2120.9469355647752, 464.28962526279093, 455.41865308710567, 429.80048727113774, 429.80048727113774, 392.23829252562336, 392.23829252562336, 373.54194078606054, 373.54194078606054, 373.54194078606054, 361.13065761501025, 361.13065761501025, 361.13065761501025, 361.13065761501025, 359.32205712967504, 353.1977487474767, 353.1977487474767, 348.1363204046379, 348.1363204046379], 
[2153.836309448121, 2153.836309448121, 436.60257437233054, 413.8071786905343, 400.0281982332093, 369.8911478972707, 362.15331710813484, 348.2221867216749, 348.2221867216749, 315.9383940691986, 314.9425360609313, 314.9425360609313, 314.9425360609313, 314.9425360609313, 314.9425360609313, 314.9425360609313, 314.9425360609313, 314.9425360609313, 314.9425360609313, 296.0649384439498], 
[2329.657513506374, 2208.84843051551, 434.55131526338516, 434.55131526338516, 434.55131526338516, 427.0353408702593, 410.7601549902489, 406.2376839480712, 346.51922657249315, 346.51922657249315, 346.51922657249315, 341.5733485780895, 334.74287762174913, 334.74287762174913, 334.74287762174913, 334.74287762174913, 334.74287762174913, 334.74287762174913, 334.74287762174913, 329.813345278881], 
[2089.6964912803587, 2089.6964912803587, 412.9542725775452, 407.15895561797, 393.52112870061114, 393.52112870061114, 393.52112870061114, 393.52112870061114, 385.6959243447529, 379.3335520520635, 373.6653482174322, 360.76730196479485, 345.17639426374376, 345.17639426374376, 345.17639426374376, 345.17639426374376, 342.8933795000148, 332.7807267851193, 318.4560357470733, 318.4560357470733], 
[2174.30646937223, 2174.30646937223, 438.2283800551452, 438.2283800551452, 428.34290418029906, 408.7137413727976, 399.02852797571524, 391.47316946666973, 374.8196452517139, 374.8196452517139, 374.8196452517139, 363.79422019197335, 347.2134225168887, 327.69410460701425, 327.69410460701425, 327.69410460701425, 327.69410460701425, 327.69410460701425, 311.2555731180006, 311.2555731180006], 
[1988.5748461346932, 1988.5748461346932, 406.9613896512932, 399.58255591019815, 340.92704679693304, 340.92704679693304, 340.92704679693304, 340.92704679693304, 340.92704679693304, 340.92704679693304, 340.92704679693304, 340.92704679693304, 317.82179919188786, 317.82179919188786, 317.82179919188786, 317.82179919188786, 317.82179919188786, 317.82179919188786, 292.0190388606152, 292.0190388606152], 
[2257.226421929511, 2156.014426622534, 413.296393176074, 413.296393176074, 404.9219187286326, 389.7029896032602, 383.5333389958784, 374.7867313137568, 372.7103023740925, 351.5132891763275, 347.60917101890294, 333.34481084931963, 333.34481084931963, 333.34481084931963, 319.99743586885023, 312.03657017476365, 301.8181749888148, 301.8181749888148, 285.86063169775525, 285.86063169775525], 
[2179.366023478014, 2179.366023478014, 458.934684071381, 429.51694299761516, 414.7973376674683, 414.41854529629364, 397.65456583023445, 397.65456583023445, 383.027848723077, 371.0379354351443, 345.1352855133342, 343.6069449583555, 343.6069449583555, 343.6069449583555, 327.2044704909445, 325.10477105958586, 325.10477105958586, 325.10477105958586, 325.10477105958586, 312.54741125858527], 
[1976.8464338424378, 1970.7372263066866, 460.9880318861897, 428.8488734767701, 410.2065346170616, 385.8257845544931, 385.8257845544931, 385.8257845544931, 378.2786570884665, 367.6245645660488, 367.6245645660488, 367.6245645660488, 341.48371642155047, 335.89590133714137, 333.94335542982753, 331.0891043269851, 323.2702476544686, 313.602018980326, 313.602018980326, 313.602018980326], 
[2208.0790867833675, 2105.337707377498, 414.48305013258334, 404.18434831231093, 385.4411056941866, 385.4411056941866, 385.4411056941866, 370.37042984035395, 370.37042984035395, 361.3318380010546, 361.3318380010546, 344.89726522495937, 344.2374125640732, 337.867270092965, 337.867270092965, 337.867270092965, 317.8181317156326, 316.2246172343937, 313.30983274678965, 313.30983274678965], 
[2281.1548391424217, 2236.925051932717, 437.84991489646757, 415.8615712501916, 415.8615712501916, 415.5202680461342, 389.01115817191476, 388.86145031093133, 365.50913801214074, 361.86923370202237, 356.2643065732199, 342.67362778224674, 342.67362778224674, 336.13453963857444, 336.13453963857444, 336.13453963857444, 336.13453963857444, 332.46945145025416, 323.72922083389165, 313.31934492640426], 
[1874.4531040835157, 1810.6475514197377, 486.11612237753496, 461.11252707127903, 451.364004933961, 450.0150131912961, 443.63455542155907, 436.2435398674561, 433.09343929758955, 404.80485561860144, 404.80485561860144, 392.6651001011025, 392.6651001011025, 382.85664015908867, 382.85664015908867, 371.4620699554174, 371.4620699554174, 360.51590258604404, 360.51590258604404, 360.51590258604404], 
[2080.0982955389613, 2055.3035261462446, 462.19921924608104, 435.93116013173994, 420.05414916723157, 420.05414916723157, 402.347385427878, 392.8736944830855, 392.8736944830855, 357.70508580370006, 345.989782593667, 345.989782593667, 345.989782593667, 345.989782593667, 345.989782593667, 345.989782593667, 345.989782593667, 343.765551489283, 337.39720523401314, 335.90056478905933], 
[2217.2409374079243, 2041.3299470598768, 462.1144940110845, 376.83429286754216, 364.0058874458257, 364.0058874458257, 364.0058874458257, 355.4861097086052, 340.3668636171885, 340.3668636171885, 340.3668636171885, 340.1554841396719, 340.1554841396719, 334.13922037586326, 334.13922037586326, 334.13922037586326, 316.13354114272335, 316.13354114272335, 316.13354114272335, 314.42756722331103], 
[1912.8642277203353, 1912.8642277203353, 420.13831478115844, 409.63011031777, 393.7348628549089, 384.88186761370935, 327.09676752439384, 327.09676752439384, 327.09676752439384, 327.09676752439384, 327.09676752439384, 327.09676752439384, 327.09676752439384, 327.09676752439384, 309.1949148879312, 309.1949148879312, 308.439565727604, 307.0563465776288, 304.81234821250587, 300.2947154470296], 
[2146.6417179241967, 2118.979600556964, 447.65693039879613, 446.0482508794717, 439.2611189124283, 423.19592745600767, 411.53703346510906, 411.53703346510906, 410.211962795839, 390.3897476264922, 390.3897476264922, 390.3897476264922, 372.59363227294574, 351.7537524344872, 349.792961474152, 349.792961474152, 327.98082769494005, 327.98082769494005, 327.3627677348659, 327.3627677348659], 
[2207.904476784034, 2082.290410337042, 423.2743933861889, 408.8170420930596, 406.59641884754535, 406.59641884754535, 374.3001733282505, 374.3001733282505, 370.4626064807036, 359.9946255975833, 351.3880644375895, 347.509494487612, 347.509494487612, 340.8836367994944, 329.7855867934986, 326.3648373989539, 326.3648373989539, 314.94097556187796, 314.94097556187796, 314.80050345534335], 
[2359.7350670774813, 2265.720211824864, 445.4313369259672, 445.4313369259672, 445.4313369259672, 441.91869737648676, 422.13827349385576, 401.97240856945916, 395.06930827375805, 395.06930827375805, 395.06930827375805, 395.06930827375805, 383.10579173352914, 383.10579173352914, 378.6554091179994, 374.29273267294667, 374.29273267294667, 371.541843954393, 353.01761118302306, 353.01761118302306], 
