[883485529.5277075, 687756621.7616719, 438339548.41290045, 394136803.0978972, 369351756.7895331, 309723609.6344831, 305154324.900489, 264749384.1665348, 260264499.88933843, 251130007.5519811, 239368581.2094639, 220861782.93260726, 211019201.87877023, 193206116.54949227, 185741040.76528674, 178664980.7038487, 165664573.99565336, 157255820.91253912, 154748117.90135175, 147512820.8891194], 
[1510521001.5597491, 1135730207.216089, 441831003.69925207, 380935370.6670194, 355598489.79512906, 321151391.5158515, 303581089.19663584, 288025055.2052196, 274229403.71818405, 257615555.85150424, 247448312.2853128, 233668780.90942162, 219217926.41814128, 214626519.33772892, 208275003.54234046, 194531848.19062755, 188240372.79364216, 181449884.2369822, 159443545.39053473, 159172150.24884358], 
[1064552141.3513888, 961391482.0570217, 290769862.43521816, 290769862.43521816, 246666746.80415237, 242886483.17039847, 235687634.64432818, 212513588.75291973, 192605188.57237384, 189752697.40745234, 176099132.02687913, 169688724.06270683, 156781576.6293609, 148554752.3640331, 144546348.92120448, 132304772.21756049, 128663732.73915443, 120268051.88641292, 117933801.34429903, 109111604.63178955], 
[881081050.8863947, 881081050.8863947, 325373742.2698085, 303005863.3596628, 290634006.0714618, 260680301.6444466, 243893396.0926872, 229904014.5583531, 202544622.42812708, 196287120.86297947, 192868479.8190884, 185097300.08497718, 170247441.6538596, 166196492.54729003, 150876888.01019105, 150135946.4063435, 143177666.57210585, 136196108.8151377, 128362721.5998864, 125923928.37803382], 
[1141501371.7805786, 1101634546.7460558, 348862039.6411008, 308236846.9147601, 273371418.03807217, 273243662.90084434, 258448813.81373549, 210321315.10986012, 206811233.82880962, 196649111.21106774, 186288863.53035405, 178686939.49330252, 169083055.7663079, 166337822.13448092, 152960602.24299252, 146261085.51679784, 143667279.65801868, 132971135.76012076, 130698706.49134728, 125304862.29791607], 
[1561723095.7449994, 1347093027.3753977, 355956905.5324615, 302864292.07476276, 286131392.6490291, 272608462.0749635, 272608462.0749635, 244399028.09219918, 224810846.65906206, 218811080.19076863, 203472227.63514924, 195788437.9123004, 187669639.27421135, 176540371.15993875, 165000442.18368545, 163049660.66838202, 158208445.66936287, 144504971.19079453, 141534481.32678342, 136105623.03076732], 
[958997633.8190504, 958997633.8190504, 372233090.8754554, 347298520.41472393, 327719840.0736804, 285783910.8370059, 247246480.57895502, 247246480.57895502, 236185649.65269092, 220388993.69152686, 210110154.31627238, 200263752.20775282, 190210719.14802015, 181083725.34317574, 173411962.2766372, 166701330.93561783, 154450190.28904402, 150134272.29334632, 146734062.2211593, 137380327.35658988], 
[1283767717.1046233, 583434020.8102511, 375016116.0060322, 367367906.93144566, 316761198.12737185, 299879544.1899632, 282908389.3017892, 260927718.0648681, 214880689.66281217, 214880689.66281217, 208437496.18124366, 202217126.5511303, 192356772.49187672, 180441202.20474288, 171013813.76500916, 158023217.92586166, 157864297.8192992, 154008735.0686633, 144566723.9109273, 135409150.2699278], 
[1225069855.7107778, 1082774471.1343243, 431053011.6021612, 345898088.3798129, 310688835.8107742, 299842595.42031795, 229438706.2314194, 216947845.87028277, 212113414.81918088, 211284371.90896788, 203368105.7551804, 192653423.75938958, 185871590.16364098, 172211731.0945446, 167162582.0558147, 151923033.78350696, 140309131.43336803, 140309131.43336803, 134480126.16694346, 125989277.07416525], 
[1160913144.8357968, 1117324555.6739802, 421317192.1374633, 404256200.54849416, 371461597.5650837, 339339235.326966, 321750120.6955931, 314600406.5534866, 298569399.8189603, 282739011.61159956, 255104796.512401, 254901145.1495797, 234219577.6696214, 232997854.78945047, 218936660.1594959, 215738182.2947736, 197206835.93847245, 189000747.3689507, 186048978.77658728, 178522189.43739477], 
[968494196.6633775, 679344708.5788217, 426434827.9954147, 329081461.312422, 313241413.8764319, 286936963.1181463, 239437103.5055726, 239437103.5055726, 238744750.0550718, 212870036.87316063, 206266088.85148376, 202683964.03617102, 167715390.3911956, 167084278.83705655, 162267712.9668299, 156282034.53519636, 141638351.87317708, 141057207.65162307, 137027241.99446896, 127623249.86976177], 
[607034258.5640107, 607034258.5640107, 316233677.8757122, 316233677.8757122, 316233677.8757122, 299300460.94083166, 266541789.74578223, 250746247.7014453, 241865621.37662998, 233496805.65079463, 211183882.72762555, 211183882.72762555, 203762155.10600704, 189843043.1220702, 181441208.22710028, 169982344.59886983, 159467199.13248754, 151856743.2394873, 147781673.7558205, 140862052.9611321], 
[1677495846.5071607, 1164907875.8582509, 455053534.54395986, 453177659.23949844, 368498000.5794881, 368498000.5794881, 304103451.6426968, 297421374.5881788, 286372830.49239546, 277233391.15342945, 252114104.63368273, 247945392.27165005, 238195501.10814822, 223536590.25004846, 216941535.09881708, 193123928.415216, 186414176.53535616, 185723147.35562482, 175321489.28936583, 165541495.75768617], 
[1550726054.7633975, 1550726054.7633975, 456523452.31195277, 429959501.25908, 373880054.44385856, 298122138.93307436, 298122138.93307436, 288928837.2903935, 278631458.1024064, 263152931.86958596, 237602104.20642838, 237442365.9176858, 226903517.03387532, 206379354.47095075, 193549684.37806726, 193289600.73993105, 184397991.4050595, 174268134.56506717, 173942302.23613477, 163125873.02767974], 
[1090240515.278635, 1050669009.9057348, 396166342.1907318, 332833963.4015478, 310234613.30909413, 297490982.24355793, 261744373.31441835, 247442411.78301525, 243440077.90887198, 231296780.67771605, 219584608.2790958, 212341920.3053907, 201509373.1317076, 187744144.33157212, 180516583.50050744, 170851470.75197178, 165870736.3899001, 156470847.94882458, 149950753.66576448, 139305874.0636593], 
[1378140918.6126552, 1184673597.6818209, 329443535.14376223, 329443535.14376223, 310232330.2115225, 281945196.2893245, 263113755.7399276, 258441224.44122458, 222150636.8200446, 220079845.8373577, 209268260.97763324, 191003770.24890995, 175463565.73495874, 173936775.1506446, 161964429.44371274, 160848212.18764567, 152885898.48326635, 145752307.57820287, 138275872.23803037, 131875217.8534826], 
[1222671593.633502, 1103563310.4610481, 480483486.6101971, 411562583.40823007, 381270777.02431643, 348533711.89992625, 315050039.87077916, 294186119.82148707, 284115862.0368539, 249772233.93673387, 249332411.86800355, 229510574.4929684, 203874115.86209947, 203874115.86209947, 198028701.4938236, 190469655.39645278, 179201610.47361296, 178696087.16487747, 168586984.7943596, 164848990.38856947], 
[1093975956.307258, 693775561.6293423, 372312966.20006746, 324360029.9933462, 260462415.3929186, 238379440.315059, 237763888.7042839, 233654514.53220272, 221859068.5130398, 221559486.04268798, 210091496.7765566, 197125268.47975975, 188712372.17833278, 183179243.0311298, 174904615.418513, 162368624.63070533, 162309077.8006946, 154426109.6626023, 142444022.9101083, 142174982.18216005], 
[1410332446.3695374, 946431361.7732849, 305549804.8909097, 290532945.24758244, 274327700.45351624, 260549526.42306033, 257278312.6235598, 257278312.6235598, 243155715.74191886, 235813567.34476492, 226611352.2063212, 223892343.66085538, 213307560.1350282, 204252902.4359834, 198507044.22567713, 188990852.17981035, 179761534.94991946, 163590709.95594358, 161463509.10439235, 160477849.03870502], 
[1651221848.241344, 1474369428.676196, 456476923.01536787, 385118444.0143503, 369907694.94577247, 329778072.43953, 291394404.8259956, 291394404.8259956, 274152245.84078956, 236829120.18941054, 236829120.18941054, 224795486.53541216, 212732104.8757759, 204657147.63818356, 190600018.77519146, 167943433.17564216, 167322464.7657974, 156439698.73417848, 150739338.64970523, 145448986.4311844], 
[1049041336.3117377, 1000935399.3386794, 426048385.2847084, 319256179.36399007, 319256179.36399007, 319256179.36399007, 262130665.73105618, 261434500.70990983, 245174501.74874225, 230070159.59190822, 219016655.98997474, 209573462.862297, 199811258.9601821, 187605771.4320269, 182657596.79699036, 172301128.50561437, 167745082.82809308, 163109445.59192705, 152089723.82255185, 143167440.25422734], 
[1568612326.5155268, 1568612326.5155268, 412374222.5239084, 338110476.2292169, 271907330.3082277, 271907330.3082277, 227660094.55834877, 224092539.87732238, 221972696.8326847, 198755977.6279804, 195921011.12112224, 173912074.3303937, 173912074.3303937, 162201027.84455478, 156181159.20396635, 135763120.6125807, 135608020.8941991, 135346100.53353608, 126859633.77870531, 126859633.77870531], 
[1272388227.5592635, 1152202227.339599, 405920239.141568, 333257904.3179223, 333257904.3179223, 321768053.75800794, 293629231.05340344, 267314173.9029972, 261740762.48484436, 239183170.32937747, 226399573.22578132, 224269663.86982772, 207381034.65475547, 195598185.37277657, 178178493.74206942, 177979511.56160364, 167963850.14814752, 165322301.2176243, 158096942.96526638, 147457554.6380013], 
[1066515662.6122366, 969380664.6677351, 350885156.85147434, 287935259.9517349, 287935259.9517349, 270672462.5077439, 266683521.69027624, 213317581.06610653, 212676427.19552973, 187009994.47703657, 181361850.75215125, 161882294.28623262, 161882294.28623262, 150511203.49281758, 145428950.91472775, 133287723.08892648, 133095350.87891684, 132016970.55278866, 125249290.10030359, 111208372.73815554], 
[1450986826.0341585, 1450986826.0341585, 399195748.7030944, 357743134.21230125, 310599857.1900144, 290651254.9533664, 262785558.35649496, 252513835.80726662, 239224444.90357018, 225431850.78102747, 206063185.83350155, 188124091.85880944, 188124091.85880944, 184539184.23912627, 170283695.9783499, 163095801.4065318, 151980133.63399097, 149996862.26283276, 145363893.57531765, 137049220.39289168], 
[1718610396.360612, 1599404490.4793012, 366817150.7017866, 318243264.5135989, 308656809.6828198, 308656809.6828198, 245215431.99189886, 245215431.99189886, 245215431.99189886, 218142008.408332, 214799842.59927568, 198471686.79080772, 196575321.03173807, 177593768.40151075, 176915446.086675, 171414832.64213842, 156543740.8369196, 147888569.8561699, 142125502.56044024, 137028197.55531472], 
[995116920.7582661, 995116920.7582661, 389944500.0717608, 330127896.78496426, 330127896.78496426, 297575602.2813998, 247546973.42854145, 185157234.4599579, 185157234.4599579, 182328113.53326648, 179521068.1638085, 154059967.71531314, 154059967.71531314, 140439972.4244016, 111848119.63338366, 111166195.92805414, 102983809.2250247, 98655356.7721816, 98479821.09531912, 90787146.63121042], 
[1119948140.2555406, 1119948140.2555406, 377908311.8173233, 280968063.54654396, 280968063.54654396, 280968063.54654396, 280968063.54654396, 252910305.1078302, 239563884.19959548, 226099864.85696012, 197939989.6168083, 195652458.61321247, 186094184.9605636, 170864003.48275813, 167686530.0706547, 160802615.38822928, 151269087.16285095, 138645739.732278, 135246885.44280824, 132682759.54567367], 
[984372599.093711, 984363366.8691661, 412873885.75132, 325116725.61181617, 299082721.47586197, 299082721.47586197, 275894378.13808775, 257277166.4226952, 241287155.95524815, 226660143.69702184, 204412516.73508796, 189456849.51045552, 189110025.3571447, 180111693.02476978, 177050079.4521791, 155649109.74576885, 155649109.74576885, 143043657.97896767, 140175176.74268487, 132363989.95131437], 
[1397386458.46142, 1397386458.46142, 474908662.90729976, 364902143.9670038, 334380085.6359621, 309570573.519089, 297569060.59356725, 297569060.59356725, 274385974.9768464, 269870424.4579281, 251800737.5745212, 245459841.42979795, 231580703.70617542, 211693413.06810123, 203369797.91334456, 194849855.719957, 189746011.24885502, 177405299.69646445, 176738020.49306542, 162412535.82086992], 
