[4986.1139848239045, 4986.1139848239045, 2755.835133241109, 2611.0571440681933, 2607.4891811949374, 2561.939548099886, 2526.5077166527335, 2469.956754374148, 2409.9441486188143, 2385.526637176773, 2305.63998316742, 2304.8550744693916, 2276.17239106576, 2246.94872150348, 2234.7513402114846, 2213.8404995520923, 2205.0364943257596, 2183.639473098645, 2169.222040361978, 2145.275625779482], 
[4024.2023179824473, 3880.486179347797, 2737.1208472367207, 2704.886156955422, 2619.019677602763, 2566.6935800247857, 2449.9183358389146, 2378.4074354681015, 2375.4188332391886, 2311.2159032580325, 2284.100026683767, 2276.113456137443, 2248.4545289183543, 2218.4230138292305, 2196.8784014490434, 2187.584784165993, 2155.341668473517, 2150.736142138829, 2136.584296325408, 2109.3868795877534], 
[5089.967360879449, 5087.795738089303, 2805.401531383881, 2691.4826975879387, 2621.44374877011, 2538.5327041711957, 2469.535030179428, 2443.3147149514734, 2383.511946953344, 2348.442885986597, 2314.4152793864077, 2291.7656062798196, 2277.3914108613676, 2233.4427337495817, 2232.9964318312277, 2214.4033657056916, 2203.169348050898, 2168.2976844061127, 2156.505452853188, 2150.0269679836483], 
[4935.262434360903, 4935.262434360903, 2170.481185518617, 2135.3633839451936, 2134.327011271239, 2109.5932089028656, 2081.083849889349, 2071.1202665387514, 2050.240407697933, 2029.037691599393, 2017.9769945913224, 2008.8808960260953, 1994.5078192496533, 1975.964451658128, 1975.964451658128, 1962.532577328598, 1960.6399880200806, 1951.6564187386039, 1943.8242963308035, 1934.330772732611], 
[4765.896040982217, 4548.921192099608, 2479.756110247869, 2434.5584265540256, 2387.0251866580397, 2333.459517927149, 2331.1349834710695, 2269.6570971461224, 2242.985654950051, 2216.313679499239, 2179.7457133652915, 2146.1417984875748, 2127.4477513551215, 2120.9943092103213, 2116.2145124062736, 2096.3459670869524, 2078.9584521480565, 2070.1642490687723, 2055.9396728181546, 2044.1748103652126], 
[4688.27251306758, 4688.27251306758, 2611.145031506099, 2604.457398759373, 2580.2251385557174, 2496.13459715453, 2417.1882147634888, 2409.4048486506804, 2364.6348784552797, 2345.9584144771093, 2304.8732130950307, 2281.669049725866, 2252.365680092187, 2232.5308595045317, 2220.857889132508, 2197.608329761505, 2182.529752189817, 2161.9171120592273, 2149.624826468302, 2128.544467734877], 
[4525.955658537322, 4522.871920739456, 2765.070098007058, 2703.238976877381, 2623.7602844239227, 2575.3874571670463, 2512.335806414306, 2450.184805338694, 2418.9609421940863, 2344.2927131380666, 2326.901581236512, 2301.3310813487305, 2259.201493077307, 2237.455053393534, 2221.82843474986, 2212.935481762581, 2195.7605489939097, 2166.2188988305784, 2151.6305776855206, 2143.022321571927], 
[4603.218344237504, 4510.240182589343, 2541.653233705497, 2508.740943600213, 2464.666927512001, 2394.0082295493007, 2328.3210682002828, 2289.505014149745, 2274.695611531225, 2203.8363050212856, 2203.8363050212856, 2192.8398865805366, 2175.6770363681367, 2158.454855908511, 2146.643784629904, 2122.162193530161, 2106.2382742666414, 2099.426983372758, 2087.310409612653, 2072.9196127213577], 
[5184.000837617119, 4916.580422664735, 2619.604843246855, 2491.594034915945, 2433.6726259293578, 2421.2954046365435, 2376.6671014461244, 2303.7095632377077, 2278.1010358447556, 2261.334525225262, 2206.7511641420483, 2188.3411239541183, 2185.5415861310894, 2170.8176713860003, 2140.0564637930006, 2134.5197595680434, 2123.6314424593543, 2107.330368345165, 2080.474860344453, 2063.7826888599693], 
[4870.930219020228, 4275.561527071328, 2767.8462812839407, 2630.2822548859003, 2561.9573594818726, 2509.3730882458017, 2399.6886813951787, 2381.619917278607, 2334.5367086061287, 2295.408313107858, 2230.5968715811714, 2224.369022025514, 2204.0021819976478, 2191.906298302483, 2161.4085001321655, 2147.744012271423, 2123.9416479826787, 2108.8202952727443, 2106.0772800515288, 2091.34087899019], 
[4744.381802457306, 4744.381802457306, 2736.4392810296977, 2630.5287772422944, 2514.513814709888, 2430.5245375082964, 2408.854172306333, 2350.7421703294012, 2319.518417493397, 2308.1946942448812, 2284.160892429052, 2248.54871586038, 2229.1605235733164, 2203.146133356758, 2168.007304520303, 2161.597676438557, 2138.520461991671, 2130.0675167654194, 2112.2183808743757, 2087.4106529240316], 
[4426.3952264909485, 4264.482459101451, 2757.1410250357835, 2753.932165902795, 2648.3914208763304, 2614.981246816633, 2514.57284758776, 2474.2482489959543, 2440.423379947315, 2341.915381906128, 2341.915381906128, 2313.8932467996274, 2298.4081160141895, 2279.3038921454454, 2249.076300199748, 2239.7166566619985, 2218.6547090104063, 2204.4915924061925, 2189.1030451562133, 2176.5158644432418], 
[5008.605400162447, 4384.484761540209, 2608.596257243978, 2511.7306832806203, 2432.4562152242142, 2357.1342183699117, 2313.35402760741, 2303.8900152159836, 2251.806162732154, 2229.100151895083, 2206.6445346155947, 2189.823877580444, 2170.7516735035097, 2156.346599814413, 2133.2351487924634, 2119.317072172643, 2105.9919605631662, 2091.1366672813533, 2069.2397899979574, 2055.2298966479425], 
[4532.751933166214, 4465.568346255283, 2751.3651266895226, 2597.2027913905576, 2499.918414384358, 2448.2704066890064, 2365.8422869995825, 2356.388091613238, 2300.1168272258797, 2268.106180142805, 2231.622443585726, 2213.5910421071035, 2184.5126115978123, 2172.3855443718894, 2139.241128565498, 2113.787422221719, 2112.954292713169, 2099.597016804586, 2086.4907773807618, 2074.7878689940267], 
[4490.175890279456, 4213.872964426335, 2645.967945780087, 2622.4181539265273, 2456.1488391187054, 2383.3125894641325, 2364.905554372918, 2342.9500896602426, 2325.54798750681, 2292.380098799558, 2250.541011177475, 2234.7264368645647, 2206.4619567002123, 2194.6716679921688, 2173.458102982034, 2166.3718546736413, 2140.7645801961453, 2133.631804153669, 2123.0084597127698, 2100.644691808698], 
[4872.229166016529, 4872.229166016529, 2729.368443681475, 2696.410036839262, 2599.516652030336, 2474.906664575685, 2441.235453295387, 2408.8793599858564, 2352.248005339287, 2334.988986881514, 2297.4497110723337, 2266.1524204867005, 2251.8168143598737, 2226.3201235221363, 2207.1406187404377, 2186.6870163334356, 2162.2551533822057, 2155.524343859705, 2137.940017385702, 2125.431738852779], 
[4513.895593788181, 4513.895593788181, 2591.9527016077136, 2568.8998558154567, 2488.7128807314907, 2425.5830727826833, 2295.3028096715325, 2288.6631906401326, 2199.4571102852615, 2199.338598765207, 2191.6197306126924, 2157.9103238591965, 2132.1917190077475, 2125.166813919137, 2101.712577205486, 2085.7026487843527, 2075.2480797799576, 2054.815623771972, 2038.857799064152, 2022.7892049956017], 
[5216.338892255326, 4745.494533529888, 2705.774134720872, 2665.4906920132275, 2598.061290959643, 2534.7052174836786, 2479.888325454943, 2402.7845820120197, 2316.081010978568, 2267.3196795127988, 2264.5743898353844, 2255.522621848153, 2229.863268229542, 2223.881761510861, 2199.7237873320655, 2183.0948873117536, 2152.6463959351586, 2140.9767893452354, 2118.6104999143545, 2103.4372053957513], 
[4450.616504949938, 4450.616504949938, 2499.1045475200854, 2473.1537998372905, 2454.66754434449, 2408.956912743157, 2358.7619977457653, 2290.1588889734535, 2264.31632250256, 2248.296036210229, 2228.9565269648074, 2198.001960120958, 2176.1008877096633, 2155.0147238006684, 2140.8765904488614, 2110.3281945096014, 2110.236970168967, 2081.780126880466, 2080.2485472567373, 2064.994876851594], 
[5493.297928989944, 5493.297928989944, 2908.0332520616116, 2780.2941083254536, 2630.0876615379248, 2561.209912124728, 2520.485543568252, 2489.2779411874203, 2355.775153335278, 2331.9652069530352, 2315.6290891455874, 2292.7316672544634, 2263.9479627377054, 2209.708507945156, 2207.372264666877, 2194.3196759254915, 2176.630203731222, 2166.154688159437, 2149.2550764399375, 2130.4080362236073], 
[4919.177936583043, 4531.095230939597, 2705.9820205457795, 2643.4694849059288, 2571.6176352562493, 2523.325559234237, 2427.9251293441757, 2406.2919436246016, 2334.2939245511498, 2286.8327869332243, 2235.3309954188753, 2232.0404006055646, 2216.0916720237938, 2192.914917875594, 2175.4472145483446, 2156.0395840782035, 2137.049581565048, 2126.2812872562545, 2110.222878925353, 2086.1675067991036], 
[4965.68347417408, 4965.68347417408, 2770.3761979900337, 2663.2297788190067, 2631.7644381931286, 2576.7727716044305, 2485.560734065672, 2396.117407632121, 2351.0310473325817, 2342.0293492038177, 2302.7003690635443, 2290.5270273899805, 2245.6399788992976, 2242.2108206986168, 2223.813449165967, 2203.1595277297733, 2194.460308030375, 2170.4121998093938, 2162.278791637281, 2150.083633583078], 
[5351.892909050608, 5194.800817118951, 2748.389003961936, 2580.1515258059135, 2580.1515258059135, 2436.306410987116, 2402.534825252305, 2360.548734293728, 2348.1786595314243, 2281.5150439301647, 2260.5133071755636, 2230.4499507778355, 2223.108784797032, 2204.927894628322, 2176.3280223336888, 2153.9382010272266, 2131.6295666875685, 2122.236558077684, 2099.5146282575206, 2090.51961722524], 
[5018.844488156978, 4697.96606772045, 2711.7615498782334, 2636.2857081462457, 2553.292386641016, 2482.75691293043, 2409.937528596091, 2346.794399975148, 2286.9103286573836, 2272.062483737791, 2246.9598431805507, 2239.413989795643, 2206.5800256574785, 2194.071141856156, 2170.2057027609953, 2158.6769513092463, 2131.824681807691, 2110.9864185269703, 2106.319770263739, 2093.6356655562727], 
[5163.420395542992, 5163.420395542992, 2757.391832228255, 2584.6505134312497, 2503.1604725250913, 2384.685053644939, 2378.2179933113066, 2325.7717802249967, 2267.9015070515693, 2257.090728923783, 2235.353119457915, 2210.6033101887883, 2190.7864777630252, 2177.210142517738, 2149.507798154583, 2140.4314763992675, 2122.708291343472, 2104.9421286420165, 2081.50545834926, 2076.2609455549486], 
[4833.54351017474, 4833.54351017474, 2736.984119286408, 2545.5249314528787, 2530.006234046123, 2412.3993831957946, 2392.6154044844247, 2362.534248074375, 2323.551234545323, 2300.0360354750037, 2254.9927666278168, 2221.787910474656, 2201.0919313081113, 2173.89268765459, 2161.7082546077504, 2142.2685112112645, 2131.58842041884, 2111.6685666149983, 2098.2400660472695, 2089.1877393676473], 
[4797.595261108754, 4797.595261108754, 2732.582724029481, 2650.033220919471, 2586.75523965095, 2523.6525444678646, 2434.860034905468, 2355.441776062965, 2335.114198330615, 2299.957904778037, 2253.8551128728823, 2230.5603510293713, 2217.9503086515006, 2204.1063031285244, 2184.954227696764, 2166.923320914498, 2144.442675016714, 2141.6630362513783, 2118.9723847039872, 2101.659785463885], 
[4917.286934452603, 4917.286934452603, 2634.163391354304, 2595.968717399007, 2470.8874133555714, 2384.273996282637, 2324.8021103661044, 2289.820054159843, 2219.450704897228, 2192.490852802509, 2158.328753841511, 2143.696640690342, 2098.410758712042, 2096.345071852982, 2090.0567500675206, 2075.432705010533, 2063.1631633387465, 2050.0708519959844, 2032.685348266268, 2025.4223373063721], 
[4968.4940709689645, 4968.4940709689645, 2770.2248646463586, 2638.5234016003833, 2554.2542246470625, 2446.003006205737, 2398.127445780274, 2385.218075674384, 2338.752261521639, 2319.583646938018, 2253.3771478889175, 2205.240539770074, 2196.070320328633, 2180.5021392527424, 2168.2390758488755, 2154.466320855201, 2137.458962197114, 2127.332744095579, 2105.057015202145, 2099.3653147845366], 
[4351.569590566387, 4274.719390594968, 2701.62230539104, 2630.458727426754, 2568.19960376966, 2489.7585876769876, 2404.3356061870054, 2331.009842259765, 2324.0832641017496, 2279.2731648032664, 2251.937141158951, 2206.9370220972287, 2206.9370220972287, 2199.5861393616883, 2175.3599862619217, 2168.147946226464, 2135.667730120127, 2127.8393882756013, 2116.5420091320166, 2100.498189057722], 
