[9628.505918393736, 9628.505918393736, 9207.532831562416, 9207.532831562416, 9207.532831562416, 8945.691670301505, 8945.691670301505, 8684.061657417575, 8684.061657417575, 8684.061657417575, 8550.991662974711, 8393.366156535732, 8235.197913174617, 8076.405361802171, 7979.200838525487, 7863.216291248506, 7862.899736197114, 7862.899736197114, 7637.10618376034, 7608.9768634328175], 
[9726.45101856865, 9726.45101856865, 9726.45101856865, 9323.669326490333, 9138.807801278115, 9138.807801278115, 9110.521006711153, 9110.521006711153, 8945.887308381692, 8945.887308381692, 8847.11146109264, 8847.11146109264, 8608.619291884652, 8608.619291884652, 8608.619291884652, 8608.619291884652, 8608.619291884652, 8192.210773602066, 8150.011875477805, 7905.582254236771], 
[9490.047368019645, 9490.047368019645, 9185.21154897594, 9185.21154897594, 9185.21154897594, 9024.634684842677, 9024.634684842677, 8238.971248971055, 7902.0489864727515, 7902.0489864727515, 7902.0489864727515, 7445.24111334952, 7445.24111334952, 7428.870249533455, 7428.870249533455, 7428.870249533455, 7231.0560568176115, 7007.598607267079, 7007.598607267079, 7007.598607267079], 
[9078.300295834124, 9078.300295834124, 8740.759328482844, 8740.759328482844, 8740.759328482844, 8725.530789073446, 8725.530789073446, 8725.530789073446, 8725.530789073446, 8046.227987867263, 7592.470972639401, 7592.470972639401, 7592.470972639401, 7592.470972639401, 7592.470972639401, 7550.036857841006, 7183.819980658632, 7183.819980658632, 6957.914244631736, 6957.914244631736], 
[9354.901451474518, 9025.580636131685, 8947.1037691986, 8572.994779497269, 7990.275872205726, 7990.275872205726, 7970.115659151832, 7730.803975734253, 7730.803975734253, 7730.803975734253, 7361.527465118004, 7361.527465118004, 7361.527465118004, 7361.527465118004, 7361.527465118004, 7361.527465118004, 7325.355568927015, 7325.355568927015, 7050.033238132529, 7050.033238132529], 
[8921.156733406671, 8901.894457668455, 8874.509355995193, 8549.51536714008, 8549.51536714008, 8549.51536714008, 8549.51536714008, 8549.51536714008, 8549.51536714008, 8162.548949233359, 8162.548949233359, 8162.548949233359, 7566.97641285077, 7304.613766970621, 7304.613766970621, 7304.613766970621, 7060.186378224144, 7060.186378224144, 7060.186378224144, 7060.186378224144], 
[10108.616997732242, 10103.816424754117, 9335.030744517746, 9044.100707402671, 9044.100707402671, 8912.311490249647, 8912.311490249647, 8912.311490249647, 8902.659216308632, 8559.425373793509, 8475.153593066594, 8470.242639940716, 8084.897788863522, 8084.897788863522, 8084.897788863522, 7921.286707947722, 7921.286707947722, 7397.072296969654, 7315.551251260901, 7315.551251260901], 
[9308.670165350413, 9308.670165350413, 9238.325646199564, 9238.325646199564, 9238.325646199564, 8910.490467352158, 8847.170236321715, 8847.170236321715, 8847.170236321715, 8828.583250399615, 8793.867690676227, 8579.192150561019, 8314.550272524937, 8081.984955837932, 7676.813414186784, 7676.813414186784, 7676.813414186784, 7676.813414186784, 7003.490158845661, 7003.490158845661], 
[9391.472935285723, 9391.472935285723, 9142.115017828524, 9141.495197743041, 9141.495197743041, 9010.850298034236, 9010.850298034236, 8827.745023190166, 8827.745023190166, 8827.745023190166, 8338.990383018767, 7008.703004789961, 6959.8546991385865, 6959.8546991385865, 6959.8546991385865, 6500.14166632261, 6397.0052291516195, 5980.099975664762, 5980.099975664762, 5826.779885289608], 
[9810.038740415843, 9747.097946622105, 9379.801523542998, 9379.801523542998, 8953.420640932673, 8953.420640932673, 8342.97816771807, 8263.185724347348, 8105.175878927516, 8105.175878927516, 8105.175878927516, 7682.227665308235, 7637.762246999242, 7637.762246999242, 7586.504826133559, 7586.504826133559, 7586.504826133559, 7196.463120198397, 7196.463120198397, 7142.714943475754], 
[9363.576384627826, 9363.576384627826, 8685.768083552726, 8577.753710733583, 8577.753710733583, 8577.753710733583, 8577.753710733583, 8577.753710733583, 8577.753710733583, 8266.288008033896, 8266.288008033896, 8120.108142240008, 8120.108142240008, 8116.2222042288295, 7753.450719564352, 7753.450719564352, 7570.799328386099, 7570.799328386099, 7570.799328386099, 7357.7330715089765], 
[9748.087089171628, 9414.359201315474, 9159.137120406176, 9159.137120406176, 9159.137120406176, 9159.137120406176, 8858.662457516051, 8800.18944563468, 8249.376428114349, 8249.376428114349, 8249.376428114349, 8249.376428114349, 8249.376428114349, 8249.376428114349, 8249.376428114349, 8249.376428114349, 8249.376428114349, 8146.067330171499, 8146.067330171499, 7991.2490882979355], 
[9710.551899779459, 9710.551899779459, 9552.762797673375, 9552.762797673375, 9304.136624275085, 9304.136624275085, 9227.741019590618, 9020.249516198292, 9020.249516198292, 8869.61066197698, 8869.61066197698, 8818.486122572405, 8734.487110715152, 8329.129973096426, 8327.538127869464, 8327.538127869464, 8312.967419234008, 8229.89771295184, 8229.89771295184, 8228.051599089024], 
[9392.895052739572, 9392.895052739572, 9269.539639994131, 9127.177412050502, 9127.177412050502, 8940.83817419648, 8849.818596395304, 8849.818596395304, 8653.714644254598, 8442.020556477104, 8442.020556477104, 8442.020556477104, 8441.443495088215, 8441.443495088215, 8441.443495088215, 8249.225229679416, 8249.225229679416, 8199.848955307953, 8086.577965591589, 8086.577965591589], 
[9581.624923926363, 9577.786635251263, 9577.786635251263, 9577.786635251263, 9449.534853280495, 9243.513935927343, 8918.539473937117, 8918.539473937117, 8916.05558483062, 8447.580234597432, 8447.580234597432, 8447.580234597432, 8290.965090443808, 8197.967507231531, 8108.7262671710905, 8108.7262671710905, 8108.7262671710905, 7875.1878640185405, 7875.1878640185405, 7779.398566647387], 
[9476.023039098583, 9246.032629896064, 9193.570857000423, 9013.441467703873, 8907.147569317855, 8608.979982962268, 8608.979982962268, 8608.979982962268, 8606.273558240848, 8196.587675407274, 8191.958324694361, 8191.958324694361, 8039.897646726463, 8039.897646726463, 7767.59993410869, 7767.59993410869, 7767.59993410869, 7767.59993410869, 7523.0875712162515, 7523.0875712162515], 
[9940.507930803837, 9750.510892997481, 9623.618638551165, 9334.33114579975, 9334.33114579975, 9217.426695117123, 8930.525782020388, 8930.525782020388, 8930.525782020388, 8507.898488676838, 8507.898488676838, 8152.417413275097, 8008.411771053738, 7781.052676755061, 7781.052676755061, 7781.052676755061, 7288.753703713539, 7288.753703713539, 7288.753703713539, 5984.273454678761], 
[9240.009558789412, 9240.009558789412, 9177.818682682591, 9177.818682682591, 9177.818682682591, 8892.976894151243, 8872.468986249249, 8872.468986249249, 8872.468986249249, 8497.661945250144, 8475.652407269246, 8360.234159776788, 7930.486457616107, 7930.486457616107, 7930.486457616107, 7365.199689989452, 7365.199689989452, 7365.199689989452, 7252.135840768737, 7252.135840768737], 
[9840.000895936504, 9840.000895936504, 9771.760977693933, 9588.31951806432, 9423.50686916217, 9068.651476128876, 9068.651476128876, 9060.288307066583, 9060.288307066583, 9060.288307066583, 9059.402194382901, 8864.844018993048, 8507.354374552633, 8507.354374552633, 8507.354374552633, 8507.354374552633, 8295.586927612647, 8206.412039231569, 8206.412039231569, 7861.710115266958], 
[9627.121062834605, 9452.190652888861, 9452.190652888861, 9452.190652888861, 9430.778604631801, 9430.778604631801, 9333.820285805103, 9131.690063171136, 9006.932030148791, 7986.839189549327, 7986.839189549327, 7986.839189549327, 7986.839189549327, 7882.693533999839, 7882.693533999839, 7882.693533999839, 7605.150868983504, 7605.150868983504, 6855.78076461335, 6855.78076461335], 
[9323.763231729137, 9247.349552685244, 9247.349552685244, 9205.780556768666, 9130.703380198876, 8645.585071547332, 8613.550676530023, 8613.550676530023, 8613.550676530023, 8613.550676530023, 8613.550676530023, 8613.550676530023, 8613.550676530023, 8588.160729977795, 8381.790032458346, 8321.37848154565, 8219.8999678949, 8219.8999678949, 8219.8999678949, 8219.8999678949], 
[9204.248138936418, 8985.969084588582, 8985.167431425321, 8985.167431425321, 8746.505236759653, 8746.505236759653, 8658.819860964533, 8419.872901156983, 8370.012754255655, 8123.157587424258, 7899.213968415923, 7779.752350377111, 7607.812005794357, 7607.812005794357, 7460.620361209317, 7170.795374859205, 7170.795374859205, 7103.489950943356, 7091.311534824739, 6941.847799518329], 
[9691.482811471464, 9691.482811471464, 9534.390841097691, 9333.1506008045, 9333.1506008045, 9333.1506008045, 9184.487052429618, 8859.405708355644, 8634.710294582597, 8336.068032614923, 7993.102808964492, 7774.532397069872, 7774.532397069872, 7774.532397069872, 7774.532397069872, 7382.052654370011, 7382.052654370011, 7382.052654370011, 7382.052654370011, 7382.052654370011], 
[9347.924994203155, 9347.924994203155, 9338.78793706074, 9238.838514121217, 9132.450140396353, 9091.834923921484, 8744.765802294456, 8744.765802294456, 8744.765802294456, 8744.765802294456, 8533.827234466578, 8337.507975000313, 8337.507975000313, 8337.507975000313, 7946.466787226231, 7946.466787226231, 7825.374970295588, 7825.374970295588, 7825.374970295588, 7666.515640746346], 
[9692.736263043917, 8967.970589813625, 8967.970589813625, 8967.970589813625, 8967.970589813625, 8967.970589813625, 8908.66678122197, 8908.66678122197, 8908.66678122197, 8905.349221522734, 8419.74375727395, 8419.74375727395, 8419.74375727395, 8419.74375727395, 8419.74375727395, 8410.595953031057, 7984.21820244172, 7984.21820244172, 7786.226824418906, 7727.372989885046], 
[9397.740806443078, 9089.761952296756, 8827.053407196036, 8827.053407196036, 8827.053407196036, 8827.053407196036, 8827.053407196036, 8827.053407196036, 8336.414795606432, 8336.414795606432, 8177.870474339007, 8177.870474339007, 8177.870474339007, 8177.870474339007, 7982.794366478759, 7858.78697154115, 7858.78697154115, 7607.918260944001, 7607.918260944001, 7480.495090741354], 
[9462.980710974532, 9462.980710974532, 9195.863434020568, 9168.180934075248, 8838.924525828945, 8266.425388168525, 8266.425388168525, 8266.425388168525, 8266.425388168525, 8266.425388168525, 8266.425388168525, 8137.319606769322, 8117.078936198294, 8117.078936198294, 7939.309622215235, 7795.177980527777, 7320.997611443151, 7320.997611443151, 7177.434886914909, 7177.434886914909], 
[9007.56214828475, 9007.56214828475, 9007.56214828475, 8625.338097605478, 8625.338097605478, 8625.338097605478, 8625.338097605478, 8449.865170875306, 8346.547053457387, 8263.0404698337, 8033.066504298817, 8033.066504298817, 8033.066504298817, 8033.066504298817, 8033.066504298817, 7991.340915620092, 7991.340915620092, 7991.340915620092, 7971.7826295408895, 7811.519034975624], 
[9443.734055555296, 9237.758357280756, 9205.916715084444, 9205.916715084444, 9205.916715084444, 8920.657263386462, 8779.748459087015, 8527.388373033371, 8010.03184994675, 7744.960895690503, 7566.112647698129, 7465.117167001661, 7079.020519547439, 7079.020519547439, 7044.896736060004, 7044.896736060004, 6827.157647328224, 6827.157647328224, 6787.721895344348, 6738.160530400274], 
[9664.086269040663, 9157.694459572962, 9157.694459572962, 9157.694459572962, 9157.694459572962, 8770.64637406406, 8663.919109300361, 8663.919109300361, 8552.962127485273, 8552.962127485273, 8543.3858599944, 8004.979121522467, 8004.979121522467, 7886.333086605824, 7867.71732432013, 7867.71732432013, 7833.8451415199315, 7618.97584430754, 7265.100287363185, 7196.119047032414], 
