[9210.082044293775, 9210.082044293775, 9210.082044293775, 9057.131236857058, 9057.131236857058, 9057.131236857058, 8823.272988971004, 8823.272988971004, 8823.272988971004, 7679.833601752255, 7679.833601752255, 7679.833601752255, 7679.833601752255, 7679.833601752255, 7679.833601752255, 7679.833601752255, 7659.073193092265, 7659.073193092265, 7659.073193092265, 7659.073193092265], 
[9524.391580867232, 9524.391580867232, 9176.851681351527, 9176.851681351527, 9140.20991700244, 9140.20991700244, 9140.20991700244, 8713.787340284605, 8713.787340284605, 8713.787340284605, 8658.589117953992, 8658.589117953992, 8658.589117953992, 8640.7065297586, 8640.7065297586, 8640.7065297586, 8340.957043681547, 8340.957043681547, 8257.582370301956, 8257.582370301956], 
[9716.678421182078, 9716.678421182078, 9653.226927832446, 9653.226927832446, 8890.389430897565, 8890.389430897565, 8890.389430897565, 8890.389430897565, 8890.389430897565, 8890.389430897565, 8890.389430897565, 8890.389430897565, 8890.389430897565, 8769.731944086088, 8769.731944086088, 8394.92339268954, 8394.92339268954, 8216.275590125304, 8017.570012470242, 8017.570012470242], 
[9029.772088968244, 9029.772088968244, 9029.772088968244, 9029.772088968244, 9029.772088968244, 9029.772088968244, 8492.63825804216, 8492.63825804216, 8492.63825804216, 8492.63825804216, 8492.63825804216, 8162.024930834201, 8162.024930834201, 8162.024930834201, 8162.024930834201, 8162.024930834201, 8162.024930834201, 8145.021859464338, 8145.021859464338, 8145.021859464338], 
[9807.595112966166, 9023.32226466344, 9023.32226466344, 9023.32226466344, 9023.32226466344, 8928.948322798124, 8928.948322798124, 8928.948322798124, 8803.199797398403, 8803.199797398403, 8803.199797398403, 8803.199797398403, 8803.199797398403, 8803.199797398403, 8392.837853872337, 8392.837853872337, 8392.837853872337, 8392.837853872337, 8228.809871753656, 8228.809871753656], 
[9158.605180519184, 9158.605180519184, 9158.605180519184, 9158.605180519184, 8968.810326359964, 8968.810326359964, 8968.810326359964, 8968.810326359964, 8968.810326359964, 8968.810326359964, 8968.810326359964, 8968.810326359964, 8773.427335060267, 8773.427335060267, 8773.427335060267, 8773.427335060267, 8773.427335060267, 8593.733128237265, 8593.733128237265, 8593.733128237265], 
[9684.659271660688, 9099.874392203148, 9099.874392203148, 9099.874392203148, 9041.66110730733, 9041.66110730733, 8329.292904337302, 8329.292904337302, 8329.292904337302, 8162.583766049353, 8047.44114485377, 8047.44114485377, 8047.44114485377, 7426.804103791245, 7426.804103791245, 7426.804103791245, 7426.804103791245, 7426.804103791245, 7426.804103791245, 7426.804103791245], 
[9696.520771503006, 9696.520771503006, 9322.992611146063, 9322.992611146063, 9276.630856167805, 9276.630856167805, 9005.407951549187, 9005.407951549187, 9005.407951549187, 8783.59442712387, 8765.551327800624, 8765.551327800624, 8597.58010961518, 8223.025820763925, 8223.025820763925, 8223.025820763925, 8223.025820763925, 8223.025820763925, 8223.025820763925, 8223.025820763925], 
[9782.355353627352, 9527.747496614593, 9527.747496614593, 9163.088459420427, 9163.088459420427, 9163.088459420427, 9096.32527789141, 9096.32527789141, 9096.32527789141, 8943.24965694775, 8871.82118007787, 8578.579817114498, 8505.150862782926, 8505.150862782926, 8505.150862782926, 8505.150862782926, 8505.150862782926, 8369.795540559182, 8369.795540559182, 8369.795540559182], 
[9708.440894582724, 9405.374350127524, 9405.374350127524, 9405.374350127524, 9399.75281081297, 9284.694570890118, 9284.694570890118, 9284.694570890118, 9192.998691866062, 9192.998691866062, 9177.107138825908, 9177.107138825908, 9177.107138825908, 9066.15578122272, 8773.882464835338, 8773.882464835338, 8773.882464835338, 8773.882464835338, 8773.882464835338, 8773.882464835338], 
[9368.726276847678, 8952.046272411053, 8952.046272411053, 8952.046272411053, 8952.046272411053, 8839.510789507516, 8760.541485251297, 8760.541485251297, 8760.541485251297, 8552.407617057974, 8552.407617057974, 8552.407617057974, 8552.407617057974, 8552.407617057974, 8552.407617057974, 8379.460867297528, 8379.460867297528, 7874.491186452493, 7874.491186452493, 7823.8364424080355], 
[9944.274285243258, 9834.272916512728, 9124.907940793259, 9124.907940793259, 9124.907940793259, 9124.907940793259, 8812.721120026175, 8812.721120026175, 8495.136371196983, 8495.136371196983, 8495.136371196983, 8495.136371196983, 8495.136371196983, 8495.136371196983, 8495.136371196983, 8495.136371196983, 8495.136371196983, 8495.136371196983, 8495.136371196983, 8495.136371196983], 
[9516.531916319687, 9426.967644369164, 9426.967644369164, 9426.967644369164, 8946.931434859067, 8946.931434859067, 8946.931434859067, 8946.931434859067, 8946.931434859067, 8134.403120452218, 8134.403120452218, 8092.297110317547, 8092.297110317547, 8092.297110317547, 8092.297110317547, 8092.297110317547, 8092.297110317547, 8092.297110317547, 8092.297110317547, 8092.297110317547], 
[9452.56445587201, 9452.56445587201, 9452.56445587201, 9287.24013652953, 9287.24013652953, 8752.837737037637, 8752.837737037637, 8752.837737037637, 8752.837737037637, 8752.837737037637, 8752.837737037637, 8752.837737037637, 8752.837737037637, 8752.837737037637, 8752.837737037637, 8752.837737037637, 8752.837737037637, 8752.837737037637, 8752.837737037637, 8752.837737037637], 
[9877.407434446888, 9559.508664986799, 9032.73331511722, 9032.73331511722, 8926.952130834263, 8926.952130834263, 8926.952130834263, 8926.952130834263, 8926.952130834263, 8736.487637309403, 8736.487637309403, 7884.46675640681, 7884.46675640681, 7884.46675640681, 7884.46675640681, 7884.46675640681, 7884.46675640681, 7817.392887159012, 7817.392887159012, 7817.392887159012], 
[8866.454345397065, 8747.11479102075, 8747.11479102075, 8747.11479102075, 8747.11479102075, 8747.11479102075, 8747.11479102075, 8747.11479102075, 8747.11479102075, 8747.11479102075, 8747.11479102075, 8747.11479102075, 8618.416180135753, 8618.416180135753, 8618.416180135753, 8434.1863171005, 8434.1863171005, 8434.1863171005, 8373.216121840322, 8373.216121840322], 
[9600.362133803812, 8916.210564828305, 8916.210564828305, 8916.210564828305, 8916.210564828305, 8916.210564828305, 8916.210564828305, 8916.210564828305, 8916.210564828305, 8916.210564828305, 8916.210564828305, 8916.210564828305, 8451.250388794871, 8375.047320321593, 8375.047320321593, 8337.27012564642, 8337.27012564642, 8337.27012564642, 8337.27012564642, 8337.27012564642], 
[9157.23530263768, 9157.23530263768, 9157.23530263768, 9157.23530263768, 9157.23530263768, 8878.021480427176, 8878.021480427176, 8878.021480427176, 8878.021480427176, 8878.021480427176, 8878.021480427176, 8849.925347147646, 8849.925347147646, 8710.865528565515, 8551.599632017773, 8551.599632017773, 8551.599632017773, 8361.868150396447, 8361.868150396447, 8361.868150396447], 
[9327.806102495815, 9327.806102495815, 9250.342505703473, 9250.342505703473, 9250.342505703473, 8928.10242060139, 8928.10242060139, 8928.10242060139, 8928.10242060139, 8928.10242060139, 8928.10242060139, 8928.10242060139, 8928.10242060139, 8714.182601485054, 8714.182601485054, 8714.182601485054, 8714.182601485054, 8714.182601485054, 8714.182601485054, 8714.182601485054], 
[9562.798946250323, 9553.233556574836, 9553.233556574836, 9512.211212387121, 9293.94633542375, 8591.30557953448, 8591.30557953448, 8591.30557953448, 8591.30557953448, 8591.30557953448, 8591.30557953448, 8383.99848397847, 8383.99848397847, 8383.99848397847, 8383.99848397847, 8383.99848397847, 8383.99848397847, 8383.99848397847, 8383.99848397847, 8383.99848397847], 
[9638.513240951625, 9577.709186649043, 9577.709186649043, 9165.369476831454, 9165.369476831454, 8781.254350788731, 8781.254350788731, 8781.254350788731, 8781.254350788731, 8781.254350788731, 8681.851459740472, 8681.851459740472, 8681.851459740472, 8681.851459740472, 8396.665581877109, 8396.665581877109, 8396.665581877109, 8396.665581877109, 8396.665581877109, 8396.665581877109], 
[9225.00065007279, 9225.00065007279, 9225.00065007279, 9213.957543812074, 9213.957543812074, 8805.851003958687, 8805.851003958687, 8805.851003958687, 8805.851003958687, 8805.851003958687, 8607.883138008221, 8607.883138008221, 8607.883138008221, 8607.883138008221, 8607.883138008221, 8607.883138008221, 8573.21984982256, 8573.21984982256, 8573.21984982256, 8573.21984982256], 
[9287.917064806303, 9287.917064806303, 9287.917064806303, 9287.917064806303, 9084.126118054008, 9084.126118054008, 9084.126118054008, 9084.126118054008, 9084.126118054008, 9084.126118054008, 9084.126118054008, 8859.843906308102, 8859.843906308102, 8859.843906308102, 8859.843906308102, 8859.843906308102, 8859.843906308102, 8859.843906308102, 8606.98341748773, 8579.75189884369], 
[9826.55833312173, 9826.55833312173, 9496.238796371152, 9496.238796371152, 9496.238796371152, 9022.447302817718, 9022.447302817718, 8596.304605780073, 8596.304605780073, 8364.941285451738, 7738.920878133146, 7738.920878133146, 7738.920878133146, 7462.507815353421, 7311.1472105530975, 7311.1472105530975, 7311.1472105530975, 7311.1472105530975, 7311.1472105530975, 7297.176802845931], 
[9630.720541606868, 8604.675350216337, 8604.675350216337, 8604.675350216337, 8604.675350216337, 8604.675350216337, 8604.675350216337, 8604.675350216337, 8604.675350216337, 8604.675350216337, 8604.675350216337, 8604.675350216337, 8604.675350216337, 8604.675350216337, 8604.675350216337, 8604.675350216337, 8604.675350216337, 8604.675350216337, 8604.675350216337, 8604.675350216337], 
[9509.857973111275, 9509.857973111275, 9090.904850729981, 8935.254547224427, 8831.07144270722, 8831.07144270722, 8831.07144270722, 8831.07144270722, 8831.07144270722, 8831.07144270722, 8621.96448098963, 8621.96448098963, 8496.692665043614, 8496.692665043614, 8496.692665043614, 8307.441082841262, 8235.567342053544, 8235.567342053544, 8235.567342053544, 8235.567342053544], 
[8792.478302718584, 8792.478302718584, 8792.478302718584, 8792.478302718584, 8792.478302718584, 8792.478302718584, 8642.77847466668, 8642.77847466668, 8608.926965713603, 8608.926965713603, 8440.874867382228, 8411.080866064836, 8411.080866064836, 8411.080866064836, 8411.080866064836, 8411.080866064836, 8411.080866064836, 8411.080866064836, 8411.080866064836, 8411.080866064836], 
[9071.91218470982, 9071.91218470982, 9071.91218470982, 9071.91218470982, 9004.908321738176, 9004.908321738176, 9004.908321738176, 9004.908321738176, 9004.908321738176, 9004.908321738176, 8818.35531641611, 8609.389852221992, 8609.389852221992, 8609.389852221992, 8572.669296618767, 7606.150241697732, 7606.150241697732, 7561.319659601521, 7561.319659601521, 7481.315452096261], 
[9516.906467543533, 9516.906467543533, 9516.906467543533, 9098.197999397613, 9066.01570029076, 9066.01570029076, 9066.01570029076, 9066.01570029076, 8847.17119264805, 8847.17119264805, 8343.334093447875, 8343.334093447875, 8343.334093447875, 8343.334093447875, 8142.9264641626305, 8142.9264641626305, 8142.9264641626305, 8142.9264641626305, 8142.9264641626305, 8142.9264641626305], 
[9419.030313358106, 9419.030313358106, 8919.207525114985, 8297.044172338248, 8297.044172338248, 8297.044172338248, 8297.044172338248, 8297.044172338248, 8297.044172338248, 8297.044172338248, 8297.044172338248, 8297.044172338248, 8297.044172338248, 8297.044172338248, 8297.044172338248, 8297.044172338248, 8297.044172338248, 8297.044172338248, 8297.044172338248, 8297.044172338248], 
