[416.92816016983556, 409.6466538938226, 353.6367559217818, 349.5421816892406, 336.0775884704974, 331.0042144983108, 327.3353298663395, 323.25453485157544, 312.8105142450925, 306.5951383362423, 306.5951383362423, 306.5951383362423, 305.65242281443113, 303.01129057234, 302.88214939985244, 299.90770957412366, 298.93770242057093, 297.9878232636633, 297.6192713997257, 297.5794206338541], 
[397.8854475143993, 397.8854475143993, 353.48771094613926, 344.64891981516695, 344.64891981516695, 336.30982082488975, 336.30982082488975, 327.3584571776923, 327.15285228793226, 313.7592930901404, 313.7592930901404, 312.6610225709094, 311.5670678328282, 309.34840965904317, 304.351024577292, 304.351024577292, 301.61467120199165, 299.3318421966128, 299.3318421966128, 299.3318421966128], 
[447.6536695658316, 447.6536695658316, 373.03873146332353, 369.71020216254595, 359.46948089384847, 339.8992268699763, 339.8992268699763, 330.59788463449365, 322.47581918617533, 322.47581918617533, 316.9739414403968, 316.81228818823615, 315.34262153656397, 313.5005096602292, 306.6340408443546, 306.50794881495085, 306.50794881495085, 306.50794881495085, 304.0360638933954, 304.0360638933954], 
[417.0383952965431, 417.0383952965431, 355.4987890432816, 343.3530640797628, 328.36567580092117, 328.36567580092117, 327.74977169067546, 321.0207672490122, 317.94327251246335, 311.54125955904095, 305.1829893803008, 305.1829893803008, 302.5274642030732, 300.72659186502364, 297.55946489334326, 297.55946489334326, 294.98628498363416, 292.84176225321056, 289.82657374774215, 288.56200701772866], 
[404.85808210932305, 399.4736637541007, 362.43114094935385, 354.5771290879547, 338.81444778267434, 335.8284188864652, 319.77620901786617, 319.2678201951775, 318.23650664645515, 315.29295322653525, 314.1552418295548, 314.1552418295548, 313.68401126458036, 313.6021484951866, 313.0117477710439, 311.120158828613, 309.0710140433229, 308.4728273133983, 306.6542361207742, 301.89087092248025], 
[402.3730419566496, 402.3730419566496, 360.70334193079646, 350.4285801096654, 325.42158391293015, 325.0099922877683, 323.7176133175869, 310.59083376110954, 304.2665371155925, 304.2665371155925, 301.56654728000535, 301.56654728000535, 299.69790034205255, 299.69790034205255, 299.1813029783908, 297.4178839631666, 294.53605112396303, 293.3276563446875, 293.3276563446875, 291.82873889496295], 
[444.6612548283563, 438.7939494085781, 367.76359419931055, 364.54577058741734, 346.5400845783467, 325.5126251198693, 325.5126251198693, 320.2615623620783, 320.2615623620783, 319.2297718560212, 316.53257298833955, 313.21338297872285, 311.1834122598848, 311.1834122598848, 304.86348301028784, 303.6987236253372, 303.4336692460465, 303.4336692460465, 298.2536362121214, 298.15487755485964], 
[358.69213601146674, 357.26858267705273, 356.3441029612135, 342.7477421808488, 334.0699987053575, 329.19347308538073, 325.6795038971881, 320.3026769957115, 313.3376501923149, 309.1021259243723, 309.1021259243723, 304.7901497643986, 304.5294626261205, 300.9854166942135, 296.59274522002397, 292.1332335718372, 291.9251446259109, 291.9251446259109, 291.9251446259109, 290.6321509478929], 
[374.4201582941312, 374.4201582941312, 364.4436189712601, 352.8899973685567, 342.12042722902277, 329.3284521978004, 327.27421291062393, 315.4518869879741, 315.4518869879741, 312.3195498580013, 309.7280392008496, 303.723622736121, 303.723622736121, 301.51615948935176, 301.51615948935176, 298.1147458040719, 295.47837110773577, 293.8806775452833, 291.59603670733804, 291.59603670733804], 
[451.62365084592307, 451.62365084592307, 388.1779996976701, 353.3389799836127, 353.3389799836127, 349.0077277156762, 340.62764580829287, 330.6539534802434, 328.7173863800109, 327.79856629762315, 322.11681653443014, 316.73237734852955, 307.75208746432395, 307.58936347986355, 307.58936347986355, 305.6334081409726, 300.5312143968735, 299.91417155254146, 297.9635564527464, 297.9577041487971], 
[418.11267943555964, 418.11267943555964, 356.682207662892, 342.89332015673085, 338.9306492994882, 318.5238153835228, 318.5238153835228, 318.5238153835228, 312.55896297833146, 312.2108320529951, 307.43233674911005, 307.33872284157053, 305.6909489264502, 303.9442048751661, 303.0929244807191, 299.83739644208083, 297.63770575279483, 297.63770575279483, 297.5551995677071, 296.2668281291583], 
[434.3685703102325, 390.25784455351373, 351.83141740870906, 351.83141740870906, 346.298530856822, 331.75078369413205, 319.1017526048995, 319.1017526048995, 317.44933916672665, 317.44933916672665, 316.90896921918846, 316.32290492990484, 313.4831440326985, 313.37184706747195, 309.70476059927614, 309.70476059927614, 308.0663380480885, 307.78574680588525, 304.43025505463237, 302.0268759053275], 
[439.15884431828385, 439.15884431828385, 391.30977774688415, 370.8572878908048, 358.4154525660327, 343.8583246882384, 341.849805765395, 338.4010680296185, 332.9257493765615, 325.6947412389969, 322.91976731097964, 320.1434434918516, 318.9562176834621, 313.4635084215712, 313.4635084215712, 311.5067739171038, 309.8915317960691, 309.8915317960691, 307.6086401956778, 307.0480052880031], 
[451.1034606335055, 429.94468251262333, 381.38851733488815, 364.83703856855857, 348.8918676489765, 347.3624447173373, 334.54416954621973, 327.1039877517124, 321.6766338165135, 317.39181718946725, 308.72729697205887, 308.72729697205887, 306.43754782282576, 304.9066668263698, 301.8295388673579, 301.8295388673579, 299.55531434184604, 298.55998799624365, 297.4346183809341, 296.5351602186018], 
[424.87588655886367, 424.87588655886367, 378.91490170777126, 354.5081886484355, 335.85930605924364, 329.7612987629034, 327.94854966056187, 327.94854966056187, 320.1720613993132, 320.1720613993132, 318.38844196946286, 313.2045664307187, 312.6937224493506, 312.6937224493506, 308.95538286767766, 304.680270592376, 303.55300437684247, 302.5291262300666, 301.0144166802684, 300.9869045766864], 
[419.0574623776663, 419.0574623776663, 375.0946259023876, 352.45949858243364, 341.93615967203993, 333.90334670024697, 333.90334670024697, 331.15773737347115, 327.07019437081146, 321.5253398874513, 313.08224359684357, 311.6966464752419, 311.6966464752419, 311.41217700829986, 308.19868109297545, 306.53554445514095, 301.87791248350004, 301.1048242903479, 299.53646384216296, 298.68660334814984], 
[419.8193673813877, 413.94486596509665, 371.391818995757, 360.4806630446329, 352.71707556726955, 343.0696987967988, 332.38259344648316, 330.35778725243574, 325.98367070437354, 319.421425695055, 319.08130980531473, 314.2792973418131, 308.2285465223405, 308.2285465223405, 304.78722546339134, 304.78722546339134, 301.1057936503515, 296.5100097366932, 296.5100097366932, 296.4720381064087], 
[439.5403689499992, 416.69663080399016, 376.4128827208349, 364.3429276254705, 353.03896430365825, 342.6875450078733, 330.0387171654923, 330.0387171654923, 324.4556422139432, 324.4556422139432, 319.080486245292, 315.8815915423706, 313.44570355859196, 313.44570355859196, 311.9770165295603, 310.32320321674405, 306.1337693141628, 306.1337693141628, 305.12741485087895, 305.12741485087895], 
[391.2668226263395, 389.2675182887201, 368.91915356984697, 363.2205579725306, 343.9018667950289, 331.98823212592475, 330.13700751089686, 322.10709133412826, 321.65575602261373, 316.09474376612843, 314.51961018391466, 312.39541353340525, 311.0910480127214, 308.3770409591405, 307.7799240202264, 299.4872983673754, 299.4872983673754, 299.2717413157548, 299.2717413157548, 299.2717413157548], 
[416.23767918849524, 399.1774976299378, 372.1599626626179, 356.07967750903964, 347.77506097260203, 341.8010099226466, 325.77854149115404, 324.9782784850062, 322.6624024823706, 318.3115411153353, 316.8641794429233, 316.74393611840213, 314.3931248607224, 314.3931248607224, 313.2140285675621, 311.95121052489384, 311.85274983629284, 309.4143560096458, 309.2224653166116, 309.2224653166116], 
[414.14211085511874, 402.9662302709266, 372.02271896182106, 356.5150637774412, 346.09890941368604, 336.3014144116822, 328.7856488383176, 298.85217929394565, 298.85217929394565, 298.85217929394565, 298.85217929394565, 298.85217929394565, 297.9182155026122, 297.09345455454314, 297.09345455454314, 297.09345455454314, 292.8617671011582, 292.8617671011582, 291.78861727943917, 288.16302615291215], 
[396.05223396495126, 377.9334759020699, 356.1000221850766, 353.2146912055946, 346.47304723934496, 335.9748604406837, 330.5714696472033, 324.81205182841813, 319.5933075898369, 310.887688979882, 310.13892188402104, 310.13892188402104, 309.8503708449722, 306.9240684133186, 306.9240684133186, 306.4838827078811, 301.3493599850773, 301.3493599850773, 301.3493599850773, 301.00840437850536], 
[376.8606610087941, 376.1296006526266, 356.889754255331, 345.9101304270399, 338.8308638952571, 330.19455893998907, 326.5255869314625, 322.988664087774, 316.0498677792394, 315.25574549643704, 314.68614531826734, 313.12026947899466, 310.42151453272356, 309.4781519742582, 309.4781519742582, 308.92808784795454, 308.51588942816306, 308.4269932863117, 307.31629007674826, 306.5863705552083], 
[398.59448577391606, 394.1888304826253, 374.26401922648677, 346.037659106473, 343.11149962410036, 331.52930465750046, 329.57816534819705, 327.3179810481128, 320.0070900952054, 316.80889392360433, 313.2014780818923, 306.80113079012176, 306.80113079012176, 306.80113079012176, 304.15555373767444, 302.44968310978675, 298.51231496441903, 298.51231496441903, 298.51231496441903, 297.675770133479], 
[419.6788033592096, 388.2517760869987, 368.75040228784724, 350.38240124658245, 350.38240124658245, 339.28956041050594, 334.7420230871442, 328.7119255328805, 313.66924918607435, 313.66924918607435, 313.66924918607435, 313.66924918607435, 311.94371313571594, 305.6296503525592, 305.52339878730464, 305.2133548371769, 305.2133548371769, 304.50437585475913, 303.56302879066993, 300.7470642087816], 
[417.5510259530044, 417.5510259530044, 378.59467537588876, 369.20573108315057, 361.46204999415477, 349.89895253453943, 332.4677429923818, 317.5863246041578, 317.5863246041578, 317.5863246041578, 310.2492401903924, 308.815360245694, 307.55918513218506, 302.8712727233666, 302.566675842947, 301.7130345578195, 298.5470516405729, 298.03411400924745, 298.03411400924745, 296.88705978062023], 
[401.7342624732044, 387.1256454546361, 369.0321680464655, 356.82110529803595, 343.6027088210728, 337.19532780067806, 328.7136500827491, 319.52822629332377, 317.7504133383709, 314.61237413729356, 306.8888613817895, 306.8888613817895, 306.2075938582341, 303.5169651885949, 303.3646722413964, 300.3842242046501, 298.00523947962057, 296.9078281274204, 296.8964903168941, 296.1014419109916], 
[421.92297394744196, 419.11008470450224, 387.7217572436315, 370.16578874505865, 354.54736567726036, 336.7510027630079, 335.43774807231455, 323.0553664664474, 318.3263044828199, 317.29724337129596, 311.0358466782594, 310.47938336218357, 307.00191565876696, 305.21895073937196, 303.44911222697533, 299.110547799133, 299.110547799133, 296.627257990377, 296.627257990377, 295.64173941569356], 
[375.2510974001644, 375.2510974001644, 375.2510974001644, 351.12756772049147, 329.3862591175125, 328.19282653997925, 315.0832236983088, 311.27806842781433, 310.8007024263301, 307.6202786589599, 297.9903160428171, 297.9903160428171, 296.87796783913683, 295.62704262660867, 292.96465824461666, 292.96465824461666, 289.0063423157191, 287.27913393794904, 285.82629338146376, 285.2065076932931], 
[419.7630699364056, 419.7630699364056, 396.765552369631, 356.6255629839331, 349.90235097928235, 335.8267911789219, 324.795768663253, 324.795768663253, 316.55623219843943, 316.55623219843943, 316.55623219843943, 300.52762167370054, 300.52762167370054, 300.52762167370054, 300.52762167370054, 300.52762167370054, 300.52762167370054, 299.28513907500655, 298.74679428101723, 298.4251120369247], 
