[334.1573613014214, 328.379049039087, 328.379049039087, 326.25447068659236, 282.46135624711957, 282.46135624711957, 282.46135624711957, 282.46135624711957, 270.6734441372263, 269.8522539712362, 269.2443688376068, 269.2443688376068, 267.155745465489, 239.8060986445713, 221.07078441295127, 221.07078441295127, 218.086262941387, 214.81418587821707, 212.91726506129004, 212.05799938232389], 
[360.1222868985645, 270.87027660370853, 270.87027660370853, 269.46267201519754, 267.63510165433763, 267.63510165433763, 247.51255574744295, 247.51255574744295, 245.32574248095398, 242.4586396280737, 242.4586396280737, 242.4586396280737, 242.4586396280737, 235.63414181567808, 223.56955342492645, 222.49763008350325, 217.5424583472861, 213.5059111427122, 211.35580993107465, 210.18260695176497], 
[379.4287699424952, 361.2310527986675, 361.2310527986675, 307.81024736766244, 307.81024736766244, 303.4871782811553, 303.4871782811553, 282.7636420826342, 282.7636420826342, 247.5626682954278, 247.5626682954278, 247.5626682954278, 247.5626682954278, 246.89137848734583, 244.0736756688128, 244.0736756688128, 244.0736756688128, 241.14740588729092, 239.78945824250505, 239.78945824250505], 
[356.65052928419294, 356.65052928419294, 353.259899246532, 348.84914750567674, 348.84914750567674, 340.30398284480674, 296.2167953332925, 296.2167953332925, 294.861208209063, 294.861208209063, 273.7127487904484, 273.7127487904484, 262.14424147736867, 262.14424147736867, 261.39105946986496, 261.39105946986496, 257.5565389375461, 247.12749246684007, 246.99666604283058, 246.99666604283058], 
[417.8519230029975, 417.8519230029975, 393.8466723705635, 393.8466723705635, 339.9061761860074, 311.99644044188346, 311.51378745208615, 309.90098063559884, 309.90098063559884, 283.79775959194257, 283.79775959194257, 283.79775959194257, 270.67122483406376, 251.22098243584392, 251.22098243584392, 251.22098243584392, 251.0129734293828, 251.0129734293828, 251.0129734293828, 249.52448351976193], 
[393.01650066071295, 372.45643696586933, 372.45643696586933, 365.7407384177834, 362.9338250582324, 311.7157396635215, 311.7157396635215, 305.3756932574933, 291.4786601208688, 291.4786601208688, 291.2910916075581, 236.488577806919, 227.14040512446417, 226.86575752525803, 226.48582494170256, 221.27025788787574, 213.5210385725886, 213.5210385725886, 212.73031394421042, 211.63355712714122], 
[418.1570476863574, 367.77456626039424, 365.58307801535256, 355.05016466989963, 355.05016466989963, 345.2090296823549, 332.83155059092167, 304.22653873669776, 304.22653873669776, 293.68133376322794, 279.39058070803964, 264.0823611775967, 251.88019678398635, 251.88019678398635, 251.71552875247735, 244.89429452827, 244.89429452827, 240.97286710717933, 240.34933424994944, 227.97925274548484], 
[375.2257515886343, 344.2793582059856, 344.2793582059856, 344.2793582059856, 334.98105238841725, 312.6767898193344, 308.2594772951329, 308.2594772951329, 308.2594772951329, 286.44882140281334, 285.3444984169391, 241.82535349641225, 241.82535349641225, 225.50151789654575, 217.62600556850805, 215.11851015906058, 210.593929232391, 210.01920416913438, 208.37391364512635, 206.61754770106407], 
[432.0403673975261, 432.0403673975261, 366.22103706886696, 366.22103706886696, 366.22103706886696, 333.1551823250733, 328.9252093495867, 328.9252093495867, 327.4324712264069, 308.91972671429085, 289.3850411765164, 289.3850411765164, 265.28593843719574, 264.995176454731, 264.8820244945942, 264.8289269888618, 264.8289269888618, 259.2327382647381, 256.8405990044421, 256.8405990044421], 
[359.40608241038035, 359.40608241038035, 359.40608241038035, 359.40608241038035, 333.9703088644182, 312.1541504756812, 309.80241758758086, 287.71708535679653, 287.6266875839784, 286.29869291308603, 286.29869291308603, 278.1119078843244, 278.1119078843244, 262.0073233965611, 260.7180467101855, 260.64275711567586, 260.6371927583885, 257.63736797894904, 257.63736797894904, 257.63736797894904], 
[410.75015236923167, 410.75015236923167, 390.3438839393778, 368.8380049728567, 358.45647536050626, 323.2159733714595, 285.68734709623413, 285.68734709623413, 285.14375130383, 285.13525427947553, 276.4293525638609, 275.63992175082467, 272.3058896577279, 272.3058896577279, 253.7121121091941, 253.7121121091941, 253.7121121091941, 251.58519482614233, 243.60791288590707, 243.60791288590707], 
[374.61909192464043, 374.61909192464043, 274.87651377064856, 244.18873614895742, 243.54483214999559, 243.54483214999559, 243.54483214999559, 243.54483214999559, 243.54483214999559, 243.54483214999559, 243.54483214999559, 243.54483214999559, 243.37896274671763, 230.48068575201452, 227.40207392849697, 220.7207469215698, 214.78551138220217, 209.41180217213952, 208.94579831566222, 207.84508619540262], 
[363.55971665541637, 355.7382682447727, 355.7382682447727, 355.7382682447727, 351.7743595416239, 336.2326061171319, 336.2326061171319, 293.9953040178154, 293.9953040178154, 293.9953040178154, 293.9953040178154, 284.7897284463364, 284.7897284463364, 282.2136283290956, 267.16333352021474, 261.02885904265713, 261.02885904265713, 259.9221683916311, 259.9221683916311, 259.394808150269], 
[426.7768885737682, 420.4411328884905, 349.6422028719683, 342.3582767097281, 342.3582767097281, 339.3226811237308, 271.38024337008807, 271.38024337008807, 271.0915312317689, 271.0662569885909, 266.40920553178495, 260.34485205096615, 259.8499995781159, 257.61988250158424, 255.85241322791828, 253.5349067553684, 253.5349067553684, 245.23430275089476, 243.26934266682812, 243.24466766426002], 
[369.0989865380132, 336.1648121584361, 334.0155212380588, 332.5289599462368, 329.94872160571066, 315.39322834066303, 312.0932505294089, 307.8637746118394, 307.8637746118394, 257.7844470220846, 257.7844470220846, 257.4730260430501, 257.4730260430501, 257.4730260430501, 257.4672411302642, 257.4441586478036, 257.3877140115874, 257.3877140115874, 257.3877140115874, 241.7440953766376], 
[429.759399641869, 422.7779441693315, 387.93923319964335, 321.4568873018051, 321.4568873018051, 321.4568873018051, 316.6987341956333, 316.56340367594737, 306.46285145836697, 305.2265092949041, 302.12563491760164, 256.64285576430143, 256.64285576430143, 256.64285576430143, 256.64285576430143, 256.64285576430143, 256.64285576430143, 255.73201849894366, 253.7774666847396, 245.79362652017525], 
[383.83343682993666, 383.83343682993666, 332.6949456067979, 321.73717645020315, 321.1918151198475, 321.1918151198475, 321.1918151198475, 265.0905768738491, 264.77302612671406, 254.6256276701444, 253.60999931072664, 251.96035250000807, 240.97776665152267, 238.77277675267823, 224.42089656893057, 221.669994074319, 217.80957491219235, 215.71602083910682, 214.01121260394953, 211.39363146348552], 
[399.7764541797549, 352.4069144814028, 337.51041536802484, 300.9152269295687, 300.9152269295687, 300.9152269295687, 291.51005490159105, 291.51005490159105, 291.51005490159105, 291.51005490159105, 268.1983911654477, 268.1983911654477, 267.57517912853353, 266.16886888994685, 265.5144430517012, 258.8687975862103, 246.09716709917123, 246.09716709917123, 244.66144517458784, 244.66144517458784], 
[411.88170091727807, 347.1297258342532, 347.1297258342532, 344.01398053737614, 339.2139128125314, 339.2139128125314, 278.4863492385949, 278.4863492385949, 278.4863492385949, 278.4863492385949, 276.03714759850453, 272.9712815890108, 254.73581046987226, 254.73581046987226, 254.45111019910073, 248.97819824853056, 248.97819824853056, 247.65171223352183, 222.03782688942613, 214.72704425793856], 
[365.9356706409166, 362.28720099588764, 341.9915741900528, 341.9915741900528, 341.9915741900528, 311.72056632518996, 311.72056632518996, 311.72056632518996, 311.72056632518996, 283.55285340733485, 283.464656268691, 261.3260189598189, 237.79570583476476, 224.93850760626785, 224.93850760626785, 217.29791916217533, 214.6216560912746, 214.6216560912746, 210.49574231628011, 209.38834622120913], 
[429.190137145256, 427.15896999235474, 391.9238812725551, 391.7546070110196, 391.7546070110196, 325.24050403928334, 306.86210511533176, 306.86210511533176, 306.86210511533176, 295.27225158781357, 285.5984982007435, 285.5984982007435, 285.5984982007435, 282.0551308586298, 276.12601921607126, 268.136936667162, 268.136936667162, 262.75488494728336, 262.3020432937045, 262.3020432937045], 
[386.53732687494266, 386.53732687494266, 365.64322351489915, 355.0361779585529, 355.0361779585529, 256.1205924890354, 256.1205924890354, 256.1205924890354, 256.1205924890354, 256.1205924890354, 255.45436688114796, 255.40845881724508, 255.40845881724508, 255.40845881724508, 255.40845881724508, 251.37494800219338, 241.58140587573536, 241.58140587573536, 241.14059621834417, 237.8518974131981], 
[301.6940230066877, 286.558779647636, 286.558779647636, 284.3854258246545, 284.3854258246545, 281.7427643973742, 281.7427643973742, 278.4393984304355, 274.54682029783044, 274.54682029783044, 268.4361397046419, 267.7377474851753, 267.7377474851753, 267.7377474851753, 267.5491131641387, 267.5491131641387, 254.4477265197561, 254.39637439062898, 254.39637439062898, 251.33687476070878], 
[341.4076706527386, 341.4076706527386, 341.4076706527386, 340.90967709832205, 312.16210170791925, 284.762404525722, 280.98435965874427, 279.11695605213174, 278.39308501570986, 277.79707537175807, 277.79707537175807, 277.79707537175807, 276.50208329312215, 275.32676550049297, 272.2065908781533, 272.2065908781533, 262.0999205056311, 241.01677967589737, 231.18962519054705, 217.29812229823375], 
[416.8074973444621, 413.32247693125225, 262.6060764856201, 239.15307459445214, 239.15307459445214, 239.15307459445214, 239.15307459445214, 239.15307459445214, 239.15307459445214, 239.15307459445214, 239.0834472788459, 239.0834472788459, 238.96074110458136, 234.52077382418926, 225.90084993429628, 208.31881456834907, 208.31881456834907, 208.31881456834907, 208.3009859099277, 208.3009859099277], 
[349.7376871114564, 349.7376871114564, 349.7376871114564, 286.34672209324367, 286.34672209324367, 286.34672209324367, 286.3398378053966, 286.3398378053966, 280.4499976115516, 279.71506971204013, 279.65595319370607, 279.24369295956546, 258.13867324201493, 257.152318364098, 244.00094063263882, 244.00094063263882, 244.00094063263882, 225.00274897721377, 218.54052576549788, 214.45059213169486], 
[271.8296669695324, 271.8296669695324, 271.8296669695324, 271.8296669695324, 271.8296669695324, 271.8296669695324, 271.8296669695324, 270.5013418466476, 270.5013418466476, 264.5402674278089, 264.5402674278089, 264.53818879038914, 264.53818879038914, 263.5628656197691, 263.28071513608063, 262.44459934441335, 262.44459934441335, 262.44459934441335, 222.9122393985275, 216.08725356219728], 
[407.93057897393624, 379.73532156562186, 324.6160972994162, 321.38481375233556, 292.81353166063263, 292.81353166063263, 292.81353166063263, 273.60556831204985, 273.60556831204985, 265.8332145317199, 265.17458539632406, 265.17458539632406, 265.17458539632406, 241.14643697485548, 240.2589852362756, 240.2589852362756, 239.85486123091573, 239.79972941830025, 226.65261449465413, 211.20643587460486], 
[418.7196372916893, 407.11415332599955, 398.64994209010797, 373.48011554186934, 367.38024018062623, 367.38024018062623, 350.63044222473036, 350.63044222473036, 328.19259930824705, 317.33989077412747, 255.38269309734807, 255.36561093262745, 255.24282981017222, 255.24282981017222, 253.07729699515772, 253.07729699515772, 253.07729699515772, 248.57638479822825, 245.65043140665327, 245.6158501293062], 
[358.56665765824556, 345.73463404117604, 339.57194878861196, 339.57194878861196, 339.14677457202566, 336.16450187242276, 336.16450187242276, 286.3480056214034, 285.49666873343307, 284.8878197212314, 280.2889303223306, 277.92350576455925, 276.1610094711521, 276.1610094711521, 266.375329880797, 263.07359336332, 261.51719454313525, 241.41189140258896, 239.85450055173786, 239.85450055173786], 
