[6443.869558596756, 6180.365963716921, 5046.170054097861, 4562.068603581887, 4500.023617782654, 4187.686968139349, 3985.6667282632666, 3911.0297565174606, 3857.7961851824816, 3776.5475581755604, 3643.2966208764055, 3603.431276166254, 3598.1295521923207, 3473.0505343620725, 3452.8771000989445, 3396.5293503567027, 3368.8986669093006, 3300.0605693423176, 3300.0605693423176, 3300.0605693423176], 
[7746.636926502859, 6193.2144240074795, 5097.838870409102, 4850.187204683226, 4554.192902765791, 4292.088835657647, 4204.5730106718875, 4045.087816891601, 4018.929180841205, 3801.0370617994267, 3635.86426728671, 3605.4399219396846, 3605.4399219396846, 3487.150016917355, 3425.6882108486893, 3386.111620574142, 3379.3073718355045, 3317.22204478235, 3266.3419680240613, 3260.6894251749422], 
[6971.570191544152, 6671.586409928604, 5208.184239294878, 4857.608056883762, 4658.670307522387, 4658.670307522387, 4358.013616455013, 4196.5884160063915, 4196.5884160063915, 4009.9774357072624, 3937.6024804801245, 3933.8158365152976, 3847.2016378254525, 3777.9489816024284, 3743.1312925436714, 3694.685521775321, 3628.9491846598185, 3616.509180486044, 3549.568075586243, 3525.116744500063], 
[7252.933119005175, 6561.173615452288, 4929.66090895503, 4925.209203625344, 4613.202362674201, 4414.279010580721, 4016.5879732050207, 3920.971685912038, 3920.971685912038, 3843.485709842307, 3791.495398139638, 3694.0119344713867, 3567.2357820356865, 3549.9172062514554, 3380.838034518444, 3367.5326136624753, 3347.5477603482223, 3345.558822343981, 3344.8781206464473, 3220.703395201248], 
[6686.669486238931, 6686.669486238931, 5146.107691651969, 4571.69787988875, 4571.69787988875, 4353.309153859819, 4209.164872496392, 4062.092596250653, 3973.465184243467, 3904.3670392732347, 3775.9828227948524, 3775.9828227948524, 3715.5374245096696, 3706.0875137028115, 3615.2996755661966, 3615.2996755661966, 3568.7837971413214, 3464.0750365442395, 3463.9116481309775, 3442.344875595286], 
[7191.791237145759, 7162.182141429056, 5425.868200188025, 4829.034404359684, 4759.502289905096, 4456.716344366643, 4189.983864745995, 3982.368150335143, 3959.485057515538, 3957.538974356634, 3897.2433450735834, 3852.54718966945, 3744.4024503682026, 3665.6157326856583, 3596.038879964116, 3596.038879964116, 3573.094548537697, 3548.8155699434647, 3538.3251286073746, 3538.3251286073746], 
[7248.362723453647, 7139.523851962022, 5297.32110463774, 5105.616355887827, 4915.8845826766465, 4789.57659118781, 4609.029144827755, 4477.552778544565, 4368.781868504529, 4122.541523530169, 4122.541523530169, 3878.1043013823396, 3878.1043013823396, 3835.6303984309297, 3835.6303984309297, 3833.9953773567195, 3832.342567756368, 3758.6591688577582, 3754.0125861007255, 3722.9848314313117], 
[7088.808014015914, 7088.808014015914, 5257.249278737124, 5194.954823805565, 4964.7281212342605, 4463.813599632384, 4463.813599632384, 4315.070236595151, 4298.786309020519, 4272.722640412847, 4075.8654890878747, 4022.6967239890264, 4022.6967239890264, 3951.5519344251434, 3951.5519344251434, 3951.5519344251434, 3876.7470336139077, 3876.7470336139077, 3876.7470336139077, 3876.7470336139077], 
[7337.935467175577, 7337.935467175577, 4596.002864574517, 4508.23441429241, 4244.401031837983, 4007.8037349072083, 3927.474334584293, 3511.366463511372, 3511.366463511372, 3511.366463511372, 3511.366463511372, 3511.366463511372, 3416.139137820335, 3352.9847812644794, 3313.4734369070666, 3217.882287443451, 3217.5850916712325, 3178.222202276641, 3136.551760622928, 3043.9448145465176], 
[6114.896241788246, 6114.896241788246, 5343.392009985117, 4926.019266612744, 4757.948060723058, 4757.948060723058, 4598.549242831504, 4548.80069499672, 4181.409219046059, 4143.612314184685, 3912.926876665756, 3912.926876665756, 3894.6737332446037, 3758.069530112157, 3758.069530112157, 3620.8495780379917, 3620.8495780379917, 3567.8772175497297, 3567.8772175497297, 3567.8772175497297], 
[6680.391225398953, 6680.391225398953, 4502.515980713673, 4469.558962644339, 4218.449969227779, 3990.1337735562497, 3990.1337735562497, 3676.7722621578287, 3668.0940484208218, 3649.7970602172663, 3523.2435903142214, 3523.2435903142214, 3523.2435903142214, 3451.04551091179, 3392.90614057738, 3332.509507549659, 3247.758413591333, 3192.8649017806542, 3081.321135711177, 3081.321135711177], 
[8348.208671309108, 7815.822057961777, 5300.714973864944, 5122.1097866243545, 4803.697944946807, 4506.889261682525, 4202.142408987282, 4196.435269458172, 4058.508874612422, 4058.508874612422, 3953.021945142954, 3794.9814756827927, 3794.9814756827927, 3794.9814756827927, 3794.9814756827927, 3794.9814756827927, 3775.0315422523577, 3757.8154168963956, 3712.445453006899, 3691.7163495434443], 
[5612.063727336666, 5612.063727336666, 5200.836528681768, 4789.761077873398, 4657.576762167384, 4324.782409107627, 4149.741031630114, 4087.309966787952, 3912.0077305263767, 3775.9288547814886, 3602.649130251202, 3349.494726969342, 3349.494726969342, 3288.856871592427, 3288.856871592427, 3274.9835731162984, 3274.9835731162984, 3245.7026033204174, 3217.145376998721, 3153.561617966645], 
[7224.252870485707, 7224.252870485707, 4832.210427205126, 4343.92111883921, 4343.92111883921, 3969.4326352648704, 3969.4326352648704, 3750.2190776345024, 3750.2190776345024, 3559.579122189687, 3559.579122189687, 3559.579122189687, 3424.2472593186153, 3418.27006425259, 3360.3746054524217, 3333.9838672774813, 3324.634552220571, 3272.1451584949605, 3252.93586503553, 3044.8965420315685], 
[6192.373614025748, 6192.373614025748, 4924.88749405196, 4833.996932580717, 4685.784845075019, 4329.199158952095, 4329.199158952095, 4061.6335197907174, 3768.25707648188, 3765.7571623156186, 3709.672423625243, 3693.659981733632, 3651.4007803090535, 3624.676510446392, 3544.3601819487635, 3473.654263498068, 3454.3098538384365, 3357.13890573757, 3357.13890573757, 3247.3712148560235], 
