[148962.1931435477, 148962.1931435477, 74019.30492717013, 71993.01873812437, 62465.96672219809, 62465.96672219809, 62465.96672219809, 62465.96672219809, 62465.96672219809, 62465.96672219809, 62465.96672219809, 62465.96672219809, 62465.96672219809, 62465.96672219809, 61367.07670672044, 61367.07670672044, 61367.07670672044, 60355.980711639066, 60347.14152998999, 60347.14152998999], 
[174563.9966955213, 174563.9966955213, 68385.52380402813, 65139.80003947195, 61736.3921209087, 59757.091824728144, 59757.091824728144, 59757.091824728144, 58847.57867320521, 56941.93659402551, 53768.88063648786, 53768.88063648786, 53768.88063648786, 53768.88063648786, 53768.88063648786, 53768.88063648786, 50670.798179642145, 50670.798179642145, 50670.798179642145, 50670.798179642145], 
[173239.20636662352, 173239.20636662352, 73276.41750357136, 65860.42401454519, 65860.42401454519, 65860.42401454519, 65860.42401454519, 65860.42401454519, 65860.42401454519, 65860.42401454519, 65639.37018860893, 65639.37018860893, 65639.37018860893, 64879.07047131503, 64879.07047131503, 60191.82614973465, 60191.82614973465, 60191.82614973465, 60191.82614973465, 60191.82614973465], 
[117137.62773392403, 117137.62773392403, 72210.81702980647, 70427.9151615959, 68621.17605093325, 65769.07138364729, 62307.42302536105, 62307.42302536105, 62307.42302536105, 62007.92266226719, 62007.92266226719, 59867.753067537764, 59867.753067537764, 59867.753067537764, 59304.665934883764, 59304.665934883764, 57581.334513303824, 57581.334513303824, 57581.334513303824, 57044.47785945283], 
[163181.24753594576, 136125.78526771668, 82099.79023630635, 82099.79023630635, 77015.0062125775, 76642.91658789913, 75924.44684193665, 75924.44684193665, 75518.71918928818, 75518.71918928818, 75518.71918928818, 75518.71918928818, 70752.59497427914, 70752.59497427914, 70752.59497427914, 70752.59497427914, 70752.59497427914, 70752.59497427914, 70752.59497427914, 70752.59497427914], 
[210471.44922551175, 91645.09223428075, 75498.17303234474, 75498.17303234474, 73875.73870037556, 70617.69746165474, 68736.17425484692, 67618.28648636621, 64343.67546877263, 64343.67546877263, 64343.67546877263, 64343.67546877263, 64343.67546877263, 64343.67546877263, 64196.50940090288, 62008.763840604435, 62008.763840604435, 62008.763840604435, 62008.763840604435, 62008.763840604435], 
[212684.1038095109, 144732.27269921545, 82788.1569143588, 72057.23575997978, 67184.08257943943, 67184.08257943943, 67184.08257943943, 67184.08257943943, 67009.41232293527, 67009.41232293527, 67009.41232293527, 67009.41232293527, 64058.32140886, 64058.32140886, 64058.32140886, 63839.48021635796, 63839.48021635796, 63839.48021635796, 63839.48021635796, 63246.39837633235], 
[233472.93047255947, 132952.60464401502, 69355.46279979873, 68946.9022780299, 68946.9022780299, 68946.9022780299, 68946.9022780299, 66938.21167054381, 64274.01171581152, 64274.01171581152, 64274.01171581152, 64274.01171581152, 64274.01171581152, 64082.61142874994, 64082.61142874994, 62134.0766468995, 62134.0766468995, 62134.0766468995, 62134.0766468995, 62134.0766468995], 
[184370.88967595363, 162504.07657341773, 64915.74387626258, 64915.74387626258, 64915.74387626258, 64915.74387626258, 64915.74387626258, 64077.089883409746, 64077.089883409746, 64077.089883409746, 63315.51498259304, 63315.51498259304, 63315.51498259304, 63315.51498259304, 63315.51498259304, 63186.312103978016, 61034.833306471715, 61034.833306471715, 61034.833306471715, 61034.833306471715], 
[134256.57774366153, 134039.98434680374, 72878.07443710804, 71782.93478580573, 68026.37256507674, 65145.348017539, 65145.348017539, 65145.348017539, 65000.036465354555, 64824.497785768974, 64206.294858575384, 64206.294858575384, 60818.59228225975, 60818.59228225975, 60818.59228225975, 60818.59228225975, 60818.59228225975, 60818.59228225975, 60818.59228225975, 60818.59228225975], 
[181868.56121466574, 94659.15435447685, 89031.10817163571, 80533.95397158129, 72190.44888334398, 72190.44888334398, 71835.59402706352, 71835.59402706352, 71835.59402706352, 70476.41613746963, 70476.41613746963, 70476.41613746963, 69275.63059427332, 69275.63059427332, 69231.30204445662, 69174.07399816238, 66947.32889092415, 66947.32889092415, 66947.32889092415, 65524.60103778996], 
[118797.42109654516, 118797.42109654516, 80012.25928509833, 66701.81227401126, 60858.57349636256, 59428.03787936564, 59428.03787936564, 59428.03787936564, 59428.03787936564, 58682.85863525932, 58682.85863525932, 58682.85863525932, 58682.85863525932, 58318.769876008446, 57592.84826685363, 57592.84826685363, 57592.84826685363, 57592.84826685363, 57592.84826685363, 55709.942892908446], 
[108869.86265223734, 108869.86265223734, 69936.21735971955, 67236.35190622047, 65277.428863632995, 64593.395079088106, 63639.19598185932, 62547.11165517334, 62547.11165517334, 62254.12899871421, 58849.09467023411, 58849.09467023411, 58849.09467023411, 58849.09467023411, 58849.09467023411, 57044.81821797187, 57044.81821797187, 57044.81821797187, 57044.81821797187, 57044.81821797187], 
[138039.73458109776, 135651.2074941097, 108028.05017410181, 70873.58129633476, 68199.63620561996, 63142.20843705001, 63142.20843705001, 63142.20843705001, 62808.90485176034, 62808.90485176034, 62808.90485176034, 62808.90485176034, 62808.90485176034, 56717.786833325496, 56717.786833325496, 56717.786833325496, 56717.786833325496, 56717.786833325496, 56717.786833325496, 56717.786833325496], 
[192362.7155319227, 143625.78530821082, 74090.24582359621, 66977.88071534446, 66535.6477796904, 66386.67368363948, 62029.69497597164, 61979.77365455567, 61979.77365455567, 61979.77365455567, 61026.40661903471, 61026.40661903471, 56982.930553688355, 56982.930553688355, 56982.930553688355, 56982.930553688355, 56982.930553688355, 56982.930553688355, 56982.930553688355, 56982.930553688355], 
[120213.06305481895, 120213.06305481895, 69221.70734300837, 65312.44129788312, 65312.44129788312, 63726.14708516751, 63726.14708516751, 63726.14708516751, 62593.879151662055, 62593.879151662055, 61018.792268151534, 61018.792268151534, 61018.792268151534, 61018.792268151534, 61018.792268151534, 61018.792268151534, 57889.87148101651, 57889.87148101651, 57889.87148101651, 57889.87148101651], 
[196331.3979596699, 155959.16196631256, 75717.94085407256, 67400.52256359067, 65957.14650006163, 65957.14650006163, 65957.14650006163, 65957.14650006163, 65957.14650006163, 65957.14650006163, 65957.14650006163, 65957.14650006163, 65957.14650006163, 65782.54213124444, 65712.18024703447, 63653.24574072866, 63653.24574072866, 63653.24574072866, 63653.24574072866, 63653.24574072866], 
[129674.94127214375, 129674.94127214375, 78734.34074586096, 75550.50975859127, 67899.28581173773, 67899.28581173773, 67899.28581173773, 67701.4760297749, 67701.4760297749, 67701.4760297749, 67701.4760297749, 67701.4760297749, 67701.4760297749, 67701.4760297749, 67701.4760297749, 64761.811721380465, 64761.811721380465, 64761.811721380465, 64761.811721380465, 62133.85581425056], 
[122617.57056204422, 117199.73187196603, 70691.12909468937, 68021.74652779142, 62417.2568920346, 62417.2568920346, 61546.60733540341, 61546.60733540341, 61546.60733540341, 61546.60733540341, 60898.60243896378, 60898.60243896378, 60509.708687051745, 60509.708687051745, 58957.30706543508, 58957.30706543508, 58957.30706543508, 57419.64680632571, 57419.64680632571, 57419.64680632571], 
[126922.49482080532, 106505.73826182206, 106505.73826182206, 68228.55151092599, 60209.56901888908, 59770.93005749341, 59770.93005749341, 59770.93005749341, 59770.93005749341, 59770.93005749341, 59770.93005749341, 59770.93005749341, 58223.952575334864, 58223.952575334864, 58223.952575334864, 58223.952575334864, 58223.952575334864, 56316.04278942317, 56316.04278942317, 55242.29243384613], 
[100026.66566254938, 100026.66566254938, 69506.24309721275, 65426.54340281094, 62853.146204770856, 61057.79047386474, 61057.79047386474, 56097.50503579957, 56097.50503579957, 56097.50503579957, 56097.50503579957, 56097.50503579957, 56097.50503579957, 55524.685163796516, 55524.685163796516, 55524.685163796516, 55266.07713389863, 55266.07713389863, 55266.07713389863, 55266.07713389863], 
[122837.98254876123, 122837.98254876123, 72958.74137717477, 70475.2986097744, 70475.2986097744, 68819.6483734979, 68819.6483734979, 68281.55832780688, 63786.94917148546, 63786.94917148546, 63786.94917148546, 63786.94917148546, 63786.94917148546, 63786.94917148546, 63786.94917148546, 63786.94917148546, 63786.94917148546, 63252.39135805401, 63252.39135805401, 63252.39135805401], 
[134877.7922495803, 134877.7922495803, 75685.76664169364, 73333.42300189928, 66317.22193256376, 66317.22193256376, 66317.22193256376, 66317.22193256376, 65326.7609570043, 65326.7609570043, 64973.4928481958, 64826.62508622632, 64563.857238467106, 64563.857238467106, 64517.90414984441, 64517.90414984441, 62541.78399069837, 62541.78399069837, 62541.78399069837, 62541.78399069837], 
[162042.25867451943, 129051.408028329, 76729.20996009036, 71930.59936431551, 71930.59936431551, 67806.33921814708, 66529.8967019116, 63208.65458809688, 63208.65458809688, 63208.65458809688, 60953.58417151541, 60953.58417151541, 60953.58417151541, 60953.58417151541, 60953.58417151541, 59117.40788189395, 59117.40788189395, 59117.40788189395, 59117.40788189395, 59117.40788189395], 
[137182.43876476667, 137182.43876476667, 76772.2556023765, 68705.00911509793, 66096.0595016104, 66096.0595016104, 66096.0595016104, 63665.650927861374, 63582.025048230644, 63582.025048230644, 63507.519277375235, 63507.519277375235, 63507.519277375235, 63507.519277375235, 63507.519277375235, 63507.519277375235, 63507.519277375235, 62309.70261962228, 61884.78585282629, 61884.78585282629], 
[184391.67658541066, 120825.11835181568, 71383.34998264303, 67399.21864633093, 61857.8093824246, 54670.250271246536, 54670.250271246536, 54670.250271246536, 54670.250271246536, 54670.250271246536, 54670.250271246536, 54670.250271246536, 54670.250271246536, 54670.250271246536, 54670.250271246536, 54670.250271246536, 54670.250271246536, 54670.250271246536, 54670.250271246536, 54670.250271246536], 
[191650.35776802636, 143660.2442483676, 67675.46970574924, 66163.77587745879, 66163.77587745879, 66163.77587745879, 65154.76155159192, 65154.76155159192, 65154.76155159192, 65154.76155159192, 64253.5473922613, 64253.5473922613, 64253.5473922613, 64253.5473922613, 62956.41325041592, 62956.41325041592, 62956.41325041592, 62956.41325041592, 62821.73983659773, 62821.73983659773], 
[258475.230397414, 134520.25138560482, 81594.9719450441, 71092.7339852419, 67083.1482596017, 65296.014422365784, 64555.33409734287, 64555.33409734287, 64323.48022145659, 64323.48022145659, 63171.005970200546, 63171.005970200546, 62831.34513869228, 62618.82656596167, 62618.82656596167, 62618.82656596167, 59061.43868333626, 59061.43868333626, 59061.43868333626, 58369.86586822156], 
[124519.66731005366, 124519.66731005366, 63047.15722249304, 61379.18808725968, 61379.18808725968, 61379.18808725968, 55794.483601321976, 55794.483601321976, 55794.483601321976, 55794.483601321976, 55794.483601321976, 55794.483601321976, 55794.483601321976, 55794.483601321976, 55794.483601321976, 55794.483601321976, 55780.05040362468, 55780.05040362468, 55780.05040362468, 55780.05040362468], 
[128094.31317856339, 128094.31317856339, 86021.65724689882, 67780.96755428477, 62235.45873145633, 62235.45873145633, 62235.45873145633, 62235.45873145633, 62235.45873145633, 62235.45873145633, 58645.311206580154, 58645.311206580154, 58645.311206580154, 58645.311206580154, 57076.06804699786, 57076.06804699786, 56772.15842034982, 56772.15842034982, 56772.15842034982, 56772.15842034982], 
