[31351.052387883297, 30178.068817457726, 7993.647417448276, 7159.151906303743, 6406.544786842567, 5369.09890841528, 4846.909251697901, 4661.294390136492, 4046.7271350228, 3680.608887321564, 3482.246157460447, 3017.277400556702, 2728.3297047647416, 2720.1804994458384, 2558.521015249442, 2306.1630659689695, 2208.321387413597, 2104.7892844962043, 1991.5873664356332, 1866.5826647672327], 
[27659.53069730603, 23155.994319673977, 8661.809359012268, 7554.054907146467, 7037.57034904699, 6063.345431238063, 5363.972901616318, 5018.253271873305, 4802.098829074341, 4146.050505413655, 3443.5034298834007, 3066.9977634391853, 2691.894697537086, 2627.4007954637573, 2623.184944307765, 2471.106796509402, 2287.726880588796, 2207.459765477374, 1938.3551424931952, 1924.313316039522], 
[32077.879243687727, 31151.493435069628, 9097.651882318354, 8179.31636549451, 7578.918513109286, 6654.235313837038, 5641.8632093324295, 5020.175044058718, 4413.300443950543, 4076.705188676698, 3866.5055167347905, 3698.2703950935556, 3400.185583194327, 3124.3089286342647, 3003.144296531934, 2721.341745206238, 2683.6495459976563, 2501.2108288641525, 2321.801587632476, 2241.6556162072875], 
[22386.695304379547, 22386.695304379547, 8995.69568571513, 7485.991984963753, 7145.5968915838475, 5483.05531894704, 5483.05531894704, 5073.271219660108, 4714.909162996362, 4449.407927650689, 3972.0678137444647, 3543.690923133902, 3394.727640158041, 3245.9595096631488, 2706.8992074053913, 2654.879585731697, 2499.059855413328, 2256.66996876011, 2179.2108231549723, 2033.905486620665], 
[24232.35392942634, 24231.770544768562, 8481.86020957299, 6994.575868037606, 5599.954123877464, 5224.969879860979, 4779.759917711811, 4359.725300045347, 3804.952653715315, 3108.7111762804084, 3049.233951290273, 2839.7260455880682, 2585.9674162485194, 2457.14642699175, 1912.9769259502102, 1912.9769259502102, 1912.9769259502102, 1912.9769259502102, 1782.8639257740485, 1669.0624020304238], 
[28173.284165033016, 28151.322171916956, 7496.534535455351, 6657.532817174237, 6052.121061525369, 5477.655398446386, 5225.754180527548, 4819.315813264242, 4480.243163945428, 3869.241781763035, 3809.147246888491, 3384.798730707389, 3167.0908952140494, 3103.7762397574184, 2783.6138295505907, 2660.956566519525, 2559.8935271780933, 2378.430235857437, 2265.1082307493443, 2027.5211715443704], 
[29197.694923819592, 29197.694923819592, 9292.708067896736, 8469.74594954379, 8057.715079141336, 6673.5008257343, 5983.379014183872, 5930.295134321712, 5019.668835051504, 4316.753457959651, 3965.57835985871, 3793.217559851435, 3162.7279949150475, 3162.6852355454866, 2969.2598080281487, 2807.418686126, 2655.2177073485054, 2453.117865197458, 2303.597184361352, 2255.9622618328117], 
[23500.066725171862, 14891.06661564479, 9462.034099589087, 8729.450884747665, 7129.575622011515, 5832.445065452579, 5226.625261681775, 4682.742286647301, 4422.730481887396, 4095.807787074959, 3570.267373555281, 3419.5154126353245, 3022.351874746099, 2913.6279490152424, 2782.365264788396, 2673.5550784708707, 2432.862056494684, 2277.9879657683223, 2238.8335039129597, 2036.6228332922556], 
[21901.137744921627, 21901.137744921627, 7025.987548703157, 6320.991381927563, 5825.323661902504, 5320.870010033018, 4353.183811842599, 4133.533771246571, 3490.2556422917996, 3460.4810266988684, 3049.849007817993, 2860.891501809518, 2600.8510278766275, 2574.4531042071803, 2422.8294337487246, 2214.6310380779178, 2102.267790260156, 1939.9636506724291, 1823.6440261373305, 1790.5181366451138], 
[26741.423086545787, 26719.891844207257, 6999.013765539716, 5348.381259157838, 5348.381259157838, 4771.879538506936, 4723.033926212185, 4286.2216291913555, 3630.484142907204, 3566.727008538658, 3209.9171958473125, 3125.110060772342, 2921.154178619759, 2709.722612846649, 2378.671064890003, 2265.887673645433, 2265.887673645433, 2202.4238330305184, 2079.0045279680376, 1984.2394394590438], 
[24593.398007456486, 24593.398007456486, 8062.906947229597, 6573.845793519462, 5529.305110929323, 4750.66841598623, 4627.359054843944, 4032.2954505782363, 3684.228204364321, 3684.228204364321, 3390.7937649454425, 2997.8526623506255, 2975.312260267486, 2774.101286939263, 2623.9156812766614, 2375.46112048225, 2343.177756466525, 2087.1113462752596, 2087.1113462752596, 1850.9974989359462], 
