[9937.906243051804, 9596.69291991279, 3005.476857789133, 2772.2957647846815, 2365.842509350238, 1953.353153281277, 1322.6232480278775, 1322.6232480278775, 1316.9241628043424, 1032.810305462142, 1029.6749670571612, 968.1987327580019, 878.7344835847723, 834.6341799340555, 752.1119512452386, 706.0298031524527, 548.7508860342447, 548.7508860342447, 548.7508860342447, 527.8499941511371], 
[12585.596438356004, 11862.221231105837, 3263.310337905086, 3111.780113754425, 2688.9545353656063, 2108.596361379647, 1938.9677657829905, 1603.2179593038895, 1558.1110312121677, 1312.4360230404516, 1067.6607853380046, 1066.5367574345119, 1045.3226775349563, 951.0356837309048, 806.4349113414548, 806.4349113414548, 742.5238806490526, 721.180203014301, 684.6412824293405, 639.4566485217649], 
[10465.48989973003, 10150.517542341733, 3516.257092939866, 3229.2180444777478, 2590.5190066682985, 2459.7510061324606, 1863.6259843840535, 1821.9419266995778, 1619.1274059397308, 1513.5458679260537, 1421.501605053197, 1253.906089331083, 1217.2706720286321, 1124.873895605247, 1037.977637274807, 954.7306920732887, 889.4030457299702, 847.8214437305119, 778.6918828103258, 758.9423348749484], 
[13617.618697228892, 12654.564534550702, 3519.9189517894747, 3148.662662833473, 2753.1923063069, 2314.204010619111, 1860.0494974933135, 1690.5201177126307, 1479.6554922620358, 1261.8651160341797, 1232.7557858915457, 1200.9009759104542, 1096.2915059132158, 1023.2314325884415, 953.9418622814114, 876.2586579007157, 836.610779529453, 827.0498628700908, 767.747922470289, 712.4798563681679], 
[13002.521376932486, 9972.103401545404, 4530.073247929449, 3974.5019830096276, 2910.994876843157, 2687.18767703713, 2034.2178261492807, 1889.0184949414918, 1733.2029533375296, 1625.750685741904, 1422.565316646844, 1318.3810021953504, 1241.1016158594425, 1223.774536306933, 1135.7771092612968, 1059.3757093141137, 979.7077668835858, 932.4061688687168, 878.9092125144163, 801.3438588631594], 
[10984.632959262748, 10984.632959262748, 3991.680312357557, 3083.4006742704037, 2345.264489603683, 2241.7503357913433, 1841.543512589578, 1745.4522851884053, 1578.613127371224, 1311.5349190439354, 1179.6280525370714, 1172.9650295494944, 1080.155288687795, 905.1963802869191, 890.7180604717735, 890.5201370558852, 848.8272668348527, 801.855375497734, 772.1097763560322, 694.6467085553511], 
[12181.545724160129, 11779.858084513895, 3799.845841403731, 2722.5714808129437, 2001.0301753547292, 2001.0301753547292, 1813.9437816864456, 1360.9210597477306, 1336.6533380424648, 1333.709605796167, 1205.55366020088, 1060.828884862129, 1052.9009338375877, 999.5647200584215, 926.5332102266668, 857.3536999846286, 814.7150218898953, 704.7135870129696, 686.9218063420398, 601.7295824384868], 
[10254.924608593707, 9889.474940901604, 3815.85393480392, 2469.479993390852, 1885.9760669190928, 1818.2281973742195, 1481.7247836524286, 1343.0559167822412, 1152.2491417711844, 1045.3792113773109, 1024.2650837433519, 846.6198585289687, 837.8633690774026, 788.3261156776875, 705.7182446210659, 679.2328846712828, 628.4408656887902, 578.5445405945342, 549.0028761295936, 517.8693943760617], 
[13268.77105804832, 13163.179689002802, 3446.363381289966, 3446.363381289966, 3093.761013301933, 2832.400023996737, 2325.821946428884, 1881.1676324425325, 1703.287730494143, 1485.1684987216086, 1472.564643469295, 1374.411653224027, 1223.1780939696698, 1104.2762382023834, 1070.3522019037755, 948.0826724588858, 919.5788646752624, 908.246406503366, 783.6730372956654, 721.1653425913444], 
[9403.563411869909, 9403.563411869909, 3995.2622155727163, 2773.404162605496, 2246.2335647790405, 2246.2335647790405, 2117.546104823094, 1635.8363979653695, 1518.1980824756977, 1377.0154254639995, 1292.6020247953209, 1162.8106277438337, 1113.8696498223978, 1025.7920810484509, 961.1823493367015, 874.2351089821506, 857.0405471460738, 806.6117987300966, 756.5583431218404, 712.8291564631048], 
