[45.48362606495523, 45.481946884024346, 43.33304612406725, 43.33304612406725, 43.0213802200616, 42.259502834179216, 42.259502834179216, 41.826288790564185, 41.436103103561535, 41.436103103561535, 41.404471402938654, 41.404471402938654, 41.404471402938654, 41.404471402938654, 41.404471402938654, 40.25901842932201, 39.96145768434455, 39.96145768434455, 39.96145768434455, 39.96145768434455], 
[45.65221802551825, 44.04169832134483, 44.04169832134483, 42.74222898898819, 42.74222898898819, 41.72248003141384, 41.72248003141384, 41.72248003141384, 41.72248003141384, 41.72248003141384, 40.60734360552961, 40.60734360552961, 40.60734360552961, 40.60734360552961, 40.60734360552961, 40.60734360552961, 40.60734360552961, 40.60734360552961, 40.60734360552961, 40.60734360552961], 
[45.49798332516567, 45.49798332516567, 44.17424841184033, 44.17424841184033, 44.11022288488964, 41.787012808283386, 41.787012808283386, 41.787012808283386, 41.787012808283386, 41.787012808283386, 41.787012808283386, 38.79976861467618, 38.79976861467618, 38.79976861467618, 38.79976861467618, 38.79976861467618, 38.79976861467618, 38.79976861467618, 38.79976861467618, 38.46548778418262], 
[45.524412139208906, 45.129191706482345, 44.430681813256825, 44.430681813256825, 44.430681813256825, 44.430681813256825, 44.430681813256825, 44.430681813256825, 43.39405254942517, 43.39405254942517, 42.08462607247435, 42.08462607247435, 40.96235038970465, 40.96235038970465, 40.96235038970465, 40.96235038970465, 40.15729928936409, 37.78972830497622, 37.78972830497622, 37.78972830497622], 
[45.84092570774253, 45.84092570774253, 43.97786735094067, 43.830678409396626, 43.830678409396626, 43.830678409396626, 43.830678409396626, 40.17631130165362, 40.17631130165362, 40.17631130165362, 40.17631130165362, 40.17631130165362, 40.17631130165362, 39.844294179092685, 39.844294179092685, 39.844294179092685, 39.844294179092685, 39.844294179092685, 39.827876852854104, 39.827876852854104], 
[46.02834887238596, 46.02834887238596, 43.627223056335204, 43.627223056335204, 43.627223056335204, 42.293698088443705, 42.293698088443705, 42.293698088443705, 41.369437685153294, 41.369437685153294, 41.369437685153294, 41.369437685153294, 41.369437685153294, 41.369437685153294, 41.369437685153294, 41.369437685153294, 41.369437685153294, 39.54556873811558, 39.54556873811558, 39.54556873811558], 
[40.833763463168275, 40.833763463168275, 40.833763463168275, 40.833763463168275, 40.833763463168275, 40.833763463168275, 40.833763463168275, 40.833763463168275, 40.833763463168275, 40.833763463168275, 40.833763463168275, 40.833763463168275, 40.833763463168275, 40.833763463168275, 40.833763463168275, 40.833763463168275, 40.833763463168275, 40.833763463168275, 40.833763463168275, 40.833763463168275], 
[45.00455541336518, 43.569918352735286, 43.569918352735286, 39.159823824977536, 39.159823824977536, 39.159823824977536, 39.159823824977536, 39.159823824977536, 39.159823824977536, 39.159823824977536, 39.159823824977536, 39.159823824977536, 39.159823824977536, 39.159823824977536, 39.159823824977536, 39.159823824977536, 39.159823824977536, 39.159823824977536, 39.159823824977536, 39.159823824977536], 
[45.58389168609409, 45.58389168609409, 45.58389168609409, 44.1041630790046, 44.1041630790046, 44.1041630790046, 44.1041630790046, 44.1041630790046, 39.6461986466409, 39.6461986466409, 39.6461986466409, 39.6461986466409, 39.6461986466409, 39.6461986466409, 39.6461986466409, 39.6461986466409, 39.6461986466409, 39.6461986466409, 39.6461986466409, 39.6461986466409], 
[42.834384677216775, 42.834384677216775, 42.834384677216775, 42.834384677216775, 42.834384677216775, 41.43909253638661, 41.43909253638661, 41.43909253638661, 41.43909253638661, 41.43909253638661, 41.43909253638661, 41.43909253638661, 41.43909253638661, 41.43909253638661, 38.844115997027004, 38.844115997027004, 38.844115997027004, 38.844115997027004, 38.844115997027004, 38.844115997027004], 
[45.90416559999922, 43.60933170352989, 42.95432567354881, 41.933881518863245, 41.933881518863245, 41.933881518863245, 41.933881518863245, 41.933881518863245, 41.933881518863245, 41.793807475029965, 39.26378771516901, 39.26378771516901, 39.26378771516901, 39.26378771516901, 39.26378771516901, 39.26378771516901, 39.26378771516901, 39.26378771516901, 39.26378771516901, 39.26378771516901], 
[43.862148562951575, 42.85546709874548, 42.85546709874548, 42.85546709874548, 42.85546709874548, 41.76816341002029, 40.17476815691316, 40.17476815691316, 39.625188545857256, 39.625188545857256, 39.625188545857256, 39.625188545857256, 39.625188545857256, 39.625188545857256, 39.625188545857256, 39.625188545857256, 39.625188545857256, 39.625188545857256, 39.625188545857256, 39.625188545857256], 
[45.64404602545733, 45.64404602545733, 43.85913069043319, 43.85913069043319, 43.85913069043319, 43.85913069043319, 42.396773662856944, 42.396773662856944, 41.82590796728352, 41.82590796728352, 41.23561239327309, 41.23561239327309, 41.23561239327309, 41.23561239327309, 40.72761810354962, 39.85720476494828, 39.85720476494828, 39.85720476494828, 39.85720476494828, 39.85720476494828], 
[44.93121184925358, 42.96919323873014, 42.96919323873014, 42.96919323873014, 42.06199601224773, 42.06199601224773, 42.06199601224773, 41.95295680200269, 41.95295680200269, 41.95295680200269, 41.95295680200269, 41.95295680200269, 41.95295680200269, 41.95295680200269, 41.95295680200269, 41.95295680200269, 41.95295680200269, 41.66399449036757, 41.66399449036757, 41.66399449036757], 
[45.776410753531984, 44.58909475673414, 44.58909475673414, 44.58909475673414, 44.12068269781797, 44.12068269781797, 44.12068269781797, 44.02225235155644, 42.69561365844419, 42.69561365844419, 42.69561365844419, 40.93923879683061, 40.93923879683061, 40.93923879683061, 40.93923879683061, 39.52599525314216, 39.52599525314216, 39.52599525314216, 39.52599525314216, 39.52599525314216], 
[44.31367473781566, 44.31367473781566, 43.85606828448875, 43.85606828448875, 43.58861663277881, 43.58861663277881, 43.38253765267429, 42.97255286155874, 42.97255286155874, 42.97255286155874, 42.50987725180538, 42.50987725180538, 42.50987725180538, 42.50987725180538, 42.50987725180538, 42.50987725180538, 42.0091803296952, 42.0091803296952, 42.0091803296952, 42.0091803296952], 
[44.54571395494786, 44.54571395494786, 43.98356288754893, 43.601400775406574, 43.601400775406574, 43.601400775406574, 43.601400775406574, 43.601400775406574, 43.601400775406574, 41.88693692745467, 41.03588676994685, 41.03588676994685, 41.03588676994685, 41.03588676994685, 41.03588676994685, 41.03588676994685, 41.03588676994685, 41.03588676994685, 40.33595440755854, 40.184115117574535], 
[47.391737268479545, 45.887660922215034, 44.37938896782455, 40.0603472387076, 40.0603472387076, 40.0603472387076, 40.0603472387076, 40.0603472387076, 40.0603472387076, 40.0603472387076, 40.0603472387076, 40.0603472387076, 40.0603472387076, 40.0603472387076, 39.90022746544658, 39.90022746544658, 39.90022746544658, 39.90022746544658, 39.90022746544658, 39.90022746544658], 
[45.03550070550528, 44.23775047950389, 44.23775047950389, 44.23775047950389, 44.14802831586109, 43.64104495076326, 43.64104495076326, 43.24899776586807, 43.24899776586807, 43.24899776586807, 43.24899776586807, 43.24899776586807, 42.23609481171259, 42.23609481171259, 42.23609481171259, 41.99852652815271, 40.56397593265051, 37.95052842346291, 37.56055938898935, 37.56055938898935], 
[46.216381547577456, 46.216381547577456, 45.50096181832169, 42.93769851560014, 42.93769851560014, 42.93769851560014, 42.93769851560014, 42.93769851560014, 42.93769851560014, 42.898182498517166, 41.47386027912698, 41.47386027912698, 41.47386027912698, 41.47386027912698, 41.47386027912698, 41.47386027912698, 41.37185486237542, 41.37185486237542, 41.37185486237542, 41.343813966916514], 
[48.403584281921894, 45.372740216357364, 45.372740216357364, 45.372740216357364, 45.372740216357364, 44.891761643503465, 41.69627919934621, 41.69627919934621, 41.69627919934621, 41.69627919934621, 40.92344859754425, 40.92344859754425, 40.92344859754425, 40.92344859754425, 40.90576911142138, 39.7811348829731, 39.7811348829731, 39.7811348829731, 39.7811348829731, 39.7811348829731], 
[45.811657650550416, 45.811657650550416, 45.556388369722555, 45.01093084697127, 42.90033336583868, 42.90033336583868, 42.47014237370291, 42.47014237370291, 42.3339007033463, 41.67697146565431, 41.60496607141198, 41.60496607141198, 41.60496607141198, 41.60496607141198, 41.60496607141198, 40.90865208926564, 40.90865208926564, 40.89873721646734, 40.89873721646734, 40.89873721646734], 
[43.89546571778695, 43.89546571778695, 43.89546571778695, 43.89546571778695, 43.89546571778695, 43.89546571778695, 42.03893087068208, 42.03893087068208, 42.03893087068208, 42.03893087068208, 42.03893087068208, 42.03893087068208, 42.03893087068208, 41.918894451002544, 41.78965199851315, 40.77379544339401, 40.77379544339401, 40.77379544339401, 40.77379544339401, 40.77379544339401], 
[44.74431052386413, 44.74431052386413, 43.66667888600726, 43.37151547049724, 43.37151547049724, 43.37151547049724, 43.37151547049724, 41.00147691212716, 41.00147691212716, 41.00147691212716, 41.00147691212716, 41.00147691212716, 41.00147691212716, 41.00147691212716, 41.00147691212716, 41.00147691212716, 41.00147691212716, 41.00147691212716, 41.00147691212716, 41.00147691212716], 
[44.945722844585404, 44.945722844585404, 44.253915717922375, 44.253915717922375, 41.43388562805988, 39.07422792589976, 39.07422792589976, 39.07422792589976, 39.07422792589976, 39.07422792589976, 39.02945414076253, 39.02945414076253, 39.02945414076253, 39.02945414076253, 39.02945414076253, 39.02945414076253, 39.02945414076253, 39.02945414076253, 39.02945414076253, 39.02945414076253], 
[44.40986657047763, 44.40986657047763, 44.40986657047763, 44.40986657047763, 44.40986657047763, 44.40986657047763, 44.40986657047763, 44.40986657047763, 44.40275857716766, 43.54137010412496, 42.710158227119194, 42.710158227119194, 42.710158227119194, 42.05707719818315, 42.05707719818315, 42.05707719818315, 42.05707719818315, 42.05707719818315, 42.05707719818315, 40.73611992651891], 
[45.37108427264961, 43.13671781628988, 41.312436111415394, 40.62141568472222, 40.62141568472222, 40.62141568472222, 39.651820404109486, 39.651820404109486, 39.651820404109486, 39.651820404109486, 39.651820404109486, 39.651820404109486, 39.56580894976279, 39.56580894976279, 39.56580894976279, 39.56580894976279, 39.56580894976279, 39.56580894976279, 39.56580894976279, 39.56580894976279], 
[46.26163530813815, 45.912550434285826, 42.786831294636414, 42.786831294636414, 42.786831294636414, 42.786831294636414, 42.786831294636414, 42.786831294636414, 42.07502894690193, 41.55807664738332, 41.50246425494281, 41.50246425494281, 41.443107826437775, 41.443107826437775, 41.443107826437775, 41.443107826437775, 41.443107826437775, 41.443107826437775, 41.443107826437775, 41.443107826437775], 
[46.4368371016532, 46.4368371016532, 46.4368371016532, 45.23701619607412, 43.66798323992643, 43.66798323992643, 42.087585364069184, 42.087585364069184, 42.087585364069184, 42.087585364069184, 42.087585364069184, 41.21509598387864, 41.21509598387864, 41.21509598387864, 41.21509598387864, 41.21509598387864, 41.21509598387864, 40.41326631551355, 40.41326631551355, 40.41326631551355], 
[45.24415643282789, 45.21481669871806, 45.15619366305592, 45.15619366305592, 45.15619366305592, 43.3975358737644, 43.3975358737644, 43.3975358737644, 43.3975358737644, 43.3975358737644, 43.3975358737644, 42.919687277384796, 42.458494816445175, 41.92776385186542, 41.92776385186542, 41.92776385186542, 41.92776385186542, 40.4743238021113, 40.4743238021113, 40.4743238021113], 
