[7.154058548696523, 5.222420875644296, 5.222420875644296, 1.4231246240010913, 0.9456499695529134, 0.9456499695529134, 0.9456499695529134, 0.654697790574717, 0.654697790574717, 0.3438632010091164, 0.3438632010091164, 0.3438632010091164, 0.3438632010091164, 0.3438632010091164, 0.3438632010091164, 0.03587670111224717, 0.03587670111224717, 0.03587670111224717, 0.03587670111224717, 0.03587670111224717], 
[7.4256807972435706, 0.5016497388139871, 0.5016497388139871, 0.5016497388139871, 0.5016497388139871, 0.5016497388139871, 0.5016497388139871, 0.5016497388139871, 0.5016497388139871, 0.5016497388139871, 0.5016497388139871, 0.5016497388139871, 0.3777714429039236, 0.3777714429039236, 0.3256832950018034, 0.1565935111808373, 0.1565935111808373, 0.12104231080170458, 0.12104231080170458, 0.12104231080170458], 
[3.015324047852755, 3.015324047852755, 2.279115729519773, 1.8990222821126572, 1.8990222821126572, 1.8990222821126572, 1.2496764485584237, 0.7945642608718771, 0.40673449736943623, 0.40673449736943623, 0.40673449736943623, 0.40673449736943623, 0.40673449736943623, 0.40673449736943623, 0.3463564870283363, 0.2509033296912079, 0.2509033296912079, 0.21940869218433545, 0.03250875960737476, 0.03250875960737476], 
[7.506320249878731, 7.506320249878731, 3.5527388792362076, 3.0451797181875238, 0.9197706787091059, 0.9197706787091059, 0.881477818308487, 0.881477818308487, 0.881477818308487, 0.881477818308487, 0.881477818308487, 0.0482482887610568, 0.0482482887610568, 0.0482482887610568, 0.0482482887610568, 0.0482482887610568, 0.0482482887610568, 0.0482482887610568, 0.0482482887610568, 0.0482482887610568], 
[55.1383588706755, 2.433729253661192, 1.6881063546461839, 1.6881063546461839, 1.183709630292405, 0.9415717199607114, 0.9415717199607114, 0.15850743824789848, 0.15850743824789848, 0.15850743824789848, 0.15850743824789848, 0.15850743824789848, 0.15850743824789848, 0.15850743824789848, 0.15850743824789848, 0.15850743824789848, 0.15850743824789848, 0.15850743824789848, 0.1001628403161885, 0.02453425365086459], 
[13.13943193759194, 2.492847679092901, 2.492847679092901, 1.8558687196068544, 1.3639255164021757, 0.8837260959049084, 0.8527428566660736, 0.8527428566660736, 0.8527428566660736, 0.8527428566660736, 0.5821685357796653, 0.5821685357796653, 0.5821685357796653, 0.5054982148117579, 0.5054982148117579, 0.012238832033144909, 0.012238832033144909, 0.012238832033144909, 0.012238832033144909, 0.012238832033144909], 
[10.63814972573829, 6.615429277242079, 6.615429277242079, 2.326102534498852, 1.509284781786672, 1.3613938757252249, 1.3613938757252249, 1.2809914695155995, 1.2809914695155995, 0.8881132157272196, 0.8469383315072351, 0.12139820225781917, 0.12139820225781917, 0.12139820225781917, 0.12139820225781917, 0.05312339360027607, 0.05312339360027607, 0.05312339360027607, 0.05312339360027607, 0.05312339360027607], 
[1.9071002720127654, 1.9071002720127654, 1.0020094569713602, 1.0020094569713602, 1.0020094569713602, 1.0020094569713602, 1.0020094569713602, 0.9015385085706925, 0.9015385085706925, 0.7834143660603762, 0.7783246341002346, 0.5213775203372691, 0.5213775203372691, 0.5213775203372691, 0.5213775203372691, 0.5213775203372691, 0.3037158213659028, 0.1456149418246352, 0.13946405999211264, 0.13946405999211264], 
[25.399390487194673, 25.399390487194673, 5.979626511094295, 4.853636053448479, 4.853636053448479, 1.8236340455965523, 1.8236340455965523, 1.4310857226483522, 1.4310857226483522, 0.5132614104543509, 0.47642787117969543, 0.47642787117969543, 0.47642787117969543, 0.19981622078260897, 0.19981622078260897, 0.13887604270974585, 0.13887604270974585, 0.11664128258385742, 0.11664128258385742, 0.11664128258385742], 
[18.280980667580582, 0.22714136292287823, 0.22714136292287823, 0.22714136292287823, 0.22714136292287823, 0.22714136292287823, 0.22714136292287823, 0.22714136292287823, 0.22714136292287823, 0.22714136292287823, 0.19679788792735275, 0.19679788792735275, 0.19679788792735275, 0.19679788792735275, 0.19679788792735275, 0.16585578238961085, 0.05810694914870396, 0.05810694914870396, 0.05810694914870396, 0.023123575345824543], 
[13.106793593466485, 1.985048843007505, 1.985048843007505, 1.439678045264461, 1.439678045264461, 1.439678045264461, 1.439678045264461, 1.439678045264461, 0.01788615096755586, 0.01788615096755586, 0.01788615096755586, 0.01788615096755586, 0.01788615096755586, 0.01788615096755586, 0.01788615096755586, 0.01788615096755586, 0.01788615096755586, 0.01788615096755586, 0.01788615096755586, 0.01788615096755586], 
[21.649288941420057, 8.29110471466173, 5.515309192449793, 2.182264383896241, 2.182264383896241, 1.0982833981396594, 0.7472029071951654, 0.43000938381138143, 0.43000938381138143, 0.43000938381138143, 0.41399578903047063, 0.2528385943757212, 0.2528385943757212, 0.2528385943757212, 0.20346895127576137, 0.20346895127576137, 0.12364833709464906, 0.12364833709464906, 0.09027356009017551, 0.09027356009017551], 
[5.810999834878916, 3.4333307072870425, 3.4333307072870425, 2.0835951074291126, 2.0835951074291126, 1.2957841560332073, 1.2957841560332073, 1.0967300063526215, 1.0199426644241913, 0.6778185821693201, 0.5124146922318932, 0.15085186339009438, 0.05542687538578428, 0.05542687538578428, 0.05542687538578428, 0.05542687538578428, 0.05542687538578428, 0.05542687538578428, 0.05542687538578428, 0.05542687538578428], 
[48.629270491126874, 5.608089898748016, 5.608089898748016, 3.112704337700694, 3.112704337700694, 2.3051992667692005, 2.281279538372247, 0.8510804951626532, 0.6474448208241584, 0.4811894441207414, 0.4811894441207414, 0.4811894441207414, 0.4811894441207414, 0.4811894441207414, 0.4811894441207414, 0.17177656059361301, 0.12865712069778312, 0.12865712069778312, 0.12865712069778312, 0.12865712069778312], 
[14.104523835003654, 14.104523835003654, 1.7398744997422952, 1.7398744997422952, 1.3826864810852417, 1.3676832036272897, 1.3676832036272897, 1.3676832036272897, 1.3676832036272897, 1.1411712735483404, 0.7418364520581731, 0.44708376848148834, 0.2141501315000599, 0.2141501315000599, 0.15414028403780333, 0.09909768567127242, 0.09909768567127242, 0.09909768567127242, 0.09909768567127242, 0.09909768567127242], 
[6.206153306377276, 2.3742493605362993, 2.3742493605362993, 2.3742493605362993, 2.3742493605362993, 2.3742493605362993, 2.016633242369082, 1.0357954256532822, 1.0357954256532822, 0.4373602370201827, 0.4373602370201827, 0.4373602370201827, 0.42207080556480436, 0.42207080556480436, 0.09863593538688098, 0.09863593538688098, 0.09863593538688098, 0.09863593538688098, 0.09863593538688098, 0.09863593538688098], 
[60.762298647942636, 1.8598741325524033, 1.7888437858408515, 1.7888437858408515, 1.6640641650722092, 1.1882313380134968, 1.1882313380134968, 0.5355334440063861, 0.5355334440063861, 0.5355334440063861, 0.5355334440063861, 0.5355334440063861, 0.35705467601979324, 0.19884441874553715, 0.19884441874553715, 0.13446816042052112, 0.13446816042052112, 0.13446816042052112, 0.13446816042052112, 0.07978647267771155], 
[1.8806432470341048, 1.8806432470341048, 1.8806432470341048, 1.4722289272862226, 1.4722289272862226, 1.4722289272862226, 1.0771989870784038, 1.0771989870784038, 1.0771989870784038, 0.5046829769699753, 0.5046829769699753, 0.5046829769699753, 0.5046829769699753, 0.36035521594679876, 0.36035521594679876, 0.3086336871327451, 0.18987730426647043, 0.18987730426647043, 0.18987730426647043, 0.14054713968439125], 
[10.318581882767676, 4.756167033961454, 4.093620651957608, 0.894320308914472, 0.894320308914472, 0.894320308914472, 0.894320308914472, 0.294371787023596, 0.294371787023596, 0.2843634340957736, 0.2843634340957736, 0.2843634340957736, 0.25951710727676247, 0.25951710727676247, 0.25951710727676247, 0.25951710727676247, 0.25951710727676247, 0.25951710727676247, 0.07361606955816535, 0.07361606955816535], 
[19.633637076344527, 1.9259980396798646, 1.9259980396798646, 1.9259980396798646, 1.4238173680404669, 1.4238173680404669, 1.4238173680404669, 1.2073629938728954, 0.6806748437615006, 0.6806748437615006, 0.6806748437615006, 0.6806748437615006, 0.616426315616758, 0.24593365670907852, 0.24593365670907852, 0.10954547699174166, 0.10954547699174166, 0.10954547699174166, 0.10954547699174166, 0.10954547699174166], 
[10.978963864907705, 3.813726473508016, 1.1257320385789602, 1.1257320385789602, 1.1257320385789602, 1.1257320385789602, 0.3933034499533473, 0.3933034499533473, 0.33946958189380083, 0.33946958189380083, 0.33946958189380083, 0.33946958189380083, 0.33946958189380083, 0.2420736892795422, 0.2420736892795422, 0.2420736892795422, 0.19085984973933312, 0.15820892973669753, 0.15820892973669753, 0.05111460781741162], 
[5.742122217175622, 5.742122217175622, 5.6918447828619065, 3.954048489947635, 2.266158724509829, 1.6162352225242906, 1.439953752844256, 1.35838097587917, 0.91148018460025, 0.8766084370022057, 0.8766084370022057, 0.3550588260128691, 0.27435017956601593, 0.27435017956601593, 0.27435017956601593, 0.20380973709902006, 0.08963322220831371, 0.08963322220831371, 0.08963322220831371, 0.046523593491012094], 
[18.271724299175926, 14.440300675479342, 9.113872042846793, 5.313461649916456, 4.7427064581801215, 2.3222493540591977, 2.3222493540591977, 2.3222493540591977, 2.3219501070733566, 1.9157460473734504, 1.19998273388696, 1.1682496946984415, 0.621517789511938, 0.41486460219559507, 0.3330802320070293, 0.3330802320070293, 0.3330802320070293, 0.2977212787803538, 0.181720425675994, 0.08368387011887801], 
[5.954879514081173, 4.999584889635559, 2.3219205494794157, 2.3219205494794157, 1.3903389085328433, 1.0977352125002955, 1.0977352125002955, 1.0977352125002955, 1.0977352125002955, 0.9775641967704598, 0.29925515632045563, 0.29925515632045563, 0.29925515632045563, 0.16818260259776097, 0.11956753164539657, 0.11956753164539657, 0.11956753164539657, 0.11956753164539657, 0.11956753164539657, 0.11956753164539657], 
[13.976040393253754, 1.888007355943007, 1.888007355943007, 1.888007355943007, 1.888007355943007, 0.7274642742143602, 0.7274642742143602, 0.7274642742143602, 0.6573097063460537, 0.6573097063460537, 0.6573097063460537, 0.14510201017049673, 0.14510201017049673, 0.11392134945008114, 0.11392134945008114, 0.11392134945008114, 0.11392134945008114, 0.11392134945008114, 0.11392134945008114, 0.11392134945008114], 
[1.8933145511099752, 1.8933145511099752, 0.9331217191903379, 0.9331217191903379, 0.9331217191903379, 0.9331217191903379, 0.9331217191903379, 0.6182733622848251, 0.6182733622848251, 0.18667304756032277, 0.18667304756032277, 0.13655062398336892, 0.13655062398336892, 0.13655062398336892, 0.13655062398336892, 0.04822398979754927, 0.04822398979754927, 0.04822398979754927, 0.04822398979754927, 0.04822398979754927], 
[4.796478836016889, 1.4826942669657033, 1.4826942669657033, 0.6155469293275689, 0.6155469293275689, 0.6155469293275689, 0.6155469293275689, 0.6155469293275689, 0.6155469293275689, 0.464301871347639, 0.464301871347639, 0.310265490291327, 0.310265490291327, 0.310265490291327, 0.014523734980971259, 0.014523734980971259, 0.014523734980971259, 0.014523734980971259, 0.014523734980971259, 0.014523734980971259], 
[1.4631008104558751, 1.4631008104558751, 1.1701590392391696, 1.1701590392391696, 1.1701590392391696, 1.1701590392391696, 1.1347484804926111, 1.1347484804926111, 0.4462906540762096, 0.4462906540762096, 0.29919484757224446, 0.29919484757224446, 0.29919484757224446, 0.29919484757224446, 0.29919484757224446, 0.29919484757224446, 0.29919484757224446, 0.20748889657372782, 0.02275816096974914, 0.02275816096974914], 
[1.7381102982688126, 1.7381102982688126, 1.7381102982688126, 1.7381102982688126, 1.3228592444101566, 0.7032177494951043, 0.7032177494951043, 0.7032177494951043, 0.7032177494951043, 0.24567952113911573, 0.24567952113911573, 0.24567952113911573, 0.24567952113911573, 0.24567952113911573, 0.24567952113911573, 0.24567952113911573, 0.24567952113911573, 0.24567952113911573, 0.11054706829571603, 0.11054706829571603], 
[3.9966346584826087, 3.9966346584826087, 3.9966346584826087, 0.8742238806349836, 0.8742238806349836, 0.8742238806349836, 0.8742238806349836, 0.5942204509283947, 0.5942204509283947, 0.5942204509283947, 0.5942204509283947, 0.5942204509283947, 0.2251842351639225, 0.2251842351639225, 0.2251842351639225, 0.2251842351639225, 0.2251842351639225, 0.07169847143592578, 0.07169847143592578, 0.07169847143592578], 
