[8.026562513550456, 7.226217978364672, 4.31154919026236, 1.614016417822267, 1.614016417822267, 1.614016417822267, 1.614016417822267, 1.614016417822267, 0.16566212184676665, 0.16566212184676665, 0.15457175948186652, 0.15457175948186652, 0.15457175948186652, 0.12213356644491569, 0.12213356644491569, 0.07470298039548595, 0.07470298039548595, 0.0035269359760707886, 0.0035269359760707886, 0.0035269359760707886], 
[9.240039193728984, 6.554925955488155, 4.9649804217027675, 2.02218573601502, 1.1662067702528915, 1.1662067702528915, 1.1662067702528915, 1.1662067702528915, 1.1662067702528915, 1.0007702468071251, 0.8809112642446735, 0.8809112642446735, 0.2664575811508225, 0.2664575811508225, 0.2664575811508225, 0.2664575811508225, 0.14742024598765546, 0.0120944287523308, 0.0120944287523308, 0.00942260992176891], 
[11.386415872305676, 11.386415872305676, 6.970649084306551, 2.4875945324279947, 2.4875945324279947, 2.2689374124914092, 1.6744007928573836, 1.6744007928573836, 1.6744007928573836, 1.0701143401825757, 1.0701143401825757, 0.0978272266792537, 0.01960971088781882, 0.01960971088781882, 0.01960971088781882, 0.01960971088781882, 0.01960971088781882, 0.01960971088781882, 0.01960971088781882, 0.01960971088781882], 
[11.397493625490462, 5.195233429673281, 2.342678440350321, 2.342678440350321, 2.342678440350321, 2.342678440350321, 2.342678440350321, 2.342678440350321, 1.0808568117007233, 1.0808568117007233, 0.17632151119111938, 0.17632151119111938, 0.1749750194497377, 0.1749750194497377, 0.020283580906644616, 0.020283580906644616, 0.020283580906644616, 0.020283580906644616, 0.020283580906644616, 0.020283580906644616], 
[4.8239611126586945, 1.61264237884172, 1.61264237884172, 1.61264237884172, 1.61264237884172, 1.61264237884172, 1.61264237884172, 1.4231314232792212, 0.45523939304263017, 0.20230217341991974, 0.20230217341991974, 0.20230217341991974, 0.20230217341991974, 0.20230217341991974, 0.20230217341991974, 0.054437215726762744, 0.054437215726762744, 0.054437215726762744, 0.054437215726762744, 0.008632112398016645], 
[8.895082214649346, 8.895082214649346, 8.701424923314438, 0.8613800749268883, 0.8613800749268883, 0.8613800749268883, 0.8613800749268883, 0.8613800749268883, 0.8613800749268883, 0.8613800749268883, 0.26841498369954664, 0.26841498369954664, 0.26841498369954664, 0.26841498369954664, 0.26841498369954664, 0.26841498369954664, 0.05756790728773886, 0.05756790728773886, 0.05756790728773886, 0.05302924355912175], 
[7.45283615068883, 7.45283615068883, 4.877184846964517, 2.751942306608157, 1.4473546214337567, 1.4473546214337567, 0.17990306355026497, 0.17990306355026497, 0.17990306355026497, 0.17990306355026497, 0.17990306355026497, 0.17990306355026497, 0.07242998618495022, 0.03031569376600629, 0.03031569376600629, 0.02372429313466462, 0.0029701098034351503, 0.0029701098034351503, 0.0029701098034351503, 0.0029701098034351503], 
[14.685109412657667, 8.233677785140072, 7.921463099293172, 5.6815375030728825, 1.6292675576753908, 1.6292675576753908, 1.182288632811943, 0.14267868549220708, 0.14267868549220708, 0.14267868549220708, 0.14267868549220708, 0.14267868549220708, 0.14267868549220708, 0.09546305817908163, 0.09546305817908163, 0.09546305817908163, 0.057979079500329433, 0.057979079500329433, 0.057979079500329433, 0.057979079500329433], 
[5.083037831629876, 4.41628744957527, 4.41628744957527, 4.41628744957527, 2.1014317893448275, 2.1014317893448275, 1.5689549220781807, 1.5689549220781807, 1.5689549220781807, 1.5689549220781807, 1.5689549220781807, 1.1086761363421438, 1.1086761363421438, 1.1086761363421438, 1.1086761363421438, 0.07610458391174646, 0.07610458391174646, 0.07391389608228671, 0.07391389608228671, 0.07391389608228671], 
[8.019285151130742, 5.573217442266832, 5.573217442266832, 5.573217442266832, 1.679305379283532, 1.6657965976409503, 0.7192855905475977, 0.7192855905475977, 0.7192855905475977, 0.7001786666291494, 0.7001786666291494, 0.09461219565536538, 0.09461219565536538, 0.09461219565536538, 0.09461219565536538, 0.09461219565536538, 0.08500368151638682, 0.056260850462493295, 0.03934069527699258, 0.03934069527699258], 
[9.951147177193356, 4.699934450937077, 3.7726914052461726, 3.7726914052461726, 1.321014701067071, 1.321014701067071, 1.2953277664899367, 1.2953277664899367, 1.2953277664899367, 1.2953277664899367, 1.2953277664899367, 1.2383910090883194, 0.09559922128216414, 0.09559922128216414, 0.09559922128216414, 0.09559922128216414, 0.09559922128216414, 0.09559922128216414, 0.09559922128216414, 0.015345937720619318], 
[6.952260283530318, 2.802250691928407, 2.802250691928407, 2.802250691928407, 1.2287104853950375, 1.2287104853950375, 1.2287104853950375, 1.2287104853950375, 1.2287104853950375, 1.2287104853950375, 1.2287104853950375, 1.2287104853950375, 1.18641931078648, 0.1476024071242854, 0.1476024071242854, 0.1476024071242854, 0.1476024071242854, 0.10974343332453351, 0.10974343332453351, 0.03254710854976395], 
[10.94299538815549, 10.911324464390093, 7.1095052246162584, 5.106202180144974, 4.14860183956506, 4.14860183956506, 4.14860183956506, 2.0960647150886667, 2.0960647150886667, 1.2305755999764596, 1.2305755999764596, 1.2305755999764596, 1.1289511140151038, 0.4859104846911748, 0.15988792420139575, 0.15988792420139575, 0.15988792420139575, 0.13184791674148855, 0.13184791674148855, 0.1109053035602372], 
[14.104609897681254, 5.195064243766801, 5.195064243766801, 2.440075773441018, 1.349395848397629, 1.349395848397629, 1.349395848397629, 1.1949650292146377, 1.1949650292146377, 0.5395990542360405, 0.5395990542360405, 0.5395990542360405, 0.5395990542360405, 0.5395990542360405, 0.10904278170169057, 0.10904278170169057, 0.05664563541203371, 0.05664563541203371, 0.05586482039042551, 0.05586482039042551], 
[12.914622127582932, 11.70737236654202, 2.776038604035092, 2.776038604035092, 2.776038604035092, 2.776038604035092, 1.9630759729756075, 0.18422794421507405, 0.18422794421507405, 0.18422794421507405, 0.06623771998103756, 0.06623771998103756, 0.06623771998103756, 0.003123202060294261, 0.003123202060294261, 0.003123202060294261, 0.003123202060294261, 0.003123202060294261, 0.003123202060294261, 0.003123202060294261], 
[9.331613316783248, 7.675467777000372, 7.675467777000372, 1.20913784709313, 0.17099027328165484, 0.17099027328165484, 0.17099027328165484, 0.17099027328165484, 0.17099027328165484, 0.17099027328165484, 0.17099027328165484, 0.17099027328165484, 0.17099027328165484, 0.17099027328165484, 0.17099027328165484, 0.17099027328165484, 0.17099027328165484, 0.17099027328165484, 0.027010974100193152, 0.019893702682628245], 
[20.926895594503097, 5.659347653468146, 5.659347653468146, 2.4706625425942814, 2.4706625425942814, 1.092877087265041, 0.2581031303114525, 0.2581031303114525, 0.2581031303114525, 0.027990462724455156, 0.027990462724455156, 0.027990462724455156, 0.027990462724455156, 0.006742121584629501, 0.006742121584629501, 0.006742121584629501, 0.006742121584629501, 0.006742121584629501, 0.006742121584629501, 0.000998639275261226], 
[16.976651578518215, 4.473986678156064, 3.320924508230349, 3.320924508230349, 1.9568823828078283, 1.0842195864306987, 1.0842195864306987, 1.0842195864306987, 1.0842195864306987, 0.4450665721273186, 0.4450665721273186, 0.4450665721273186, 0.027988635619587754, 0.027988635619587754, 0.027988635619587754, 0.027988635619587754, 0.027988635619587754, 0.017125291078247784, 0.017125291078247784, 0.017125291078247784], 
[4.811055947837426, 4.811055947837426, 4.811055947837426, 4.811055947837426, 4.811055947837426, 3.0079836384077634, 1.445288619941186, 0.04620857370572651, 0.04620857370572651, 0.04620857370572651, 0.04620857370572651, 0.04620857370572651, 0.04620857370572651, 0.04620857370572651, 0.04620857370572651, 0.04620857370572651, 0.024928106898409297, 0.014518508929093343, 0.014518508929093343, 0.014518508929093343], 
[11.023614708476785, 11.023614708476785, 11.023614708476785, 2.282828789873517, 2.282828789873517, 2.282828789873517, 1.0049858866550778, 1.0049858866550778, 1.0049858866550778, 1.0049858866550778, 0.6847866747904305, 0.675753885387131, 0.37308190505142136, 0.37308190505142136, 0.37308190505142136, 0.31886579591658837, 0.003441238120982959, 0.003441238120982959, 0.003441238120982959, 0.003441238120982959], 
[9.635511114082853, 8.98870277762551, 3.1170924922686547, 3.1170924922686547, 3.1170924922686547, 1.9512814084818686, 1.9512814084818686, 1.9512814084818686, 1.9512814084818686, 1.9512814084818686, 1.3949794869795245, 0.8201154834405759, 0.8201154834405759, 0.8201154834405759, 0.8201154834405759, 0.20433893605924602, 0.20433893605924602, 0.20433893605924602, 0.048758556384630225, 0.048758556384630225], 
[9.426226184564197, 9.426226184564197, 6.730073916701749, 0.3478518344997994, 0.3478518344997994, 0.3478518344997994, 0.3478518344997994, 0.3478518344997994, 0.09601981994463316, 0.09601981994463316, 0.09601981994463316, 0.09601981994463316, 0.09601981994463316, 0.019623357947699205, 0.019623357947699205, 0.019623357947699205, 0.019623357947699205, 0.019623357947699205, 0.019623357947699205, 0.019623357947699205], 
[9.92188382882291, 9.637194406215027, 0.954469741349742, 0.954469741349742, 0.954469741349742, 0.954469741349742, 0.954469741349742, 0.954469741349742, 0.2780615377540592, 0.2780615377540592, 0.2780615377540592, 0.11511430147352186, 0.11511430147352186, 0.11511430147352186, 0.06974812621818138, 0.06974812621818138, 0.003843992131342233, 0.003843992131342233, 0.003843992131342233, 0.003843992131342233], 
[5.003255693901457, 5.003255693901457, 5.003255693901457, 1.8548600596368114, 1.8548600596368114, 1.8548600596368114, 0.026971336228394094, 0.026971336228394094, 0.026971336228394094, 0.026971336228394094, 0.026971336228394094, 0.026971336228394094, 0.026971336228394094, 0.026971336228394094, 0.026971336228394094, 0.026971336228394094, 0.026971336228394094, 0.026971336228394094, 0.026971336228394094, 0.004484857517308427], 
[15.60834596642529, 5.4476331510154665, 5.4476331510154665, 5.4476331510154665, 1.0080364697379558, 1.0080364697379558, 1.0080364697379558, 1.0080364697379558, 1.0080364697379558, 1.0080364697379558, 1.0080364697379558, 1.0080364697379558, 1.0080364697379558, 0.7444512215899728, 0.37111381649098973, 0.37009517123317615, 0.2977064390301969, 0.06376538846370572, 0.06376538846370572, 0.011950425074708448], 
[3.5488780432283953, 2.3071219930387326, 2.3071219930387326, 2.3071219930387326, 2.3071219930387326, 2.3071219930387326, 2.3071219930387326, 2.3071219930387326, 0.7938915516942195, 0.7938915516942195, 0.7938915516942195, 0.2967393621511274, 0.2967393621511274, 0.2967393621511274, 0.2967393621511274, 0.2967393621511274, 0.2967393621511274, 0.2967393621511274, 0.2967393621511274, 0.07149673434651227], 
[3.266358671643945, 3.266358671643945, 3.266358671643945, 3.266358671643945, 3.266358671643945, 3.266358671643945, 3.143874741772323, 1.0481060322578504, 1.0481060322578504, 1.0481060322578504, 1.0481060322578504, 1.0481060322578504, 0.22793520586177607, 0.22793520586177607, 0.22793520586177607, 0.22793520586177607, 0.22793520586177607, 0.023724713740266523, 0.023724713740266523, 0.023724713740266523], 
[11.165135803466182, 11.165135803466182, 8.083221591169348, 3.1236077846217523, 3.1236077846217523, 3.1236077846217523, 3.1236077846217523, 3.1236077846217523, 1.7730793670603955, 1.5001525761596675, 1.0508370754995102, 1.0038939960250648, 0.20842144350770653, 0.04121619797277809, 0.04121619797277809, 0.04121619797277809, 0.04121619797277809, 0.04121619797277809, 0.013412027372579516, 0.013412027372579516], 
[11.881757681893326, 11.881757681893326, 6.715123653084142, 5.008998360954905, 1.5148384840437643, 1.1302647728468695, 1.1302647728468695, 0.023872731199528374, 0.023872731199528374, 0.023872731199528374, 0.023872731199528374, 0.023872731199528374, 0.023872731199528374, 0.023872731199528374, 0.023872731199528374, 0.023872731199528374, 0.023872731199528374, 0.023872731199528374, 0.023872731199528374, 0.023872731199528374], 
[8.391332696757207, 8.391332696757207, 3.448372613250573, 3.448372613250573, 1.3042837145548596, 1.3042837145548596, 1.3042837145548596, 1.140163009626459, 1.140163009626459, 1.140163009626459, 1.140163009626459, 1.140163009626459, 0.8924541311869572, 0.19686556562604451, 0.19686556562604451, 0.19686556562604451, 0.19686556562604451, 0.19686556562604451, 0.19686556562604451, 0.004870530933537509], 
