[401395.46852414723, 11768.487579449005, 11768.487579449005, 11768.487579449005, 11768.487579449005, 11768.487579449005, 5861.216709682125, 5861.216709682125, 5861.216709682125, 1959.5652989454588, 1959.5652989454588, -621.7600614736648, -1210.876737338714, -1210.876737338714, -1210.876737338714, -1210.876737338714, -1268.639730478088, -1268.639730478088, -1268.639730478088, -1268.639730478088], 
[507107.58657343354, 43681.9863429372, 23175.855222874605, 23175.855222874605, 18903.702965721004, 15572.13246383812, 15572.13246383812, 15572.13246383812, 12573.504751285669, 12573.504751285669, 597.2036335624075, 597.2036335624075, 597.2036335624075, 597.2036335624075, -749.5474603472314, -749.5474603472314, -749.5474603472314, -1254.2636619045875, -1254.2636619045875, -1254.2636619045875], 
[51625.71439670532, 51625.71439670532, 51625.71439670532, 51625.71439670532, 20215.650202382545, 3888.8790608016106, -64.6512559100388, -64.6512559100388, -64.6512559100388, -64.6512559100388, -64.6512559100388, -64.6512559100388, -64.6512559100388, -1080.1620562685132, -1150.7439822118047, -1150.7439822118047, -1150.7439822118047, -1150.7439822118047, -1251.8243297215624, -1251.8243297215624], 
[387189.6659236984, 277135.34434724605, 277135.34434724605, 99675.60009366972, 12716.7975270599, 12716.7975270599, 12716.7975270599, 7980.272114346062, 4318.081669377666, 4318.081669377666, 1866.9790063593537, 1866.9790063593537, -397.28522242890745, -1126.9280167886384, -1126.9280167886384, -1251.3898450188258, -1251.3898450188258, -1251.3898450188258, -1251.3898450188258, -1251.3898450188258], 
[49385.18701993347, 49385.18701993347, 49385.18701993347, 49385.18701993347, 2989.7836106938257, 2989.7836106938257, 2989.7836106938257, 2989.7836106938257, 2989.7836106938257, -910.7975344349113, -910.7975344349113, -910.7975344349113, -910.7975344349113, -910.7975344349113, -1267.1895902875715, -1267.1895902875715, -1267.1895902875715, -1267.1895902875715, -1267.1895902875715, -1267.1895902875715], 
[204603.0188832822, 204603.0188832822, 204603.0188832822, 204603.0188832822, 5733.75965046023, 5733.75965046023, -468.9980725472517, -468.9980725472517, -468.9980725472517, -468.9980725472517, -1266.8940279837004, -1266.8940279837004, -1266.8940279837004, -1266.8940279837004, -1266.8940279837004, -1266.8940279837004, -1266.8940279837004, -1266.8940279837004, -1266.8940279837004, -1266.8940279837004], 
[266620.95121570054, 266620.95121570054, 139432.84137562508, 24082.912450060845, 24082.912450060845, 24082.912450060845, -357.72918899519823, -357.72918899519823, -357.72918899519823, -357.72918899519823, -357.72918899519823, -529.5276884288911, -529.5276884288911, -529.5276884288911, -1052.8958542021828, -1231.0391905169863, -1231.0391905169863, -1231.0391905169863, -1255.703768689831, -1255.703768689831], 
[141575.50275539473, 946.7910934525962, 946.7910934525962, 946.7910934525962, 946.7910934525962, 946.7910934525962, 946.7910934525962, 102.97204130009641, 102.97204130009641, 102.97204130009641, 102.97204130009641, 102.97204130009641, -820.0042866893857, -820.0042866893857, -820.0042866893857, -1266.8489382310206, -1266.8489382310206, -1266.8489382310206, -1266.8489382310206, -1266.8489382310206], 
[141623.75772952204, 141623.75772952204, 141623.75772952204, 2080.462241762292, 2080.462241762292, 2080.462241762292, 2080.462241762292, 2080.462241762292, 1402.3126501784418, 1402.3126501784418, 1402.3126501784418, 1402.3126501784418, 912.9053346363248, 912.9053346363248, 483.34624387191525, -833.4082651816909, -833.4082651816909, -1223.5650289444, -1223.5650289444, -1223.5650289444], 
[3229179.874675962, 27292.815023799503, -357.17959003520434, -357.17959003520434, -357.17959003520434, -357.17959003520434, -357.17959003520434, -357.17959003520434, -865.280515804279, -865.280515804279, -865.280515804279, -865.280515804279, -865.280515804279, -865.280515804279, -1176.5112362477496, -1176.5112362477496, -1176.5112362477496, -1176.5112362477496, -1176.5112362477496, -1219.7990686586675], 
[466636.633524163, 153152.35402354354, 30018.01428131393, 30018.01428131393, 30018.01428131393, 30018.01428131393, 30018.01428131393, 18193.048844059416, 1213.0844308168603, 251.71186440664633, 251.71186440664633, 251.71186440664633, 251.71186440664633, -87.83942705465893, -87.83942705465893, -1247.5890830446072, -1247.5890830446072, -1247.5890830446072, -1247.5890830446072, -1247.5890830446072], 
[97597.55624839407, 97597.55624839407, 97597.55624839407, 97597.55624839407, 19707.627214411397, 19707.627214411397, 167.88771383821677, 167.88771383821677, -274.82050000316303, -274.82050000316303, -274.82050000316303, -274.82050000316303, -274.82050000316303, -274.82050000316303, -351.04291299136503, -351.04291299136503, -1274.2921615172784, -1274.2921615172784, -1274.2921615172784, -1274.2921615172784], 
[136024.562231945, 136024.562231945, 136024.562231945, -548.5123046211611, -548.5123046211611, -548.5123046211611, -548.5123046211611, -548.5123046211611, -548.5123046211611, -570.9121879139227, -570.9121879139227, -570.9121879139227, -570.9121879139227, -832.6809693088433, -832.6809693088433, -1057.7216013921918, -1057.7216013921918, -1057.7216013921918, -1062.3838722165965, -1277.0000095439354], 
[1464944.704948608, 13872.6629482971, 96.09023264395046, 96.09023264395046, 96.09023264395046, -462.83405738505405, -462.83405738505405, -462.83405738505405, -462.83405738505405, -462.83405738505405, -1189.400532019817, -1189.400532019817, -1189.400532019817, -1189.400532019817, -1189.400532019817, -1189.400532019817, -1189.400532019817, -1189.400532019817, -1189.400532019817, -1189.400532019817], 
[369596.417652851, 4255.853607408859, 4255.853607408859, 4255.853607408859, 4255.853607408859, 4255.853607408859, 4255.853607408859, 4255.853607408859, 4255.853607408859, 4255.853607408859, -812.5076045206677, -812.5076045206677, -812.5076045206677, -812.5076045206677, -849.5936420978505, -905.8236366494511, -905.8236366494511, -999.7172932230898, -1293.6581413819051, -1296.0604310223307], 
[442686.2556347069, 442686.2556347069, 151850.24475573306, 117795.31730383921, 27069.665902298846, 9561.467232660123, -31.11076892109577, -31.11076892109577, -31.11076892109577, -381.63448912043793, -1101.2095762491367, -1101.2095762491367, -1101.2095762491367, -1101.2095762491367, -1101.2095762491367, -1101.2095762491367, -1174.3803461583136, -1246.8833712601154, -1246.8833712601154, -1246.8833712601154], 
[286534.86585524905, 286534.86585524905, 286534.86585524905, 286534.86585524905, 67827.43539584595, 8512.891597018732, 8512.891597018732, -311.54601680928874, -311.54601680928874, -311.54601680928874, -311.54601680928874, -692.7515386904018, -692.7515386904018, -1221.2191714442788, -1221.2191714442788, -1221.2191714442788, -1221.2191714442788, -1234.339080413772, -1234.339080413772, -1234.339080413772], 
[4503247.289894214, 90541.14972692035, 10849.499824066073, 10849.499824066073, 10849.499824066073, 10849.499824066073, 8025.416410961041, 7788.348992033469, 7788.348992033469, 1173.0281703095116, 1173.0281703095116, 1173.0281703095116, -321.4798243619409, -346.0982986183151, -346.0982986183151, -346.0982986183151, -1095.235363915283, -1231.9282449516961, -1231.9282449516961, -1231.9282449516961], 
[59500.124966632306, 2019.935276636752, 2019.935276636752, 2019.935276636752, 2019.935276636752, 2019.935276636752, 310.52979264108444, 310.52979264108444, 310.52979264108444, 310.52979264108444, 310.52979264108444, -1242.9909914413602, -1242.9909914413602, -1242.9909914413602, -1242.9909914413602, -1242.9909914413602, -1242.9909914413602, -1272.033632486753, -1272.033632486753, -1272.033632486753], 
[427592.1488357616, 427592.1488357616, 427592.1488357616, 427592.1488357616, -1031.9772079235354, -1031.9772079235354, -1031.9772079235354, -1031.9772079235354, -1031.9772079235354, -1031.9772079235354, -1173.6769316384136, -1173.6769316384136, -1173.6769316384136, -1173.6769316384136, -1173.6769316384136, -1192.764786304223, -1247.735706777939, -1247.735706777939, -1247.735706777939, -1247.735706777939], 
[119102.30070313049, 119102.30070313049, 81389.45956086375, 81389.45956086375, 21744.53080413775, 13257.34308527934, 13257.34308527934, 3349.1044659771833, 3349.1044659771833, 3349.1044659771833, 888.2388059231866, 888.2388059231866, 888.2388059231866, -100.9673687681252, -341.7228081536165, -1231.0247653344197, -1231.0247653344197, -1269.3864999645302, -1269.3864999645302, -1269.3864999645302], 
[5869154.639030855, 9584.278233379058, 9584.278233379058, 5497.389667200903, 5497.389667200903, 5497.389667200903, 5497.389667200903, 898.0182961587561, 898.0182961587561, 898.0182961587561, 898.0182961587561, -443.88177893924603, -443.88177893924603, -443.88177893924603, -443.88177893924603, -1287.0333820901826, -1287.0333820901826, -1287.0333820901826, -1287.0333820901826, -1287.0333820901826], 
[3505703.376283247, 397832.2395923485, 8308.22958769819, -1000.9726011881866, -1000.9726011881866, -1000.9726011881866, -1000.9726011881866, -1000.9726011881866, -1000.9726011881866, -1000.9726011881866, -1000.9726011881866, -1000.9726011881866, -1228.4574653213022, -1228.4574653213022, -1228.4574653213022, -1228.4574653213022, -1228.4574653213022, -1267.3207314505837, -1267.3207314505837, -1267.3207314505837], 
[641959.4872925447, 246205.67330599148, 7197.044421271072, 7197.044421271072, 7197.044421271072, 7197.044421271072, 7067.016404445461, 4433.332427287699, -64.36030423428247, -431.79629210944154, -431.79629210944154, -431.79629210944154, -431.79629210944154, -431.79629210944154, -431.79629210944154, -957.9161080963146, -964.6859353811931, -1210.3850871542493, -1210.3850871542493, -1249.9944796912569], 
[306084.47903353174, 39143.812421240786, 39143.812421240786, 39143.812421240786, 39143.812421240786, 39143.812421240786, 4295.960040537855, 3113.88789631692, -730.6682254642926, -730.6682254642926, -730.6682254642926, -1213.1157325747618, -1213.1157325747618, -1213.1157325747618, -1213.1157325747618, -1213.1157325747618, -1213.1157325747618, -1213.1157325747618, -1213.1157325747618, -1213.1157325747618], 
[71620.25532396797, 71620.25532396797, 12891.516368484092, 2382.1923185746673, 2382.1923185746673, 2382.1923185746673, 2382.1923185746673, 2382.1923185746673, -260.54038353575675, -260.54038353575675, -260.54038353575675, -260.54038353575675, -260.54038353575675, -260.54038353575675, -260.54038353575675, -1153.5125507318098, -1153.5125507318098, -1153.5125507318098, -1153.5125507318098, -1230.0204370910274], 
[2179.5936951560193, 2179.5936951560193, 2179.5936951560193, 2179.5936951560193, 2179.5936951560193, 2179.5936951560193, 2179.5936951560193, 108.29840634807988, 108.29840634807988, 108.29840634807988, -1192.1537143860057, -1192.1537143860057, -1192.1537143860057, -1192.1537143860057, -1192.1537143860057, -1192.1537143860057, -1235.0701720265827, -1235.0701720265827, -1235.0701720265827, -1235.0701720265827], 
[3659810.2158215595, 237160.3944444871, 237160.3944444871, 69682.31053287636, 18734.34172708598, 9244.342788195303, 8231.117125405544, -1003.0605448447585, -1003.0605448447585, -1003.0605448447585, -1003.0605448447585, -1003.0605448447585, -1003.0605448447585, -1003.0605448447585, -1003.0605448447585, -1205.1283368609327, -1205.1283368609327, -1205.1283368609327, -1205.1283368609327, -1205.1283368609327], 
[2033471.4024804458, 21522.357925106033, 21522.357925106033, 21522.357925106033, 21522.357925106033, 4239.506578174123, 4239.506578174123, 2433.490372074514, 2433.490372074514, 2433.490372074514, 2433.490372074514, 488.2120206952402, -964.5731153979309, -964.5731153979309, -964.5731153979309, -1293.2824603040497, -1293.2824603040497, -1293.2824603040497, -1293.2824603040497, -1293.2824603040497], 
[44057.025442260376, 44057.025442260376, 44057.025442260376, 15037.574178171368, 15037.574178171368, 1373.1031300760606, 879.4983609661194, -846.6565528302624, -846.6565528302624, -846.6565528302624, -846.6565528302624, -846.6565528302624, -846.6565528302624, -846.6565528302624, -846.6565528302624, -1218.1249927680976, -1218.1249927680976, -1218.1249927680976, -1218.1249927680976, -1218.1249927680976], 
