[4.272320484080195, 1.4410831863139926, 1.4410831863139926, 1.4410831863139926, 1.4410831863139926, 0.0681983726983888, 0.0681983726983888, 0.0681983726983888, 0.0681983726983888, 0.0681983726983888, 0.0681983726983888, 0.0681983726983888, 0.0681983726983888, 0.0681983726983888, 0.0681983726983888, 0.0681983726983888, 0.0681983726983888, 0.0681983726983888, 0.0681983726983888, 0.0681983726983888], 
[1.7718809385729815, 1.7718809385729815, 1.7718809385729815, 1.7718809385729815, 1.7718809385729815, 1.7718809385729815, 1.7718809385729815, 0.46131433891103013, 0.46131433891103013, 0.46131433891103013, 0.46131433891103013, 0.46131433891103013, 0.46131433891103013, 0.46131433891103013, 0.46131433891103013, 0.46131433891103013, 0.10907836605640853, 0.10907836605640853, 0.10907836605640853, 0.10907836605640853], 
[0.1656623004205109, 0.1656623004205109, 0.1656623004205109, 0.1656623004205109, 0.1656623004205109, 0.1656623004205109, 0.1656623004205109, 0.1656623004205109, 0.1656623004205109, 0.1656623004205109, 0.1656623004205109, 0.1656623004205109, 0.1656623004205109, 0.1656623004205109, 0.1656623004205109, 0.1656623004205109, 0.1656623004205109, 0.1656623004205109, 0.1656623004205109, 0.1656623004205109], 
[2.427877099469794, 2.427877099469794, 2.0032079992761807, 2.0032079992761807, 2.0032079992761807, 1.5028894722037718, 1.5028894722037718, 1.5028894722037718, 1.3227481675525632, 1.3227481675525632, 1.3227481675525632, 1.3227481675525632, 1.3227481675525632, 0.9196456265641566, 0.9196456265641566, 0.9196456265641566, 0.9196456265641566, 0.9196456265641566, 0.9196456265641566, 0.9196456265641566], 
[1.8150847419665181, 1.6463053184585092, 0.9982901241846349, 0.9982901241846349, 0.9982901241846349, 0.9982901241846349, 0.9982901241846349, 0.9982901241846349, 0.9982901241846349, 0.9982901241846349, 0.9982901241846349, 0.3810954409124623, 0.3810954409124623, 0.3810954409124623, 0.3810954409124623, 0.3810954409124623, 0.3810954409124623, 0.3810954409124623, 0.3810954409124623, 0.3810954409124623], 
[3.285783511670246, 3.285783511670246, 3.285783511670246, 3.285783511670246, 3.285783511670246, 3.285783511670246, 2.1383311106051526, 2.1383311106051526, 2.1383311106051526, 2.1383311106051526, 2.1383311106051526, 1.8545039189577013, 0.9167114879333478, 0.5065207116750492, 0.5065207116750492, 0.5065207116750492, 0.5065207116750492, 0.5065207116750492, 0.5065207116750492, 0.5065207116750492], 
[2.2822272749416035, 1.6616568314921594, 1.6616568314921594, 1.6616568314921594, 0.8600153148657315, 0.8600153148657315, 0.8600153148657315, 0.8600153148657315, 0.8600153148657315, 0.8600153148657315, 0.8600153148657315, 0.7939155092136123, 0.7939155092136123, 0.7939155092136123, 0.7939155092136123, 0.09381095662573902, 0.09381095662573902, 0.09381095662573902, 0.09381095662573902, 0.09381095662573902], 
[0.7462341984678433, 0.7462341984678433, 0.7462341984678433, 0.7462341984678433, 0.7462341984678433, 0.7462341984678433, 0.7462341984678433, 0.7462341984678433, 0.7462341984678433, 0.7462341984678433, 0.7462341984678433, 0.7462341984678433, 0.7462341984678433, 0.7462341984678433, 0.7462341984678433, 0.7462341984678433, 0.7462341984678433, 0.7462341984678433, 0.7462341984678433, 0.7462341984678433], 
[5.842113644918106, 3.86175809602039, 2.4846702588495777, 2.4846702588495777, 2.0508274574378182, 2.0508274574378182, 1.9144527677869636, 1.710137564294513, 1.710137564294513, 1.710137564294513, 0.807173759787259, 0.807173759787259, 0.807173759787259, 0.807173759787259, 0.807173759787259, 0.807173759787259, 0.807173759787259, 0.807173759787259, 0.807173759787259, 0.807173759787259], 
[4.763962797778572, 4.763962797778572, 2.8753977593058675, 2.8753977593058675, 2.8753977593058675, 2.8753977593058675, 2.8753977593058675, 2.8753977593058675, 1.194702845243297, 1.194702845243297, 1.194702845243297, 1.0368909315997845, 0.789744384627169, 0.789744384627169, 0.789744384627169, 0.789744384627169, 0.789744384627169, 0.5498920510938019, 0.5498920510938019, 0.5498920510938019], 
[4.164930387585239, 2.3544654824207187, 2.3544654824207187, 2.3544654824207187, 1.9975482399214446, 1.9975482399214446, 1.4438500767080957, 1.4438500767080957, 1.4438500767080957, 1.4438500767080957, 1.4438500767080957, 1.2211367933087107, 0.869582653913894, 0.869582653913894, 0.869582653913894, 0.869582653913894, 0.869582653913894, 0.6252423921320189, 0.6252423921320189, 0.34708358793570104], 
[1.7302609390235624, 1.7302609390235624, 1.7302609390235624, 1.7302609390235624, 1.6809917135692531, 1.6809917135692531, 1.6809917135692531, 0.9051402273510072, 0.9051402273510072, 0.9051402273510072, 0.9051402273510072, 0.9051402273510072, 0.9051402273510072, 0.4218795137726463, 0.4218795137726463, 0.4218795137726463, 0.4218795137726463, 0.4218795137726463, 0.1800919621531034, 0.1800919621531034], 
[3.161746073705647, 0.5161753654912413, 0.5161753654912413, 0.5161753654912413, 0.5161753654912413, 0.5161753654912413, 0.5161753654912413, 0.5161753654912413, 0.5161753654912413, 0.5161753654912413, 0.5161753654912413, 0.5161753654912413, 0.5161753654912413, 0.5161753654912413, 0.5161753654912413, 0.5161753654912413, 0.5161753654912413, 0.5161753654912413, 0.5161753654912413, 0.5161753654912413], 
[1.70787457773576, 0.9351572872701288, 0.9351572872701288, 0.9351572872701288, 0.9351572872701288, 0.8543712777649985, 0.8543712777649985, 0.8543712777649985, 0.8543712777649985, 0.8543712777649985, 0.8543712777649985, 0.8543712777649985, 0.8543712777649985, 0.8543712777649985, 0.8543712777649985, 0.8543712777649985, 0.8543712777649985, 0.8543712777649985, 0.8543712777649985, 0.8543712777649985], 
[2.9381352728944865, 2.9381352728944865, 2.7366296516849378, 2.7366296516849378, 1.598688302100273, 1.4738159788740912, 1.4738159788740912, 1.4738159788740912, 1.4738159788740912, 0.5899597107589227, 0.5899597107589227, 0.5899597107589227, 0.5899597107589227, 0.5899597107589227, 0.5899597107589227, 0.5899597107589227, 0.3790387949420704, 0.3790387949420704, 0.3790387949420704, 0.3790387949420704], 
[4.1978895623576085, 1.3594497988863297, 1.3594497988863297, 1.3594497988863297, 1.3594497988863297, 1.3594497988863297, 1.3594497988863297, 1.3594497988863297, 1.3594497988863297, 1.3594497988863297, 1.3594497988863297, 1.3594497988863297, 1.3594497988863297, 1.3594497988863297, 1.3594497988863297, 1.161912123758115, 1.161912123758115, 1.161912123758115, 1.161912123758115, 0.9084581631493798], 
[3.0033350762217896, 2.3058352778708224, 2.3058352778708224, 2.3058352778708224, 2.3058352778708224, 2.3058352778708224, 2.3058352778708224, 0.7165687539245864, 0.7165687539245864, 0.7165687539245864, 0.7165687539245864, 0.7165687539245864, 0.7165687539245864, 0.7165687539245864, 0.7165687539245864, 0.7165687539245864, 0.7165687539245864, 0.19456341823185763, 0.19456341823185763, 0.19456341823185763], 
[2.9423906010801293, 1.8153904603332318, 1.8153904603332318, 1.8153904603332318, 1.8153904603332318, 1.4053429116929772, 1.4053429116929772, 0.5204945736299522, 0.5204945736299522, 0.5204945736299522, 0.5204945736299522, 0.5204945736299522, 0.5204945736299522, 0.5204945736299522, 0.5204945736299522, 0.5204945736299522, 0.5204945736299522, 0.5204945736299522, 0.5204945736299522, 0.5204945736299522], 
[1.6391999592335313, 1.6391999592335313, 1.6391999592335313, 1.6391999592335313, 1.6391999592335313, 1.6391999592335313, 1.1054370610294981, 1.1054370610294981, 1.1054370610294981, 1.1054370610294981, 1.1054370610294981, 1.1054370610294981, 1.1054370610294981, 0.69633044352413, 0.69633044352413, 0.69633044352413, 0.69633044352413, 0.69633044352413, 0.69633044352413, 0.69633044352413], 
[1.931177793715806, 1.149204743858565, 1.149204743858565, 1.149204743858565, 1.149204743858565, 1.149204743858565, 1.149204743858565, 1.149204743858565, 1.149204743858565, 1.149204743858565, 1.149204743858565, 0.7228054587349986, 0.7228054587349986, 0.7228054587349986, 0.7228054587349986, 0.7228054587349986, 0.7228054587349986, 0.7228054587349986, 0.7228054587349986, 0.7228054587349986], 
[2.512144971773619, 2.512144971773619, 2.512144971773619, 2.512144971773619, 1.8326091832905682, 1.6833241240219952, 1.6833241240219952, 1.6833241240219952, 1.6833241240219952, 1.6833241240219952, 1.6833241240219952, 1.4823983318342537, 1.4255561417711493, 1.4255561417711493, 1.4255561417711493, 0.9550835033602088, 0.9550835033602088, 0.9550835033602088, 0.5960847173134693, 0.5960847173134693], 
[3.313207376950274, 3.2672272212535454, 3.2672272212535454, 1.185970956599673, 1.185970956599673, 1.185970956599673, 1.185970956599673, 1.185970956599673, 1.185970956599673, 1.185970956599673, 1.185970956599673, 1.185970956599673, 1.185970956599673, 1.185970956599673, 1.185970956599673, 1.185970956599673, 0.7860261082572144, 0.7860261082572144, 0.7860261082572144, 0.7860261082572144], 
[6.387518886130119, 2.8489451191712254, 2.8489451191712254, 2.8489451191712254, 2.8489451191712254, 2.8489451191712254, 2.4093648400949856, 2.4093648400949856, 2.4093648400949856, 2.4093648400949856, 0.7174362018111218, 0.7174362018111218, 0.7174362018111218, 0.7174362018111218, 0.7174362018111218, 0.7174362018111218, 0.7174362018111218, 0.7174362018111218, 0.7174362018111218, 0.7174362018111218], 
[5.975767216199975, 4.002153649120771, 4.002153649120771, 3.999835083737832, 0.9794654716294824, 0.546043889150921, 0.546043889150921, 0.546043889150921, 0.546043889150921, 0.546043889150921, 0.546043889150921, 0.546043889150921, 0.546043889150921, 0.546043889150921, 0.546043889150921, 0.546043889150921, 0.546043889150921, 0.546043889150921, 0.546043889150921, 0.546043889150921], 
[1.5576705228325443, 1.5576705228325443, 1.5576705228325443, 1.5576705228325443, 1.5576705228325443, 1.5576705228325443, 1.5576705228325443, 1.5576705228325443, 1.5576705228325443, 1.5576705228325443, 1.5576705228325443, 1.3979630389496194, 1.3979630389496194, 1.3979630389496194, 0.16595663462589938, 0.16595663462589938, 0.16595663462589938, 0.16595663462589938, 0.16595663462589938, 0.16595663462589938], 
[5.148775165231662, 2.0365564656656545, 2.0365564656656545, 0.8884221197251527, 0.8884221197251527, 0.8884221197251527, 0.8884221197251527, 0.8884221197251527, 0.8884221197251527, 0.8884221197251527, 0.8884221197251527, 0.8884221197251527, 0.8884221197251527, 0.8884221197251527, 0.8884221197251527, 0.8884221197251527, 0.8884221197251527, 0.8884221197251527, 0.8884221197251527, 0.8884221197251527], 
[1.0623390732529279, 1.0623390732529279, 1.0623390732529279, 1.0623390732529279, 1.0623390732529279, 1.0623390732529279, 1.0623390732529279, 1.0623390732529279, 1.0623390732529279, 1.0623390732529279, 1.0623390732529279, 1.0623390732529279, 1.0623390732529279, 1.0623390732529279, 1.0623390732529279, 0.41082710038696746, 0.41082710038696746, 0.41082710038696746, 0.41082710038696746, 0.41082710038696746], 
[1.7056412120977624, 1.7056412120977624, 1.7056412120977624, 1.7056412120977624, 1.7056412120977624, 1.7056412120977624, 1.7056412120977624, 1.6300659245702755, 1.6300659245702755, 0.11565948056803244, 0.11565948056803244, 0.11565948056803244, 0.11565948056803244, 0.11565948056803244, 0.11565948056803244, 0.11565948056803244, 0.11565948056803244, 0.11565948056803244, 0.11565948056803244, 0.11565948056803244], 
[4.122902051364896, 4.122902051364896, 4.122902051364896, 1.904002469813399, 1.904002469813399, 1.904002469813399, 1.2374603881359074, 1.2374603881359074, 1.2374603881359074, 1.2374603881359074, 1.2374603881359074, 0.782218282562658, 0.782218282562658, 0.782218282562658, 0.782218282562658, 0.782218282562658, 0.782218282562658, 0.782218282562658, 0.782218282562658, 0.782218282562658], 
[2.4501655468965353, 1.3185275674922674, 1.3185275674922674, 1.3185275674922674, 1.1854417422394956, 1.1854417422394956, 1.1301012053589146, 1.1301012053589146, 1.1301012053589146, 1.1301012053589146, 1.1301012053589146, 1.1301012053589146, 1.1301012053589146, 1.1301012053589146, 1.1301012053589146, 0.4867657167419792, 0.4867657167419792, 0.4867657167419792, 0.4867657167419792, 0.4867657167419792], 
