[234.17098716692115, 74.17004627946706, 11.9626262986229, 11.9626262986229, 11.9626262986229, 8.046613928941193, 8.046613928941193, 8.046613928941193, 8.046613928941193, 4.705172411324203, 4.705172411324203, 4.705172411324203, 4.705172411324203, 4.705172411324203, 4.705172411324203, 4.705172411324203, 4.705172411324203, 4.705172411324203, 4.705172411324203, 4.705172411324203], 
[127.59613511263849, 99.51101566504889, 99.51101566504889, 29.741068209133406, 29.741068209133406, 29.741068209133406, 29.741068209133406, 22.228362400941833, 22.228362400941833, 22.228362400941833, 7.40621220817996, 7.40621220817996, 7.40621220817996, 7.40621220817996, 7.40621220817996, 7.40621220817996, 7.40621220817996, 7.40621220817996, 7.40621220817996, 7.40621220817996], 
[230.82088684329403, 224.45578364475728, 102.70482169105256, 102.70482169105256, 68.91727973395942, 68.91727973395942, 68.91727973395942, 57.53167358980109, 57.53167358980109, 9.8523944355506, 9.8523944355506, 9.8523944355506, 9.8523944355506, 7.320369743342645, 7.320369743342645, 7.320369743342645, 7.320369743342645, 7.320369743342645, 7.320369743342645, 4.836793539375884], 
[139.91734249842006, 139.91734249842006, 119.09014951432214, 88.88150877889228, 88.88150877889228, 88.88150877889228, 57.29186790631566, 55.24697517313207, 55.24697517313207, 55.24697517313207, 28.71958796399383, 28.71958796399383, 9.606996024478946, 9.606996024478946, 9.606996024478946, 9.606996024478946, 9.606996024478946, 6.206321193484334, 5.333297629556013, 5.333297629556013], 
[161.9856556506179, 161.9856556506179, 111.97147198516367, 111.97147198516367, 91.31855026473824, 91.31855026473824, 67.94362354509178, 54.04811067105865, 54.04811067105865, 54.04811067105865, 49.45066286243695, 42.32723664700568, 17.567285538827825, 10.28741355799891, 10.28741355799891, 10.28741355799891, 10.28741355799891, 10.28741355799891, 4.888486013244681, 4.888486013244681], 
[128.17173530887698, 128.17173530887698, 29.771715984370957, 29.771715984370957, 29.771715984370957, 29.771715984370957, 29.771715984370957, 29.771715984370957, 29.771715984370957, 29.771715984370957, 29.771715984370957, 29.771715984370957, 24.16491609170064, 24.16491609170064, 19.49501213693156, 19.49501213693156, 13.944470712543653, 13.944470712543653, 13.944470712543653, 3.151494178592582], 
[178.95660107862165, 56.87856881441783, 56.87856881441783, 56.87856881441783, 16.010824978745262, 16.010824978745262, 16.010824978745262, 16.010824978745262, 16.010824978745262, 16.010824978745262, 16.010824978745262, 16.010824978745262, 16.010824978745262, 15.814542776846356, 15.814542776846356, 15.814542776846356, 14.281827496385935, 14.281827496385935, 14.281827496385935, 14.281827496385935], 
[63.20665963335639, 63.20665963335639, 63.20665963335639, 63.20665963335639, 40.0424904419509, 40.0424904419509, 40.0424904419509, 40.0424904419509, 40.0424904419509, 40.0424904419509, 40.0424904419509, 17.290806898925382, 17.290806898925382, 17.290806898925382, 17.290806898925382, 17.290806898925382, 14.290226008265952, 12.317759877406084, 12.208111855642464, 4.818123742753368], 
[159.45469776912694, 159.45469776912694, 107.82938955716276, 107.82938955716276, 105.94536590704334, 46.40674487265409, 46.40674487265409, 46.40674487265409, 46.40674487265409, 46.40674487265409, 31.892927226011082, 31.892927226011082, 21.95172564845147, 21.95172564845147, 5.454405619419896, 5.454405619419896, 5.454405619419896, 5.454405619419896, 4.052908341038412, 4.052908341038412], 
[14.867929163636104, 14.867929163636104, 14.867929163636104, 14.867929163636104, 14.867929163636104, 14.867929163636104, 14.867929163636104, 4.029272785358057, 4.029272785358057, 4.029272785358057, 4.029272785358057, 4.029272785358057, 4.029272785358057, 4.029272785358057, 4.029272785358057, 4.029272785358057, 0.6666713635834368, 0.6666713635834368, 0.6666713635834368, 0.6666713635834368], 
[98.8185626057299, 55.04999187472201, 55.04999187472201, 55.04999187472201, 55.04999187472201, 14.671682924008199, 14.671682924008199, 14.671682924008199, 14.671682924008199, 14.671682924008199, 14.671682924008199, 14.671682924008199, 14.671682924008199, 14.671682924008199, 14.671682924008199, 14.671682924008199, 13.403691288978715, 13.403691288978715, 6.67492968598862, 6.67492968598862], 
[208.40484580889037, 208.40484580889037, 142.09677887013282, 44.47739705479526, 44.47739705479526, 44.47739705479526, 44.47739705479526, 44.47739705479526, 44.47739705479526, 41.050840332935, 38.26566382003586, 30.58903626699859, 30.58903626699859, 30.58903626699859, 29.968081920162014, 29.968081920162014, 7.176798849003131, 7.176798849003131, 7.176798849003131, 7.176798849003131], 
[228.33683347396286, 23.78449698941637, 23.78449698941637, 23.78449698941637, 23.78449698941637, 23.78449698941637, 23.78449698941637, 23.78449698941637, 23.78449698941637, 23.78449698941637, 23.78449698941637, 23.78449698941637, 23.78449698941637, 23.51943828165664, 17.677234863520273, 17.677234863520273, 9.239356792702347, 9.239356792702347, 9.239356792702347, 9.239356792702347], 
[165.3630928479519, 153.76626779326077, 151.69517255027137, 21.994616340813963, 21.994616340813963, 21.994616340813963, 21.994616340813963, 21.994616340813963, 21.994616340813963, 21.994616340813963, 21.994616340813963, 21.994616340813963, 20.48459100558854, 17.566789143944476, 17.566789143944476, 17.566789143944476, 11.311360749917988, 8.143468474786989, 8.143468474786989, 1.2286308090445794], 
[117.04730729314494, 117.04730729314494, 97.30662452407611, 97.30662452407611, 97.30662452407611, 57.857653965170854, 43.983139379281965, 43.983139379281965, 43.983139379281965, 43.983139379281965, 26.703177881601178, 26.703177881601178, 25.827179003094184, 19.416615381340307, 19.416615381340307, 12.847859344842927, 12.847859344842927, 8.919704632658636, 8.919704632658636, 8.919704632658636], 
[165.945974230908, 165.945974230908, 41.186037186609674, 41.186037186609674, 41.186037186609674, 34.36693972228241, 20.82960092541296, 20.82960092541296, 20.82960092541296, 20.82960092541296, 20.82960092541296, 20.82960092541296, 20.82960092541296, 14.64491787259638, 14.64491787259638, 14.64491787259638, 14.64491787259638, 14.64491787259638, 14.64491787259638, 13.849801690922964], 
[177.85857339947472, 142.43821107639997, 142.43821107639997, 31.337190067233443, 31.337190067233443, 31.337190067233443, 31.337190067233443, 31.337190067233443, 31.337190067233443, 31.337190067233443, 31.337190067233443, 31.337190067233443, 20.859716751349918, 20.859716751349918, 20.859716751349918, 9.557420148552703, 9.557420148552703, 9.557420148552703, 9.557420148552703, 2.2357567455205487], 
[155.5908440339582, 155.5908440339582, 86.58003655907257, 65.367287744864, 65.367287744864, 65.367287744864, 11.506189402982914, 11.506189402982914, 11.506189402982914, 11.506189402982914, 11.506189402982914, 11.506189402982914, 11.506189402982914, 11.506189402982914, 11.506189402982914, 11.506189402982914, 11.506189402982914, 10.960117013476358, 5.276431370685838, 5.276431370685838], 
[84.66311096957926, 71.06837128872948, 71.06837128872948, 71.06837128872948, 8.215624925239537, 8.215624925239537, 8.215624925239537, 8.215624925239537, 8.215624925239537, 8.215624925239537, 8.215624925239537, 8.215624925239537, 8.215624925239537, 8.215624925239537, 8.215624925239537, 8.215624925239537, 8.215624925239537, 8.215624925239537, 5.734884920481732, 5.734884920481732], 
[92.48448087809481, 92.48448087809481, 92.48448087809481, 92.48448087809481, 17.774860626474705, 17.774860626474705, 17.774860626474705, 17.774860626474705, 17.774860626474705, 14.557784671320364, 14.557784671320364, 14.557784671320364, 14.557784671320364, 5.39353097843633, 5.39353097843633, 5.39353097843633, 5.39353097843633, 5.39353097843633, 5.39353097843633, 5.39353097843633], 
[205.86685358404674, 109.39816302332635, 109.39816302332635, 91.5550421989652, 82.71065732647, 82.71065732647, 49.852678885250825, 49.852678885250825, 22.18222348136358, 22.18222348136358, 19.509751350743606, 13.883941080263108, 13.883941080263108, 12.548187862806857, 12.548187862806857, 12.548187862806857, 8.039129610993797, 8.039129610993797, 8.039129610993797, 8.039129610993797], 
[119.55588862195734, 119.55588862195734, 102.66913478858662, 65.40132569691036, 65.40132569691036, 65.40132569691036, 65.40132569691036, 65.40132569691036, 61.90829621280494, 21.012320369977378, 21.012320369977378, 21.012320369977378, 21.012320369977378, 21.012320369977378, 21.012320369977378, 6.930442278577269, 6.930442278577269, 6.930442278577269, 6.930442278577269, 6.930442278577269], 
[153.7522782236652, 37.63619005491579, 37.63619005491579, 37.63619005491579, 37.63619005491579, 37.63619005491579, 37.63619005491579, 34.201710882708824, 34.201710882708824, 34.201710882708824, 34.201710882708824, 34.201710882708824, 34.201710882708824, 4.279282229208587, 4.279282229208587, 4.279282229208587, 4.279282229208587, 4.279282229208587, 4.279282229208587, 4.279282229208587], 
[205.1490793044248, 82.49507051286554, 27.012114842367026, 27.012114842367026, 27.012114842367026, 27.012114842367026, 27.012114842367026, 27.012114842367026, 27.012114842367026, 27.012114842367026, 27.012114842367026, 26.01159248370434, 16.614368861283612, 11.458866658915504, 6.981726039910907, 6.981726039910907, 6.981726039910907, 1.7342192979106184, 1.7342192979106184, 1.7342192979106184], 
[77.63066696770808, 77.63066696770808, 77.63066696770808, 77.63066696770808, 61.88333072806912, 61.88333072806912, 61.88333072806912, 40.49056111127451, 40.49056111127451, 14.116774695888813, 14.116774695888813, 14.116774695888813, 14.116774695888813, 14.116774695888813, 14.116774695888813, 14.116774695888813, 14.116774695888813, 2.334183405281162, 2.334183405281162, 2.334183405281162], 
[227.43888492116238, 208.01344762429568, 98.49438252107186, 98.49438252107186, 55.50035304708081, 55.50035304708081, 55.50035304708081, 55.50035304708081, 32.54918368572141, 32.54918368572141, 32.54918368572141, 25.11119974385086, 25.11119974385086, 25.11119974385086, 2.737169525037854, 2.737169525037854, 2.737169525037854, 2.737169525037854, 2.737169525037854, 2.737169525037854], 
[219.0352319101294, 143.73254539887733, 95.97669004258526, 46.91343357341939, 46.91343357341939, 46.91343357341939, 46.91343357341939, 46.91343357341939, 46.91343357341939, 46.91343357341939, 46.91343357341939, 33.662008325583166, 24.110984984569107, 7.004860925107799, 7.004860925107799, 7.004860925107799, 7.004860925107799, 7.004860925107799, 7.004860925107799, 7.004860925107799], 
[112.3889090953102, 42.77475499347565, 37.65737229527287, 37.65737229527287, 37.65737229527287, 33.53483805852035, 33.53483805852035, 33.53483805852035, 33.53483805852035, 33.53483805852035, 8.086151696208926, 7.363286451379782, 7.363286451379782, 3.577957670556449, 3.577957670556449, 3.577957670556449, 3.577957670556449, 3.577957670556449, 3.2593729967590237, 3.176574093368436], 
[236.67821737561238, 168.20355652460498, 136.43300526398184, 121.07908173557115, 58.7955195224919, 58.7955195224919, 15.634232798758106, 15.634232798758106, 15.634232798758106, 15.634232798758106, 15.634232798758106, 15.634232798758106, 15.634232798758106, 15.634232798758106, 15.634232798758106, 15.634232798758106, 15.634232798758106, 15.634232798758106, 15.634232798758106, 15.634232798758106], 
[215.973104634833, 26.598323783248027, 26.598323783248027, 26.598323783248027, 26.598323783248027, 26.598323783248027, 26.598323783248027, 26.598323783248027, 26.598323783248027, 13.368196176194413, 13.368196176194413, 13.368196176194413, 13.368196176194413, 8.617775975188065, 8.617775975188065, 7.709577635681711, 7.709577635681711, 6.412117364073711, 6.412117364073711, 6.412117364073711], 
