[537233.5754777174, 42092.15049218296, 42092.15049218296, 16316.364455672177, 13595.663846803505, 13595.663846803505, -24.527677365696945, -24.527677365696945, -738.6362459437692, -738.6362459437692, -738.6362459437692, -738.6362459437692, -823.8933932409684, -823.8933932409684, -1223.8891391919362, -1223.8891391919362, -1223.8891391919362, -1299.6611462370656, -1299.6611462370656, -1299.6611462370656], 
[35362.831033327624, 8331.1371452088, 3883.5678203318694, 3883.5678203318694, 3883.5678203318694, -988.6301142447401, -988.6301142447401, -988.6301142447401, -988.6301142447401, -988.6301142447401, -988.6301142447401, -988.6301142447401, -988.6301142447401, -988.6301142447401, -988.6301142447401, -1217.0565394537684, -1278.1831285637381, -1278.1831285637381, -1278.1831285637381, -1278.1831285637381], 
[2974760.2059401954, 2817128.717578678, 161531.7088652937, 585.537371573093, 585.537371573093, 585.537371573093, 65.0279790451691, -1094.9533069548017, -1094.9533069548017, -1094.9533069548017, -1094.9533069548017, -1094.9533069548017, -1094.9533069548017, -1094.9533069548017, -1094.9533069548017, -1271.8576979207292, -1271.8576979207292, -1271.8920168033203, -1271.8920168033203, -1271.8920168033203], 
[3061.400942155632, 3061.400942155632, 3061.400942155632, 3061.400942155632, 3061.400942155632, 3061.400942155632, 3061.400942155632, 3061.400942155632, 3061.400942155632, 3061.400942155632, -992.6418529327632, -992.6418529327632, -992.6418529327632, -992.6418529327632, -992.6418529327632, -992.6418529327632, -1258.1612875726303, -1258.1612875726303, -1258.1612875726303, -1258.1612875726303], 
[60881.93956184102, 5516.546522767592, 5386.169966532892, 5221.919448293537, 5221.919448293537, -130.51515763720136, -1158.0122564523367, -1158.0122564523367, -1158.0122564523367, -1158.0122564523367, -1158.0122564523367, -1158.0122564523367, -1158.0122564523367, -1158.0122564523367, -1158.0122564523367, -1158.0122564523367, -1158.0122564523367, -1158.0122564523367, -1158.0122564523367, -1287.4953383347618], 
[3430292.1506068506, 3430292.1506068506, 1033137.2276055911, 170558.6032881073, 42242.63420775323, 42242.63420775323, 42242.63420775323, 42242.63420775323, -683.2328224336127, -683.2328224336127, -683.2328224336127, -683.2328224336127, -988.0503958184526, -988.0503958184526, -988.0503958184526, -990.8039547961838, -990.8039547961838, -1227.3536392842102, -1273.120544117984, -1273.120544117984], 
[28540.34171190983, 28540.34171190983, 28540.34171190983, 28540.34171190983, 3885.573306573283, 3885.573306573283, 3368.318726065516, 3368.318726065516, 3368.318726065516, 3368.318726065516, 364.7096029293907, 364.7096029293907, 117.34998654823971, 117.34998654823971, -738.0688831112107, -738.0688831112107, -738.0688831112107, -738.0688831112107, -1108.6916280705161, -1108.6916280705161], 
[79198.15070094919, 79198.15070094919, 79198.15070094919, 79198.15070094919, 1621.286437635571, 1621.286437635571, 1621.286437635571, 1621.286437635571, 1621.286437635571, -569.9285753296896, -569.9285753296896, -569.9285753296896, -569.9285753296896, -569.9285753296896, -1207.1735673360015, -1207.1735673360015, -1207.1735673360015, -1207.1735673360015, -1207.1735673360015, -1207.1735673360015], 
[61420.718950998926, 9922.7471343444, 4550.382354035606, 3918.5410674073537, 3918.5410674073537, 3918.5410674073537, 3918.5410674073537, 3918.5410674073537, -67.32232678863534, -251.6451553244044, -251.6451553244044, -1261.9859892281693, -1261.9859892281693, -1261.9859892281693, -1261.9859892281693, -1261.9859892281693, -1261.9859892281693, -1261.9859892281693, -1289.0943604833121, -1289.0943604833121], 
[455302.7649102657, 114202.95960719344, 15131.297973366458, 12139.307828546012, 12139.307828546012, 12139.307828546012, 12139.307828546012, 12139.307828546012, 8930.07241638075, 6731.842207778331, 6731.842207778331, 6731.842207778331, 228.97611054365734, -293.6665615441748, -574.841975551403, -574.841975551403, -574.841975551403, -574.841975551403, -871.4885542116929, -871.4885542116929], 
[349725.76494380843, 78160.90386540307, 78160.90386540307, 78160.90386540307, 3080.563666401411, 2125.2085198720097, 2125.2085198720097, 2125.2085198720097, 2125.2085198720097, 978.7368004854716, 978.7368004854716, 978.7368004854716, 75.02015534622888, 75.02015534622888, -949.0169760133952, -949.0169760133952, -949.0169760133952, -1277.662562655264, -1277.662562655264, -1277.662562655264], 
[1691972.8927983996, 311132.0710675126, 187978.96612224123, 33397.30718505068, 33397.30718505068, 16233.812384334298, 5722.021132199461, 5722.021132199461, 5722.021132199461, 3793.424702185858, 572.2254735791262, 572.2254735791262, -239.15509000700627, -239.15509000700627, -1294.5420619234267, -1294.5420619234267, -1294.5420619234267, -1294.5420619234267, -1294.5420619234267, -1294.5420619234267], 
[293880.0913629578, 28942.83492108096, 4549.591468216267, 4549.591468216267, 4549.591468216267, 4549.591468216267, 4549.591468216267, 2687.325162148753, 2687.325162148753, -986.6365961318081, -1112.5190178110215, -1112.5190178110215, -1112.5190178110215, -1214.9194320017089, -1214.9194320017089, -1214.9194320017089, -1241.8133719987027, -1298.1335532546511, -1298.1335532546511, -1298.1335532546511], 
[597504.5690724497, 597504.5690724497, 16185.188475307194, 10750.718609946085, 10750.718609946085, -465.1581064049029, -465.1581064049029, -465.1581064049029, -465.1581064049029, -465.1581064049029, -465.1581064049029, -465.1581064049029, -465.1581064049029, -465.1581064049029, -640.2361472122864, -1265.44060328174, -1265.44060328174, -1274.728930942656, -1282.0689993181954, -1282.0689993181954], 
[486704.51953111845, 10035.069985358721, 10035.069985358721, 10035.069985358721, 10035.069985358721, 447.730784204502, 447.730784204502, 447.730784204502, 447.730784204502, 447.730784204502, 41.35416723020194, 41.35416723020194, -1240.1266067353592, -1240.1266067353592, -1240.1266067353592, -1240.1266067353592, -1240.1266067353592, -1240.1266067353592, -1240.1266067353592, -1240.1266067353592], 
[4792.1677878004275, 4792.1677878004275, 2131.219226584865, 2131.219226584865, 2131.219226584865, 2131.219226584865, 1917.489303527418, 1917.489303527418, 1917.489303527418, -521.9513408289486, -521.9513408289486, -521.9513408289486, -521.9513408289486, -1007.5103945802548, -1268.158737643799, -1268.158737643799, -1268.158737643799, -1268.158737643799, -1268.158737643799, -1268.158737643799], 
[7958158.347776444, 475849.6709172754, 38455.105599806004, 38455.105599806004, 52.46190786551642, 52.46190786551642, -1056.7622425626757, -1056.7622425626757, -1056.7622425626757, -1056.7622425626757, -1056.7622425626757, -1236.5311928186404, -1236.5311928186404, -1236.5311928186404, -1236.5311928186404, -1236.5311928186404, -1236.5311928186404, -1236.5311928186404, -1236.5311928186404, -1236.5311928186404], 
[56050.4321058024, 56050.4321058024, 56050.4321058024, 56050.4321058024, 4461.636080742171, 4461.636080742171, 4461.636080742171, 2768.9576874228633, 2768.9576874228633, 2768.9576874228633, -869.1687924535001, -869.1687924535001, -1259.434979570083, -1259.434979570083, -1259.434979570083, -1259.434979570083, -1259.434979570083, -1259.434979570083, -1259.434979570083, -1259.434979570083], 
[9934087.719867542, 510934.92930494423, 6401.938072284824, 1238.2944637914675, 1238.2944637914675, 1238.2944637914675, 1238.2944637914675, 1238.2944637914675, 1238.2944637914675, 1238.2944637914675, 1238.2944637914675, -598.3275380387048, -598.3275380387048, -598.3275380387048, -598.3275380387048, -598.3275380387048, -598.3275380387048, -758.7720943999851, -1037.2674380936548, -1037.2674380936548], 
[104245.77419990479, 13167.663403262504, 13167.663403262504, 13167.663403262504, 13167.663403262504, 1565.5583547724355, 1565.5583547724355, 1565.5583547724355, -1142.1470927495113, -1142.1470927495113, -1142.1470927495113, -1142.1470927495113, -1142.1470927495113, -1245.3326282749754, -1245.3326282749754, -1245.3326282749754, -1245.3326282749754, -1245.3326282749754, -1273.5600552250812, -1273.5600552250812], 
[46096.03211368944, 46096.03211368944, 46096.03211368944, 17976.529069198885, 17976.529069198885, 17976.529069198885, 9544.026513317234, 1474.843240302705, 1474.843240302705, 1474.843240302705, -102.07614536298593, -102.07614536298593, -102.07614536298593, -102.07614536298593, -1259.4355231192978, -1259.4355231192978, -1259.4355231192978, -1259.4355231192978, -1259.4355231192978, -1259.4355231192978], 
[71880.61284172477, 71880.61284172477, 3857.929448325638, 3857.929448325638, 3857.929448325638, 3857.929448325638, 3857.929448325638, 1381.2943152437415, 1381.2943152437415, 1381.2943152437415, 1381.2943152437415, -619.0907263821326, -619.0907263821326, -619.0907263821326, -619.0907263821326, -1002.0125457128428, -1002.0125457128428, -1002.0125457128428, -1261.2487869545275, -1261.2487869545275], 
[1443745.3247619304, 56438.991034154686, 6729.379881388224, 6729.379881388224, 6729.379881388224, 4472.689252472908, 465.7703888688943, 465.7703888688943, 465.7703888688943, -1261.41664592712, -1261.41664592712, -1261.41664592712, -1261.41664592712, -1261.41664592712, -1261.41664592712, -1261.41664592712, -1261.41664592712, -1261.41664592712, -1288.5194884168986, -1288.5194884168986], 
[155044.08308342745, 155044.08308342745, 29697.959620071757, 16055.123036522535, 16055.123036522535, 16055.123036522535, 1375.3618594784853, 1375.3618594784853, 1375.3618594784853, 1375.3618594784853, 1375.3618594784853, 1375.3618594784853, -248.4322368247731, -248.4322368247731, -1123.8499925840429, -1123.8499925840429, -1123.8499925840429, -1248.4895499861045, -1248.4895499861045, -1248.4895499861045], 
[503165.32591038174, 503165.32591038174, 503165.32591038174, 146847.4767584174, -1012.2511995408533, -1012.2511995408533, -1012.2511995408533, -1012.2511995408533, -1012.2511995408533, -1231.6803853877504, -1231.6803853877504, -1231.6803853877504, -1231.6803853877504, -1231.6803853877504, -1231.6803853877504, -1231.6803853877504, -1231.6803853877504, -1231.6803853877504, -1231.6803853877504, -1231.6803853877504], 
[22646655.743747048, 148427.6845929702, 148427.6845929702, 148427.6845929702, 4015.529538073496, 3488.929387147683, 622.1282792378518, 13.538765179959228, 13.538765179959228, 13.538765179959228, 13.538765179959228, 13.538765179959228, -1212.2495082419964, -1212.2495082419964, -1212.2495082419964, -1212.2495082419964, -1212.2495082419964, -1212.2495082419964, -1212.2495082419964, -1212.2495082419964], 
[851020.5800617528, 851020.5800617528, 513.1903467654963, -1256.0456008480066, -1256.0456008480066, -1256.0456008480066, -1256.0456008480066, -1256.0456008480066, -1285.508062629597, -1285.508062629597, -1285.508062629597, -1285.508062629597, -1285.508062629597, -1285.508062629597, -1285.508062629597, -1285.508062629597, -1285.508062629597, -1285.508062629597, -1285.508062629597, -1285.508062629597], 
[81223.9724932773, 81223.9724932773, 81223.9724932773, 81223.9724932773, 61936.79237913619, 39153.423677576815, 18158.909795714888, 18158.909795714888, 415.31118907134146, -246.47090193131498, -284.9608208087584, -284.9608208087584, -284.9608208087584, -713.7529523989315, -713.7529523989315, -1274.8812869721564, -1274.8812869721564, -1274.8812869721564, -1274.8812869721564, -1274.8812869721564], 
[985107.7129781033, 151642.28719957237, 151642.28719957237, 91447.30673055195, 8384.792065208314, 8384.792065208314, 8384.792065208314, 2998.729006631005, 2998.729006631005, -730.5084148118685, -730.5084148118685, -1165.5405369152109, -1165.5405369152109, -1165.5405369152109, -1165.5405369152109, -1165.5405369152109, -1165.5405369152109, -1261.462746471153, -1261.462746471153, -1261.462746471153], 
[-1040.9959670941275, -1040.9959670941275, -1040.9959670941275, -1040.9959670941275, -1040.9959670941275, -1040.9959670941275, -1040.9959670941275, -1040.9959670941275, -1040.9959670941275, -1040.9959670941275, -1040.9959670941275, -1040.9959670941275, -1107.6493456481041, -1107.6493456481041, -1107.6493456481041, -1107.6493456481041, -1107.6493456481041, -1107.6493456481041, -1107.6493456481041, -1285.7036819481584], 
