[12181.856608702017, 12181.856608702017, 3164.263036692359, 3164.263036692359, 3164.263036692359, 3164.263036692359, 3164.263036692359, 3164.263036692359, 3164.263036692359, 3164.263036692359, 3164.263036692359, 468.5585903863366, 468.5585903863366, 468.5585903863366, 468.5585903863366, 468.5585903863366, 468.5585903863366, 468.5585903863366, 468.5585903863366, 204.56453657264944], 
[33438237.305566307, 16579.95768412481, 16579.95768412481, 9451.953378174007, 9451.953378174007, 9451.953378174007, 745.7740062083495, 745.7740062083495, 745.7740062083495, 745.7740062083495, 745.7740062083495, 745.7740062083495, 745.7740062083495, 745.7740062083495, 745.7740062083495, 745.7740062083495, 745.7740062083495, 745.7740062083495, 745.7740062083495, 745.7740062083495], 
[4090792.8195360056, 4090792.8195360056, 20597.975144103642, 20597.975144103642, 20597.975144103642, 3169.06407933028, 3169.06407933028, 3169.06407933028, 3169.06407933028, 1083.698864996329, 811.4993571122377, 126.33259571079083, 126.33259571079083, 126.33259571079083, 68.96403010308687, 68.96403010308687, 68.96403010308687, 68.96403010308687, 68.96403010308687, 3.869090859037388], 
[17689.08328939628, 17689.08328939628, 17689.08328939628, 2169.9852621751825, 2169.9852621751825, 2169.9852621751825, 2169.9852621751825, 2169.9852621751825, 2169.9852621751825, 2169.9852621751825, 2169.9852621751825, 2169.9852621751825, 2169.9852621751825, 2169.9852621751825, 392.20805723597033, 13.75967762810347, 13.75967762810347, 13.75967762810347, 13.75967762810347, 13.75967762810347], 
[49365.37857280443, 49365.37857280443, 49365.37857280443, 38005.25604622791, 38005.25604622791, 38005.25604622791, 2571.6364451317795, 2571.6364451317795, 2571.6364451317795, 2571.6364451317795, 541.0933474831999, 541.0933474831999, 541.0933474831999, 541.0933474831999, 541.0933474831999, 541.0933474831999, 541.0933474831999, 541.0933474831999, 541.0933474831999, 516.9970677021629], 
[353450.87894456764, 207725.9747396732, 207725.9747396732, 207725.9747396732, 30377.58650171318, 30377.58650171318, 8541.543770998867, 3988.2412468270286, 3988.2412468270286, 3988.2412468270286, 3988.2412468270286, 1993.1551837232414, 1993.1551837232414, 1517.601915587301, 448.8463508223591, 448.8463508223591, 448.8463508223591, 448.8463508223591, 448.8463508223591, 448.8463508223591], 
[7079884.669694371, 17421.56829820568, 17421.56829820568, 17421.56829820568, 17421.56829820568, 17421.56829820568, 2205.1141386138156, 2205.1141386138156, 1382.2967914720343, 1382.2967914720343, 138.69383409460875, 138.69383409460875, 138.69383409460875, 138.69383409460875, 2.9158443041486057, 2.9158443041486057, 2.9158443041486057, 2.9158443041486057, 2.9158443041486057, 2.9158443041486057], 
[751321.1137391487, 19851.398631494154, 17159.623027658785, 17159.623027658785, 17159.623027658785, 17159.623027658785, 17159.623027658785, 17159.623027658785, 17159.623027658785, 13544.701093301415, 13544.701093301415, 843.5207099018949, 843.5207099018949, 843.5207099018949, 843.5207099018949, 843.5207099018949, 843.5207099018949, 775.2010797302573, 775.2010797302573, 775.2010797302573], 
[8366211.774240416, 3408218.721164455, 3408218.721164455, 242113.86162129036, 203263.43952903996, 203263.43952903996, 203263.43952903996, 14729.963136691025, 14729.963136691025, 6954.576674487619, 6954.576674487619, 6954.576674487619, 6954.576674487619, 6747.920887295705, 2559.8765382908305, 1916.7947087191988, 432.2782373693466, 432.2782373693466, 432.2782373693466, 129.9305173835775], 
[6828590.256670678, 5470116.802377226, 9530.542711245322, 9530.542711245322, 9530.542711245322, 1379.4326033540056, 1379.4326033540056, 1379.4326033540056, 582.8715568377274, 582.8715568377274, 582.8715568377274, 582.8715568377274, 582.8715568377274, 582.8715568377274, 582.8715568377274, 582.8715568377274, 582.8715568377274, 52.03030824478773, 52.03030824478773, 52.03030824478773], 
[426427.32724116015, 426427.32724116015, 10440.972072334464, 10440.972072334464, 10440.972072334464, 10440.972072334464, 10440.972072334464, 10440.972072334464, 3665.209468772647, 3665.209468772647, 3665.209468772647, 332.9162435762325, 332.9162435762325, 332.9162435762325, 332.9162435762325, 332.9162435762325, 332.9162435762325, 234.73912440185285, 234.73912440185285, 234.73912440185285], 
[1392773.3417188588, 425548.6823070424, 134939.7776282704, 134939.7776282704, 105985.48397331448, 105985.48397331448, 4017.1093196912116, 478.5873621781957, 478.5873621781957, 478.5873621781957, 478.5873621781957, 478.5873621781957, 478.5873621781957, 478.5873621781957, 478.5873621781957, 11.634194631863746, 11.634194631863746, 11.634194631863746, 11.634194631863746, 11.634194631863746], 
[506635.5692659728, 503544.7483957364, 503544.7483957364, 12537.211149484352, 12537.211149484352, 12537.211149484352, 12537.211149484352, 12537.211149484352, 12537.211149484352, 721.6819341956924, 721.6819341956924, 721.6819341956924, 721.6819341956924, 721.6819341956924, 721.6819341956924, 721.6819341956924, 721.6819341956924, 721.6819341956924, 308.65982532781095, 308.65982532781095], 
[7107496.473132618, 7107496.473132618, 541446.973183295, 3365.7222895549476, 3365.7222895549476, 3365.7222895549476, 3365.7222895549476, 3365.7222895549476, 3365.7222895549476, 3365.7222895549476, 3365.7222895549476, 3365.7222895549476, 2035.567558459929, 2035.567558459929, 2035.567558459929, 2035.567558459929, 979.5404666604547, 979.5404666604547, 979.5404666604547, 979.5404666604547], 
[16713203.754755603, 572402.5648287494, 572402.5648287494, 368167.30809018004, 18893.791568146793, 18893.791568146793, 18893.791568146793, 18893.791568146793, 18893.791568146793, 18893.791568146793, 1925.7163021152196, 1925.7163021152196, 1925.7163021152196, 1925.7163021152196, 1719.8098843068994, 885.2890501661592, 885.2890501661592, 867.5538418838712, 867.5538418838712, 461.6284177652992], 
[18876630.9701712, 203262.00102608904, 203262.00102608904, 7438.6043100300885, 4165.713861328544, 4165.713861328544, 4165.713861328544, 2962.0942679360924, 2962.0942679360924, 2962.0942679360924, 2962.0942679360924, 2006.727802211395, 538.9960533371768, 538.9960533371768, 538.9960533371768, 538.9960533371768, 538.9960533371768, 445.15796274805484, 336.84303659910825, 336.84303659910825], 
[106909.26866178686, 106909.26866178686, 106909.26866178686, 106909.26866178686, 1683.1047020523474, 1683.1047020523474, 1683.1047020523474, 1683.1047020523474, 1683.1047020523474, 1683.1047020523474, 1683.1047020523474, 1683.1047020523474, 1683.1047020523474, 1683.1047020523474, 1683.1047020523474, 1683.1047020523474, 296.584819994892, 150.23024853491424, 150.23024853491424, 150.23024853491424], 
[4156732.2859711214, 397287.72123797546, 397287.72123797546, 339160.3976178683, 339160.3976178683, 7425.951061062924, 7425.951061062924, 7425.951061062924, 7425.951061062924, 7425.951061062924, 7425.951061062924, 501.6034288598553, 501.6034288598553, 501.6034288598553, 501.6034288598553, 501.6034288598553, 501.6034288598553, 501.6034288598553, 42.07896392511213, 42.07896392511213], 
[516130.300501197, 516130.300501197, 12169.000096652613, 12169.000096652613, 12169.000096652613, 12169.000096652613, 12169.000096652613, 12169.000096652613, 12169.000096652613, 12169.000096652613, 12169.000096652613, 12169.000096652613, 12169.000096652613, 5979.725671893892, 3139.46891011924, 3139.46891011924, 150.4071978736392, 150.4071978736392, 150.4071978736392, 150.4071978736392], 
[426560.38265605795, 426560.38265605795, 426560.38265605795, 426560.38265605795, 426560.38265605795, 67702.43156025828, 67702.43156025828, 27208.144826855838, 10418.983849451817, 9242.799443212902, 4707.879029547038, 94.19209496935525, 94.19209496935525, 94.19209496935525, 94.19209496935525, 94.19209496935525, 94.19209496935525, 94.19209496935525, 94.19209496935525, 94.19209496935525], 
[918012.1403855515, 918012.1403855515, 918012.1403855515, 918012.1403855515, 918012.1403855515, 306116.7017653189, 81599.98756744838, 39320.896159650256, 39320.896159650256, 5071.022779569293, 4847.595970281601, 3261.1676428942355, 3261.1676428942355, 1024.141965818267, 1024.141965818267, 1024.141965818267, 1024.141965818267, 67.98314094971104, 67.98314094971104, 67.98314094971104], 
[3610261.7516726367, 64243.62774526073, 15517.910965992844, 15517.910965992844, 602.5105518103467, 602.5105518103467, 602.5105518103467, 602.5105518103467, 602.5105518103467, 602.5105518103467, 602.5105518103467, 602.5105518103467, 602.5105518103467, 602.5105518103467, 602.5105518103467, 602.5105518103467, 552.0230281111143, 552.0230281111143, 349.82807076099846, 349.82807076099846], 
[18539661.809904553, 1553.1249914517034, 1553.1249914517034, 1553.1249914517034, 1553.1249914517034, 1553.1249914517034, 1553.1249914517034, 1553.1249914517034, 1553.1249914517034, 1553.1249914517034, 1553.1249914517034, 1553.1249914517034, 1553.1249914517034, 1553.1249914517034, 1553.1249914517034, 1553.1249914517034, 1553.1249914517034, 1553.1249914517034, 1553.1249914517034, 918.5142438111382], 
[10867917.927155232, 11559.51907196109, 11559.51907196109, 11559.51907196109, 11559.51907196109, 11559.51907196109, 11559.51907196109, 11559.51907196109, 11559.51907196109, 11559.51907196109, 2572.4169066109175, 2572.4169066109175, 2015.1642858689906, 1645.4391503635957, 1096.825370324619, 1021.9942791190317, 142.6791073944845, 142.6791073944845, 142.6791073944845, 142.6791073944845], 
[10617.626496242712, 10617.626496242712, 10617.626496242712, 10617.626496242712, 10617.626496242712, 10617.626496242712, 10617.626496242712, 9306.062920242213, 9306.062920242213, 9306.062920242213, 9306.062920242213, 3158.717931502647, 3158.717931502647, 3158.717931502647, 992.6609938831191, 923.0051236229491, 923.0051236229491, 417.02344742367103, 417.02344742367103, 417.02344742367103], 
[5831433.912180351, 290379.80002583144, 290379.80002583144, 290379.80002583144, 290379.80002583144, 7701.606483850485, 7701.606483850485, 5190.9075853440945, 5190.9075853440945, 5190.9075853440945, 1651.2976867681841, 636.8208694130409, 636.8208694130409, 636.8208694130409, 636.8208694130409, 636.8208694130409, 636.8208694130409, 132.95516424463474, 132.95516424463474, 132.95516424463474], 
[804395.220381085, 804395.220381085, 57687.75327985102, 57687.75327985102, 57687.75327985102, 57687.75327985102, 57687.75327985102, 57687.75327985102, 57687.75327985102, 57687.75327985102, 11415.223875902924, 5270.328455012704, 5270.328455012704, 1505.3203181908223, 49.540202154049865, 49.540202154049865, 49.540202154049865, 49.540202154049865, 49.540202154049865, 49.540202154049865], 
[683874.6262329606, 596399.8740366383, 596399.8740366383, 596399.8740366383, 596399.8740366383, 423550.9349222945, 1796.2489428760778, 1796.2489428760778, 1796.2489428760778, 943.3377856131951, 529.6679856366277, 529.6679856366277, 529.6679856366277, 529.6679856366277, 529.6679856366277, 524.4027712567009, 100.13644355967548, 100.13644355967548, 100.13644355967548, 100.13644355967548], 
[30748.453665749963, 5122.385320856274, 5122.385320856274, 5122.385320856274, 5122.385320856274, 5122.385320856274, 5122.385320856274, 5122.385320856274, 5122.385320856274, 4673.557629699332, 4673.557629699332, 4521.277318263204, 3553.0237565972, 3553.0237565972, 2308.99684622432, 328.9606577512579, 328.9606577512579, 328.9606577512579, 328.9606577512579, 277.5574931672281], 
[10054714.65838362, 893594.6675379357, 893594.6675379357, 893594.6675379357, 1321.322703243242, 1321.322703243242, 1321.322703243242, 1321.322703243242, 1321.322703243242, 1321.322703243242, 1321.322703243242, 637.6266994440506, 487.3526827581695, 414.48831966843034, 414.48831966843034, 224.6525150076336, 131.0476369760718, 131.0476369760718, 131.0476369760718, 46.714708003537375], 
