[0.4226569321183994, 0.08645075801166449, 0.08645075801166449, 0.07364689669215595, 0.07364689669215595, 0.009143159031953159, 0.009143159031953159, 0.009143159031953159, 0.009143159031953159, 0.009143159031953159, 0.008600278731657675, 0.0032498882276232105, 0.0032498882276232105, 0.0032498882276232105, 0.0027136293137596185, 0.0027136293137596185, 0.00116921567638364, 0.00116921567638364, 0.00116921567638364, 2.5791230932622865e-05], 
[0.5389473894373897, 0.4773961971464023, 0.19686315709918445, 0.19686315709918445, 0.023529970217936826, 0.023529970217936826, 0.023529970217936826, 0.023529970217936826, 0.004515625412510179, 0.004075034035230676, 0.0006827102072055814, 0.0006827102072055814, 0.0006827102072055814, 0.0006827102072055814, 0.0006827102072055814, 0.0006827102072055814, 0.0006827102072055814, 0.0006827102072055814, 0.0006827102072055814, 0.0006827102072055814], 
[2.2433266637574096, 0.09059441197494555, 0.08491601813042915, 0.014877490959984183, 0.014877490959984183, 0.014877490959984183, 0.014877490959984183, 0.014877490959984183, 0.006696850983111994, 0.006696850983111994, 0.006696850983111994, 0.006696850983111994, 0.004801874764130339, 0.0005328396855607701, 0.0005328396855607701, 0.0005328396855607701, 0.0005328396855607701, 0.0005328396855607701, 0.0005328396855607701, 0.0005328396855607701], 
[0.19882049560586412, 0.19882049560586412, 0.0192871023921261, 0.0192871023921261, 0.0192871023921261, 0.0192871023921261, 0.0192871023921261, 0.0192871023921261, 0.0005849294810023205, 0.0005849294810023205, 0.0005849294810023205, 0.0005849294810023205, 0.0005849294810023205, 0.0005849294810023205, 0.0001756051228390226, 0.0001756051228390226, 0.0001756051228390226, 0.0001756051228390226, 0.0001756051228390226, 0.0001756051228390226], 
[0.34534373428156995, 0.26920942981540563, 0.26920942981540563, 0.20812538918754986, 0.20812538918754986, 0.20136756292281682, 0.08782349014891408, 0.004313072237735483, 0.0011665541271699885, 0.0011665541271699885, 0.0011665541271699885, 0.0011665541271699885, 0.0011665541271699885, 0.0011665541271699885, 0.0011665541271699885, 0.00017285834892296178, 0.00017285834892296178, 0.00017285834892296178, 0.00017285834892296178, 0.00017285834892296178], 
[0.3684151799804245, 0.3684151799804245, 0.3684151799804245, 0.10642309429901217, 0.10642309429901217, 0.10642309429901217, 0.08667209239110775, 0.08667209239110775, 0.014238620334714295, 0.014238620334714295, 0.014238620334714295, 0.014238620334714295, 0.01322635749603613, 0.011306900089352354, 0.0035762692332338745, 0.00042210963240135675, 0.00042210963240135675, 0.00042210963240135675, 0.00042210963240135675, 0.00042210963240135675], 
[0.03780698115404446, 0.03780698115404446, 0.03780698115404446, 0.03780698115404446, 0.02295735706182956, 0.02295735706182956, 0.0011578999086724216, 0.0011578999086724216, 0.0011578999086724216, 0.0011578999086724216, 0.0011578999086724216, 0.0011578999086724216, 0.0011578999086724216, 0.0011578999086724216, 0.0011578999086724216, 0.0011578999086724216, 0.0011578999086724216, 0.0011578999086724216, 0.0011578999086724216, 0.0009672937362044517], 
[0.6802868084647479, 0.039766583642651024, 0.039766583642651024, 0.039766583642651024, 0.039766583642651024, 0.039766583642651024, 0.039766583642651024, 0.039766583642651024, 0.039766583642651024, 0.004828043365804623, 0.004828043365804623, 0.004828043365804623, 0.004828043365804623, 0.004828043365804623, 0.004828043365804623, 0.004828043365804623, 0.004828043365804623, 0.002300878336724339, 0.002300878336724339, 0.002300878336724339], 
[0.3204236821816552, 0.3204236821816552, 0.11223950648968756, 0.11223950648968756, 0.08472621061624994, 0.0037338824233748985, 0.0037338824233748985, 0.0037338824233748985, 0.0037338824233748985, 0.0037338824233748985, 0.0037338824233748985, 0.0037338824233748985, 0.0037338824233748985, 0.0037338824233748985, 0.002644823774090782, 0.00031215504710289406, 0.00031215504710289406, 0.00031215504710289406, 0.00031215504710289406, 0.00031215504710289406], 
[0.36597515437326067, 0.36597515437326067, 0.13357176098655493, 0.13357176098655493, 0.03860467668396729, 0.02652287744644634, 0.0127175235607627, 0.012232453538341936, 0.012232453538341936, 0.0009790200959554308, 0.0009790200959554308, 0.0009790200959554308, 0.0009790200959554308, 0.0009790200959554308, 0.0009790200959554308, 0.0009790200959554308, 0.0009790200959554308, 0.0009790200959554308, 0.0009790200959554308, 0.0009790200959554308], 
[0.7965034239400061, 0.004578798019184458, 0.004578798019184458, 0.004578798019184458, 0.004578798019184458, 0.004578798019184458, 0.004578798019184458, 0.004578798019184458, 0.004578798019184458, 0.004578798019184458, 0.004219651816395379, 0.004219651816395379, 0.004219651816395379, 0.004219651816395379, 0.004219651816395379, 0.004219651816395379, 0.0027328197372368853, 0.0027328197372368853, 0.0027328197372368853, 0.0027328197372368853], 
[1.966068256808662, 0.2020717905495101, 0.1639509278967034, 0.1639509278967034, 0.06954884731124578, 0.016180758864392884, 0.016180758864392884, 0.016180758864392884, 0.016180758864392884, 0.008693771487788987, 0.008693771487788987, 0.008693771487788987, 0.008693771487788987, 0.008693771487788987, 0.008693771487788987, 0.008693771487788987, 0.008693771487788987, 0.008693771487788987, 0.008693771487788987, 0.002479107340656003], 
[0.22223122952817972, 0.22223122952817972, 0.0010545230301794888, 0.0010545230301794888, 0.0010545230301794888, 0.0010545230301794888, 0.0010545230301794888, 0.0006363863727109644, 0.0006363863727109644, 0.0006363863727109644, 0.0006363863727109644, 0.0006363863727109644, 0.0006363863727109644, 0.0006363863727109644, 0.0006363863727109644, 0.0006363863727109644, 0.0006363863727109644, 0.0006363863727109644, 0.0001962616258833324, 0.0001962616258833324], 
[0.2589056151320178, 0.2589056151320178, 0.027402534888071733, 0.027402534888071733, 0.027402534888071733, 8.474531575126232e-05, 8.474531575126232e-05, 8.474531575126232e-05, 8.474531575126232e-05, 8.474531575126232e-05, 8.474531575126232e-05, 8.474531575126232e-05, 8.474531575126232e-05, 8.474531575126232e-05, 8.474531575126232e-05, 8.474531575126232e-05, 8.474531575126232e-05, 8.474531575126232e-05, 8.474531575126232e-05, 8.474531575126232e-05], 
[0.17059907403330038, 0.03397625699579979, 0.03397625699579979, 0.03397625699579979, 0.006398139962443009, 0.006398139962443009, 0.006398139962443009, 0.006398139962443009, 0.006398139962443009, 0.0045556279803568, 0.0045556279803568, 0.0009024056588854656, 0.0009024056588854656, 0.0009024056588854656, 0.0009024056588854656, 0.0009024056588854656, 0.0009024056588854656, 0.0009024056588854656, 0.0009024056588854656, 0.0009024056588854656], 
[0.291164867407513, 0.291164867407513, 0.07976663292925, 0.07976663292925, 0.007593857173978047, 0.007593857173978047, 0.007593857173978047, 0.007593857173978047, 0.007593857173978047, 0.004272033887954075, 0.0027821288481767945, 0.0027821288481767945, 0.0003498768917081675, 0.0003498768917081675, 0.0003498768917081675, 0.0003498768917081675, 0.0003498768917081675, 4.369235038715959e-05, 4.369235038715959e-05, 4.369235038715959e-05], 
[0.6373493072783768, 0.07856119461531204, 0.07856119461531204, 0.07856119461531204, 0.016409269992475738, 0.016409269992475738, 0.00560580104738211, 0.00560580104738211, 0.00560580104738211, 0.00560580104738211, 0.00560580104738211, 0.00560580104738211, 0.00560580104738211, 0.00023019513516091446, 0.00023019513516091446, 0.00023019513516091446, 0.00023019513516091446, 0.00023019513516091446, 0.00023019513516091446, 0.00023019513516091446], 
[0.6221479450591731, 0.6221479450591731, 0.29384701982028244, 0.21295743376973972, 0.07009777215167212, 0.06565620766148425, 0.018470251069454525, 0.018470251069454525, 0.018470251069454525, 0.008190208010794665, 0.008190208010794665, 0.008190208010794665, 0.0004525823261971081, 0.0004525823261971081, 0.0004525823261971081, 0.00023089322030893695, 0.00023089322030893695, 0.00023089322030893695, 0.00023089322030893695, 0.00023089322030893695], 
[0.7655875730594217, 0.09813989206031379, 0.03535932656322987, 0.006834812219098352, 0.006834812219098352, 0.006834812219098352, 0.006834812219098352, 0.006834812219098352, 0.006834812219098352, 0.006834812219098352, 0.006829140153536271, 0.006829140153536271, 0.006829140153536271, 0.006829140153536271, 0.006829140153536271, 0.006829140153536271, 0.006706339846932747, 0.006706339846932747, 0.0019228549247461931, 0.0019228549247461931], 
[1.557867185063635, 0.9472406493412094, 0.6272089792758458, 0.09093161083965784, 0.09093161083965784, 0.030101188700034164, 0.030101188700034164, 0.010410387462085089, 0.0008337396174726018, 0.0008337396174726018, 0.0008337396174726018, 0.0008337396174726018, 0.0008337396174726018, 0.0008337396174726018, 0.0008337396174726018, 5.1694153542938336e-05, 5.1694153542938336e-05, 5.1694153542938336e-05, 5.1694153542938336e-05, 5.1694153542938336e-05], 
[0.38453448447335464, 0.38453448447335464, 0.38453448447335464, 0.015658498332263914, 0.015658498332263914, 0.015658498332263914, 0.006458105212770527, 0.0033363618031223277, 0.0033363618031223277, 0.0033363618031223277, 0.0033363618031223277, 0.003034486268674884, 0.003034486268674884, 0.003034486268674884, 0.003034486268674884, 0.003034486268674884, 0.001996336604255315, 0.001996336604255315, 0.0010985938535819804, 0.001020547026390573], 
[0.18463366152785773, 0.18463366152785773, 0.18463366152785773, 0.18463366152785773, 0.05245302896922135, 0.05245302896922135, 0.05245302896922135, 0.05245302896922135, 0.010408360990455544, 0.010408360990455544, 0.010408360990455544, 0.0014964899384239568, 0.0014964899384239568, 0.0014964899384239568, 0.0014964899384239568, 0.0014964899384239568, 0.0014964899384239568, 0.00024425480290612495, 0.00024425480290612495, 0.0001695212279654956], 
[0.04533345426591584, 0.04533345426591584, 0.04533345426591584, 0.04533345426591584, 0.04533345426591584, 0.04533345426591584, 0.04533345426591584, 0.009912984418562278, 0.009912984418562278, 0.001501447341399102, 0.001501447341399102, 0.001501447341399102, 0.001501447341399102, 0.001501447341399102, 0.001501447341399102, 7.596333776745761e-06, 7.596333776745761e-06, 7.596333776745761e-06, 7.596333776745761e-06, 7.596333776745761e-06], 
[2.3860365244158457, 0.02903053899607003, 0.02903053899607003, 0.02903053899607003, 0.011573736618147217, 0.011573736618147217, 0.009220562516437759, 0.009220562516437759, 0.009220562516437759, 0.00013825286682732712, 0.00013825286682732712, 0.00013825286682732712, 0.00013825286682732712, 0.00013825286682732712, 0.00013825286682732712, 0.00013825286682732712, 0.00013825286682732712, 0.00013825286682732712, 2.216490040759786e-05, 2.216490040759786e-05], 
[0.25687488530885216, 0.25687488530885216, 0.25687488530885216, 0.25687488530885216, 0.07307895682409642, 0.07307895682409642, 0.07307895682409642, 0.013534619319740237, 0.013534619319740237, 0.008388245072521354, 0.0003404917247642895, 0.0003404917247642895, 0.0003404917247642895, 0.0003404917247642895, 0.0003404917247642895, 0.0003404917247642895, 0.0003404917247642895, 0.0003404917247642895, 0.0003404917247642895, 0.0003404917247642895], 
[0.2731615647664417, 0.2127030495017026, 0.18121939657620334, 0.18121939657620334, 0.074070382333905, 0.06845559773672179, 0.010202833338631655, 0.010202833338631655, 0.010202833338631655, 0.010202833338631655, 0.0029734420272151843, 0.0029734420272151843, 0.0029734420272151843, 0.0029734420272151843, 0.0029734420272151843, 0.0021364743351897394, 0.0002885563430712663, 0.0002885563430712663, 0.0002885563430712663, 0.0002885563430712663], 
[0.708533194764152, 0.10433396618794585, 0.020666951800945896, 0.020666951800945896, 0.0004651742598980722, 0.0004651742598980722, 0.0004651742598980722, 0.0004651742598980722, 0.0004651742598980722, 0.0004651742598980722, 0.0004651742598980722, 0.0004651742598980722, 0.0004651742598980722, 0.0004651742598980722, 0.0001664846375918403, 0.0001664846375918403, 0.0001664846375918403, 0.0001664846375918403, 0.0001664846375918403, 2.5880719114222833e-06], 
[1.0256089301274023, 0.03599162603112191, 0.03599162603112191, 0.0015554765730472276, 0.0015554765730472276, 0.0015554765730472276, 0.0015554765730472276, 0.0015554765730472276, 0.0015554765730472276, 0.0015554765730472276, 0.0015554765730472276, 0.0015554765730472276, 0.0015554765730472276, 0.0015554765730472276, 0.0015554765730472276, 0.0015554765730472276, 0.0013704343527353238, 0.0013704343527353238, 0.00010460257367821597, 0.00010460257367821597], 
[0.8370745250675755, 0.18900883903773646, 0.18900883903773646, 0.18900883903773646, 0.050696836896604695, 0.050696836896604695, 0.003241637979643583, 0.003241637979643583, 0.003241637979643583, 0.003241637979643583, 0.00109062910139027, 0.00109062910139027, 0.00109062910139027, 0.00017338484635290058, 0.00017338484635290058, 0.00017338484635290058, 0.00017338484635290058, 0.00017338484635290058, 0.00017338484635290058, 0.00017338484635290058], 
[0.5269855333580471, 0.04729307879360152, 0.04729307879360152, 0.04729307879360152, 0.04729307879360152, 0.027666513863282526, 0.024132543832804852, 0.001770755989389369, 0.001770755989389369, 0.001770755989389369, 0.001770755989389369, 0.001770755989389369, 0.001770755989389369, 0.00028326723696198825, 0.00028326723696198825, 0.00028326723696198825, 0.00028326723696198825, 0.00028326723696198825, 0.00028326723696198825, 0.00028326723696198825], 
