[18.202833244137867, 18.202833244137867, 7.933994776761429, 7.933994776761429, 6.5353379448647875, 6.5353379448647875, 6.5353379448647875, 6.5353379448647875, 6.5353379448647875, 6.5353379448647875, 5.428955084233147, 5.428955084233147, 5.428955084233147, 5.428955084233147, 5.428955084233147, 5.428955084233147, 5.428955084233147, 5.428955084233147, 4.2006611302050505, 4.2006611302050505], 
[20.24750694785196, 10.123278228350046, 10.123278228350046, 7.993848603688857, 7.993848603688857, 7.993848603688857, 7.993848603688857, 7.993848603688857, 7.993848603688857, 7.993848603688857, 7.993848603688857, 7.993848603688857, 7.993848603688857, 7.993848603688857, 7.993848603688857, 7.993848603688857, 7.454238994953027, 7.454238994953027, 7.454238994953027, 7.454238994953027], 
[17.05785316635776, 17.05785316635776, 17.05785316635776, 12.351653669975814, 12.351653669975814, 5.890940718863272, 5.890940718863272, 5.890940718863272, 5.890940718863272, 5.890940718863272, 5.890940718863272, 5.890940718863272, 5.890940718863272, 5.890940718863272, 5.890940718863272, 5.890940718863272, 3.7957190865263186, 3.7957190865263186, 3.7957190865263186, 3.7957190865263186], 
[19.511187770951565, 19.511187770951565, 17.929048445806007, 12.759226282128626, 12.759226282128626, 12.759226282128626, 12.601842554119576, 12.601842554119576, 12.601842554119576, 12.601842554119576, 10.943278815102357, 10.943278815102357, 2.9879902924514, 2.9879902924514, 2.9879902924514, 2.9879902924514, 2.9879902924514, 2.9879902924514, 2.9879902924514, 2.9879902924514], 
[20.073305549755766, 20.073305549755766, 20.073305549755766, 13.725984334540946, 13.725984334540946, 13.725984334540946, 13.725984334540946, 13.725984334540946, 8.809895523052486, 8.809895523052486, 8.809895523052486, 8.809895523052486, 8.809895523052486, 8.809895523052486, 8.809895523052486, 6.408366500654555, 6.408366500654555, 6.408366500654555, 6.319650896466387, 3.294038767460801], 
[20.067498412540555, 3.948637428899403, 3.948637428899403, 3.948637428899403, 3.948637428899403, 3.948637428899403, 3.948637428899403, 3.948637428899403, 3.948637428899403, 3.948637428899403, 3.948637428899403, 3.948637428899403, 3.948637428899403, 3.948637428899403, 3.948637428899403, 3.948637428899403, 3.948637428899403, 3.948637428899403, 3.948637428899403, 3.640424798655303], 
[20.12093364129801, 20.021377281225032, 13.216889545513613, 13.216889545513613, 13.216889545513613, 13.216889545513613, 13.216889545513613, 9.744083515092107, 9.744083515092107, 9.744083515092107, 9.744083515092107, 9.744083515092107, 9.744083515092107, 9.744083515092107, 9.744083515092107, 9.362342068311714, 7.821787047659965, 7.821787047659965, 7.511563351152116, 7.149630919369198], 
[19.891659605496173, 10.944560760940202, 10.944560760940202, 10.944560760940202, 10.944560760940202, 10.944560760940202, 8.432649721750368, 8.432649721750368, 8.432649721750368, 8.432649721750368, 8.432649721750368, 8.432649721750368, 5.841701652932091, 5.841701652932091, 5.841701652932091, 5.841701652932091, 4.16835163258747, 4.16835163258747, 4.16835163258747, 4.16835163258747], 
[19.833624125813788, 19.587554176686403, 8.361429964127277, 8.361429964127277, 8.361429964127277, 8.361429964127277, 8.361429964127277, 8.361429964127277, 8.361429964127277, 8.361429964127277, 7.500287965104636, 7.500287965104636, 6.288258131108375, 5.981807232339985, 5.055777059751341, 5.055777059751341, 5.055777059751341, 5.055777059751341, 5.055777059751341, 5.055777059751341], 
[17.20494300700738, 17.20494300700738, 17.20494300700738, 17.20494300700738, 17.20494300700738, 13.125616112678392, 13.125616112678392, 13.125616112678392, 13.125616112678392, 13.125616112678392, 13.125616112678392, 13.125616112678392, 13.125616112678392, 13.125616112678392, 10.747697555150094, 10.747697555150094, 8.221412718378751, 8.221412718378751, 8.221412718378751, 5.852209699615031], 
[20.08083484076736, 17.00046489936434, 14.669366232957616, 14.252048609023328, 9.284907414529105, 9.26532810995787, 9.26532810995787, 9.26532810995787, 6.244043359143978, 6.244043359143978, 6.244043359143978, 6.244043359143978, 6.244043359143978, 6.244043359143978, 6.244043359143978, 4.0553639925025475, 4.0553639925025475, 4.0553639925025475, 4.0553639925025475, 4.0553639925025475], 
[17.231260363270774, 6.024039617454475, 6.024039617454475, 6.024039617454475, 6.024039617454475, 6.024039617454475, 6.024039617454475, 6.024039617454475, 5.115700027161239, 5.115700027161239, 5.115700027161239, 5.115700027161239, 5.115700027161239, 5.115700027161239, 5.115700027161239, 5.115700027161239, 5.115700027161239, 5.115700027161239, 5.115700027161239, 5.115700027161239], 
[15.351861059741054, 12.450833751147616, 12.450833751147616, 12.450833751147616, 12.450833751147616, 12.450833751147616, 12.450833751147616, 11.451292337630179, 9.781022538267017, 9.781022538267017, 9.781022538267017, 9.595522209094886, 9.595522209094886, 9.595522209094886, 7.3864035924524565, 7.3864035924524565, 7.3864035924524565, 7.3864035924524565, 7.3864035924524565, 7.3864035924524565], 
[19.74750821690962, 18.94362175099575, 16.03892463390037, 16.03892463390037, 7.89204036057243, 7.89204036057243, 7.89204036057243, 5.6633384495494035, 5.6633384495494035, 5.6633384495494035, 5.6633384495494035, 5.6633384495494035, 5.6633384495494035, 5.6633384495494035, 5.5668075314392915, 3.9232539555617905, 3.9232539555617905, 3.9232539555617905, 3.9232539555617905, 3.9232539555617905], 
[20.091720171259578, 20.000566584358143, 20.000566584358143, 20.000566584358143, 20.000566584358143, 18.825163608837126, 14.41140514634782, 4.745691238179171, 4.745691238179171, 4.745691238179171, 4.745691238179171, 4.745691238179171, 4.745691238179171, 4.745691238179171, 4.745691238179171, 4.143930597190071, 4.143930597190071, 4.143930597190071, 4.143930597190071, 4.143930597190071], 
[17.893376673810632, 17.893376673810632, 16.892497826542325, 10.05255597819264, 10.05255597819264, 10.05255597819264, 10.05255597819264, 10.05255597819264, 10.05255597819264, 10.05255597819264, 7.773551234239422, 6.589172853070032, 6.589172853070032, 6.589172853070032, 6.589172853070032, 6.589172853070032, 6.164138557377562, 6.164138557377562, 6.164138557377562, 6.164138557377562], 
[19.991987048054643, 4.386756300277922, 4.386756300277922, 4.386756300277922, 4.386756300277922, 4.386756300277922, 4.386756300277922, 4.386756300277922, 4.386756300277922, 4.386756300277922, 4.386756300277922, 3.108811980155668, 3.108811980155668, 3.108811980155668, 3.108811980155668, 3.108811980155668, 3.108811980155668, 3.108811980155668, 3.108811980155668, 3.108811980155668], 
[17.1031665933998, 17.1031665933998, 17.1031665933998, 17.1031665933998, 9.920444682489673, 9.920444682489673, 9.920444682489673, 9.920444682489673, 9.920444682489673, 9.920444682489673, 9.920444682489673, 4.746240770331557, 4.746240770331557, 4.746240770331557, 4.746240770331557, 4.746240770331557, 4.746240770331557, 4.746240770331557, 4.746240770331557, 4.746240770331557], 
[20.02206671445156, 12.881825360715842, 12.881825360715842, 12.881825360715842, 12.881825360715842, 12.881825360715842, 12.881825360715842, 12.881825360715842, 12.881825360715842, 10.710441657482994, 10.710441657482994, 10.082170348489703, 5.323216746354712, 3.064416412656101, 3.064416412656101, 3.064416412656101, 3.064416412656101, 3.064416412656101, 3.064416412656101, 3.064416412656101], 
[7.609054331548718, 7.609054331548718, 7.609054331548718, 7.609054331548718, 7.609054331548718, 7.609054331548718, 7.609054331548718, 7.609054331548718, 7.609054331548718, 7.609054331548718, 7.609054331548718, 7.609054331548718, 7.609054331548718, 3.7790623396910554, 3.7790623396910554, 3.7790623396910554, 3.7790623396910554, 3.7790623396910554, 3.7790623396910554, 3.7790623396910554], 
[19.776123806472643, 17.699216411506747, 17.699216411506747, 17.66494450063658, 10.072251436360439, 10.072251436360439, 10.072251436360439, 10.072251436360439, 10.072251436360439, 10.072251436360439, 10.072251436360439, 10.072251436360439, 7.923199603952652, 7.923199603952652, 7.923199603952652, 4.575607244696183, 4.575607244696183, 3.2940598384126893, 3.2940598384126893, 3.2940598384126893], 
[18.04858579893441, 15.386133454376825, 3.4945985355052116, 3.4945985355052116, 3.4945985355052116, 3.4945985355052116, 3.4945985355052116, 3.4945985355052116, 3.4945985355052116, 2.9202528349505457, 2.9202528349505457, 2.9202528349505457, 2.9202528349505457, 2.9202528349505457, 2.9202528349505457, 2.9202528349505457, 2.9202528349505457, 2.9202528349505457, 2.9202528349505457, 2.9202528349505457], 
[20.0853155680058, 17.88534388600534, 17.724892310390725, 12.983196486491915, 3.5287712184849553, 3.5287712184849553, 3.5287712184849553, 3.5287712184849553, 3.5287712184849553, 3.5287712184849553, 3.5287712184849553, 3.5287712184849553, 3.5287712184849553, 3.5287712184849553, 3.5287712184849553, 3.5287712184849553, 3.5287712184849553, 3.5287712184849553, 3.5287712184849553, 3.5287712184849553], 
[19.527236649260452, 18.44649200517098, 7.556688214410267, 7.556688214410267, 7.556688214410267, 7.556688214410267, 7.556688214410267, 7.556688214410267, 7.556688214410267, 7.556688214410267, 7.556688214410267, 7.556688214410267, 4.369408144700611, 4.369408144700611, 4.369408144700611, 4.369408144700611, 4.369408144700611, 4.369408144700611, 4.369408144700611, 4.369408144700611], 
[11.56783079734564, 10.72165116610633, 10.72165116610633, 10.72165116610633, 10.72165116610633, 7.557966493673405, 7.557966493673405, 7.557966493673405, 7.557966493673405, 7.557966493673405, 7.557966493673405, 7.249246052799274, 7.249246052799274, 7.249246052799274, 6.009082879283735, 6.009082879283735, 5.708850944281059, 4.169355979872922, 4.169355979872922, 4.169355979872922], 
[16.22794396384386, 16.22794396384386, 16.22794396384386, 12.811347319572613, 12.811347319572613, 12.811347319572613, 10.149953359473415, 10.149953359473415, 10.149953359473415, 10.149953359473415, 10.149953359473415, 7.414724204354769, 7.414724204354769, 7.414724204354769, 5.2438053541928795, 3.142539542674651, 0.4929595122935808, 0.4929595122935808, 0.4929595122935808, 0.4929595122935808], 
[16.456751605316853, 16.456751605316853, 13.756506617700985, 13.756506617700985, 13.756506617700985, 11.394865604374461, 11.078343177395716, 11.078343177395716, 10.213406627058687, 8.540731909604776, 8.540731909604776, 8.540731909604776, 8.277794087789736, 8.277794087789736, 8.277794087789736, 8.277794087789736, 8.277794087789736, 8.277794087789736, 7.571005802637776, 7.571005802637776], 
[9.423820919860976, 9.423820919860976, 9.423820919860976, 9.423820919860976, 9.423820919860976, 9.423820919860976, 9.423820919860976, 9.423820919860976, 9.423820919860976, 9.423820919860976, 9.423820919860976, 9.423820919860976, 9.423820919860976, 6.96265545143496, 4.386966645908339, 4.386966645908339, 4.386966645908339, 4.386966645908339, 4.386966645908339, 4.386966645908339], 
[19.025830767220814, 3.740546384438879, 3.740546384438879, 3.740546384438879, 3.740546384438879, 3.740546384438879, 3.740546384438879, 3.740546384438879, 3.740546384438879, 3.740546384438879, 3.740546384438879, 3.740546384438879, 3.740546384438879, 3.740546384438879, 3.740546384438879, 3.740546384438879, 3.740546384438879, 3.740546384438879, 3.740546384438879, 3.740546384438879], 
[19.547080869297854, 15.143416323260599, 15.143416323260599, 13.329606903701464, 13.251428313499664, 13.251428313499664, 13.251428313499664, 13.251428313499664, 13.251428313499664, 13.251428313499664, 13.251428313499664, 9.15647593837396, 8.961143388985493, 8.868527906066962, 7.814859577598588, 7.814859577598588, 7.814859577598588, 7.814859577598588, 7.814859577598588, 7.814859577598588], 
