[6543.939816111722, 6543.939816111722, 1139.5757862428113, 911.8818720975871, 911.8818720975871, 548.844282471861, 399.781014527351, 296.68500427685217, 215.2797901657014, 133.8475585814365, 67.33253667052153, 41.05860598512062, 41.05860598512062, 23.23384730596742, 18.458948985631302, 7.69401678340408, 4.666514116951376, 4.666514116951376, 4.666514116951376, 4.666514116951376], 
[10815.691630503872, 7219.076874862018, 1443.8123653089917, 946.6371588662581, 880.6854560786312, 745.3208537239001, 624.8928455489696, 481.88274457212754, 323.29377570149876, 239.61327866567484, 152.77482634589526, 85.55522665602946, 57.596025744028736, 48.006073176684396, 22.89239593505653, 18.122402478234925, 14.26265370167803, 7.284689038920638, 7.284689038920638, 7.284689038920638], 
[9730.718034419173, 4758.434953287634, 1151.8079505700791, 1151.8079505700791, 582.7729755247345, 457.8477872847962, 332.1913408201409, 248.65862267415224, 210.548275040711, 169.49725714583712, 79.39575454955828, 56.613733279744736, 51.527571086737346, 24.018674977396387, 12.199516318636782, 12.199516318636782, 10.003866264427222, 3.3451498902440293, 3.3451498902440293, 3.3451498902440293], 
[8124.600063658915, 6044.30043130139, 1534.9864666567316, 486.9425644457192, 486.9425644457192, 333.8899180424552, 303.7784693866886, 97.0739557411321, 97.0739557411321, 51.82221981118981, 45.00501405007586, 11.904304077690508, 11.904304077690508, 11.323136092373142, 7.692407211634353, 7.3952517847167885, 7.3952517847167885, 6.536106662507389, 4.889185629837465, 4.590912320290822], 
[10190.409857475903, 6565.6915605591375, 1027.0375962789335, 955.3754192334114, 679.8928704156464, 506.31151398905564, 435.1996534110136, 290.0356803627388, 97.42049723524339, 82.29384467741454, 46.95070878835057, 32.001746966099894, 27.159942346294084, 13.041516679627811, 12.071064651587747, 9.709979585457388, 6.323507726820572, 6.323507726820572, 6.323507726820572, 5.330475465589849], 
[11534.905597720415, 6253.179148785759, 1630.7388542511421, 1358.1172928694054, 994.4489950000846, 808.9307580002281, 723.9071964484586, 570.0453164037634, 392.8188265086013, 272.1233139354073, 247.62844129257644, 177.86933785145004, 60.1216994925216, 60.1216994925216, 60.080157855559776, 23.077220598894492, 18.383422371678144, 11.691028083903534, 10.75062939426231, 10.126444439736778], 
[12240.509899346314, 9663.49603571416, 2526.2641703013614, 1950.521070215067, 1928.6452356577597, 1400.9363534235683, 989.0922659579714, 856.1870551609829, 588.7365492207905, 436.2158252348793, 371.9783574767943, 248.6692780411775, 150.84151927468062, 118.38270207540033, 53.921287712501595, 40.28318152957937, 20.301802728318524, 14.605316040627768, 13.13063165111487, 13.042016333567942], 
[7185.978300146143, 6706.389692831096, 1904.385255567326, 1511.012814447617, 1211.5978774208284, 1115.045625828142, 849.453052627715, 715.536783189286, 532.2767952636854, 204.76524860932594, 180.26735249220488, 133.59213269069772, 86.05749555232606, 39.0869080928424, 32.41883910571638, 21.76141728268067, 7.614423227270946, 7.614423227270946, 4.467371050535091, 4.467371050535091], 
[7692.420863329327, 7692.420863329327, 1513.1388849736636, 1311.4048531992457, 881.0678762297736, 821.2392505940527, 641.1961695969992, 409.01035443667126, 286.6822335116554, 131.28067315866292, 115.4413325914525, 47.117918590109795, 29.682642238943895, 11.82040907775133, 11.82040907775133, 11.82040907775133, 11.82040907775133, 8.847902578410126, 7.691084642460876, 6.534327484174161], 
[10036.34324131802, 9206.257217758488, 1618.2591777920397, 1385.9447280566715, 934.3370655248784, 853.3439959813973, 569.3648348539017, 473.8661592720569, 214.26815819485392, 127.17348729770545, 98.86278057822176, 89.37192105596299, 49.47844753706764, 33.957666545909305, 17.262063015023752, 17.262063015023752, 13.811106527040508, 7.501827772850786, 7.501827772850786, 6.273858009913922], 
[12102.310446516887, 8166.854253087446, 1133.9881421947966, 759.6540645628252, 759.6540645628252, 576.726654816378, 466.2004408244858, 298.61021316941566, 212.58106864346624, 163.246895038531, 63.883264962575936, 58.895838796410814, 22.049246552515953, 9.444698966209174, 7.0014920537344665, 6.012773981612527, 6.012773981612527, 5.962390020890914, 5.753432146532639, 3.9518195282409914], 
[13073.225824072324, 5969.892852750966, 2441.3040558348384, 1964.0604378799767, 1455.681444266852, 1270.8504382449462, 636.0086316442307, 636.0086316442307, 563.249104350663, 417.45363970262935, 334.4224621262749, 261.4449752200727, 113.09810584414772, 89.46783016707009, 54.117159077778815, 28.08346990243694, 23.675323046564262, 14.459740831966345, 10.180015172229844, 6.781106011486894], 
[7873.933755619431, 7873.933755619431, 282.7268668892063, 282.7268668892063, 282.7268668892063, 252.93181356348958, 145.47349858556237, 108.06632655779232, 96.73431699199018, 32.37258152617871, 26.743997315319827, 17.241267725098446, 15.695552902762092, 9.611042721663194, 5.428638170283101, 5.428638170283101, 5.428638170283101, 3.6279708357598492, 2.0972769190611866, 2.0972769190611866], 
[11332.564842818798, 5916.636096586199, 1330.6271885838337, 1061.029961795982, 772.4017147109345, 536.3805310275832, 357.8586683793817, 232.57129482026235, 83.91570273844806, 72.78364818756401, 60.78294486095779, 49.43508382139175, 18.72611671732145, 18.72611671732145, 18.28622944102518, 11.16800423014891, 10.805005855967805, 9.403485948127596, 8.207148085354337, 6.916127124764003], 
[10604.035023137892, 8430.071725738231, 1881.5520670172507, 1364.6428526377715, 1280.1206703427213, 1008.0219503556148, 834.0343492255698, 664.1701722441466, 419.2869692810251, 341.04278203256746, 148.75091458773414, 109.6576767799418, 69.60944553000284, 38.63894540474221, 21.91065614655972, 20.24407786937957, 6.210358963811367, 5.917565205076907, 5.917565205076907, 5.676113203799024], 
[10119.518415752425, 6060.0676666459085, 2513.4761272286405, 1492.2665978266828, 988.8561497888236, 945.4356041702924, 776.9596045481396, 752.3692048646772, 468.164673322351, 330.4393262595275, 251.38125983071006, 120.40795745208571, 99.95752358569764, 73.1652917840055, 28.50073517639552, 18.724820800356216, 18.724820800356216, 11.453728963001343, 8.089096069585102, 7.729176697902467], 
[8104.405633559934, 8104.405633559934, 1322.4855640256064, 888.3239642031982, 692.6157483627183, 572.2324854125021, 429.93609323012436, 246.62071276739022, 157.14068132981689, 99.94204752863142, 98.08202128092107, 31.53739598744427, 31.53739598744427, 23.029702521729565, 13.41366605962189, 6.675552619285168, 6.675552619285168, 6.5626774769790535, 6.38902357977093, 3.113030618610356], 
[9467.416043654956, 5805.749746800218, 1697.7530029202344, 1535.266542935923, 1183.790037423098, 1008.5569518467913, 785.2845130744284, 551.8536257311717, 400.6992414395536, 311.7399611992964, 184.49088729267913, 136.0526720753062, 94.51375504056564, 56.04881137799219, 23.054194390815596, 17.43693282377138, 10.327298957755781, 10.279157976390035, 6.295518516577218, 6.295518516577218], 
[11126.862325322581, 4478.164469564862, 1878.45925803605, 1649.4342519382958, 1169.8532281423622, 1064.2732671136016, 770.866227923091, 676.5763782984035, 400.84857694080273, 238.1577899005564, 175.6667364972836, 166.07248776492864, 65.64242715842279, 59.0215599097741, 35.03962206314803, 30.302235716048095, 15.463204104259642, 11.094904404830494, 11.094904404830494, 7.058200860159951], 
[7911.648882539957, 7911.648882539957, 883.1562185758173, 688.3051637513823, 688.3051637513823, 477.51646539959086, 319.40614461257496, 313.4261744830585, 170.99526370698752, 140.9964288868265, 84.60383293983801, 66.02123640285615, 31.858430318537398, 20.943545311979815, 9.628674385783176, 9.628674385783176, 9.628674385783176, 5.97397888578176, 5.97397888578176, 5.088234298432928], 
[11879.750602995184, 9446.834386431594, 2270.270328712509, 2270.270328712509, 1655.329359953762, 1307.7235711313874, 925.0460612576351, 634.3197684905583, 410.2467146629424, 355.8701808363161, 244.3968588301375, 88.79507291846714, 88.79507291846714, 55.16361613602461, 25.51809058956099, 16.765785677203862, 13.685401260032757, 4.3017963908413375, 2.7022950580898644, 2.7022950580898644], 
[10438.706750419773, 9815.401799661136, 1467.2168588625802, 1348.0406478994473, 996.3683273013672, 817.2693786663243, 649.8951340094923, 559.248560659427, 409.24452661930354, 311.8935181279398, 128.46763690911706, 108.5439670051717, 39.50590934980159, 39.50590934980159, 30.612795507508093, 18.833487912142633, 13.445232635964738, 8.569354039959109, 7.567497424556464, 6.0505313401799405], 
[4512.013576112879, 4019.49122592501, 833.6294943508043, 542.194422002979, 542.194422002979, 242.9495378868604, 242.9495378868604, 174.3767995411706, 103.01645463945464, 53.25417142393769, 25.371392825949226, 16.148760950607507, 10.26501839530591, 10.26501839530591, 8.342437444528516, 8.342437444528516, 7.7977799732733075, 5.419297230745583, 5.362221268437525, 4.652566197093696], 
[3426.5032736438493, 3177.165269852098, 1465.448469285579, 819.8721615340551, 795.2989253084995, 649.0395821916801, 379.96061885813674, 333.3368507564162, 218.7236225328333, 111.24079696169875, 111.24079696169875, 44.80841238564434, 23.248458634775734, 23.248458634775734, 16.00654120092801, 8.590763622649787, 8.292163132009374, 5.975343773907127, 5.1030724369608595, 5.1030724369608595], 
[10654.50448190623, 10654.50448190623, 1188.2853474373749, 1044.2940405863235, 785.0934656067539, 686.1704303225998, 468.92478855745117, 343.35248156002626, 240.40585478176078, 137.7396436667592, 89.92179353936042, 57.55831706023626, 40.28986782204496, 25.99668677040173, 18.107992306936634, 10.331018666416346, 3.800525664473756, 3.486299325169349, 3.2569562436210253, 3.2569562436210253], 
[10745.541364053253, 10745.541364053253, 690.9377311981063, 686.2339649788661, 374.2885171579594, 312.0558404854549, 205.59485292984238, 154.77607584644693, 92.73100751100675, 49.83829268277847, 32.871680841094076, 19.699778120378358, 13.790532460809645, 7.1363899009452245, 4.126084576965909, 3.18891076220983, 1.8624706911675069, 1.8624706911675069, 1.8624706911675069, 1.5211774056963403], 
[8552.933040884081, 6317.549614892561, 1299.4516970710738, 905.9348932320969, 605.2362116250225, 432.70850330828154, 285.41015795897954, 192.8696959422632, 116.74624406660534, 66.76255349244926, 51.55541426900676, 22.39360616076952, 15.632973585247115, 13.867163385739696, 10.5401055978795, 10.5401055978795, 6.8493959094024035, 5.526700395190991, 3.965846778971505, 3.965846778971505], 
[9966.487977223942, 8294.777690321453, 1487.205187250583, 1059.7462460661293, 677.9413187295884, 644.6865809233275, 494.5787827695198, 338.3108606251621, 214.37762343661734, 133.84008529266134, 113.4628839650833, 77.80201768246417, 36.03167310553274, 28.10810385927747, 17.563511451071477, 13.475022353601979, 6.095653313935095, 6.095653313935095, 5.6593283446167995, 5.6593283446167995], 
[7019.673730321733, 7019.673730321733, 1988.20675135481, 1364.6575716001626, 1245.0091575260737, 727.023963225194, 624.0456354503683, 508.58535258329096, 355.188555120799, 251.7054354750274, 115.3610370980154, 63.36994803688093, 55.4158495774327, 21.10384018445837, 12.912521371517975, 8.566415814512895, 8.566415814512895, 8.566415814512895, 4.567097058619499, 4.567097058619499], 
[1550.6999196224915, 1550.6999196224915, 803.5205693365684, 752.9542352980457, 590.1738712180075, 398.6975711998238, 327.4756165912179, 190.22976879088904, 113.37577198275417, 66.60424937094987, 57.227604108332336, 23.01684227535707, 22.00590497554771, 8.470209854486928, 4.189424257787614, 4.189424257787614, 4.189424257787614, 4.189424257787614, 4.189424257787614, 4.189424257787614], 
[7871.2212638048195, 7871.2212638048195, 1296.9980640697115, 830.2051030486804, 692.350562888191, 692.350562888191, 432.1970757098863, 341.59788971429543, 257.91046717359717, 167.45393628508714, 110.90959433875709, 57.42739038443017, 25.887061609452473, 25.887061609452473, 15.220445874664824, 9.622983515378529, 9.622983515378529, 8.731305851166956, 5.798384055884941, 5.798384055884941], 
[8473.177086229478, 6072.2098259709, 970.0946961687696, 970.0946961687696, 779.6971821143662, 559.7919890898305, 428.20492093366505, 342.0213198925205, 259.46108698577655, 181.2617573498686, 83.51439805318697, 44.20616210135485, 22.89693917395596, 14.282057096566504, 14.282057096566504, 11.013808192375192, 5.6769736284922425, 5.6769736284922425, 5.6769736284922425, 5.6769736284922425], 
[3512.2323289928836, 3512.2323289928836, 1351.1734956042787, 1092.5905329160837, 759.0190507871234, 666.3290793842319, 270.9834376519447, 221.8002753512357, 184.2015309681928, 78.54642162579854, 42.4580437492439, 31.30570434275478, 26.03245300386906, 12.27788576649747, 7.619185276834967, 7.619185276834967, 4.869017324657765, 4.869017324657765, 4.869017324657765, 4.458855327262735], 
[5169.105465263986, 5169.105465263986, 1029.6350155261987, 875.3562967400724, 546.0336544180683, 480.16791625877715, 302.1062403256459, 262.59995973634, 176.86760417424983, 118.27784354230008, 70.76140721557893, 56.18211206781264, 13.58851765384507, 13.58851765384507, 12.997872394472326, 10.00663083657086, 6.022751338465915, 5.274225634672, 4.221028393203229, 3.462028310694506], 
[6611.91991667893, 4571.29612648608, 1477.0696043652179, 906.3131270725918, 776.9505289509852, 613.2515171491334, 360.572333709554, 259.2000455928121, 208.88421195144073, 138.53151973267092, 92.93721560351621, 58.188815373267964, 18.711805482875068, 16.12764417647359, 11.926665483404296, 10.642289978918352, 8.808281021672688, 8.208482381930384, 5.06421975081931, 5.06421975081931], 
[14087.470475353513, 10574.588698053583, 1232.145707221544, 1157.064500921055, 961.36601622547, 678.9725931829307, 493.1842809417302, 362.31207730968634, 299.73633171357716, 222.2472281048726, 172.36226917754803, 94.70220893854778, 81.45215448557752, 34.10006217683081, 19.74144542951696, 14.929942422867411, 9.940036675069859, 9.881689477171633, 9.178119368963454, 7.858580312654726], 
[12550.77243787931, 7857.799714873266, 1336.9355665669063, 1185.7921979055207, 876.451516774408, 742.867970487239, 510.4616501532359, 297.68574222722754, 255.3091392647382, 202.77161799365854, 112.1351146643685, 73.29658768179428, 39.12021782478423, 26.135203372318344, 18.709997312776437, 15.711104993127814, 12.100987451733424, 7.474855815630715, 7.33027904213988, 4.763913935701017], 
[4561.572789714615, 4561.572789714615, 1738.0318242332237, 1603.1784812305002, 1186.3815860293507, 1025.0758427414767, 843.4981663356352, 494.29940632508027, 416.58917003554507, 262.80480878380615, 181.50485469364503, 143.1476173031471, 69.98601902907987, 65.69328718828706, 40.845270365069574, 9.983379688753777, 9.596091584322368, 7.222156406966796, 5.514949248419356, 4.274605378627638], 
[14204.14298750121, 7649.87089036008, 1015.0914845080272, 809.569595241452, 545.7448833762459, 474.83931289236415, 313.1182070436945, 177.231507310349, 138.87764004224394, 96.2584332636167, 43.30268739714208, 27.718113136757562, 15.379399082065692, 9.043792970635128, 8.719155885253466, 7.714574042940966, 4.759187507481374, 4.759187507481374, 4.759187507481374, 4.74041184911343], 
[8393.850850481755, 8393.850850481755, 586.083306691988, 550.0926007680407, 406.1028204857468, 332.67359189803886, 230.8013202180702, 182.59721736191574, 111.37933145019713, 50.62006310400869, 38.49746969855181, 30.345772297129354, 22.000788650804708, 11.970109409916823, 9.955725104564186, 6.621232571219788, 6.621232571219788, 4.769836474058663, 4.769836474058663, 4.279962159956827], 
[12251.459966757564, 7984.156787441584, 1492.6612511168528, 1183.4031536512532, 1131.9003620646358, 713.2373387479613, 584.5395946130727, 526.7491019686634, 359.5683593259376, 287.59505585293454, 159.40916626515656, 95.87862014765753, 48.508785823153616, 38.470630557459145, 24.56990863063819, 24.065190202800565, 20.015471524569723, 7.029989911838208, 5.176672298789878, 5.176672298789878], 
[11595.433143719149, 10185.309159279146, 2026.5578410846163, 1452.0039003955858, 1257.393889191597, 1029.6504962398496, 777.2179922480168, 618.4778244397088, 379.38968550726105, 302.21380424274736, 238.0456548550455, 177.65035495020004, 75.88624527570315, 59.24098989558423, 28.953621663772704, 14.818603162231883, 14.818603162231883, 12.739816874754153, 10.82413894857776, 9.587701421335819], 
[9552.691405416328, 9552.691405416328, 594.9305854775329, 594.9305854775329, 316.1428768949412, 246.17286115399975, 154.42082768916745, 133.56398887724737, 68.8205370760242, 51.13465314563891, 26.667450623546294, 25.011050967603204, 16.650641706989582, 9.873398314501944, 8.439346418558097, 5.958896596668839, 5.958896596668839, 4.279557988094887, 4.173832147058997, 3.6356421678170245], 
[9190.309402151779, 8463.201199830251, 1193.7611486973872, 1176.3553106754978, 834.2302550462689, 565.1985664430063, 452.6656490953858, 323.56289132194985, 250.9285672366922, 187.43017289735562, 150.3913862110153, 51.79530848293158, 46.1936797740019, 23.58999301537046, 18.426135326643582, 10.775971013818724, 7.378873642277007, 7.378873642277007, 5.835401085731506, 5.835401085731506], 
[11027.633237337242, 8790.400602165053, 2232.52554051652, 1270.366195451484, 877.8208459874854, 684.290337482421, 521.9432172403837, 342.50418282434947, 253.89237697373423, 177.82472647083623, 110.03425560196372, 58.7940910231519, 30.75623127597215, 22.745172753674115, 22.745172753674115, 17.9597073404346, 11.309870669925784, 7.976698489101378, 7.976698489101378, 6.0604910458011805], 
[14162.062725525024, 7034.972778516578, 1433.6118370195427, 1294.475947002291, 854.5268663738096, 785.1237310387381, 449.74211553844515, 323.1863505334011, 271.0808732611757, 237.46910891293837, 209.21098731850543, 95.10647846564467, 80.55642492089211, 28.21035961555089, 28.21035961555089, 13.485094608416317, 10.272971419899237, 5.615401749625162, 5.615401749625162, 5.021522960527458], 
[10385.678871483766, 10385.678871483766, 2875.8240289404685, 1524.57760481147, 1244.8600155038143, 924.919685130425, 681.3876956319136, 399.5129803572579, 399.5129803572579, 217.59560136540725, 149.66818221848175, 79.18940857879817, 53.54890243839903, 17.800157462880037, 15.677738429543153, 6.862801382024564, 6.862801382024564, 6.862801382024564, 6.862801382024564, 3.1508328768262017], 
[9500.758112156827, 8905.889728929495, 1532.634598556433, 1238.7000127953568, 1176.9197161554732, 773.8280080012028, 530.2680114494207, 473.07385324759724, 355.7452063060973, 295.54555109000745, 151.10887859024405, 79.8696585949166, 73.81860595276208, 34.448184271631526, 29.522697948688506, 15.96103509797995, 12.441776274886243, 11.466314354145542, 10.741798588264151, 2.0428423358631393], 
[9735.74425622881, 7773.061010207505, 2058.8208881136075, 1700.7109534218405, 1090.4454525245571, 1090.4454525245571, 932.5623226625054, 510.54170352169535, 510.54170352169535, 363.8346462940679, 254.92893842159302, 195.79656389938248, 123.89165015316061, 79.18683811017526, 48.75867930981213, 23.43020075243439, 21.95606464214051, 14.92114639040775, 10.219090701617889, 9.613661241569805], 
[14573.727558851486, 8352.535001364851, 1335.3187780934616, 1005.5631471838558, 909.2351154609345, 505.8305086285983, 421.27084488479346, 350.28464641921386, 257.7620391655957, 179.00841861149914, 72.24389871398299, 53.98765746390038, 29.14030526799423, 20.320813875846316, 15.468768705618471, 9.333701303410857, 4.661330491497703, 4.661330491497703, 4.602428875392605, 4.602428875392605], 
[13837.553513314786, 13837.553513314786, 1949.5791870748844, 1596.8897458946085, 1053.1073462460306, 1001.7742691804069, 711.6017085867389, 699.8356965325424, 448.6300063716624, 221.89337461398748, 183.266198305537, 147.61648023119787, 53.14163520995419, 53.14163520995419, 30.407443335420982, 23.73129845052055, 20.93891451600975, 10.861659214376923, 8.32407791212619, 6.097346301773614], 
[8335.16266041383, 8335.16266041383, 2042.7936790644312, 1601.4139292278212, 1390.0652171159313, 1144.3149334092532, 886.6901626263361, 593.3179307197775, 472.24449108204703, 379.0126620846183, 237.83567327400758, 136.83432767728132, 87.14928052534623, 51.0392810155767, 23.861007732507023, 15.799955770202178, 15.799955770202178, 7.5436048222963805, 7.5436048222963805, 6.9132247203730035], 
[13021.320883370934, 10908.74456479303, 1862.9223707017031, 1261.4282932396345, 1261.4282932396345, 897.4171692418123, 825.849090396765, 418.87269273521605, 360.35757623841, 277.9756530132364, 164.52730297161327, 124.89524008953978, 120.28786298047915, 70.37096251976247, 40.24755508145211, 29.987520186339953, 23.494832752484516, 15.126371005603795, 9.082293639193775, 8.862648720947156], 
[8046.050418759545, 8046.050418759545, 1462.5737000643821, 1357.031314426125, 1068.8579068198303, 784.1945218714438, 679.5838363074752, 554.31842124068, 432.4418778453514, 334.2437267686164, 205.32199451421428, 117.0073084703222, 89.30704631186889, 72.41988989706239, 42.833894610554196, 27.917977925720056, 20.635974850571035, 4.673690634805121, 4.673690634805121, 4.673690634805121], 
[15499.742516245118, 11826.619960736241, 1689.88785994142, 1467.546895629774, 473.7226794651323, 473.7226794651323, 473.7226794651323, 465.8588045455222, 281.0030426958585, 272.47796841732827, 200.28085231961177, 122.53329137650475, 44.609146029482915, 36.87208514054081, 18.352189017795585, 9.886020882025592, 8.069236164893905, 5.92844747441605, 5.92844747441605, 5.92844747441605], 
[9776.185770363412, 9776.185770363412, 1305.6087867898732, 848.0432974392506, 830.2713854225777, 654.8486022249851, 554.1258883818572, 383.3083243017392, 314.829928634417, 209.52246101606636, 79.3430539128291, 79.3430539128291, 47.262489783533056, 26.273892450551784, 16.718623572190474, 14.593840723662733, 11.600046442285393, 8.399284432319845, 8.399284432319845, 6.5393230689816955], 
[8453.231891430667, 8453.231891430667, 1381.1941154617916, 1059.9794808021375, 722.5541704984985, 565.1179666728913, 450.1104153746206, 291.851598266121, 180.09507689178847, 99.06716285009637, 81.98559358839051, 62.15751340559185, 25.897147947876757, 25.897147947876757, 18.539207987246556, 16.92716755520929, 7.229057241288844, 5.710517333901242, 5.083371786220264, 5.083371786220264], 
[6528.323025441248, 5748.537278408538, 903.1376580186316, 722.321822844157, 519.7387187504322, 343.6656385809216, 282.8888076414019, 205.19311137862957, 146.60089101320708, 80.25510227278924, 40.207123875762676, 20.121079390937236, 15.92140092084895, 15.629212526179156, 12.637549307372383, 11.85294221352571, 10.039569240852957, 6.278642523140142, 6.278642523140142, 4.363150271032218], 
[10497.32193422247, 8007.252295091425, 1816.119553521519, 1508.4973511639485, 1175.323532536356, 1028.9984814014301, 816.7452830935449, 630.2528628889255, 419.38665981924134, 366.98023571881214, 270.9918532497162, 172.87105911888608, 65.78669148915746, 63.70048017265124, 35.10668092610187, 21.934901890475395, 20.5674355903556, 12.595145280645529, 7.50932369108281, 7.50932369108281], 
[12656.629229647715, 12014.03544527938, 1623.587934386685, 1496.518980492275, 1055.0246531395237, 930.2775128502021, 695.5356044411092, 605.2535528036677, 335.85190413319594, 244.04992316123395, 157.4528827887295, 89.25088234195618, 33.1145439639388, 28.281793627864094, 15.73712016074155, 13.998340845275536, 12.232269484651386, 8.991030614419085, 8.991030614419085, 5.607260877026354], 
