[497.67699379344884, 497.67699379344884, 183.40526019890692, 143.58394802637957, 135.53837649668074, 116.47231261566414, 105.90182139892704, 90.88665381187263, 74.08291451587272, 58.66076446784753, 52.429383425471364, 37.35761074000083, 32.19849184645112, 29.127888514895687, 20.641940705387665, 14.592476491832036, 13.864640189970073, 11.851354449953412, 6.080902462783371, 5.097214266670024], 
[1511.3379563933686, 1279.9504954978356, 410.6690466623786, 285.20694544472576, 182.30645840388365, 180.7692376694844, 146.4279608480366, 138.22091359612145, 102.86630835724854, 102.63345932051595, 77.82868296040776, 67.22680706780214, 59.605712122030766, 51.35508678439879, 40.86731417202207, 38.48926714350283, 30.659293855563924, 26.018520092228815, 21.764968310720988, 16.250101881945415], 
[1488.8331861638078, 1063.0220845845975, 485.5164896815053, 413.04963928843983, 322.7641775787917, 231.8149275475914, 178.71508129842326, 173.02104132806932, 139.18802176584347, 105.1555349457005, 85.61132962859321, 51.07577228111131, 51.07577228111131, 48.68406507114324, 32.550559115027866, 32.20689121785157, 25.7175522943112, 25.7175522943112, 19.379723048290824, 17.40284693172928], 
[1613.579508890638, 1203.9668783531974, 261.37350057104914, 231.32633476222117, 219.99885672992121, 194.6197329416156, 179.24619444452165, 151.26242827543624, 134.33226299767963, 113.7208282829038, 111.72377138480722, 101.79955536165292, 87.27995143721395, 76.85966815758199, 64.5667000869703, 45.986312660964636, 45.986312660964636, 39.61060230269091, 36.204849608057344, 30.478777103750918], 
[978.8198583757422, 978.8198583757422, 221.95158116098779, 157.29571832649367, 157.29571832649367, 148.20545178884586, 98.85232602386768, 91.67279822933631, 58.850784673895156, 44.93421221871812, 44.2701814700217, 36.20502125366223, 27.713771659879015, 16.913493816094363, 16.866655404986876, 16.858731963008314, 15.151210238786812, 13.135164980689828, 12.457848448888145, 12.457848448888145], 
[1077.4765731658408, 885.9427937261751, 268.8368931310026, 208.2439524760025, 164.5823003665166, 163.5578919631981, 142.46576070110692, 129.89737988164492, 105.00914047283814, 84.57232824907153, 78.67975987695442, 61.95610962206454, 44.938886176428284, 33.94161779373132, 26.390075717196666, 24.620817740397776, 20.93348524818611, 17.390981890511846, 12.553497742927163, 9.445622136619676], 
[801.3075058279638, 801.3075058279638, 287.482680081556, 237.13130991152855, 230.80883848162534, 214.52472821524896, 111.43377296729898, 90.83807284566254, 82.25235257823796, 72.09734199880072, 56.11875546480202, 50.4328452765222, 38.465972112299674, 34.85290115528486, 29.940757900772365, 25.43114795148067, 22.375041139516995, 17.85345576769577, 17.85345576769577, 16.365623824903572], 
[1375.466349881517, 1051.673502731817, 319.71036702380513, 290.4917416954042, 236.71600172379397, 223.18309673388774, 186.02238358833077, 130.73211255463605, 130.10915939450575, 91.99769977518487, 67.72629615645391, 66.51004902975893, 57.76099474893267, 47.03739683415845, 38.089133581107944, 34.53857381727223, 30.787112481441056, 28.49111530159491, 25.4851504383104, 21.162890247177415], 
[924.8852680094908, 555.1296704338819, 290.3191002404524, 162.75087837728185, 162.75087837728185, 161.24266095672695, 109.83798937604952, 109.83798937604952, 101.75822843076236, 84.06217697366962, 71.59120435652385, 61.03206577529573, 52.88437983707254, 41.47853528007305, 24.954365526576808, 24.954365526576808, 13.888165477733969, 13.873070780507923, 10.4662705569321, 8.198001150634871], 
[972.0786794018662, 712.0099709331146, 133.63789115452306, 101.91189553805211, 101.91189553805211, 67.10319845728691, 67.10319845728691, 62.79076433016936, 46.04801558881636, 42.71170039004135, 28.80051331909579, 23.628868717807652, 15.902967256368646, 13.392594408907819, 11.888043449583636, 6.752364916173087, 6.752364916173087, 5.284423366480675, 4.2950796859321345, 4.174109781549126], 
[849.7947008110943, 849.7947008110943, 278.5853178860014, 278.5853178860014, 232.88753694832923, 214.71442936394516, 187.74697223968195, 146.82271750979896, 134.2351238522863, 96.23831326606032, 88.53272613342033, 60.604666657939795, 47.63125489703545, 38.212541180593696, 32.940996187423714, 18.480156406513075, 15.456598282957962, 13.759468062369518, 12.601475438489443, 11.77762999026065], 
[922.7549213537147, 922.7549213537147, 238.00983331577862, 226.29780211028165, 157.0378890784734, 121.0470848795951, 102.40386075063863, 93.50940189123845, 77.78939330522587, 53.1396954291429, 51.193055738393106, 38.92850142440293, 37.922625716760564, 33.231811549127244, 27.407949729553025, 24.558923574589386, 21.442562087120827, 17.87670650293191, 15.692548897675179, 14.242275679423617], 
[1199.831551249056, 944.2995370916037, 373.2683171736132, 307.9516384261033, 267.3541200275347, 230.40694227131857, 193.2653258166908, 161.99927587678053, 143.99042779444483, 96.94096499935654, 85.67533285815404, 68.1585254061529, 60.799827405822576, 47.60599740274464, 44.80335429048186, 40.662600868022864, 37.05512060904061, 28.46690768056658, 25.557063828160103, 23.97460479657687], 
[1921.5050269997364, 1083.792247758052, 417.1891642315434, 265.39194047517077, 265.39194047517077, 189.37202924702603, 189.37202924702603, 164.71012494347036, 144.43929331853644, 137.58409679391926, 113.5198691804575, 95.8714285895507, 74.05424491826307, 62.47898460754603, 53.733532206889265, 45.59220424214822, 41.145671566381985, 38.15261457495625, 35.01835801304294, 26.241711672852713], 
[1096.450518700233, 928.1663003503022, 222.3744101357191, 180.66967905908817, 174.58799577789813, 148.05407919913955, 107.5366233450415, 92.43778110738796, 83.90333580628496, 64.69768021444878, 50.01560291220962, 45.500119479948886, 30.131738802727504, 24.8895290732581, 18.367310961168425, 12.395636454464812, 12.395636454464812, 12.395636454464812, 10.60291227755503, 9.242370416716339], 
[1609.3802578872194, 1513.7771641415527, 373.3917720283403, 373.3917720283403, 251.1351792263801, 245.04075713429683, 188.744882111805, 153.53809601829346, 153.53809601829346, 112.60178337147744, 112.60178337147744, 86.29477416015868, 73.2300395377425, 64.58811597790643, 49.50826776367355, 43.13571128659096, 36.584159766992194, 24.1014683228905, 18.07643260376552, 16.64014241208963], 
[1032.1990039691696, 1032.1990039691696, 193.1601529894069, 189.57803427314164, 169.03500660940614, 141.4897671942087, 130.3086532139634, 102.5564140136526, 66.66816293195645, 64.3569890328353, 50.88460489958676, 42.086992711940134, 27.69630250879439, 25.96238462502548, 20.250057040591933, 14.73283407469496, 14.44541630478362, 11.060617160319278, 11.060617160319278, 9.117620372353592], 
[1127.2477142213284, 1048.9470371625364, 354.9314007154497, 333.43978041808526, 245.23652390580125, 242.18966986083265, 204.75654198131795, 125.88207581618866, 55.280896626756544, 47.245158704793354, 42.279290033686244, 16.867904172250043, 16.320087787237895, 16.320087787237895, 13.486972792007489, 12.564744115734305, 9.787230417052422, 5.584523194637939, 5.584523194637939, 5.577213366893458], 
[694.7726995502804, 606.6942819733794, 341.89453656620583, 325.25346133346574, 276.65587245583555, 205.9026331314664, 187.34610812931905, 137.9794296321242, 125.89240186497128, 107.29980880408674, 89.76977196553337, 68.61403037270743, 58.06934877404317, 48.831596428139854, 45.86907706577499, 30.55527553927225, 23.79797444319663, 17.168487922194636, 9.76102739478644, 9.76102739478644], 
[850.6856106964839, 728.270202855186, 260.54941532710205, 228.96751576561834, 141.62346673413694, 141.62346673413694, 108.76506337790916, 103.5446023150972, 65.32825318649526, 53.8446122238082, 44.23190507893899, 27.542838381353103, 24.989416337460444, 21.147316686684615, 13.903071476310416, 12.425101397127126, 11.411448789562964, 9.360020812176622, 6.708040000216142, 4.165593205054158], 
[1131.943289777559, 857.3429814650617, 220.42209955996347, 185.22107710746278, 165.94992148462913, 139.87431576324067, 135.66400215668986, 105.54578476909387, 84.14398520055448, 77.08414811034662, 55.760171042934196, 55.00117257183058, 49.75244152648242, 40.874370405613504, 36.742417352191914, 25.619567052143072, 24.268495937049252, 19.025647900077857, 13.212075004679107, 11.25402755293343], 
[1517.003698482808, 209.49042528438704, 170.26036347163753, 170.26036347163753, 149.43700657948546, 109.89579769037329, 97.16219080531441, 63.11536990996816, 60.71619425536907, 46.8855810606741, 43.192641182471974, 30.229053427511364, 15.341975798949067, 15.341975798949067, 14.328902428779863, 7.143663629218418, 6.296525855877501, 6.296525855877501, 6.100002189846389, 5.874814215956894], 
[1139.0199428068963, 479.4122015479507, 230.92150411424282, 133.27626847431725, 133.21009540504087, 120.2800859143671, 88.43789535711743, 70.879659559252, 57.61268136063888, 43.94504737272402, 39.11205790621853, 31.41897646907726, 28.254010306238573, 16.471562132405108, 14.498547444000286, 14.498547444000286, 12.019457132692597, 12.019457132692597, 9.957176398311994, 8.926064128123533], 
[1103.0781074890594, 1036.4243519590145, 273.1713805966623, 273.1713805966623, 199.49248415800793, 163.73154111552705, 143.57778214011745, 143.57778214011745, 66.50704887974868, 53.55960249053267, 47.729129841485914, 38.38542909384389, 30.76579727964958, 28.448313378803743, 24.530624351835357, 23.1443992654241, 14.830108858378766, 14.830108858378766, 11.519581168904352, 8.81516650033575], 
[852.5138851716171, 852.5138851716171, 179.43208368883774, 170.85741546695974, 141.65399010429675, 109.4134880413942, 105.04635130974269, 88.55915123610089, 68.95984697738812, 64.62010905649434, 49.87839646132113, 42.29903346310936, 41.32417577596659, 35.087685934518994, 32.2210380827703, 25.309669429603595, 19.914732673693162, 19.85007491406273, 17.667619080499726, 15.73509917325686], 
[1439.433447417894, 1168.2756333561083, 420.8811919220798, 385.57288359475666, 316.58926465342864, 286.05839927280937, 279.6882479337377, 251.30401870652622, 190.44165873299676, 120.02866126139004, 104.12478878621468, 88.98529517180168, 73.02556782085362, 71.73467952613127, 42.58160279923409, 42.38969653532631, 32.958059611058026, 30.378138871920598, 22.068385386247694, 19.55478455384145], 
[920.337514689264, 823.4174630138209, 181.57250089060602, 124.34422468970851, 117.09827088924237, 104.40769760267459, 99.71246888244453, 85.78523112289862, 67.2764462836447, 53.97619100205458, 37.86173391983134, 37.86173391983134, 29.45880790539357, 26.208927788762043, 17.360429210209745, 12.364838107240635, 9.110217628551133, 8.58893793747112, 5.169082494834784, 5.1631202926023985], 
[1468.1995929693044, 683.2771243671154, 365.6428417464236, 290.5344733392535, 241.63161183094053, 204.94277791864653, 123.49523706863532, 122.07153091833646, 120.35300316281632, 97.69651238490333, 84.72592780941442, 55.32481933988193, 55.32481933988193, 42.35779532836089, 35.205023825902224, 33.03803412121525, 26.001639704575243, 20.059956257592486, 19.694454834533687, 17.68528396392264], 
[1246.0242785608189, 1246.0242785608189, 230.9302084186203, 180.8339149693865, 171.8394516454364, 171.8394516454364, 134.80853003156844, 120.66882741906174, 96.0867631899555, 83.48994995769216, 62.41165636641483, 51.54867630321946, 39.57225938872627, 32.94375849363671, 26.685373553916314, 23.028335276427, 16.49364713827623, 11.659219718077145, 11.659219718077145, 8.906685756301373], 
[406.7769585454019, 406.7769585454019, 236.3191588047584, 208.26057539952228, 162.102677885099, 162.102677885099, 123.68158729381722, 116.36041568387577, 82.08212454359496, 51.08437565935565, 49.78468119259478, 38.301219090145075, 35.65099231824097, 23.902349709275036, 16.953844690839027, 15.55604868015528, 11.617258303027247, 10.907329973458003, 9.12248153352268, 8.154418536460978], 
