[247.83234688460502, 166.59615417595373, 107.57348098647127, 67.85600016112231, 67.85600016112231, 67.85600016112231, 67.85600016112231, 50.58439916802201, 50.58439916802201, 41.4636395851534, 41.166463088809294, 41.166463088809294, 41.166463088809294, 41.166463088809294, 41.166463088809294, 41.166463088809294, 41.166463088809294, 41.166463088809294, 41.166463088809294, 41.166463088809294], 
[159.35731499066867, 159.35731499066867, 91.70764255742539, 61.88039115969393, 61.879608700650536, 61.879608700650536, 49.34675501973448, 49.34675501973448, 45.102893339407096, 45.102893339407096, 40.37781303465924, 40.37781303465924, 40.37781303465924, 40.37781303465924, 37.95706995057347, 37.95706995057347, 35.024864092173864, 33.850821734879865, 31.695253080630224, 31.695253080630224], 
[220.45791116278295, 158.4872210239222, 101.24106485309427, 79.89097237954947, 75.27482945867051, 62.133319610393066, 57.84463051456066, 56.75152460710857, 55.85554233570354, 51.42634251296793, 51.17057679354459, 49.91556523031895, 43.85326338207648, 43.85326338207648, 35.20866383528475, 35.20866383528475, 32.3173752912588, 31.87011517593269, 31.87011517593269, 31.87011517593269], 
[196.65442078342502, 112.35411699675825, 109.6389342694792, 90.03156260510582, 89.8733319542948, 69.18368862967252, 69.18368862967252, 65.29178613177483, 65.29178613177483, 65.29178613177483, 55.27405924900051, 55.27405924900051, 55.27405924900051, 55.27405924900051, 55.27405924900051, 55.27405924900051, 55.27405924900051, 55.16091818604842, 55.16091818604842, 54.706191143997046], 
[224.38733654536983, 200.41703234625325, 75.87898694172897, 64.23372220057566, 49.44663109218421, 49.44663109218421, 49.44663109218421, 49.44663109218421, 48.07562037489414, 48.07562037489414, 48.07562037489414, 48.07562037489414, 45.44077038267802, 45.44077038267802, 42.41291105882867, 42.11799051684337, 34.43227036992738, 34.43227036992738, 34.43227036992738, 33.99638135352468], 
[213.13913176867788, 175.11291800433128, 82.30066569259775, 80.85174945494268, 62.337564882644244, 62.337564882644244, 62.00573463370868, 61.60346523605831, 52.70201928148613, 49.71141452170857, 48.600238458184734, 46.56413521436265, 38.388771650821425, 38.388771650821425, 38.388771650821425, 37.729852424571334, 37.729852424571334, 29.61223769333897, 29.20492670280001, 29.20492670280001], 
[252.95028682458752, 191.85019860520484, 84.78268925735841, 81.02455699942595, 81.02455699942595, 77.34908219541508, 65.02524509220646, 56.31361917583675, 56.31361917583675, 56.31361917583675, 56.31361917583675, 50.75320430908305, 46.60726671514676, 45.016530668213576, 45.016530668213576, 36.79170931470722, 36.79170931470722, 32.34068359905086, 32.178654552927675, 30.86267097365301], 
[169.31824387276848, 169.31824387276848, 97.77237019489148, 97.77237019489148, 91.20726006809998, 84.37741208168688, 84.37741208168688, 70.88484626752863, 70.88484626752863, 70.88484626752863, 68.24883400093373, 68.24883400093373, 67.20839909636541, 51.84926548791461, 51.84926548791461, 51.23717029323373, 47.66668269097856, 44.16037281506125, 44.16037281506125, 44.16037281506125], 
[236.84995505016187, 236.61421660552264, 101.04328238360071, 81.33871757906158, 81.33871757906158, 74.76112446530183, 63.53314099320064, 63.503926819029246, 63.503926819029246, 63.503926819029246, 61.183760949146134, 54.52952966760785, 54.52952966760785, 54.52952966760785, 54.52952966760785, 54.52952966760785, 54.52952966760785, 52.502639632666316, 52.457581355917156, 52.457581355917156], 
[150.47054895043615, 150.47054895043615, 75.24879830619425, 75.24879830619425, 59.32461643066642, 58.46927570295148, 58.46927570295148, 58.46927570295148, 53.65858982859187, 46.99193180949875, 44.44092958644345, 41.30004606533773, 41.30004606533773, 36.697821685060134, 35.15877696239038, 35.15877696239038, 32.478573013598144, 32.478573013598144, 32.478573013598144, 31.415930113250745], 
[141.23730572301884, 141.23730572301884, 68.62254931696602, 57.85221528079897, 50.044354394544634, 50.044354394544634, 50.044354394544634, 40.01707980847406, 39.912617242053535, 35.99896339041572, 35.76654063321735, 35.76654063321735, 30.113844591333624, 30.113844591333624, 30.113844591333624, 30.113844591333624, 30.113844591333624, 29.42427425839255, 29.42427425839255, 28.858906836101255], 
[237.13967035817086, 221.8001286481532, 90.8026165179963, 68.87378792960585, 58.54676169132444, 58.54676169132444, 58.54676169132444, 58.54676169132444, 51.82257522279565, 48.76032084621408, 48.115176495333515, 45.499209233084045, 45.499209233084045, 43.557803256865114, 43.3796625065679, 41.78720932232647, 31.44046162571206, 31.44046162571206, 31.44046162571206, 31.44046162571206], 
[223.73670627988776, 195.37889563849774, 76.54380391212075, 63.1979646818604, 63.1979646818604, 63.1979646818604, 63.1979646818604, 62.93188119302709, 62.14873353571538, 47.45906859142729, 47.45906859142729, 41.90460693781876, 38.21658738550908, 38.21658738550908, 31.291087095268548, 30.24932609724268, 30.24932609724268, 30.24932609724268, 30.24932609724268, 30.24932609724268], 
[116.13796277821125, 116.13796277821125, 85.0412630670001, 75.82173413856249, 75.13804151788483, 75.13804151788483, 63.424764311612726, 63.424764311612726, 63.424764311612726, 61.85102456127662, 60.95048900103953, 60.95048900103953, 43.78769513863455, 43.78769513863455, 43.78769513863455, 43.78769513863455, 43.51350100889718, 43.51350100889718, 33.35083850091206, 33.35083850091206], 
[147.38132596701357, 146.49532429139398, 71.46735428457862, 61.897724832537, 61.897724832537, 56.94967804393875, 54.81239096361746, 48.48177498456501, 43.467896076518905, 42.39286375763435, 40.00842096357162, 40.00842096357162, 40.00842096357162, 40.00842096357162, 38.88996693643055, 38.73619495876321, 38.73619495876321, 38.28475838192668, 38.28475838192668, 38.28475838192668], 
[202.837288176892, 201.50639297460475, 100.36754701565918, 95.37921467564615, 91.95454381791592, 91.95454381791592, 77.31928432913976, 76.36852082564889, 68.71671763831593, 68.71671763831593, 54.42840884810633, 54.42840884810633, 54.42840884810633, 54.42840884810633, 54.42840884810633, 54.42840884810633, 54.42840884810633, 48.76077713134727, 48.76077713134727, 48.76077713134727], 
[168.30318059295007, 168.30318059295007, 59.34648264678772, 59.34648264678772, 59.34648264678772, 52.44767503078367, 52.44767503078367, 35.65562643573225, 35.65562643573225, 35.65562643573225, 32.76169289483315, 32.76169289483315, 30.23299543975225, 30.23299543975225, 30.23299543975225, 29.815284837821245, 29.815284837821245, 29.815284837821245, 29.815284837821245, 27.078187287018636], 
[181.60162107970078, 181.60162107970078, 82.47667382093017, 67.75433206280462, 67.75433206280462, 67.75433206280462, 67.75433206280462, 66.56723190674316, 58.56402970075674, 58.56402970075674, 58.56402970075674, 54.574493673670204, 53.67837197197323, 53.67837197197323, 53.08863855866709, 53.08863855866709, 52.348411949433206, 52.348411949433206, 52.348411949433206, 51.080033336847166], 
[144.8675661736978, 144.8675661736978, 60.18464821001269, 60.18464821001269, 60.18464821001269, 29.919531908394998, 29.919531908394998, 29.919531908394998, 29.919531908394998, 29.919531908394998, 29.919531908394998, 29.919531908394998, 25.851258406654694, 24.32279849143131, 21.607591045101397, 21.607591045101397, 20.430399942343154, 20.430399942343154, 19.250261755927852, 19.250261755927852], 
[183.76050500948492, 182.26587805393322, 90.96834798318147, 73.00594435474437, 71.20294864848793, 68.36884768905006, 61.913624236532684, 58.17958826211795, 57.54600886533462, 50.01742765008898, 50.01742765008898, 49.64991181982919, 30.377684280919823, 30.377684280919823, 30.377684280919823, 29.58583575132291, 26.83240472077683, 24.305858432910274, 24.305858432910274, 24.305858432910274], 
[180.39911475231534, 180.3050726831449, 95.95035079291648, 55.24394384692048, 55.24394384692048, 40.80631780888472, 36.80496132972121, 36.80496132972121, 36.80496132972121, 35.2624753090422, 32.298826709962945, 28.540581710719405, 28.540581710719405, 28.540581710719405, 27.779372720143016, 26.985479943940874, 26.985479943940874, 26.985479943940874, 26.985479943940874, 26.719872915603183], 
[196.63017239355975, 150.78949045894015, 90.66166319903738, 52.431900640177574, 52.431900640177574, 52.431900640177574, 52.431900640177574, 52.431900640177574, 52.431900640177574, 52.431900640177574, 52.431900640177574, 52.431900640177574, 49.912481620861186, 48.38300044552177, 47.82291279797622, 47.15855116927652, 42.373312458162914, 41.4342996569725, 40.037710299502535, 40.037710299502535], 
[169.7074284742474, 169.7074284742474, 71.18638694997205, 71.18638694997205, 71.18638694997205, 54.27185956005951, 54.27185956005951, 54.27185956005951, 54.27185956005951, 47.76779471095334, 47.76779471095334, 47.76779471095334, 46.39848090124387, 46.39848090124387, 40.59540445206282, 40.59540445206282, 40.59540445206282, 40.59540445206282, 33.48000110973609, 33.48000110973609], 
[195.56827279183386, 171.23028219199983, 80.67798986989845, 73.3199388283235, 73.3199388283235, 61.36474975975805, 58.69659088866079, 55.58832182036201, 55.58832182036201, 51.87583706190014, 44.95175189119895, 44.95175189119895, 44.95175189119895, 43.84070398178923, 43.84070398178923, 43.84070398178923, 43.84070398178923, 43.84070398178923, 43.84070398178923, 43.74584948270698], 
[197.57196467876534, 176.6839710011358, 76.1380967825786, 68.48430129868481, 68.48430129868481, 60.89422102593687, 60.26500836843973, 60.26500836843973, 60.26500836843973, 59.60364744746464, 59.1360801891611, 54.874961892194484, 49.00423589208668, 49.00423589208668, 48.44064030968134, 48.44064030968134, 48.314721159035464, 47.73875244413918, 47.58157758610024, 46.60688306612238], 
[133.55824607226083, 133.55824607226083, 87.9536313344691, 81.20857160294265, 75.9406918009953, 73.20666716853, 61.1673572338926, 61.1673572338926, 61.1673572338926, 61.1673572338926, 60.94464546499243, 53.42194828814257, 53.42194828814257, 52.89164178496779, 49.15741154360455, 49.15741154360455, 45.67155913345808, 44.36193228311605, 44.36193228311605, 43.13797639751873], 
[172.91883286248768, 167.03243951354685, 86.38895528264231, 74.04117491611225, 55.51365808030921, 55.51365808030921, 55.51365808030921, 55.51365808030921, 39.97481206152304, 39.97481206152304, 39.97481206152304, 39.97481206152304, 39.97481206152304, 39.41186806424453, 39.41186806424453, 39.41186806424453, 38.450600837457635, 38.450600837457635, 38.450600837457635, 38.450600837457635], 
[236.0882666373045, 190.85120117850414, 74.39288517846218, 74.39288517846218, 74.39288517846218, 69.22167928819141, 69.22167928819141, 55.82521536304658, 55.82521536304658, 55.82521536304658, 55.82521536304658, 52.68182307588386, 52.68182307588386, 52.68182307588386, 52.68182307588386, 52.405382317384785, 48.298591926005074, 48.298591926005074, 43.24929774570965, 43.24929774570965], 
[198.28999724913496, 160.40774549388817, 88.19236590811406, 76.86249306702848, 69.78349424787535, 58.91123033356945, 58.67727296121624, 58.67727296121624, 38.79638225133232, 38.79638225133232, 38.79638225133232, 35.88476595992645, 35.88476595992645, 35.88476595992645, 34.602927645592814, 34.602927645592814, 34.602927645592814, 34.13463413779299, 34.13463413779299, 34.13463413779299], 
[182.75986720731163, 182.75986720731163, 59.55993331802572, 59.55993331802572, 59.55993331802572, 59.55993331802572, 59.55224176510956, 58.46580647423305, 52.65151300708427, 52.65151300708427, 52.65151300708427, 52.65151300708427, 52.65151300708427, 52.031407815907, 48.48902416267336, 48.48902416267336, 39.28618419348631, 33.868490679940976, 31.887538918373657, 31.887538918373657], 
