[2179.65895252439, 2092.622858219021, 1908.595825463372, 1908.595825463372, 1834.329421294391, 1834.329421294391, 1618.930011155052, 1618.930011155052, 1618.930011155052, 1618.930011155052, 1618.930011155052, 1618.930011155052, 1618.930011155052, 1618.930011155052, 1587.2716916292934, 1549.2343366720866, 1549.2343366720866, 1549.2343366720866, 1549.2343366720866, 1468.4072091060434], 
[2435.603878432833, 2373.8531073793156, 1606.782990122721, 1606.782990122721, 1606.782990122721, 1606.782990122721, 1606.782990122721, 1606.782990122721, 1606.782990122721, 1559.8823320840638, 1559.8823320840638, 1559.8823320840638, 1559.8823320840638, 1559.8823320840638, 1551.1426076519974, 1551.1426076519974, 1538.016595668918, 1523.3608714283073, 1523.3608714283073, 1398.0055448003009], 
[2216.60408533437, 2216.60408533437, 2216.60408533437, 2016.758276319399, 1972.0487403258549, 1777.0545583463745, 1777.0545583463745, 1746.6916862409148, 1746.6916862409148, 1410.1086551488374, 1410.1086551488374, 1410.1086551488374, 1390.5752803730793, 1390.5752803730793, 1390.5752803730793, 1390.5752803730793, 1231.5603865418284, 1231.5603865418284, 1231.5603865418284, 1231.5603865418284], 
[2242.011782252142, 2199.3599435216793, 1858.9176585653763, 1858.9176585653763, 1858.9176585653763, 1837.5454837986904, 1837.5454837986904, 1720.8817658123571, 1720.8817658123571, 1720.8817658123571, 1720.8817658123571, 1510.0128986109794, 1510.0128986109794, 1258.5480130528986, 1258.5480130528986, 1258.5480130528986, 1200.2376453216234, 1200.2376453216234, 1200.2376453216234, 1054.910962959756], 
[2413.0613701120487, 2413.0613701120487, 2406.2347545077505, 2406.2347545077505, 2406.2347545077505, 1909.2002857757593, 1909.2002857757593, 1811.4922563711616, 1795.6774044513231, 1795.6774044513231, 1795.6774044513231, 1795.6774044513231, 1674.620431956041, 1674.620431956041, 1538.0837575881806, 1460.379384243763, 1460.379384243763, 1460.379384243763, 1460.379384243763, 1356.8488229215463], 
[2375.2208079607003, 2308.7864070997807, 2308.7864070997807, 2064.4603745977815, 1993.2343949848646, 1993.2343949848646, 1993.2343949848646, 1948.0299846659004, 1948.0299846659004, 1912.3178867069137, 1912.3178867069137, 1556.4378021945608, 1556.4378021945608, 1556.4378021945608, 1556.4378021945608, 1252.2146906178873, 1252.2146906178873, 1252.2146906178873, 1252.2146906178873, 1252.2146906178873], 
[2715.6062428242403, 2433.5765349037497, 2308.041131530007, 2308.041131530007, 2095.467015681986, 2095.467015681986, 2095.467015681986, 1909.0465317949393, 1909.0465317949393, 1909.0465317949393, 1909.0465317949393, 1792.8798232081658, 1368.770889199222, 1368.770889199222, 1368.770889199222, 1368.770889199222, 1368.770889199222, 1368.770889199222, 1368.770889199222, 1368.770889199222], 
[2629.91854497865, 2629.91854497865, 2233.532491462362, 1990.684499925998, 1990.684499925998, 1990.684499925998, 1948.7035313835772, 1948.7035313835772, 1948.7035313835772, 1917.11562786889, 1608.2890705239533, 1569.7908705003583, 1569.7908705003583, 1569.7908705003583, 1534.2885501015508, 1482.8701140002877, 1414.6797838876705, 1414.6797838876705, 1414.6797838876705, 1414.6797838876705], 
[2183.656695202213, 2158.2574139985686, 2158.2574139985686, 1952.4876174563747, 1952.4876174563747, 1833.315480576768, 1833.315480576768, 1735.558920744972, 1399.642875298664, 1399.642875298664, 1399.642875298664, 1399.642875298664, 1399.642875298664, 1399.642875298664, 1282.010523055188, 1282.010523055188, 1282.010523055188, 1282.010523055188, 1282.010523055188, 1223.0701788105962], 
[2444.5080777310736, 2318.414603413202, 2318.414603413202, 2318.414603413202, 2151.059804749051, 2151.059804749051, 2136.248534505846, 2123.0069623328454, 1620.627027301824, 1620.627027301824, 1620.627027301824, 1519.1582959877255, 1490.6349076055021, 1490.6349076055021, 1490.6349076055021, 1490.6349076055021, 1490.6349076055021, 1490.6349076055021, 1265.4336149847072, 1265.4336149847072], 
[2223.7206783075235, 2223.7206783075235, 2110.578756358553, 1636.489632448162, 1636.489632448162, 1636.489632448162, 1636.489632448162, 1636.489632448162, 1636.489632448162, 1636.489632448162, 1636.489632448162, 1636.489632448162, 1576.0767697226129, 1576.0767697226129, 1404.0489173573678, 1404.0489173573678, 1404.0489173573678, 1404.0489173573678, 1350.5537895383422, 1350.5537895383422], 
[2537.8322985860104, 2255.6879376402185, 2255.6879376402185, 2255.6879376402185, 2192.030183114608, 2095.634320305504, 2095.634320305504, 1903.3802538677642, 1858.9241489107349, 1839.8208317064546, 1821.6433561970553, 1821.6433561970553, 1766.3362669545363, 1766.3362669545363, 1582.6662239006564, 1582.6662239006564, 1582.6662239006564, 1320.9983182152955, 1320.9983182152955, 1320.9983182152955], 
[2607.867908733796, 2607.867908733796, 2386.030600183125, 2255.1870730349992, 2027.439150708548, 1945.034124658428, 1813.43481905819, 1813.43481905819, 1813.43481905819, 1492.3879991448184, 1150.7348125201697, 1150.7348125201697, 1150.7348125201697, 1150.7348125201697, 1038.6538431975023, 1038.6538431975023, 1038.6538431975023, 1038.6538431975023, 1038.6538431975023, 1038.6538431975023], 
[2518.405942561285, 2503.249701022941, 2357.1387162660967, 2215.1782046146927, 2174.9201720082183, 2090.6672499366314, 1952.0085376416155, 1952.0085376416155, 1693.375361804537, 1693.375361804537, 1693.375361804537, 1379.4005187717044, 1379.4005187717044, 1379.4005187717044, 1379.4005187717044, 1339.8574615981565, 1339.8574615981565, 1339.8574615981565, 1246.74059276057, 1115.9614112004137], 
[2586.1418498489065, 2413.077994865148, 2338.6541253829264, 2338.6541253829264, 2217.5587021037745, 2217.5587021037745, 2217.5587021037745, 2125.3649973232323, 2024.9521055916894, 1840.8872888127798, 1648.2201567867005, 1648.2201567867005, 1648.2201567867005, 1621.947132007741, 1621.947132007741, 1614.300069153161, 1463.3409111078822, 1463.3409111078822, 1182.67163133932, 1145.2856553489091], 
[2526.9449562644304, 2526.9449562644304, 2329.514443134081, 2237.754478814784, 2083.2220718020735, 2017.14882576111, 1905.2030022062481, 1905.2030022062481, 1905.2030022062481, 1790.0970452669958, 1690.2828545305288, 1411.7802479214206, 1411.7802479214206, 1411.7802479214206, 1411.7802479214206, 1411.7802479214206, 1192.7155588002347, 1192.7155588002347, 1192.7155588002347, 1192.7155588002347], 
[2200.1010949563924, 2200.1010949563924, 2200.1010949563924, 1919.5869937763541, 1833.1537692437573, 1833.1537692437573, 1401.5327652718465, 1401.5327652718465, 1401.5327652718465, 1401.5327652718465, 1401.5327652718465, 1363.4266316088078, 1363.4266316088078, 1289.4799595125319, 1273.6732106091777, 1273.6732106091777, 1273.6732106091777, 1254.3775102769187, 1254.3775102769187, 1254.3775102769187], 
[2182.9389120445508, 2170.7904426198893, 2170.7904426198893, 2100.573958604476, 2100.573958604476, 1936.511521322675, 1803.475280143431, 1803.475280143431, 1803.475280143431, 1587.7111104639084, 1587.7111104639084, 1587.7111104639084, 1587.7111104639084, 1240.7140941150647, 1240.7140941150647, 1240.7140941150647, 1240.7140941150647, 1240.7140941150647, 1240.7140941150647, 887.5747300966864], 
[2636.5661090034255, 2624.0405810692523, 2432.1350627215343, 2040.817875267905, 2016.215164779871, 2016.215164779871, 1977.332266135766, 1836.1860480218943, 1836.1860480218943, 1736.1805734163172, 1607.6621203729223, 1506.6941308243727, 1506.6941308243727, 1506.6941308243727, 1506.6941308243727, 1506.6941308243727, 1413.5894528710605, 1404.4448585808527, 1404.4448585808527, 1314.5582567519155], 
[2693.5242957819373, 2545.601673842103, 2231.4425279761517, 2094.5959282344047, 2094.5959282344047, 2094.5959282344047, 1854.0630813557768, 1854.0630813557768, 1837.5701528188843, 1703.5041923929361, 1703.5041923929361, 1703.5041923929361, 1662.9116365471, 1588.895937249889, 1588.895937249889, 1459.700131648768, 1459.700131648768, 1438.4462571461709, 1438.4462571461709, 1422.9482999509623], 
[2365.2654812877263, 2136.1288920586726, 2136.1288920586726, 1759.291383380924, 1759.291383380924, 1718.9308282400484, 1718.9308282400484, 1718.9308282400484, 1718.9308282400484, 1582.2742651151161, 1331.6057748735197, 1331.6057748735197, 1331.6057748735197, 1331.6057748735197, 1331.6057748735197, 1257.0647033111672, 1257.0647033111672, 1257.0647033111672, 1257.0647033111672, 1257.0647033111672], 
[1429.3419413135507, 1429.3419413135507, 1401.1498514425325, 1401.1498514425325, 1401.1498514425325, 1401.1498514425325, 1401.1498514425325, 1401.1498514425325, 1401.1498514425325, 1401.1498514425325, 1400.7703717920622, 1400.7703717920622, 1352.962080952083, 1149.9033693557549, 1149.9033693557549, 1149.9033693557549, 1149.9033693557549, 1149.9033693557549, 1149.9033693557549, 1149.9033693557549], 
[2517.7856302662713, 2162.020113581533, 2162.020113581533, 1848.4889988023997, 1848.4889988023997, 1825.55128393319, 1808.1333968114595, 1693.8777557275894, 1585.227444929043, 1585.227444929043, 1585.227444929043, 1331.1072765317085, 1331.1072765317085, 1331.1072765317085, 1331.1072765317085, 1331.1072765317085, 1331.1072765317085, 1331.1072765317085, 1331.1072765317085, 1239.6301241613214], 
[2520.1926696212554, 2485.6389871288134, 2106.2579556108158, 2106.2579556108158, 2106.2579556108158, 2106.2579556108158, 2106.2579556108158, 2106.2579556108158, 1850.8277064631875, 1835.1409320063935, 1835.1409320063935, 1651.2423601656096, 1651.2423601656096, 1651.2423601656096, 1533.470606361459, 1533.470606361459, 1533.470606361459, 1444.9783133011597, 1444.9783133011597, 1444.9783133011597], 
[2468.560949807319, 2141.6733404436272, 2141.6733404436272, 2115.2042871057743, 1832.3220152984995, 1832.3220152984995, 1832.3220152984995, 1832.3220152984995, 1711.6912589108133, 1711.6912589108133, 1711.6912589108133, 1640.8406748817843, 1584.1584924763947, 1584.1584924763947, 1584.1584924763947, 1566.1621693950433, 1404.6278684178383, 1404.6278684178383, 1318.9570575618877, 1254.1679445135255], 
[2338.0140555480148, 2338.0140555480148, 2061.5642192302853, 2061.5642192302853, 2061.5642192302853, 2061.5642192302853, 2029.6691900106348, 1866.14685008891, 1809.177389156861, 1777.024263944088, 1702.83917116588, 1702.83917116588, 1660.8334923023904, 1660.8334923023904, 1660.8334923023904, 1534.4392526360493, 1534.4392526360493, 1509.302148089046, 1262.5149245639063, 1262.5149245639063], 
[2617.2533494358586, 2532.3407866603056, 2410.224206618547, 2023.226628058168, 2011.048184017025, 2011.048184017025, 1790.3581003367658, 1663.1008387427692, 1529.7265917080304, 1529.7265917080304, 1529.7265917080304, 1529.7265917080304, 1401.4678516813765, 1401.4678516813765, 1401.4678516813765, 1401.4678516813765, 1253.48403055891, 1253.48403055891, 1164.0321319755003, 1164.0321319755003], 
[2520.2240258477896, 2520.2240258477896, 2184.229864028355, 1977.2887622483754, 1977.2887622483754, 1977.2887622483754, 1369.2378299169668, 1369.2378299169668, 1369.2378299169668, 1369.2378299169668, 1369.2378299169668, 1263.4596534522539, 1263.4596534522539, 1263.4596534522539, 1263.4596534522539, 1263.4596534522539, 1263.4596534522539, 1263.4596534522539, 1263.4596534522539, 1263.4596534522539], 
[2573.8072906275065, 2573.8072906275065, 2175.544404101153, 2021.9078612903418, 2021.9078612903418, 2021.9078612903418, 2021.9078612903418, 1876.801530791553, 1709.444455416241, 1685.992211738721, 1669.7814527700866, 1669.7814527700866, 1448.471712828723, 1448.471712828723, 1304.1334594342748, 1304.1334594342748, 1304.1334594342748, 1192.5680931721145, 1192.5680931721145, 1192.5680931721145], 
[2699.1197352747636, 2160.7077740055374, 2160.7077740055374, 1965.014228755968, 1965.014228755968, 1857.772146990892, 1857.772146990892, 1857.772146990892, 1684.5792608035867, 1583.8405909645599, 1583.8405909645599, 1583.8405909645599, 1583.8405909645599, 1578.7793987457962, 1578.7793987457962, 1578.7793987457962, 1545.3415840063312, 1545.3415840063312, 1545.3415840063312, 1423.2032831376264], 
