[896.0981184680918, 657.4155295513438, -194.4547156744486, -248.47885859295525, -275.2999787765982, -280.10468986954373, -309.60127411137216, -356.4565100357356, -368.1028950386549, -404.31124941912293, -416.88174113821657, -437.39449691849967, -442.8244253667139, -453.15973001241366, -467.40079759500344, -477.1927820414193, -477.1927820414193, -480.95429291486346, -490.59410804547895, -491.18440066774235], 
[139.64829433314776, 59.2933822674612, -205.0454823018589, -205.0454823018589, -299.48037367429777, -335.32836476867965, -356.9962959646151, -390.6580913255159, -444.1581482473746, -444.1581482473746, -444.1581482473746, -446.8808848626187, -451.08854493888776, -464.4616983764975, -474.2671818159122, -474.2671818159122, -478.84524599180037, -485.40666902171796, -486.7616616916286, -489.6754878011306], 
[225.0468115774803, 177.68361857888272, -124.67132825064914, -124.67132825064914, -149.64307001817485, -231.44294020978737, -265.43291139392056, -299.60745438027107, -299.60745438027107, -331.4078576815541, -359.93913848092654, -381.422325259161, -397.2454423965203, -408.5423692941167, -418.2699082199397, -439.9389452021987, -442.6814209490851, -461.30936877949836, -463.36767028256133, -467.11482079050364], 
[275.30536041244625, 275.30536041244625, -223.9503598385765, -273.9024382696707, -281.79071644466376, -338.74319448190556, -351.9896385541926, -362.0053439766506, -390.3857047325095, -402.3504071643133, -416.95695432141815, -430.99666398182006, -436.26800603620404, -449.3608760752073, -454.08322188622367, -462.9371678546818, -466.2387868831326, -473.4111905887858, -475.4011241586911, -478.6473728215103], 
[122.95560462462277, 122.95560462462277, -121.33770884718001, -185.1407419688536, -222.3150287526832, -330.6621548435444, -356.81543636463346, -381.7514968166312, -385.74611584076774, -403.28147302085006, -432.8259782419357, -439.95995664685665, -452.46184443664754, -453.8308072038476, -466.6288364378262, -466.6288364378262, -473.06567490721767, -477.33839434124326, -479.76659546577577, -482.4986806225085], 
[991.5316959850807, 372.42992087175776, -121.43415245480935, -185.8844039957504, -226.01675824232723, -354.9180428078655, -354.9180428078655, -382.46198806076694, -410.977496476784, -426.74883743019075, -440.52282268595553, -445.08835659890633, -466.1800102372776, -468.3884622984283, -475.21229825411945, -481.52500914326225, -481.52500914326225, -487.43593631113976, -490.43928469340705, -490.440445653189], 
[848.5358279289842, 652.5578128964669, -193.610867606856, -239.7162771591444, -298.67298452986364, -305.70193429117825, -339.34448122029545, -354.3834471144688, -379.94929666049626, -389.7952932797812, -405.1533972386031, -417.9653691840359, -427.45799153947286, -440.9494167530844, -447.1516723932183, -456.2061731773396, -457.3324481062728, -464.31557321935924, -470.76390883754385, -474.1978346979453], 
[658.2905116906475, 658.2905116906475, -203.12173961213864, -266.75107107525423, -299.84612879982524, -329.6059118942293, -380.7753208985271, -398.2183721118951, -440.41153109987306, -448.3157313559729, -470.74492712871887, -470.74492712871887, -477.79378762049237, -481.0443317603466, -482.78698683847426, -486.3796676026207, -487.93204413598284, -490.07358608751554, -492.02796422366134, -492.3370614103999], 
[-118.69038837299712, -120.5836065776499, -136.36444080177574, -258.53252846103373, -258.53252846103373, -330.52392989373885, -364.04083300048717, -393.41336904802574, -393.41336904802574, -421.8949506247482, -425.73969869032663, -446.21759890340337, -453.8668633830749, -468.38045100995856, -471.0491599406395, -476.2444560948042, -481.13525764397065, -481.28975954210586, -485.5157792161234, -486.7710344303479], 
[329.0882798062996, 269.10314976026984, -274.59269704202256, -279.63145397375854, -328.34042014703493, -334.8415934175866, -382.4028188478936, -411.48595886796994, -415.0000877657085, -429.7523934430886, -446.0377783452921, -463.7650209844142, -465.09273437519664, -473.5891204314, -482.0352925548883, -485.4891084080841, -487.9823849140103, -491.0241609315595, -493.0112954586387, -494.9466381701747], 
[612.02430869815, 224.22965617472323, 4.572122699832278, -44.72799167952371, -88.16587240611682, -133.17153926247897, -157.65452156196676, -252.38792712099252, -277.02091401619475, -329.98209417633905, -332.88903138722355, -355.36350793932456, -372.77596875497943, -385.15988728978044, -413.6158315342901, -439.86560634324627, -450.124795458461, -461.8130628910286, -461.8130628910286, -464.38972504327864], 
[697.4664328181459, 465.83438823723804, -256.26685581391973, -256.26685581391973, -278.51606822507176, -323.17847174662825, -419.76565070098866, -419.76565070098866, -424.5502432709502, -435.8611239277231, -442.38285761190514, -458.8120961839385, -464.9305550107027, -475.5978921509263, -478.8875148046288, -480.2085374590568, -482.6632617424477, -485.6621081723138, -487.6176606922983, -488.73128709599797], 
[934.6032883468442, 771.9416186697911, -283.80298960513767, -289.1391170114016, -359.65181478971783, -396.133852463146, -404.4599892296998, -418.9701722652725, -418.9701722652725, -442.3170028799819, -452.7976003852956, -452.7976003852956, -466.43038435646696, -467.6368397617874, -474.0843769616922, -476.7168133358724, -483.38318946309636, -483.38318946309636, -485.01305635897546, -486.1225915319094], 
[166.80304714562692, 166.80304714562692, -261.5141339714273, -261.5141339714273, -280.4045280078954, -345.0713480525869, -346.5266387437565, -369.01155847044186, -382.57526595690734, -406.36669976960945, -411.5528780968605, -418.4340612996576, -433.15623319171556, -449.0242337073513, -452.23002053942497, -464.2367800883297, -467.74172237327423, -471.80599505567756, -474.7085526572172, -480.17168017377173], 
[302.40218952475766, 167.8976446028504, -235.11448813738593, -293.8373074168294, -341.63331865205134, -341.63331865205134, -374.4113897988421, -391.85761887574336, -409.3865396158885, -430.1743338557471, -446.880708083614, -451.5451780813943, -455.85359761561506, -468.7354400877198, -475.734640978857, -479.0908460754798, -482.7939862363421, -487.3336238856125, -489.7397047867597, -492.64130061796845], 
[1056.915498853519, 1025.6101536056049, -185.02847933686394, -249.13624592788074, -291.21343265262533, -304.94816771752596, -347.9243724421535, -353.4410551376086, -417.53464349366976, -417.53464349366976, -425.83518997146797, -437.0885180131156, -454.66691125802856, -464.5933255118481, -464.5933255118481, -472.9198579917932, -479.14662283855904, -480.09195681273394, -489.1970260225189, -489.2540280459094], 
[1116.6930465218056, 874.9302447713003, -179.3828748429563, -179.3828748429563, -201.2449749936875, -237.01083122768824, -284.42293568184596, -303.5304223987889, -332.9827208438991, -353.55033184717456, -400.4231624330472, -406.44227159087643, -425.0671501723849, -441.7133674857736, -451.6447349405997, -464.37905978278553, -471.50062877252674, -478.8460624662785, -478.8460624662785, -482.9924950233862], 
[618.823807490523, 618.823807490523, -294.9443032080692, -337.55607930349856, -337.55607930349856, -342.078788204217, -397.702358263527, -406.02961847649715, -407.79885343857336, -425.5510186333467, -442.63750923533553, -456.049464606495, -456.049464606495, -473.5154491816049, -473.5154491816049, -476.4655259101007, -476.5971466818757, -483.55607773999753, -483.55607773999753, -483.55607773999753], 
[221.8511410856962, 221.8511410856962, -321.3846854031752, -321.3846854031752, -370.4665526667622, -420.14030444665775, -420.14030444665775, -423.6800349466945, -423.6800349466945, -441.4095558546571, -449.6995523820885, -462.51972820233226, -472.5917806669035, -476.34543642440417, -483.7750963319122, -483.7750963319122, -487.75419918219706, -493.0615633506648, -493.12283790391353, -494.50178077998515], 
[872.3604607983671, 509.9971994048117, -280.26989606807774, -285.86243325244425, -348.94185511660356, -350.23453633264046, -400.30435094550364, -400.30435094550364, -426.6832001398542, -453.40455799275014, -454.92496818722736, -468.26365539938104, -471.1033561370948, -479.13487786117054, -480.47318476574577, -482.6503845312929, -485.59033775772974, -489.2042484731436, -490.30202341375485, -490.63806994308754], 
[961.1014660253545, 387.6065257724731, -291.43404862333773, -362.23453876387464, -364.8339372275642, -425.0255748052863, -444.93112842281465, -444.93112842281465, -448.2656109910577, -462.70345701464265, -478.45680877588654, -480.25421000586607, -486.4646200326696, -493.48113600607996, -493.48113600607996, -494.9636503772091, -495.283371828954, -495.34522339720223, -496.7298021296198, -497.3330198266205], 
[746.306083225983, 331.4116397152487, -246.25410186525627, -291.47133643731877, -308.71737713251446, -332.7906434425478, -360.63186942072053, -376.11199247503623, -408.85583249204717, -415.87113212897674, -437.0330894330541, -450.66118481832194, -460.27978358853153, -469.5530297169733, -478.3148012897783, -484.2519424735615, -486.9210055918497, -487.36860414595844, -490.69525338544645, -490.69525338544645], 
[858.9554364371409, 848.535412976858, -318.30987663504675, -318.30987663504675, -371.61248500684053, -383.1044086521438, -393.05053486098353, -401.736406963544, -410.5907179605982, -436.681122859599, -442.23718802685545, -448.81655139803337, -462.94112664603165, -469.89673198677076, -473.1226825127729, -477.4744333596055, -486.1958606476736, -488.47047670306637, -492.0896078685212, -492.95778192966634], 
[3.12510074005462, 3.12510074005462, -189.16457878472062, -230.86637924864817, -273.0187183727344, -344.55139463974626, -364.87851902542434, -375.000628534052, -405.98674245142615, -434.34276568508426, -437.7423939262897, -448.1475373001993, -451.66332527388073, -465.73673903258435, -476.7987228115439, -476.7987228115439, -479.81888325871654, -483.6510681574787, -484.0775999540747, -487.23084012820806], 
[641.3716307699617, 524.8635921813463, -182.59065840338138, -182.59065840338138, -249.73137214022333, -292.3047219753876, -314.93464967351696, -386.26252575944596, -396.58957770029116, -396.58957770029116, -414.8577102489837, -427.3505296546109, -445.0820514932688, -451.99307279594865, -461.9886230264047, -469.76098271691063, -477.6237914175167, -478.08267575344394, -482.61942596029377, -490.7279469214927], 
[725.0960270558676, 493.5781459460769, -212.54239956665407, -251.36306142217504, -272.174018910586, -304.0778083345762, -313.9989579432096, -349.6642454103754, -354.761152054753, -370.2056428755029, -404.24277993931344, -421.33540033011377, -450.0825173819362, -450.0825173819362, -455.06069317715765, -463.5805236552785, -470.3854864802045, -475.5033718462017, -475.59555619832565, -485.80841296234024], 
[60.32748461910728, 60.32748461910728, -330.57935698683264, -355.73112504884944, -361.2922791344888, -392.62590663217475, -404.99050832055605, -412.5789852830442, -426.4974757088747, -437.2751254066363, -451.5541879302591, -454.9343906712423, -466.13342473674135, -466.6659303507566, -474.7261738884439, -477.68071885861076, -481.45795414962254, -484.3443237859923, -485.76278502447434, -486.18263348846943], 
[227.29899939109043, 227.29899939109043, -422.8851121631028, -422.8851121631028, -461.86817941272744, -463.628425702455, -463.628425702455, -468.4284544921346, -476.0154520294474, -482.1532875729367, -485.32506162160155, -485.7579018347471, -490.95728877063254, -490.95728877063254, -492.40419350390454, -494.47113331881917, -494.70371157363826, -495.72339297871, -495.859568576046, -495.859568576046], 
[766.3662990980711, 224.1887005800594, -354.99508514780075, -375.9961363175663, -389.08714854419435, -396.88394917552364, -423.13876106180857, -437.3583924773595, -451.1500485396476, -456.6508813982608, -459.2811328819655, -471.7848420742142, -478.05890524072504, -479.2651081926187, -483.1324823531341, -485.21456874422717, -485.268975138938, -487.8126443076007, -492.46148746615114, -492.6726199576835], 
[936.7912848233736, 560.8325460052156, -187.43899755836213, -292.879341479305, -340.6566154949978, -369.0396384583637, -389.105154504501, -400.6838059758224, -417.2976520988631, -431.8982671191757, -437.4035913780158, -451.7232869379927, -461.5470472515718, -470.3380161057432, -477.335593351732, -477.335593351732, -479.3589402775459, -483.11652721455033, -484.20156853409316, -488.0444483348367], 
