[572.0412145530904, 557.6740271100593, -325.94690311910364, -325.94690311910364, -358.76546761711506, -358.76546761711506, -406.9215267664659, -431.5945724188973, -431.64946378997706, -437.67637167817446, -451.8466755071264, -456.8969136243435, -465.5716933875591, -475.92103368570446, -478.66661451377877, -478.66661451377877, -481.02209947216363, -489.92287418274583, -490.186228603354, -491.69481849559], 
[885.0972294225187, 730.4350005460908, -189.1478690371269, -214.63789331269197, -291.0033640432098, -315.5258314597383, -337.89132338863567, -402.75874476140035, -432.1812655264868, -439.40516317847425, -453.130755806492, -467.5654546646247, -467.5654546646247, -472.2991635820035, -473.93777487453696, -480.65188852489223, -483.1122565691528, -486.466379040913, -488.63026757788055, -490.4176343412509], 
[391.77130509990354, 391.77130509990354, -323.76545628692884, -323.76545628692884, -337.0817916972202, -379.41380775759177, -416.746986982672, -423.6653373123585, -423.6653373123585, -441.1338574470566, -451.79461060345426, -470.52409995477916, -471.5913484101724, -473.7662797139751, -481.24355881699233, -485.896670120709, -486.7708898549839, -490.73967555499786, -493.32296696540016, -493.32296696540016], 
[705.4082226272928, 432.0506810134731, -297.5380903336393, -297.5380903336393, -326.81900955271715, -334.0306577537493, -367.6395188724068, -378.32434948322214, -395.3942295084922, -430.21759400727615, -447.5806781838983, -452.408304175106, -465.8825416918385, -467.31067797220413, -472.65550186746987, -477.77386499257074, -481.66301026392586, -487.39402500095355, -488.3698234723144, -490.6317538993699], 
[379.89933356781694, 379.89933356781694, -214.19911539067715, -214.19911539067715, -317.9303338603668, -344.2655526188254, -380.64073952880744, -380.64073952880744, -413.90559382385425, -428.2134421924148, -439.7677755265987, -444.10313924829353, -448.8205144867435, -459.8195045716808, -464.9742442249143, -474.0460842192372, -475.4139895827657, -480.1715979963704, -482.6602984810043, -486.5940168463403], 
[686.7418061739768, 686.7418061739768, -132.4777959380079, -174.1761749353539, -327.85370581635493, -356.9225445987695, -356.92846965777215, -394.14039529669276, -398.3253423093618, -415.83379706579797, -418.4933487303717, -433.99597209483056, -448.0549618242982, -452.6920509539123, -454.74332958020244, -461.9902401378522, -477.5394447569496, -477.5394447569496, -477.5394447569496, -479.14426255301083], 
[614.175659605082, 614.175659605082, -238.2758568757758, -277.66533036775314, -319.98084981985244, -337.51294933961344, -345.9970962561915, -377.974271266395, -386.0303890520996, -408.154003083242, -429.0327257745361, -455.4457035590286, -458.3047930355686, -466.84155571200995, -469.3926504609727, -474.94766960872215, -478.6984882271042, -480.95682190225756, -482.7342265736897, -485.7185518644272], 
[457.7567688527696, 457.7567688527696, -148.97421864434483, -197.90256504090098, -277.6012263167019, -308.33826123272036, -355.68222429328284, -371.4219324926572, -379.562794116995, -405.59564355644727, -417.92695632137287, -437.86510778854586, -444.5166688379774, -445.1824019727977, -459.89874003754545, -471.5295382769381, -473.1146247371523, -478.813490448121, -485.91560110344955, -485.91560110344955], 
[891.5178012550566, 410.5378478501807, -289.2818349649146, -335.4710085631866, -359.1379835333504, -393.5798641160894, -426.2844279463453, -432.87307730930075, -443.77248898837297, -458.7258022200252, -468.11309665502574, -476.6999523359062, -477.5153076280352, -482.84969684078135, -486.6949268698574, -490.76368011143404, -492.4989690735969, -493.63182695324156, -494.93540732773977, -496.2619280527583], 
[897.9335915860606, 561.6404492013444, -150.68921069635473, -160.55930064837162, -213.0299263839446, -267.6242685902057, -287.0639412532014, -348.62554619126297, -386.2839162037978, -388.1856321862685, -410.60528549193265, -410.60528549193265, -431.7122732758688, -445.97648485649887, -446.2911273109849, -451.4493058141172, -467.9358693340884, -468.5172010125803, -471.2718881644656, -478.05951789526785], 
[582.5242724225889, 582.5242724225889, -127.93164572604911, -196.81729008050968, -214.43012791301584, -304.14724850849666, -333.0601279016149, -333.177118105287, -375.32693822152714, -391.1976775265655, -424.3871934274372, -426.08473028151764, -446.2182632243391, -449.0626204057021, -458.55934756921516, -468.24117270353884, -472.2104997528177, -478.92182088441547, -479.5706400579367, -484.4547192122992], 
[317.88882730435057, 317.88882730435057, -9.542407456217632, -29.05367815604808, -94.06700448318367, -321.9386220802977, -321.9386220802977, -336.1115095115573, -353.4861206605221, -406.23916830239205, -408.52525433420584, -450.37655162927445, -458.28023474663837, -468.4014133854481, -476.72428890089213, -482.1943666770203, -488.30819814082446, -488.41810849008624, -492.82188653797334, -494.528948588168], 
[623.9591537518556, 623.9591537518556, -131.16731969335757, -167.23935765002614, -254.84006367011222, -285.47943911319874, -363.30844013557305, -375.0201569189951, -406.9392185618484, -419.2532986525799, -430.5627885775799, -456.16869400707594, -467.1919194718414, -469.3110095388037, -483.92613018561485, -484.5518826510329, -487.14793171656675, -488.11644114618525, -492.578291809465, -493.5395038929274], 
[861.88017370898, 848.0867743234949, -234.71419565095488, -327.06348574411794, -327.06348574411794, -327.06348574411794, -338.4009206330327, -403.41486968788763, -403.41486968788763, -405.2429233111228, -418.8928862841494, -439.44353859661294, -443.0700055376488, -455.2919923449412, -459.9808994777103, -466.68905467758475, -468.3240532754538, -471.94814671867385, -477.49590370055694, -483.1957467633477], 
[562.3647783319318, 129.53828163405115, -185.82896749693208, -236.66109776159675, -287.53670113308135, -289.3669232678119, -337.4653991475102, -385.7621146692834, -387.27883115711126, -407.89115160576046, -431.32901153167387, -439.7722147758948, -447.8295458604043, -454.61615434026993, -469.4363526366379, -469.970117198368, -471.06792838177586, -473.95022325292564, -475.7338702806742, -478.96035491487584], 
[972.171677795005, 666.4974352468148, -263.72852991760635, -266.31014558364, -272.4550695622428, -320.1872736148115, -349.57085565384455, -403.9786972503045, -403.9786972503045, -416.74483360618916, -444.68245135407403, -447.446946025084, -453.7967896599022, -465.15245735926914, -467.2821300508598, -476.5572631223564, -481.0754431196905, -481.6657502896324, -486.66832638594974, -486.66832638594974], 
[904.0553273055918, 888.5989005610215, -35.11408300632729, -166.0880860830922, -185.18006201721602, -235.14692494342285, -266.5661233423159, -278.92871055755694, -305.30262118813147, -364.3288105170905, -364.3288105170905, -376.87923620343514, -406.7510048935893, -416.96301477933, -444.92242719827146, -446.72030915489364, -457.37443651170054, -460.7740012616058, -463.5281059968537, -467.74623442117013], 
[1011.1974092408045, 771.0401618366172, -207.88318668289475, -361.9260756306535, -361.9260756306535, -361.9260756306535, -364.2239589114997, -388.60346282747366, -407.20087622589045, -431.5005587347117, -448.9990903495739, -459.4019400071798, -462.5047774752123, -472.2577851186675, -477.7508615505319, -482.1742163203505, -483.88570396465684, -484.6524868382405, -486.87614319894203, -489.78345852464224], 
[677.2085898936764, -45.93535122945622, -226.88626424408477, -304.964497898961, -304.964497898961, -326.2446413983996, -358.05854208989786, -397.48932360738877, -406.9568124148027, -416.01592132785896, -431.07891249784524, -445.9537168923273, -466.95319706232937, -466.95319706232937, -466.95319706232937, -470.9125889001479, -475.73494893599707, -480.80283109744323, -484.86905538305194, -485.7264191904463], 
[55.54076767092158, 54.92615527872647, -198.62865558690646, -227.20953025697224, -261.83808899949724, -282.5038017618656, -320.4293196995392, -339.29380764877794, -361.2253827130545, -377.6613635442674, -403.05510416399426, -424.29472219127223, -425.56015879190466, -436.3268456848739, -441.25889590387527, -449.23687962338244, -455.79551349575524, -465.23126184152744, -465.5111324190276, -472.9882533012418], 
[630.0055929370951, 630.0055929370951, -248.63136182538753, -354.64438659831404, -386.1012661176174, -393.54774765413026, -417.68180624971205, -437.4035987963222, -449.4988933144167, -461.97724774811536, -461.97724774811536, -471.8379535783433, -474.1255610462813, -476.5059696147359, -479.43308269852525, -483.9336388545197, -486.2808967398273, -488.06596744187044, -489.0399245406838, -489.0399245406838], 
[949.3382594416632, 91.29687362696961, -280.8914126317468, -354.5699771470228, -372.99073021102134, -403.9764267548994, -429.6930046400133, -455.4134943758605, -457.5763188253362, -467.1580728997003, -470.8771862904734, -481.8173816822134, -487.7725244404215, -487.7725244404215, -487.7725244404215, -490.8155869660175, -492.703314416508, -492.703314416508, -494.04062865504136, -494.8328005569364], 
[1073.9242874356012, 546.1987432411129, -230.09336635101653, -290.10710355989875, -329.4351252856643, -330.97261991738645, -349.0264835640304, -427.965001085861, -429.46156815442987, -429.46156815442987, -438.8950929004455, -451.1221589791201, -460.6028568660976, -466.0723645813695, -476.120829391062, -479.47135980866915, -482.8452906429119, -486.171776787035, -490.93032526794224, -490.93032526794224], 
[463.7666963374985, 131.09827926654623, -201.0603087908517, -251.21625034755598, -310.05778213553936, -346.95749916397665, -347.98131990619726, -380.66886809725264, -395.61111275729587, -414.17181434762983, -424.1088087116995, -428.55827704168655, -442.8558073106444, -451.95815046267717, -456.0449344561047, -465.3672121061254, -469.6211124125001, -472.7344427591786, -476.4833910648775, -479.1251495863643], 
[874.192571947505, 56.08970750985759, -232.5645523312573, -232.76634115522495, -317.998908542779, -339.2313385339412, -407.1900975319967, -419.3024103240924, -435.1456743204423, -435.1456743204423, -444.3148395666847, -464.3646399182518, -468.2521193306691, -474.7580893169728, -478.4331758470294, -483.7033039626412, -486.4015396069639, -487.8698233154918, -491.50949762575004, -494.37214667805824], 
[491.82469620514826, 343.5918172513989, -236.16095809471284, -299.9344603363862, -314.990194539328, -353.3911610130465, -379.9165644868353, -379.9165644868353, -395.7548173974877, -398.24020253314086, -419.73922773412335, -446.5516519379404, -449.7603067732815, -454.6056123353911, -466.17973885734983, -482.6786716098706, -484.7304919864434, -484.7304919864434, -490.12181637293435, -490.12181637293435], 
[955.8396844728022, 126.49552681963087, -60.95036565926529, -131.95750877014405, -178.45838732572537, -223.18556087646448, -253.3186357101239, -311.974809828895, -331.005165406109, -384.81411486183356, -395.87978264182817, -415.45395446884106, -429.44824542498816, -436.6113030724986, -447.13225640826425, -458.4019665830458, -472.0179460399824, -476.11481320250203, -477.98206272486476, -483.310075556919], 
[667.8658408194865, 542.505071148224, -269.89773620417213, -316.3829290993351, -318.9215210706726, -360.7907959056779, -381.72651977122985, -382.1890614627223, -403.93421712634836, -431.3973312636476, -437.5606979739051, -445.3377435879012, -454.5737124684349, -468.9720682269187, -474.21227707357434, -479.08400916734536, -480.74752386402804, -486.3710874809086, -487.2105744602334, -491.4523236957592], 
[15.927983006409704, -104.12536515494241, -203.29091422114539, -297.03210452983956, -297.03210452983956, -346.83701951236264, -406.4410830934653, -408.6492231578935, -417.22212827404206, -426.2291318462883, -442.09918111709135, -453.5573132458902, -461.500118410524, -465.69003521024615, -472.0997040108239, -474.0612500313464, -478.19078801929373, -479.88459806131203, -482.4083211708522, -484.19900572776095], 
[614.3164974236147, 463.35858536027433, -249.10017073201, -339.7703676616071, -339.7703676616071, -391.3251008566891, -408.1219966682163, -416.1537053419189, -420.95532812259466, -440.0108120873603, -466.05689379290243, -466.08353836223483, -474.1181033970368, -482.89214703130125, -482.89214703130125, -486.7200592662933, -487.1801199107198, -488.6102368249619, -490.7722256578876, -492.72653223766406], 
