[405.032005630249, 361.88595380394327, 91.54609649725263, 87.06270909239666, 77.52986042246638, 71.98705202745168, 71.98705202745168, 64.25609753660784, 64.25609753660784, 64.25609753660784, 61.2875422702541, 61.2875422702541, 51.1529556304457, 51.1529556304457, 50.07206405428724, 50.07206405428724, 50.07206405428724, 50.07206405428724, 50.07206405428724, 50.07206405428724], 
[358.60867578594645, 298.46819804579, 97.54873431055108, 85.62234057394892, 57.9082221637961, 57.9082221637961, 57.9082221637961, 51.270298598889774, 51.270298598889774, 51.270298598889774, 50.345964434480024, 45.96974265744086, 45.96974265744086, 45.96974265744086, 45.96974265744086, 45.96974265744086, 44.245536938414126, 44.245536938414126, 44.245536938414126, 44.245536938414126], 
[328.56919230730756, 317.46726015813505, 79.48581165653187, 79.48581165653187, 79.48581165653187, 70.57867838941418, 70.57867838941418, 70.57867838941418, 70.57867838941418, 46.430538571477996, 46.430538571477996, 46.430538571477996, 45.61883758469976, 45.61883758469976, 45.61883758469976, 45.61883758469976, 45.61883758469976, 45.61883758469976, 45.61883758469976, 45.61883758469976], 
[378.154056521575, 248.91042884361136, 105.96463342194271, 100.53990670955679, 56.60097164911679, 56.60097164911679, 56.60097164911679, 56.60097164911679, 56.60097164911679, 54.60085793252614, 54.60085793252614, 54.60085793252614, 54.60085793252614, 54.60085793252614, 54.60085793252614, 54.60085793252614, 54.60085793252614, 54.60085793252614, 53.131175397081066, 53.131175397081066], 
[220.22246336031662, 220.22246336031662, 100.5624617972927, 67.7000026663798, 58.80040005182751, 58.80040005182751, 58.80040005182751, 58.80040005182751, 58.80040005182751, 58.80040005182751, 55.80271894414818, 55.80271894414818, 55.80271894414818, 55.80271894414818, 48.6168475163848, 48.6168475163848, 48.6168475163848, 48.6168475163848, 48.6168475163848, 48.6168475163848], 
[398.7386735262446, 233.37578967334372, 90.42368423793698, 67.29543851267442, 67.29543851267442, 57.54462594369234, 57.54462594369234, 57.54462594369234, 57.54462594369234, 57.54462594369234, 55.305778552366256, 55.305778552366256, 55.18329164839058, 55.18329164839058, 55.18329164839058, 55.18329164839058, 47.55737477237279, 47.55737477237279, 47.55737477237279, 47.55737477237279], 
[309.94183661224264, 309.94183661224264, 102.41898066122725, 85.02561600204783, 76.16717524567441, 68.100003491543, 59.7653667343863, 50.36681813130043, 50.36681813130043, 50.36681813130043, 43.61389893002457, 36.052749235615124, 36.052749235615124, 36.052749235615124, 36.052749235615124, 36.052749235615124, 36.052749235615124, 36.052749235615124, 36.052749235615124, 36.052749235615124], 
[359.7003288310383, 359.7003288310383, 65.88022101762861, 65.88022101762861, 65.88022101762861, 65.88022101762861, 65.88022101762861, 65.88022101762861, 65.88022101762861, 65.88022101762861, 65.37173945547772, 63.78563153266744, 59.67545466567353, 59.67545466567353, 59.442250134824974, 59.442250134824974, 56.20395655525947, 56.20395655525947, 56.20395655525947, 56.20395655525947], 
[318.7704675597828, 274.43782974922846, 108.00549453588184, 64.12452320288678, 64.12452320288678, 64.12452320288678, 64.12452320288678, 64.12452320288678, 55.92157545528639, 55.92157545528639, 55.92157545528639, 55.92157545528639, 55.92157545528639, 45.795647003689844, 45.795647003689844, 45.795647003689844, 45.795647003689844, 45.795647003689844, 45.795647003689844, 45.795647003689844], 
[305.3946529349513, 299.38231171206644, 91.11764735061715, 66.65010748046933, 66.65010748046933, 66.65010748046933, 58.815475468564046, 53.515767506928114, 42.871847745981995, 42.871847745981995, 42.871847745981995, 42.871847745981995, 42.871847745981995, 42.871847745981995, 42.871847745981995, 42.871847745981995, 42.871847745981995, 42.871847745981995, 42.871847745981995, 42.871847745981995], 
[270.69216989243495, 270.69216989243495, 106.35592369370411, 78.98438471259749, 76.81940927886384, 66.66196158560429, 66.66196158560429, 66.66196158560429, 64.84739303414561, 64.84739303414561, 64.84739303414561, 64.84739303414561, 58.270929826415454, 53.296014941899074, 53.296014941899074, 53.296014941899074, 53.136082192108276, 48.58251470345917, 48.58251470345917, 48.58251470345917], 
[365.74446645420653, 270.0033063895007, 96.86252656767228, 59.87809758154543, 59.87809758154543, 59.87809758154543, 59.87809758154543, 59.87809758154543, 57.746084763325484, 57.746084763325484, 47.778537367966806, 47.778537367966806, 47.778537367966806, 47.778537367966806, 47.778537367966806, 47.778537367966806, 47.778537367966806, 47.778537367966806, 47.778537367966806, 47.778537367966806], 
[211.14456144489944, 211.14456144489944, 79.36164684960761, 78.26922819092513, 74.90262356809627, 67.35466481687824, 64.61151254983645, 47.19337282595997, 47.19337282595997, 47.19337282595997, 36.98420911158689, 36.98420911158689, 36.64221494104899, 36.64221494104899, 36.64221494104899, 36.64221494104899, 36.64221494104899, 36.64221494104899, 36.64221494104899, 36.64221494104899], 
[343.2541246039322, 343.2541246039322, 84.04960659682573, 79.05328987195821, 68.15139074320071, 68.15139074320071, 68.15139074320071, 67.87257424856423, 65.81540659941614, 65.81540659941614, 62.05788485086178, 62.05788485086178, 44.71055972090875, 44.71055972090875, 44.71055972090875, 44.71055972090875, 44.71055972090875, 44.71055972090875, 44.71055972090875, 44.71055972090875], 
[310.42357412987303, 212.10568870126573, 87.45308411836376, 75.63976589290432, 75.63976589290432, 75.63976589290432, 69.22640161483045, 52.51380798107466, 52.51380798107466, 52.51380798107466, 52.51380798107466, 52.51380798107466, 52.51380798107466, 52.51380798107466, 52.51380798107466, 46.270928125580895, 46.270928125580895, 46.270928125580895, 46.270928125580895, 46.270928125580895], 
[420.64859484983685, 301.1214262984433, 85.02339063310261, 81.73765236430546, 63.452658949689805, 63.452658949689805, 63.452658949689805, 60.17180214744538, 60.17180214744538, 45.81111690362658, 45.81111690362658, 45.81111690362658, 45.81111690362658, 45.81111690362658, 45.81111690362658, 40.254262546977166, 40.254262546977166, 40.254262546977166, 40.254262546977166, 40.254262546977166], 
[386.1498029667565, 236.18420852387302, 73.40337805275425, 73.40337805275425, 68.70800727207273, 53.55785969060996, 49.62608748907368, 49.62608748907368, 49.09053065699866, 49.09053065699866, 49.09053065699866, 49.09053065699866, 42.46378238123044, 42.46378238123044, 42.46378238123044, 42.44212036239392, 37.670774796888054, 37.670774796888054, 37.670774796888054, 37.670774796888054], 
[303.8457171599768, 268.25207163850075, 80.0713436962881, 71.51470587125225, 59.47145773802386, 34.24476418255345, 34.24476418255345, 34.24476418255345, 34.24476418255345, 34.24476418255345, 34.24476418255345, 34.24476418255345, 34.24476418255345, 34.24476418255345, 34.24476418255345, 34.24476418255345, 34.24476418255345, 31.874214598744793, 31.874214598744793, 31.874214598744793], 
[319.20614807338706, 317.6984107826795, 83.24057145403272, 83.24057145403272, 65.06510631850088, 64.03340195180334, 64.03340195180334, 64.03340195180334, 64.03340195180334, 64.03340195180334, 61.06028960503866, 48.2860800357475, 48.2860800357475, 48.2860800357475, 48.2860800357475, 46.17079458014497, 46.17079458014497, 46.17079458014497, 46.17079458014497, 46.17079458014497], 
[292.1731618026636, 292.1731618026636, 94.43329407606683, 68.23852823867675, 68.23852823867675, 65.65970949152859, 65.65970949152859, 64.52427056147238, 63.542940887316746, 57.73169274388785, 50.09853923390897, 50.09853923390897, 50.09853923390897, 50.09853923390897, 50.09853923390897, 50.09853923390897, 50.09853923390897, 50.09853923390897, 50.09853923390897, 46.58601700440212], 
[405.0858211525174, 363.7365419747701, 81.06806583557, 81.06806583557, 81.06806583557, 61.082925730892356, 61.082925730892356, 61.082925730892356, 61.082925730892356, 59.96422590048752, 59.96422590048752, 57.517565624215536, 55.95072943161072, 55.95072943161072, 55.95072943161072, 55.95072943161072, 55.95072943161072, 55.95072943161072, 55.63282353587811, 55.63282353587811], 
[396.0483570344655, 179.07450840416175, 72.56012131664778, 72.56012131664778, 72.56012131664778, 70.273138050743, 68.89771049406603, 51.871748768791655, 51.871748768791655, 51.871748768791655, 51.871748768791655, 51.871748768791655, 39.282761707133474, 39.282761707133474, 39.282761707133474, 39.282761707133474, 39.282761707133474, 39.282761707133474, 37.814243365328565, 37.814243365328565], 
[403.7386002626241, 309.08166671526175, 76.64106091853637, 76.64106091853637, 67.28937033652292, 67.28937033652292, 67.28937033652292, 52.125305448694405, 52.125305448694405, 48.81401325178515, 48.81401325178515, 48.81401325178515, 48.81401325178515, 34.92569782372705, 34.92569782372705, 34.92569782372705, 34.92569782372705, 34.92569782372705, 34.92569782372705, 34.92569782372705], 
[306.1501193087055, 279.1803118329341, 98.11044392213167, 81.39792413430926, 81.39792413430926, 71.10746060551693, 66.15907365134527, 58.28829359934163, 58.28829359934163, 58.28829359934163, 58.28829359934163, 58.28829359934163, 58.28829359934163, 46.76187608887758, 46.76187608887758, 46.76187608887758, 46.76187608887758, 46.76187608887758, 46.76187608887758, 46.76187608887758], 
[333.7741403467055, 282.3646594420103, 102.32094119958862, 79.92985981888975, 69.9582634352615, 69.95781588826063, 69.95781588826063, 53.07542980371642, 53.07542980371642, 53.07542980371642, 53.07542980371642, 53.07542980371642, 53.07542980371642, 51.59386674123343, 51.59386674123343, 46.67304308620864, 46.67304308620864, 46.67304308620864, 46.67304308620864, 46.67304308620864], 
[369.7693461676061, 369.7693461676061, 96.58612879409478, 92.37307642648138, 79.72931756740662, 79.72931756740662, 63.48409079975262, 63.48409079975262, 63.48409079975262, 63.48409079975262, 60.07831361431548, 60.07831361431548, 60.07831361431548, 60.07831361431548, 58.75010982506423, 56.33838219165431, 55.310732507261875, 54.31337942036936, 44.74451689445114, 44.74451689445114], 
[430.19330584585697, 320.90685759319297, 97.77258956487796, 77.55025109620192, 77.55025109620192, 73.54107217861994, 72.49224926231408, 62.5292531331865, 60.29014632358593, 60.29014632358593, 60.2081101287319, 57.45068140164392, 57.45068140164392, 55.87711049305839, 55.87711049305839, 55.87711049305839, 48.092508269613916, 48.092508269613916, 48.092508269613916, 48.092508269613916], 
[328.8129483727964, 328.8129483727964, 88.57044854089006, 80.60629473083046, 62.29491906403925, 62.29491906403925, 57.39703790199343, 57.39703790199343, 57.39703790199343, 43.57494406129285, 43.57494406129285, 43.57494406129285, 43.57494406129285, 43.57494406129285, 43.57494406129285, 43.57494406129285, 43.57494406129285, 43.57494406129285, 43.57494406129285, 43.57494406129285], 
[290.5147120808152, 245.4848824416727, 99.7017209495483, 87.48004112884125, 79.74823411956226, 79.74823411956226, 69.03373160869944, 69.03373160869944, 63.48829103582693, 63.48829103582693, 63.48829103582693, 63.48829103582693, 63.48829103582693, 53.41892547368321, 53.41892547368321, 53.41892547368321, 53.41892547368321, 53.41892547368321, 53.41892547368321, 48.36266381076102], 
[324.7310751583912, 324.7310751583912, 93.91172278033628, 77.1880176742912, 75.29971960110814, 75.29971960110814, 53.17742771990049, 53.17742771990049, 53.17742771990049, 53.17742771990049, 48.108789082812294, 48.108789082812294, 48.108789082812294, 48.108789082812294, 48.108789082812294, 48.108789082812294, 48.108789082812294, 48.108789082812294, 48.108789082812294, 48.108789082812294], 
