[50925574.50348752, 43214896.67026057, 9785275.469132183, 9191490.261100302, 9191490.261100302, 8787879.855712019, 8061164.547327373, 8061164.547327373, 7533776.625977366, 7384262.868364839, 6561587.232961531, 6550912.514530045, 6550912.514530045, 5816775.460277778, 5661144.419164527, 5595404.2492862735, 5546002.4609977985, 5046326.811287592, 4879635.772640868, 4879635.772640868], 
[24720411.27914947, 24720411.27914947, 24720411.27914947, 14282444.820497956, 12897896.354410684, 10501382.027563104, 8787677.799475532, 8423748.383796666, 6787091.402132628, 6309517.902925166, 6117670.051322477, 5742835.654420908, 5559844.495222027, 4763321.006559033, 4265741.304867104, 4265741.304867104, 3628398.772305961, 3628398.772305961, 3563822.4417838017, 3548170.4392954987], 
[114799004.51484585, 30995669.140938975, 20603733.464478306, 20603733.464478306, 18995798.417064175, 14843156.375127679, 14029740.989482794, 14029740.989482794, 12229584.683507169, 11348729.49263437, 10672644.54686353, 10173861.467126125, 9234186.002889806, 9234186.002889806, 8263379.345764243, 7888574.412413024, 7360389.8207828645, 7129492.778920993, 6970465.986930908, 6500229.301970543], 
[9787377.443640068, 9787377.443640068, 9787377.443640068, 9787377.443640068, 9787377.443640068, 9213213.451030605, 9114456.692858694, 7671024.957790096, 7057713.596625855, 5547340.755132231, 5547340.755132231, 5261082.153359635, 5116214.025970049, 5116214.025970049, 5116214.025970049, 4841689.1665372, 4841689.1665372, 4774682.783864314, 4774682.783864314, 4473334.3845636], 
[113793036.48392071, 89060318.22096938, 33123726.364253853, 16112830.049632026, 16112830.049632026, 16112830.049632026, 16112830.049632026, 15962131.744636253, 14153603.303199943, 14023453.056481428, 13737573.47612746, 13137652.622769691, 11671253.839556191, 9878274.535724064, 9878274.535724064, 9878274.535724064, 9878274.535724064, 9878274.535724064, 9242170.418925079, 9192006.438558953], 
[38193472.12518166, 38193472.12518166, 17831337.75136214, 14647150.643743126, 14647150.643743126, 12220037.241474533, 11973604.054148529, 11973604.054148529, 10422658.76775253, 9977000.376057047, 9513367.244206378, 9336987.083198007, 8351209.148742044, 8098245.473512001, 7347146.317589746, 7347146.317589746, 7347146.317589746, 7025284.320726501, 6983854.233644486, 6696556.704205177], 
[83403775.04612263, 39221729.92045332, 7926778.852165449, 7926778.852165449, 6325947.319012446, 6325947.319012446, 6015281.830152349, 5779580.635973353, 5779580.635973353, 5766578.517093707, 5528976.56937373, 5208243.741769394, 4869300.519460967, 4869300.519460967, 4833676.381345929, 4807969.673312583, 4807969.673312583, 4776929.580806557, 4776929.580806557, 4256784.505423369], 
[76124828.68005677, 76124828.68005677, 15514842.223499635, 14627752.86040685, 12549088.373643361, 12398419.384483455, 12300157.518819764, 7459845.947835315, 7459845.947835315, 7459845.947835315, 7411047.590716588, 6538999.786676225, 6323873.820866566, 6323873.820866566, 6323873.820866566, 6323873.820866566, 6323873.820866566, 6323873.820866566, 6323873.820866566, 6323873.820866566], 
[80976215.56001253, 58822387.21388589, 19367634.941903524, 15224403.061822401, 13224976.216544548, 12125240.516113501, 12125240.516113501, 10261677.251803854, 10043872.30771643, 8797974.0937598, 8328326.7905423185, 8000959.051114238, 7835676.924586343, 7157628.129083382, 6941057.3745220145, 5998087.285798435, 5794939.257641693, 5765553.700981322, 5704268.984719419, 5643636.001578577], 
[27207679.159328107, 27207679.159328107, 20879547.30499759, 18796813.71369494, 17288927.64348352, 15763740.756781548, 15763740.756781548, 15460840.826394247, 13168049.171218993, 12989921.924357947, 10293099.960478421, 9074933.673005387, 9074933.673005387, 9074933.673005387, 8649299.656420646, 7947230.065119308, 7352189.113015776, 7352189.113015776, 7076841.545077828, 7035299.969236918], 
[41143090.03574942, 41143090.03574942, 7542328.794851895, 4036716.775605639, 4036716.775605639, 4036716.775605639, 4036716.775605639, 3904745.00377222, 3825227.3139531235, 3550287.3731642086, 3209730.2511683195, 3209730.2511683195, 3209730.2511683195, 3209730.2511683195, 3103764.931914056, 3063594.358146872, 2867232.579254241, 2867232.579254241, 2760650.5779014723, 2731733.336093138], 
[102034623.1745075, 40661584.10194769, 11672021.57102088, 10134008.606273936, 8913871.349317076, 8913871.349317076, 8913871.349317076, 7792617.647955605, 7553116.896167681, 7048105.949645936, 5994907.185920038, 5625001.042552052, 5400559.157596183, 5400559.157596183, 5336657.318905118, 5146960.91743126, 5141188.996895038, 4611191.431622184, 4611191.431622184, 4525089.698860056], 
[91514841.1626585, 53443572.10053998, 14940817.666812522, 12198173.97284462, 11196577.834317116, 10770640.744675023, 10770640.744675023, 9338191.375894023, 9338191.375894023, 8886222.28337028, 8886222.28337028, 8317661.651690085, 7842198.616323012, 7842198.616323012, 7797536.641011279, 7623563.3205359485, 7534346.280868665, 7220199.971439789, 7029450.570463196, 6931261.491709972], 
[124230029.6427552, 50393262.88661651, 9239480.158156628, 8739061.003776927, 8172765.595866763, 7746698.724553539, 6609829.3610924585, 6609829.3610924585, 6341279.318713235, 6341279.318713235, 6213394.194181445, 6213394.194181445, 5713003.300896887, 5713003.300896887, 5618179.942908478, 5574562.036899, 5545735.6996820085, 5543791.3577923, 5309742.389616971, 5309742.389616971], 
[115627368.80186474, 77918383.92182219, 11952919.093291558, 11952919.093291558, 11952919.093291558, 10550094.620095583, 10550094.620095583, 10550094.620095583, 10540600.312285807, 10137722.552339615, 8193020.511830672, 8193020.511830672, 6704617.272133542, 6704617.272133542, 6704617.272133542, 6704617.272133542, 6446400.796547783, 6446400.796547783, 5510021.960520836, 5340863.133230697], 
[79664264.46012633, 79664264.46012633, 27557518.149930432, 17279020.01724106, 16936053.811335113, 13893534.656445272, 12022861.48901273, 10316653.019949531, 8915535.968419911, 7784063.943930227, 7297960.542022045, 6740179.255404493, 6674264.610136555, 6591277.849196261, 6591277.849196261, 6265833.480701246, 6168235.764599339, 6081660.336215291, 5810413.74897306, 5152415.209933169], 
[37439503.805250645, 32863082.490802683, 12287350.689506494, 11905851.33721837, 9972645.971465299, 9972645.971465299, 9972645.971465299, 9972645.971465299, 9270233.445132932, 9177522.511106443, 9014907.355941229, 8507256.15180395, 8507256.15180395, 7899189.828881079, 7899189.828881079, 7870149.09299438, 7695818.831368409, 7629071.996212274, 7458258.866654187, 7339433.807474802], 
[18399438.367726088, 18399438.367726088, 14270071.129398355, 13696495.193716364, 12423237.436457729, 10913582.332654595, 10144396.165603474, 8993359.951069918, 8544346.66556525, 7464050.075606033, 7464050.075606033, 7381387.851977003, 7272316.205796466, 6756465.075507328, 6756465.075507328, 6756465.075507328, 6745469.974932302, 6245781.663496374, 5917866.246540529, 5747364.259008103], 
[101634205.44004487, 18824755.55814404, 18824755.55814404, 18345736.67164598, 18190510.006625116, 16328423.075960083, 15641349.456087654, 14632374.098293692, 12664394.524493702, 12664394.524493702, 12169421.289582059, 12169421.289582059, 11690612.829745846, 10242056.483551394, 7498572.909921097, 7498572.909921097, 7498572.909921097, 6964461.916716459, 6924202.154230206, 6924202.154230206], 
[92310529.96379504, 80497918.18994074, 9229191.796155743, 9229191.796155743, 9229191.796155743, 8062170.9286312135, 8004368.761509773, 7968518.124465553, 7675502.13178963, 7576381.564419582, 7055200.542987224, 7055200.542987224, 6760018.118346895, 6601799.759385156, 6080430.629693778, 6080430.629693778, 6080430.629693778, 5877712.644653015, 5877712.644653015, 5789438.224251458], 
[97287912.45573565, 84881771.62636128, 15603739.403108485, 10579036.675012201, 9550118.45216922, 9478480.501776459, 8934872.040169237, 8830027.431007227, 8792191.688079448, 8244743.005532715, 7755127.387879259, 7755127.387879259, 7536940.154673228, 7392697.101855957, 7392697.101855957, 7298800.665799002, 6913467.655811798, 6869407.257082646, 6869407.257082646, 6090367.167558176], 
[48962693.95538995, 48962693.95538995, 22741894.001893308, 20176955.81926787, 17232848.159433704, 13748781.291789524, 13748781.291789524, 13612136.504251814, 12257360.410275538, 11505668.379889095, 11505668.379889095, 10981824.47644453, 10586051.814716434, 10477943.996565768, 9475693.65197149, 9410908.713571277, 8698523.252645193, 8698523.252645193, 8653881.647916341, 8570539.376656335], 
[95758355.47607774, 67559123.78594367, 23843003.14675294, 21246721.1990401, 20407926.612853415, 17586172.79574894, 16292408.942557162, 14358490.374883588, 14358490.374883588, 13524031.915661786, 13494185.262397347, 13494185.262397347, 12966942.612053873, 12711210.887114987, 12145615.866541754, 12128916.291148184, 11225253.556387154, 11225253.556387154, 11225253.556387154, 11169880.917337835], 
[45141374.08920852, 45141374.08920852, 11997613.334883645, 10578686.597418502, 10578686.597418502, 10050775.881654704, 8097389.36476057, 8097389.36476057, 7792111.104469142, 7792111.104469142, 7792111.104469142, 7792111.104469142, 7169271.455948597, 7049882.467664791, 6825639.502927129, 6825639.502927129, 6622796.651855361, 6622796.651855361, 6622796.651855361, 6491233.200313174], 
[40597499.25182196, 40597499.25182196, 15500618.68234635, 15131337.641356094, 15131337.641356094, 14330477.597757038, 13321309.96725458, 13057147.388292864, 12662687.746616958, 12662687.746616958, 11945807.99887681, 11477558.580833387, 10929315.726139138, 10319467.952438112, 10166556.698856823, 9717825.685191402, 8748427.800988555, 8668147.567761462, 8498750.75901658, 7695070.024571417], 
[127255714.93600802, 54522527.4951669, 15206630.747573609, 15100753.254551182, 15100753.254551182, 13795815.422299325, 12538745.093189867, 10935545.911143672, 9777899.223762264, 8960000.467404012, 7941185.272082417, 7680205.57382413, 7202574.423966031, 4431262.437318908, 3363976.366960524, 3142922.2493263776, 2275806.8634433635, 2180213.5713482234, 1503055.1504143367, 1503055.1504143367], 
[78844960.13854048, 78844960.13854048, 15590294.120127974, 15590294.120127974, 14840226.873841811, 14279091.909974007, 13055568.9415001, 9752057.38366823, 9752057.38366823, 9752057.38366823, 9752057.38366823, 9752057.38366823, 9752057.38366823, 9752057.38366823, 9752057.38366823, 9650160.843355374, 9650160.843355374, 9237269.586151652, 9030129.178131437, 8439822.097121604], 
[54614554.04176041, 54614554.04176041, 15070458.391209876, 11810419.409213902, 11506381.738709033, 11506381.738709033, 11089628.79063972, 11036937.761126589, 10262829.991074497, 10052827.378385063, 9260547.683020921, 9026380.637131488, 8933532.462200137, 8067730.68621306, 8067730.68621306, 8061367.976265416, 8035867.743105143, 7996701.61870913, 7029945.625219472, 7029945.625219472], 
[95712800.75315851, 60866595.57583765, 11303120.001101095, 11303120.001101095, 11303120.001101095, 11303120.001101095, 10660051.277637586, 9424074.609329375, 9236382.989303416, 8802816.958369214, 8210109.9932620255, 7478648.968103032, 7004200.064652351, 6613055.912745062, 6383523.806124076, 5841373.1844141055, 5841373.1844141055, 5841373.1844141055, 5786060.916598419, 5628258.080353106], 
[73304568.40285876, 73304568.40285876, 17040243.75749913, 16231251.82464098, 16231251.82464098, 15071350.956853868, 14075802.083680538, 13908941.311301533, 13908941.311301533, 12542517.266544249, 11033925.698957575, 11033925.698957575, 10235703.84146214, 10235703.84146214, 10235703.84146214, 10235703.84146214, 9693288.656045951, 9693288.656045951, 9437809.178138327, 8095779.244081329], 
