[248.23393998354925, 248.23393998354925, -197.2450036282017, -249.5928024594746, -254.93621601386434, -319.1323875033551, -352.45460833232306, -380.07168790753786, -393.99309201264, -410.5011052674491, -422.2957348579413, -450.4349218769294, -459.0694170873285, -460.3476083303917, -473.0984152655604, -482.2624620487482, -487.73932543694883, -487.73932543694883, -488.73927769787315, -489.15777463629547], 
[558.6683878907847, 558.6683878907847, -109.32403390336816, -136.76238497528897, -190.60350481320205, -302.695202429185, -305.7455134432324, -305.7455134432324, -349.8187179369636, -378.24297753792365, -422.83076842558773, -430.6692306804893, -438.67951984434075, -446.52154518262495, -451.59315827131843, -456.85897042363615, -461.38151449268463, -476.9128897500844, -479.27180155430364, -485.2291456467522], 
[1249.7696236786614, 457.9645241434183, -144.74891566642293, -175.75563540616844, -254.69351089821606, -254.69351089821606, -332.7616606395803, -360.3562072146724, -364.56568568359603, -371.27949297007206, -400.2975347609046, -422.64640901282195, -445.0049836123941, -445.0049836123941, -455.01725720584403, -456.215980109317, -465.539025236464, -480.9463922195369, -480.9463922195369, -481.54135366648393], 
[920.8486421528332, 305.7338512005872, -227.92164277183286, -337.5912557140174, -337.5912557140174, -337.5912557140174, -338.90570536912185, -359.853255172134, -387.2526171763781, -403.810083626303, -426.63127050110654, -433.28314096996314, -441.53881883285493, -461.9933747980138, -462.6342404409897, -477.49653337232286, -477.49653337232286, -481.66565050078356, -486.4827219147145, -487.31126339203234], 
[270.23280345104047, 270.23280345104047, -312.3854072814092, -317.4770832659035, -334.74680918696134, -334.74680918696134, -360.2150936078404, -393.57902072489213, -405.05190763062427, -417.12538872850325, -442.13423326684426, -442.37566639157166, -449.5633274409241, -467.9647958532443, -470.0541074992415, -471.49048352131035, -479.18587059507956, -484.2667564794276, -486.4012362607757, -489.35015700071745], 
[698.7441784121299, 579.87175498273, -81.26778294952072, -116.76429283531297, -198.96553950052697, -226.42923574365176, -285.5462661133811, -314.47298319307674, -346.16579939038564, -386.3322531906641, -392.5332874831158, -417.44643057212915, -449.5284674565576, -449.5284674565576, -456.34858083824076, -459.1416328232597, -468.25404552457417, -469.8474824940112, -473.1539357025086, -478.09916766829906], 
[506.16758115699497, 506.16758115699497, -202.7223684866134, -228.6785974444599, -268.2194854321199, -373.4279504285147, -373.4279504285147, -397.43028757224675, -425.15145068893855, -434.0962101640228, -466.20280842081996, -466.20280842081996, -469.0611250654012, -477.96791443263714, -478.660324943245, -481.8173080210008, -484.6228836838156, -487.51506091803867, -489.804761283719, -490.7648397193754], 
[1428.9405966239528, 1082.1772600226282, -274.4576359112249, -275.7725943306299, -275.7725943306299, -301.28656237406824, -342.0235043177844, -365.8655215834214, -375.1978713761641, -388.4058902552692, -413.0106880953836, -436.5326524423603, -443.1866459621082, -453.39223153635936, -469.77291310584127, -469.77291310584127, -474.72436893367814, -476.07904981705906, -481.54603111850724, -481.54603111850724], 
[135.12072406455127, 135.12072406455127, -87.75104494872738, -120.24716376702554, -137.52241385730946, -286.6607831622233, -286.6607831622233, -315.08182897492134, -352.3616788195796, -362.8036431594564, -392.5718458029511, -406.2498306196681, -410.5049185878006, -427.5985222791029, -435.1552078760052, -443.7734243772866, -443.7734243772866, -454.96122583270375, -460.1765632351839, -464.8165146154438], 
[841.3601705033791, 835.0694072499232, -38.32731846791842, -66.90537655890023, -170.76216686582637, -210.05490301554136, -249.50937028615067, -282.14942119476075, -316.60184041131447, -368.4465394842175, -385.39730550858417, -408.522509445428, -430.7342107491455, -433.34544072531844, -455.9865763162936, -456.9076264653919, -463.96115005666167, -468.5410560037431, -480.86849627880025, -481.5406479337402], 
[922.3861945498866, 558.5111653262668, -135.36730673316225, -254.2340854963146, -254.90164105918376, -264.933644916656, -319.2436049533626, -386.0625050875434, -396.9480013168844, -422.14702250454866, -436.9311208040376, -451.36598960487345, -457.9572670592596, -463.7942401987097, -479.09782583024014, -479.9131498984871, -480.0846062967616, -484.46433543855284, -488.48400381743954, -488.9024118144365], 
[378.2779258650063, 378.2779258650063, -379.07588748697947, -399.17286134085174, -415.1097979791591, -416.87809702862114, -447.5880509400509, -447.5880509400509, -467.27752179640714, -484.67574181073945, -484.7188358461552, -484.7188358461552, -486.2427668308408, -488.7885568841487, -492.3222033855287, -493.6632766238904, -496.7445499158085, -496.7445499158085, -496.93808078638483, -497.4537678514054], 
[642.3791576262859, 593.3557501164141, -230.4531723330449, -230.4531723330449, -291.07434618968887, -351.98005003150865, -374.5797880702506, -386.71721684762747, -401.9797627654059, -412.9764288070585, -437.62148123791417, -441.9621837960733, -447.140126954254, -462.37452189590084, -462.37452189590084, -478.10078253387854, -478.86950382366666, -483.29499732238753, -483.6306555017996, -489.7913132943811], 
[724.5281600479987, 714.968468871871, -353.94176588038835, -382.46512858483925, -382.46512858483925, -382.46512858483925, -399.60789911018827, -411.70920451686993, -433.4327877278515, -446.28143078527137, -460.1936802755185, -463.8422161761504, -474.22853099705037, -481.4857219043518, -485.5039965577103, -491.8541278671626, -492.721355589462, -495.15696324626913, -496.4256964832137, -498.08494934119517], 
[436.60551627666734, 152.70462747361785, -163.3969439648534, -191.17489328941872, -244.86052738508639, -286.9444262106661, -306.8744190647783, -322.78434817171023, -379.30825576362287, -379.30825576362287, -397.74785153181847, -408.92016802924354, -423.43620547789624, -431.2911889673239, -451.58033743450244, -451.6381496438258, -458.8318219297998, -461.3477220527629, -469.71698244958617, -480.20014491721145], 
[1094.4902633479433, 1051.5064922240442, -53.06138525122668, -134.17202461958908, -136.00561050326047, -232.37060436490293, -303.0567065574301, -343.72546971518136, -376.76850553008705, -382.65643520211563, -429.60951270421856, -429.60951270421856, -445.79325476198744, -461.53791310576264, -471.0032102371655, -472.0857711561871, -479.98563614168654, -482.0472036846205, -483.2019055948472, -485.75489050190714], 
[160.71662779158237, 160.71662779158237, -215.99017269876595, -272.9522141178103, -291.0843571789178, -304.9675410094833, -350.3753868062331, -366.39366194703825, -398.7625199487153, -405.0369462532143, -429.4398290352344, -436.36481223634536, -451.8326592786272, -467.1629974930598, -467.62818644548497, -467.62818644548497, -470.7233158744542, -475.15329094668226, -483.68478541703945, -483.68478541703945], 
[752.3596714939367, 752.3596714939367, -132.0949098481858, -145.79591067393972, -192.1002320803612, -210.42784863437618, -252.58587463155496, -293.2010926136545, -313.44286342922123, -362.48903943855805, -408.34199528475034, -416.80508102638373, -423.879689020995, -426.6496663457517, -450.66509871534083, -451.46410947416587, -462.85335082919056, -462.85335082919056, -470.85785872322185, -474.76660954689606], 
[688.9578922872897, 625.7644903210935, -192.18699137210172, -192.18699137210172, -292.44814322054697, -317.1765150228232, -331.50837611769407, -363.1584007763735, -400.4446775788557, -414.6674529413991, -429.70393624979744, -446.646686768359, -449.212919160258, -462.96318078789204, -473.2082498937849, -476.47097656985784, -487.024111748164, -487.1385925181977, -487.1385925181977, -491.1746407660549], 
[178.76462980268855, 178.76462980268855, -268.6942637942901, -286.01800677011, -323.4620133214579, -341.1146774809022, -394.6978191040698, -405.8933613025056, -421.37773199096625, -445.30161925343936, -459.1496161842384, -470.7430359808387, -470.7430359808387, -474.93388323779044, -481.32104295306596, -483.0473303524542, -485.81603759182735, -490.1887606124559, -491.50363838637594, -492.6796280314728], 
[787.9592623423823, 721.1993328867768, -152.29871261313207, -152.29871261313207, -183.13786753283944, -233.13018498484644, -304.33691895362773, -349.9679258917776, -389.49270816612386, -391.37721350927757, -427.62823578274265, -437.2838200315414, -455.9227325663238, -463.0783937107026, -467.54660819487077, -476.628749655719, -480.1564254505772, -485.263997167599, -489.5309496257841, -491.4033154239775], 
[-101.33076734808742, -101.33076734808742, -281.8712294314305, -284.8672858009229, -322.4703875393769, -376.1332368299489, -376.1332368299489, -401.86914146218703, -412.3166037464108, -429.4956185094238, -442.44155066271065, -459.2297423732605, -459.2297423732605, -465.81400712534503, -473.13805181858896, -480.8287362727451, -481.943632881985, -484.60175759789206, -488.366999795269, -491.21617920296535], 
[497.83434924879657, 497.83434924879657, -248.27597369971866, -262.32419207383475, -283.505717207105, -301.5446968025591, -397.35287377885084, -409.90970664590395, -423.28107880309705, -438.8316502722928, -446.2006134057135, -457.48826983782425, -476.4803727016002, -478.44566485241387, -489.97895699674547, -489.97895699674547, -490.5906422345397, -494.7027508872952, -494.7027508872952, -495.38085499630404], 
[218.75421178418458, 205.6495101175649, -51.19595555107537, -125.46674626854804, -191.67547572364856, -245.0001616223616, -268.4262100216689, -317.00544171401845, -343.33357719934696, -368.198375105144, -396.1095957981188, -425.26520656599484, -443.69114665447904, -454.40201596367564, -462.9292739684984, -469.1138683689269, -472.43531927073843, -473.3998111973387, -477.87244084067027, -478.0271777117166], 
[127.8917249374216, 42.55598296676703, -229.89559995546733, -229.89559995546733, -284.42595113229936, -292.39272576683516, -340.42451683563354, -356.1580206444474, -403.40435752168514, -411.21880934102956, -430.08078630686344, -442.4026986492511, -452.19977057555695, -468.6193670620244, -468.6193670620244, -476.23814428507995, -480.1108027431849, -484.8302734533515, -487.05063652873116, -491.3793883113502], 
[617.580399771666, 49.4539062115756, -255.9399298510166, -255.9399298510166, -327.8539801455755, -367.71482187328303, -425.86171272001843, -425.86171272001843, -438.47970414416557, -443.1275457079043, -467.38798456333893, -467.38798456333893, -475.18152400013844, -481.70388998189367, -481.70388998189367, -484.2496801051067, -487.0511968855125, -489.16538656454776, -489.85031163638655, -491.1310725036818], 
[360.7727368493065, 360.7727368493065, -182.68185528707403, -250.02746292151522, -300.9101683955561, -301.23455687333205, -354.2316745043198, -355.85308529124745, -377.9880652235149, -402.3309048802354, -417.3422672598925, -436.8698166685783, -441.1842239246333, -452.5402317067333, -456.47223879505265, -463.73252586940566, -473.8041747067481, -477.55831705911856, -479.3437932351138, -484.41474440540577], 
[626.5454620475609, 626.5454620475609, -106.2078877198939, -234.7102422280364, -352.211381551879, -367.6313752526786, -367.6313752526786, -436.41809336364446, -436.50585128381783, -436.50585128381783, -460.56477479570617, -462.5532060133938, -474.3552052859582, -481.6500568459385, -482.45222428670536, -485.8155517902112, -487.68527732460956, -490.2246255722831, -492.3942995327076, -492.3942995327076], 
[357.2800505011611, 202.5374274652437, -379.789376431818, -421.5925555726034, -436.7659253398947, -453.7890100540919, -453.8925174588542, -463.8760648898827, -469.14729127211007, -484.55668700885747, -484.7778233455916, -486.08849576657644, -489.6398932968667, -491.4118805782797, -493.79549839632534, -494.69927813195653, -495.3249364857144, -495.3249364857144, -495.49156454298543, -496.7242354471968], 
[779.7100144654671, 762.3312571453584, -227.17095229356056, -266.8111590914999, -328.4406913107453, -328.4406913107453, -356.98647858848585, -374.6399097632309, -405.07413499508505, -419.61530413605453, -420.5730620115285, -445.963094334415, -450.5813941930594, -464.33620260438806, -467.6376918001894, -472.6459943453733, -477.248432827823, -480.06368583660367, -481.42350235559167, -486.3011363828309], 
