[1254.4388947093114, 152.54483597118406, -110.05744254473484, -151.1898840392879, -279.59609680693615, -279.59609680693615, -331.42419207521226, -355.32625120274804, -362.6690283421616, -386.78462442322245, -403.2850979949915, -412.66338425828667, -429.2426333071699, -449.0926609717532, -452.98249341364163, -455.51686864701696, -470.20498116557735, -470.71912992842726, -479.53912403843293, -479.86603096012294], 
[355.82089212624817, 195.0082921520518, -195.65936452604973, -293.88902497559366, -300.909571940452, -323.2348011295477, -390.8645343552839, -407.6628539219338, -429.1148077069505, -459.74592298411994, -459.74592298411994, -468.6093064178092, -486.34973548866066, -487.61242567944527, -487.6551602878645, -492.11575761308245, -493.4580202967458, -493.67789407373095, -494.6210721109371, -494.6905922284342], 
[627.0828491233633, 627.0828491233633, -146.02487431713928, -146.02487431713928, -285.7458326745292, -345.06779186968686, -365.7795748053786, -377.88641533496696, -377.88641533496696, -419.6220375976718, -419.6220375976718, -429.88059267081337, -454.564749702126, -462.50945248508475, -470.6238394896279, -473.2202073485048, -474.5343815767957, -483.92733642906705, -487.0250144613635, -487.9095939763768], 
[837.7746414184883, 344.63018670380893, -326.8622653820846, -326.8622653820846, -343.7193479296377, -354.3823560183588, -389.04024146762526, -399.2505013478904, -424.76010414217933, -436.8999480838163, -438.8886124193619, -450.4642849566378, -464.63282454443674, -473.04830002727306, -474.73626825444154, -482.6424129765958, -491.2553752004036, -491.2553752004036, -492.3502403201325, -494.8640118574534], 
[1084.7541461042977, 114.91847644458278, -287.1930287025946, -287.1930287025946, -314.92019545308847, -336.9890529460746, -362.64600304465614, -380.82693222777016, -384.89773398988956, -407.2846810198562, -421.0268458513014, -422.19691596714824, -440.5184438690396, -452.08874557995273, -464.2019891315564, -472.4366159312296, -472.6701701420868, -477.910369701641, -478.2770576067215, -482.67489729507736], 
[674.0695243840255, 674.0695243840255, -154.37541952486345, -193.68796791244682, -234.3262951154394, -270.3304562409902, -291.15241042384105, -331.204181627338, -335.38088995682915, -368.62218029174835, -394.7010627611934, -441.4084043775781, -441.4084043775781, -455.2550627528371, -466.59142404965735, -482.08342740403316, -484.8769093849223, -484.8769093849223, -490.978303258307, -491.01893383519564], 
[719.0307209704047, 386.80375693796475, -275.5660922115044, -324.359311509006, -405.78251468807764, -412.1618354694202, -435.2670896440692, -444.24882304561055, -450.02520261631065, -460.94727838310297, -474.35621462477644, -479.02010151185715, -483.00057236218424, -484.5013033200721, -489.0413198833077, -489.1167437605214, -492.26985539439164, -493.3927085626213, -495.150880374951, -496.7201043555336], 
[552.1514406699621, 395.13767384227594, -317.9888285915889, -317.9888285915889, -351.45648697821036, -376.2358717132603, -387.5450790394652, -392.39155395107485, -413.6191104768566, -417.698284845163, -433.701051624014, -450.0790757737424, -456.65836699693705, -460.92794005786226, -468.59018205978776, -472.64719464094424, -475.05616228935116, -480.41501078975426, -481.2054723610204, -484.69964812512507], 
[373.9647116357813, 92.85524151364564, -123.32187041402818, -187.7002726978837, -303.3161049195305, -310.36148660364626, -332.6764688892465, -371.12746206524014, -389.13989153012426, -432.01128002679405, -434.2346350481776, -445.67240509950284, -459.0748926698903, -463.11451346159674, -469.48431881194784, -481.3966492449355, -481.3966492449355, -482.24164849070536, -483.6203548493103, -485.73843547878676], 
[660.6376136057679, 660.6376136057679, -266.6446696225109, -269.86388601045894, -291.8329341058556, -341.1087203865137, -388.3819241783569, -391.6718344835823, -412.1326316943247, -421.852420929122, -439.80428204703264, -448.66079684187054, -459.8722541964157, -468.5130680941265, -473.64237803712325, -479.1018579900186, -480.0228891464852, -484.1568453801747, -485.7545754031125, -489.3866472928383], 
[223.6899465525197, 223.6899465525197, -271.343864951879, -318.82929266528697, -326.90266909877914, -326.90266909877914, -368.76617857496524, -387.7217309926916, -395.3843083119377, -417.3628971703, -433.2349386319205, -435.298076009218, -453.83985743386654, -460.1604586748108, -470.5887918946251, -471.805512086477, -475.93144404320583, -477.67357792638626, -481.9298351032199, -481.9298351032199], 
[234.37063862572268, -127.87432600339531, -271.8731273870068, -300.89352447331294, -337.47158181267974, -360.98589021215145, -394.1675010946146, -432.9992019683593, -446.6978889240723, -459.513840551673, -464.2833936288719, -476.8586104774256, -482.5200555139103, -482.54726259406146, -484.0282485156257, -487.0247243955473, -488.06855591013857, -489.13698904382846, -492.33395006279585, -492.99382922204404], 
[655.3174965816775, 270.01010749676936, -229.05191184412286, -276.61491663434975, -304.9521863940596, -323.7245893056489, -378.846387758016, -378.846387758016, -394.2841719607034, -420.56123347086475, -431.33037813248126, -445.85756806608936, -462.7131432475843, -463.8209058653593, -473.06577061510643, -474.6939422282716, -480.47834725221696, -483.32023225377134, -486.1686077884862, -493.29686633338144], 
[701.492208464713, 644.5973990105283, -54.52048159335067, -132.83543823856746, -183.4244167014213, -242.5678586059015, -263.50234675281354, -300.27150288196424, -331.28450915964015, -359.60535032578025, -363.47972704322603, -394.50427393385706, -407.3280202336796, -424.4246883418176, -430.86616268197525, -435.7566407115923, -446.9044433632312, -458.1765485683663, -459.11772211809466, -465.73850431311064], 
[-8.008927312065168, -61.57449420092149, -357.12921237535534, -376.34774814713097, -388.67515824712723, -403.71184881341844, -426.94183995794265, -427.3680897359067, -453.41768759973274, -453.41768759973274, -462.2459546191301, -469.1514771205509, -472.3433289748358, -479.19513867584044, -482.73569099729355, -489.2521170807772, -489.2521170807772, -490.9764694409718, -492.0766721981588, -492.9031835957614], 
[-121.69551546733129, -121.69551546733129, -308.9367761713805, -333.9444350640456, -333.9444350640456, -346.3985133401092, -361.8702174280197, -388.05514210007397, -400.48339008018644, -419.9305662205304, -424.4235250600333, -432.44936968733265, -442.79991934231214, -447.2173362237014, -462.58338964985035, -463.0156655297148, -468.4684543796666, -473.9664825240169, -477.3675036285037, -478.2230640162335], 
[884.2928075597601, 538.1826511908478, -166.96623770114974, -252.4655973943116, -252.4655973943116, -252.4655973943116, -314.39547741878636, -372.87919028354713, -372.87919028354713, -397.5494349327204, -417.00976890108115, -417.385463641695, -426.72999024761384, -443.4918557161062, -458.74369360405717, -460.8132807988633, -473.01935492433506, -473.14862684918825, -473.14862684918825, -474.10167699206664], 
[946.644811725326, 174.46844580963852, -227.02995957197834, -236.1105803575574, -302.7706408368027, -302.7706408368027, -334.6509103083962, -350.22831832988845, -370.4809638258955, -439.14235815345114, -439.14235815345114, -439.4091057187332, -450.07559352947874, -453.6256077221923, -465.3230124111371, -465.3230124111371, -472.8578840417946, -478.3329363502463, -485.04348440630775, -486.78550133004217], 
[824.6058882180023, 772.7488036343534, -45.975296380662485, -108.21481892078123, -169.78268474649252, -202.77413523107538, -331.1446374191858, -331.5582482800031, -345.87462048110757, -371.0434153334494, -396.192068444327, -396.192068444327, -415.664936293935, -434.89771164880676, -439.11174983663176, -446.56161738752076, -453.3257045866878, -466.02097146045446, -466.9264036625936, -479.0065063181172], 
[413.8220151147866, 188.5082439006187, -260.35608547201866, -260.35608547201866, -307.8597366541445, -307.8597366541445, -351.3528640494866, -383.96073683339307, -410.3062278544176, -415.5260202342642, -427.156000252994, -448.0708528866493, -458.47398038820774, -465.1630653491223, -475.84259760639264, -479.5974889450101, -482.08249294070043, -486.078825249056, -492.5941735959379, -492.5941735959379], 
[574.6118298196675, 387.24270598922055, -334.7075713094788, -346.2857970862607, -367.7688289861619, -383.894576002972, -414.0193639040292, -431.8939791163465, -442.20820340462603, -455.9712148625743, -467.119363163079, -474.9765459361685, -480.96091426902376, -483.843768496943, -487.7268953871284, -493.5136727728316, -494.6744253528476, -494.75314433395846, -496.33211868768643, -496.33211868768643], 
[700.0186929025162, 445.1708809722684, -132.50694215934016, -252.6987168203066, -291.2736406171963, -315.1647797761837, -387.9130487228973, -401.02534347209286, -404.7469034176136, -461.86752200802414, -462.78561164132253, -466.0459662440015, -474.9547695291862, -485.2917289358829, -485.2917289358829, -488.63392499487776, -489.7735084958639, -492.36555785551946, -492.681467781082, -494.3686506826563], 
[533.6230154989023, 439.53709047628945, -79.22471564094428, -215.78145594534652, -259.319363251249, -308.47694993319294, -359.9936217075322, -366.3009973084736, -436.1073509590808, -436.34492800029824, -448.6245044550803, -454.21505153070166, -466.00179531817633, -476.7148326593367, -476.7148326593367, -481.820310017721, -485.24417084954075, -486.58029020656363, -488.09426643796587, -490.538518073046], 
[797.7901815588964, 632.8886230576795, -259.76196429591835, -285.07965723735117, -333.75522800796125, -390.6924806776989, -390.6924806776989, -408.5925824506875, -428.95347090357325, -428.95347090357325, -451.1348318761004, -458.57663533703067, -460.775941831578, -463.431770502538, -471.24187635800746, -476.0325343773723, -480.42166297975444, -481.33017819977175, -483.43476916298806, -485.60981835385763], 
[653.1833807389626, 558.4123635587835, -233.03230004327696, -282.61830664670373, -369.7550077433423, -379.89080124791445, -405.873911248966, -419.4909992633751, -448.13296328447746, -458.5382166090637, -459.90204306580904, -475.4893310496701, -478.6447059995239, -482.99589765410997, -490.2818395068421, -490.2818395068421, -492.85900718329407, -493.57981485363007, -493.6286255201553, -496.62643806079274], 
[1389.0687706032622, 578.723393695366, -96.97800424951572, -96.97800424951572, -217.2041160944185, -245.45009628438757, -299.2735941322272, -313.3553980218393, -418.3621497742258, -418.3621497742258, -430.9036814836287, -444.1797908167742, -449.3696645573049, -462.0793034368201, -468.7881813225253, -480.75605483304724, -480.8327345514887, -487.46643368666184, -489.3268809077555, -493.94111827554804], 
[602.573001441222, 91.157306580561, -325.8537129351879, -333.00662008109805, -367.77268209875683, -413.24132451273545, -417.76029602802595, -457.74050590815506, -457.74050590815506, -471.16250157247265, -479.2221781455265, -483.34211924983856, -488.0654732871871, -488.0654732871871, -488.975859948877, -489.0502464748771, -491.73391332764083, -492.9481803206702, -494.61752425204355, -494.61752425204355], 
[677.8735215895497, 295.0166651064262, -194.21565097019726, -320.22911751974334, -382.3303270642955, -383.83308790417334, -384.4140440030928, -411.05827288936155, -423.66019457956986, -443.91622286900486, -447.69592498504807, -461.3569991026024, -466.7128309240727, -475.846561568839, -478.3854638371486, -486.70177643181967, -487.0331786662696, -489.81431072386226, -490.90526531112886, -493.0172059558331], 
[860.7332515257885, 440.8035656517616, -170.94223849112694, -248.0852215915925, -297.6133551680416, -297.6133551680416, -331.24416210572997, -378.5636970143439, -386.27236551416286, -392.37250004872914, -423.1313207425477, -428.71689493666486, -435.14914294891014, -445.9057934021737, -459.92399660466066, -461.7989356994145, -471.6826187575637, -474.31616896709505, -481.26246958672937, -485.95650449969287], 
[650.8690423405387, 297.31795891554214, -106.79332540550735, -154.2849671196297, -286.6191753823774, -286.6191753823774, -314.416822670507, -335.19692103816266, -380.2922459054834, -395.0821828905556, -425.8883557921013, -444.73233791914635, -477.01071578818187, -477.01071578818187, -480.3043967699113, -480.3043967699113, -483.9005792811549, -486.2744137482649, -492.5994873570015, -492.5994873570015], 
