[1372.8455887265277, 1372.8455887265277, 933.746895566183, 852.5385980883791, 817.4758459567204, 778.6549686853145, 778.6549686853145, 776.7286546050998, 729.171126566222, 729.171126566222, 716.196439378911, 655.7394316974717, 653.6094753019535, 626.7436450286805, 604.2461225997722, 569.3868894817078, 555.2168048729311, 532.6053936939046, 481.0401177240246, 481.0401177240246], 
[1341.0998429425547, 1341.0998429425547, 933.8510136882853, 923.9199926256458, 879.8887696696288, 879.0576979723197, 860.3837511716911, 853.9539400560548, 853.9539400560548, 853.9539400560548, 853.9539400560548, 853.9539400560548, 846.3136734656096, 846.0627230571527, 844.6246339230984, 844.6246339230984, 839.8738876262714, 839.0513526039815, 839.0513526039815, 838.6285200512988], 
[1499.4964490148527, 1308.4774969610016, 993.2172960085437, 889.2643527230621, 889.2643527230621, 889.2643527230621, 833.240374250882, 818.9231995875157, 804.2062294238076, 804.2062294238076, 786.1773844776285, 779.9176136630097, 779.3106060572936, 729.8334752521589, 729.8334752521589, 729.3816830054476, 729.3816830054476, 720.9153858257314, 647.2951641369821, 645.5751771949216], 
[1545.704486087355, 1328.752899765226, 964.1339374914346, 906.7934957677688, 867.8998969606967, 867.8998969606967, 867.8998969606967, 867.8998969606967, 857.0385813205983, 857.0385813205983, 857.0385813205983, 845.7807518853498, 839.2310370154639, 839.2310370154639, 829.5638433243884, 829.5638433243884, 829.5638433243884, 808.2908266001159, 808.2908266001159, 801.4626603908689], 
[1461.53166967452, 1437.1699357004031, 895.8244093118482, 861.7932791385103, 835.0742978526346, 811.8248270499894, 811.4447567732094, 811.4447567732094, 811.4447567732094, 795.9053138108416, 795.7424729917807, 773.657913169909, 753.7267115905202, 746.3492472011442, 688.2220705491886, 688.2220705491886, 684.7399788723706, 677.8725947521032, 659.2379247173444, 659.2379247173444], 
[1413.4151701308529, 1357.1036302898967, 1066.5526383040972, 925.7284649131373, 925.7284649131373, 891.3787082240794, 742.203166339146, 742.203166339146, 740.6524440258845, 710.9934249059357, 665.9838755934785, 649.2584921338488, 615.5428042654927, 586.1291120769517, 556.608890916884, 517.8108749353386, 484.8280573403591, 418.59662868245334, 418.59662868245334, 418.59662868245334], 
[1162.1523770309684, 1162.1523770309684, 1053.4424500712328, 1015.5554496179163, 952.8367656269718, 948.0357624227977, 902.745652921939, 902.745652921939, 877.4213617897517, 873.1636146958303, 842.5325994613308, 838.2398994249224, 830.998730252834, 826.4919443053911, 826.3567510537114, 821.7225567113321, 819.6785780685143, 817.4519494543267, 817.4519494543267, 817.4519494543267], 
[1410.4265518841103, 1336.3083479151499, 899.7052427204649, 869.9447272284026, 842.9935889700167, 833.2520545965817, 833.2520545965817, 819.125544521715, 817.6818024272949, 788.1215773812336, 760.5421209604231, 760.5421209604231, 719.7624655314876, 709.614348960406, 677.1715444901988, 677.1715444901988, 671.3813975805209, 634.9096747687214, 617.5847920586745, 617.5847920586745], 
[1637.607634970705, 1438.8151022795846, 903.0218376777576, 865.3152172875523, 865.3152172875523, 865.3152172875523, 856.8024649789074, 826.4953872477531, 776.0508403279005, 768.2933476291366, 747.9397692456405, 740.9362935624972, 739.6319059973322, 729.445621690001, 724.3095464631504, 719.7187398196212, 719.368008790684, 716.986129379386, 709.7329459387629, 708.7279128892641], 
[1150.8088634754072, 1053.0518542704071, 864.6327433197446, 863.806500600371, 821.5743736918832, 813.5931822811439, 801.4172412482579, 800.3152903121165, 800.3152903121165, 785.1468727217743, 770.6498172727524, 770.6498172727524, 770.6498172727524, 770.6498172727524, 770.6498172727524, 770.6498172727524, 766.6977734102846, 766.6977734102846, 761.0105860342322, 760.1065471329498], 
[1378.4294113549681, 1378.4294113549681, 807.9488203647165, 807.9488203647165, 771.6835277251091, 754.5404923858121, 738.0223589419307, 724.7295601240232, 710.7996270286292, 710.1604484663549, 687.0667016049392, 656.6246457490766, 617.9780209015123, 609.2854971498452, 570.5070329936873, 545.258462732433, 500.35796812084436, 491.70052438834205, 434.1335013840143, 412.9882955021263], 
[1464.3235293219009, 1217.11586593716, 937.8561982129947, 894.3541462164756, 883.7705254580289, 847.6546894447146, 832.0330273215277, 814.7994575791765, 814.7994575791765, 814.7994575791765, 805.1174543222833, 804.6779081914983, 804.6779081914983, 804.5355325990296, 800.9093659642842, 780.1558467558407, 779.1646299977176, 765.2911686471931, 761.8745555613691, 730.8320488169247], 
[1284.9111044603133, 1284.9111044603133, 975.4942631032351, 952.1493745840488, 902.6235217068153, 902.6235217068153, 902.6235217068153, 882.3010690770351, 847.9874163563138, 847.9874163563138, 847.5305268946258, 846.9955612182787, 832.2326539690889, 832.2326539690889, 831.2465488418604, 819.2976628627796, 819.0915932809787, 816.9275050174191, 816.9275050174191, 814.125712024386], 
[1532.1509236431018, 1489.7540840091249, 1022.6307977634385, 966.9154253525624, 889.5404834096436, 807.5402233595082, 807.5402233595082, 793.4484911649911, 688.8147902590929, 688.8147902590929, 683.1977791058202, 633.8597078616532, 619.1706766537432, 578.6035454465509, 545.241744952413, 532.3257072518528, 506.9277058836926, 464.91375123156286, 429.69222534008753, 429.69222534008753], 
[1341.2410828412321, 1195.0448747552468, 924.9046039989435, 924.9046039989435, 912.3996845825593, 910.0071782321029, 828.8227783062897, 828.8227783062897, 828.8227783062897, 828.8227783062897, 828.8227783062897, 797.911614737556, 797.911614737556, 753.8772827616009, 753.8772827616009, 753.8772827616009, 752.1859633861841, 744.0968907224151, 707.5202032107331, 644.8229402528058], 
[1519.7956156951307, 980.3245652370492, 930.996921818544, 875.6281408121467, 875.3494393771631, 875.3494393771631, 875.3494393771631, 818.0875798664129, 778.1577012879607, 776.6181696452634, 776.6181696452634, 776.6181696452634, 771.8340860673509, 743.7521814225655, 701.4844159047957, 647.8767584273762, 624.182537787894, 602.2177523994575, 563.6082782105399, 563.6082782105399], 
[1290.9404821822777, 1280.5881945075662, 942.4776807370215, 924.6951937914928, 924.6951937914928, 893.1682255740643, 864.9738678761744, 836.6001777155701, 836.6001777155701, 834.3441321439411, 804.1914864014952, 802.3945712792126, 785.2786615295806, 785.2786615295806, 770.1844536037056, 741.174814827636, 741.174814827636, 738.8483489664959, 694.2599413595168, 685.7523925431733], 
[1402.73024312462, 1402.73024312462, 885.6761434665821, 874.839601274373, 844.5376831032854, 811.2074026898399, 766.7593716469855, 741.374080558903, 739.8335447953882, 730.4881596910279, 730.4881596910279, 708.3663235249127, 708.3663235249127, 708.1685774420132, 708.1685774420132, 703.0153585025088, 703.0153585025088, 693.3994284884594, 693.3994284884594, 690.0390272580207], 
[1433.8995296198823, 1433.8995296198823, 872.917960287665, 872.917960287665, 810.5962364241475, 807.9610708048112, 720.4492071390131, 704.5169489413506, 677.7384702671534, 660.1207046969776, 639.7913903417625, 621.0669602101605, 585.0081045258477, 572.1165967269483, 541.6217485736573, 503.6806935664905, 463.5050155960489, 442.6528312269022, 400.14626818346187, 373.5992370887638], 
[1462.7480974411549, 1336.230174697423, 947.3734748309897, 894.9404622997205, 894.9404622997205, 818.6666383105584, 810.8851678489343, 777.252928105245, 762.7351948440679, 719.4589066603228, 719.4589066603228, 697.1813676898356, 681.6638298915348, 645.9225938475577, 645.9225938475577, 640.6662252364255, 589.6326617686613, 569.0558386109619, 569.0558386109619, 539.0411004673844], 
[1429.7716754028988, 1173.7858668031595, 948.184884077926, 862.6619604205483, 858.5622681833258, 815.4756188707062, 803.8675660526285, 773.7934851772968, 753.7744799074795, 753.7744799074795, 718.6576303916448, 687.9389254546501, 683.9381884700114, 683.9381884700114, 668.4483289305572, 668.4483289305572, 664.5152081116562, 640.2285999897363, 573.960456158272, 573.960456158272], 
[1644.8559350235803, 1402.5394904238462, 990.0507196620446, 884.2506507232968, 884.2506507232968, 884.2506507232968, 883.3143679712477, 853.0592390662853, 853.0592390662853, 849.2852240198666, 849.2852240198666, 849.2852240198666, 848.4394191904839, 848.4394191904839, 825.7202609712383, 825.7202609712383, 825.7202609712383, 818.6696219452919, 788.4490990138954, 788.4490990138954], 
[1429.0159332979792, 1429.0159332979792, 906.2857084430345, 865.3519427438293, 858.0542896511454, 815.2214246005806, 803.2482845158635, 790.1006740651903, 769.4017348335791, 748.1005131761431, 727.6379192903687, 727.5466141308725, 714.5351133760097, 690.806622285149, 690.806622285149, 683.2390476520006, 679.622295105482, 668.3364665382946, 665.804146043839, 647.0650541946542], 
[1256.717025117918, 1225.717349157499, 878.8342963886042, 870.7880094499076, 847.194519201132, 847.194519201132, 847.194519201132, 810.3161829663932, 783.5189488415148, 749.1177573621574, 749.1177573621574, 749.1177573621574, 749.1177573621574, 749.1177573621574, 749.1177573621574, 749.1177573621574, 744.4879559562663, 742.6253639080192, 742.0970711316158, 742.0970711316158], 
[1445.9665878588662, 1265.2815443916147, 891.9135623069185, 860.9682774634877, 806.5714671963556, 800.1727457917981, 800.1727457917981, 751.6061352173343, 751.6061352173343, 716.2617654000753, 674.7028791414159, 671.1722892600214, 671.1722892600214, 635.3093919791789, 635.3093919791789, 626.0581013323168, 596.1176635009981, 560.9540880008924, 557.0424339950489, 525.4250794117074], 
[1103.8745099291996, 1103.8745099291996, 995.8462618782659, 956.0284398492572, 902.8517908991595, 902.8517908991595, 881.2569998286772, 832.1967390203135, 772.9591429223378, 759.8053896672457, 759.8053896672457, 732.9197928374668, 705.760653731314, 677.7919537426662, 657.6940580765539, 639.5073475104341, 595.9933800198377, 563.6476735681688, 514.6906039595209, 478.90055877469246], 
[1288.7020044981168, 1288.7020044981168, 1078.9493892770765, 981.8026347210526, 845.7883182739663, 845.7883182739663, 763.9713972909925, 763.9713972909925, 763.0905612739027, 724.2485928855615, 724.2485928855615, 724.2485928855615, 698.4903128088829, 698.4903128088829, 653.2290499819671, 636.0426378899871, 636.0426378899871, 636.0426378899871, 636.0426378899871, 636.0426378899871], 
[1351.4219514220945, 1351.4219514220945, 910.5395459397545, 881.3710300076514, 881.3710300076514, 854.1502109508141, 840.0434323044734, 832.1537209459987, 802.6427178045698, 802.6427178045698, 789.4504699492361, 767.0371482907044, 747.2034416403828, 731.4263863569338, 720.3760730203545, 715.2554673748672, 704.9660134024064, 699.0028678392731, 699.0028678392731, 698.1621588848059], 
[1327.7834037456291, 1327.7834037456291, 1069.3941276484, 962.8194827569591, 946.6698927518861, 816.1338918570543, 816.1338918570543, 816.1338918570543, 802.9891785478546, 702.2915791855252, 687.327344616273, 622.4041264772889, 581.9345513543575, 552.266283848258, 552.1835594634114, 522.054586323545, 462.8463104586897, 455.93079024699875, 408.4162615187179, 408.4162615187179], 
[1463.8539169914493, 1442.062501076613, 906.4275119412163, 873.740731179571, 870.015556132141, 813.3526148601792, 813.3526148601792, 783.0909390056154, 771.8056270746146, 765.8628329672613, 765.1488334041579, 714.1694251012532, 702.583391906449, 681.500055459835, 640.58351475255, 627.3021416205745, 605.3044393510804, 597.1748536305315, 590.8964906835337, 571.2444379617941], 
