[573.1476384319958, 495.1709243599171, -304.243445743724, -320.43517957481936, -348.77324208245943, -407.1628431224851, -407.1628431224851, -434.35754746561634, -446.3278452476794, -447.42603768020666, -456.83556130544133, -468.0668556187045, -472.27791824687785, -478.01494697313206, -480.6990933566428, -482.48610147091176, -487.33518794821725, -490.3944024017175, -493.97468613726124, -494.6319181331008], 
[830.975298334924, 826.0003316631423, -53.50021034768855, -138.94836693254575, -141.2118782869557, -189.17790765179154, -285.882125972251, -285.882125972251, -304.32998551743606, -330.79900149567425, -369.4243414757118, -377.86911819007423, -409.3250747027092, -452.0621985632967, -454.26787941443814, -454.26787941443814, -462.7631013212804, -471.63770359667757, -474.3679395205425, -479.13236003003294], 
[104.63177008181901, 104.63177008181901, -177.1111566933468, -322.185778378903, -322.185778378903, -347.74295618100894, -347.74295618100894, -408.9650580760482, -426.90696269778954, -426.90696269778954, -441.7131190870863, -446.7959930606631, -454.6203282376416, -462.13798520060095, -462.9477450224002, -471.59282044850653, -471.703176530316, -475.62303430487344, -476.2648619626116, -482.53045516478704], 
[655.2990148124088, 391.97861462271806, -270.5718592621279, -310.32205621298806, -312.15981535321987, -332.4547175121777, -353.9645517327209, -377.6778762399047, -394.39510519943786, -412.206752105214, -418.98644935017177, -430.4190205784975, -448.7432619179535, -461.38765145633835, -464.4653211792323, -474.7399873070515, -474.7399873070515, -480.4684193356716, -480.4684193356716, -483.74250551607764], 
[425.30390253711494, 425.30390253711494, -211.04771582771036, -271.96810835893393, -298.4669267707676, -328.5369968428712, -375.59222004943206, -384.7686683081602, -413.52843241862934, -413.52843241862934, -420.17941643642394, -435.4500142681603, -444.1122843310666, -460.00139577126106, -466.21441950838664, -471.93907450337207, -473.60881696691155, -479.3503435310745, -484.22744860316953, -488.25278359476033], 
[842.9159080811623, 698.9110345577637, -100.96489573858213, -192.64787462806754, -226.9973899278449, -262.46689454011414, -332.84970029486453, -357.4034860333232, -407.20053086127245, -407.20053086127245, -417.2652666726738, -435.7154334295076, -452.36573045582935, -461.14287876987055, -462.2945648148441, -469.41904651384425, -474.07001493782514, -476.88132256834814, -479.1721867043543, -482.53152213354446], 
[217.14414479936693, 217.14414479936693, -300.4762701350452, -324.2464367356523, -338.0051733041298, -354.3347947725704, -388.88408535404227, -390.4322125817833, -401.70013433349413, -411.7842305815202, -430.02271015098023, -438.26579257771107, -448.8476619741926, -457.28533356379006, -457.28533356379006, -469.38999733467494, -475.7913662935856, -476.4623897624497, -478.90211878479823, -485.4650522186287], 
[923.1562481977046, 610.0724004040271, -112.06152390430668, -138.60166426816107, -166.8889512359657, -323.738213560737, -323.738213560737, -346.57469387099184, -348.0930344734137, -375.9998824036695, -434.2538128160745, -442.26571139697006, -442.72555499338455, -455.08432085389654, -465.79108909410104, -468.52450800374186, -477.19647113291813, -480.8634326572512, -482.3609462673203, -485.6476275093344], 
[245.82263879527488, 245.82263879527488, -127.75890888200735, -172.95974877680692, -207.4412426035372, -316.3556721639474, -319.08723797366474, -348.22721654077293, -375.9586808615654, -386.3162217954202, -419.90160948631944, -452.3318854590233, -452.3318854590233, -452.3318854590233, -465.6087687117433, -468.08619148418387, -470.97941771651136, -474.6637947080037, -477.244116637585, -479.029570200819], 
[-161.74635059673068, -161.74635059673068, -352.59683736508697, -352.59683736508697, -352.59683736508697, -353.8582626467561, -364.94379595689594, -387.9455488653724, -414.34388287828244, -427.5922092408367, -434.5889226554508, -455.8410579598156, -455.8410579598156, -465.5673388924868, -470.233519098079, -481.4315845309379, -481.4315845309379, -483.5829378764031, -488.397212886737, -488.6947958751955], 
[949.3557183318596, 778.622117731536, -217.85041433027544, -217.85041433027544, -254.89399673927298, -292.43230345171685, -292.43230345171685, -332.6499876376407, -353.6131080944127, -400.48032088954267, -402.79610193693, -405.8284784534822, -421.4374342892687, -428.5947719561714, -440.7376524910764, -447.2826112548856, -459.37433252824604, -463.5035760354136, -470.1215533306994, -479.7777447166012], 
[440.69494190184184, 440.69494190184184, -91.25995593531309, -163.79069641125488, -222.1783477929527, -345.14882262399726, -364.5216843637794, -364.5216843637794, -391.8138185187801, -392.20829519666404, -409.2083396130207, -429.4255986576689, -438.3894842013729, -445.26146463649184, -453.48535846192, -458.5814880572422, -463.2679474029917, -469.45822347161817, -475.275757381609, -475.43416931557334], 
[1074.9727033742045, 151.32168955148745, -98.69745652023482, -116.36032650471043, -133.53942553756065, -207.84202916460168, -297.2272430228679, -299.63743698722874, -346.8020404068004, -351.78407124607253, -387.53732163905215, -395.05284405705964, -426.5051977046244, -430.4354509890168, -465.9912373263167, -468.75066719083884, -468.75066719083884, -470.09337599905496, -473.5516374277573, -476.4160449855928], 
[336.3660553368145, 145.96524604610488, -206.54696836947113, -299.08331353843494, -299.08331353843494, -358.3408554707492, -366.20503989857013, -385.5135493034918, -389.8377277761191, -408.0846588338591, -442.66357242651986, -448.47409636417956, -455.56102411815925, -468.85302473634795, -482.39317269008365, -483.61805343227064, -484.9792336494952, -488.0892928608194, -490.24308149152574, -490.91045116361124], 
[170.1875063916808, 170.1875063916808, -259.7338501109398, -293.90362513692503, -313.2803064016274, -350.9584013709108, -353.8745797937247, -394.5622813257918, -404.77502268905664, -422.58585876368613, -453.60162450890044, -469.40482851540594, -470.07317663469473, -470.07317663469473, -472.0243388356114, -476.5353608205476, -480.43509927538327, -485.66825274712585, -485.8258452063109, -489.8328774800425], 
[425.1233995136869, 425.1233995136869, -219.38873553191115, -222.6462127453267, -265.72463684422337, -332.5439624710501, -332.5439624710501, -373.55631803804795, -383.56130705957264, -393.6998272183884, -412.58516190908705, -438.75503001393616, -445.5672162745437, -454.50380125197603, -459.07151519332626, -469.59246182926796, -475.90914994222754, -477.62264266177675, -483.00594403781326, -490.10751673145495], 
[970.4077251496753, 901.4234770141445, -139.6868818108066, -172.55720188521644, -197.20452157993776, -231.48332070880383, -258.19355072565975, -286.246248801058, -349.80054045808555, -387.76196778298396, -398.66936514010325, -416.18927566080896, -416.18927566080896, -427.5100853108761, -439.09734677864486, -449.2526298490917, -452.0306702641091, -458.38180105825694, -464.8134366490122, -466.84602580228227], 
[501.28588056901356, 501.28588056901356, -160.6201834416455, -270.24297080035, -270.24297080035, -313.5368795914708, -377.49314144425716, -377.49314144425716, -381.65137111509273, -401.77668507273467, -421.7976598830014, -441.4042189470953, -458.90190378953287, -459.4228496056838, -460.69916745443584, -472.2042706817666, -473.0165536146409, -475.102235604596, -481.62044823911083, -482.9392214256445], 
[745.5266830594537, 734.0928669829598, -243.7930948458211, -318.014213562986, -341.2256467630175, -349.6836274110894, -391.56406216488085, -391.56406216488085, -409.3622768459701, -430.26079059780756, -442.15044045313823, -450.30071330955315, -462.0404218330807, -469.86163729389085, -474.68130060318435, -482.786674491429, -483.9607231070021, -488.07659127396175, -488.83332099204097, -490.6043912191843], 
[260.37371502870064, 99.22960246897992, -220.87298093986658, -344.7498608467136, -344.7498608467136, -344.7498608467136, -344.7498608467136, -377.2693904352537, -391.95894141587365, -398.64374609259414, -417.3605958935267, -431.812805992457, -433.8028398594916, -439.5933225939207, -455.8518267763521, -464.3433904927629, -464.46110102544645, -467.6383029084897, -474.8358621091015, -478.14003597603715], 
[554.9831661508354, 554.9831661508354, -69.00465767846009, -144.57612107081536, -197.83298633694085, -374.46183916499024, -394.58103211903153, -415.6059730597215, -436.08429338284816, -436.08429338284816, -439.38785591034423, -455.78701131567703, -468.4464636573812, -473.0720998305218, -474.99310337924777, -482.2438255692293, -483.22076050161894, -489.64592712160436, -489.64592712160436, -490.82425091420055], 
[722.1057091563093, 722.1057091563093, -162.29846533013279, -182.361599753024, -232.02611855296107, -286.36662817187386, -306.56517010455156, -444.48783348176664, -444.48783348176664, -446.25701720627796, -468.39543025989065, -483.8836048764018, -483.8836048764018, -491.6849614996315, -494.5187765883563, -494.5187765883563, -495.6303015720044, -497.49670333503406, -497.49670333503406, -497.5062429478907], 
[932.7719144075293, 321.09652444983385, -146.09110153313662, -146.09110153313662, -270.8226422646055, -270.8226422646055, -301.2011456873306, -374.7883800114376, -424.106726058782, -424.106726058782, -424.106726058782, -437.13558792128833, -450.4334823195797, -451.24808545263136, -467.43373378715626, -470.9808158795324, -479.014429981793, -479.9938201209093, -485.55287101287644, -487.16237048300377], 
[596.4156346324394, 287.6346297909091, -278.94062701486706, -326.57787883413516, -326.57787883413516, -384.2733450455974, -395.34973125825036, -405.91241852774664, -419.74828216778616, -439.6321943855714, -450.6136374171722, -459.82274353933815, -465.7898036011883, -476.12159543860827, -476.4007983780842, -479.4687028898212, -483.0255003992841, -484.93272617907434, -488.5139439325267, -489.2091083967382], 
[1062.4991582214834, 664.3632833976358, -202.40483336918015, -202.40483336918015, -261.8543749056751, -280.1318401122553, -402.7538484513998, -402.7538484513998, -407.2696690723537, -407.2696690723537, -439.15782393281154, -443.9969853271273, -457.8027395740785, -459.7389542426576, -465.28080434003874, -473.48355207652946, -477.7646594109965, -481.1887983095287, -482.09315843288624, -484.27255788521967], 
[525.1639342601723, 525.1639342601723, -322.26006652414503, -322.26006652414503, -322.26006652414503, -325.6374907697269, -340.9183772611535, -352.00731119767005, -376.3971353526765, -401.99310151022627, -418.10347178844853, -422.89670654638684, -430.38422426049794, -441.2008122788155, -455.15309655691493, -456.8408416122726, -461.61259428455037, -467.9616159658006, -470.8632536995466, -475.70283007499023], 
[293.1360979457605, 259.9990326194088, -269.73963536627224, -291.04303103611255, -331.912307325867, -343.495621661176, -372.7343552021452, -430.30875441186225, -430.30875441186225, -443.35173434107026, -443.35173434107026, -452.94669317756586, -460.2877995284447, -465.1149902711942, -467.8330947413289, -471.3547537815366, -474.93139302018074, -477.7356478512488, -479.4905171293362, -483.1071967847479], 
[162.06057126953021, 162.06057126953021, -167.5111300796038, -248.40128516844015, -350.3468803048817, -381.14255587139684, -381.14255587139684, -406.8755121460491, -406.8755121460491, -429.0464706632651, -441.8272011789274, -460.77408335940476, -473.27261449599655, -473.27261449599655, -476.7809027364032, -477.53419012405067, -480.42722028298954, -482.50081372030513, -485.3335767634469, -489.10787804038114], 
[815.4899252397258, 213.83297160154802, -357.2676222218214, -362.4630021629626, -375.197123350338, -390.5040940983979, -422.57888054651323, -424.8040804034082, -435.53045606842863, -441.10434415327586, -455.2938876340844, -459.22411158358125, -472.0307992001481, -474.3692859269006, -481.1034551514232, -484.4759754728276, -486.4122335170088, -492.22061356953816, -492.22061356953816, -492.48805780282476], 
[351.45653834994823, 351.45653834994823, -188.32076232991312, -288.6786895998256, -382.40893239833133, -430.8367209502373, -430.8367209502373, -430.8367209502373, -442.68095507592005, -454.0489759963693, -458.49020358501656, -471.205466008059, -471.205466008059, -475.61953429531906, -482.82420889188086, -485.3137476258875, -486.26051734380474, -490.26603187380863, -490.7076835899729, -492.3210445642912], 
