[57721.3473802684, 57721.3473802684, 32712.980798886998, 32712.980798886998, 16339.73318826321, 16339.73318826321, 16339.73318826321, 9231.623165552026, 9231.623165552026, 9231.623165552026, 9231.623165552026, 9231.623165552026, 9231.623165552026, 8777.38843344879, 8777.38843344879, 8777.38843344879, 8777.38843344879, 8777.38843344879, 8777.38843344879, 8777.38843344879], 
[85764.92026329614, 38826.61220586087, 35379.97956442813, 35379.97956442813, 32721.28857591834, 32721.28857591834, 32721.28857591834, 24700.25910427497, 20884.616486458624, 18248.14538878863, 18248.14538878863, 18248.14538878863, 17486.91250812117, 17486.91250812117, 17486.91250812117, 17486.91250812117, 17486.91250812117, 17486.91250812117, 17486.91250812117, 17486.91250812117], 
[71832.01876579787, 71832.01876579787, 38915.27381923709, 31859.626607937967, 18256.611626077312, 11445.21974976464, 11445.21974976464, 11445.21974976464, 10507.90409097926, 10507.90409097926, 9894.40865760702, 9894.40865760702, 9894.40865760702, 9894.40865760702, 9894.40865760702, 9797.610968599041, 9797.610968599041, 9797.610968599041, 9797.610968599041, 9517.92744373756], 
[47089.825328724095, 47089.825328724095, 13632.568814319473, 12520.161313962166, 12520.161313962166, 12520.161313962166, 12326.187996697316, 12326.187996697316, 12326.187996697316, 12326.187996697316, 12326.187996697316, 12326.187996697316, 11689.539992138816, 11141.97393431753, 11141.97393431753, 9640.013438709208, 9640.013438709208, 9640.013438709208, 9640.013438709208, 9329.896559992769], 
[59888.757280388076, 54909.48399707942, 54909.48399707942, 28335.833943053127, 28335.833943053127, 23279.72322091489, 19930.791261428207, 15011.83771948572, 15011.83771948572, 15011.83771948572, 15011.83771948572, 15011.83771948572, 15011.83771948572, 15011.83771948572, 15011.83771948572, 15011.83771948572, 15011.83771948572, 14927.176817311296, 14042.14182558426, 14042.14182558426], 
[100230.97468151813, 44442.00251220411, 44442.00251220411, 23040.092545073392, 20239.397744734888, 15428.795248657718, 15428.795248657718, 15428.795248657718, 15428.795248657718, 15428.795248657718, 15428.795248657718, 15428.795248657718, 15428.795248657718, 15428.795248657718, 15260.087564092291, 15260.087564092291, 15260.087564092291, 14936.007480537908, 14936.007480537908, 14216.138274285204], 
[66593.06607120953, 26527.209162865296, 24150.53879672006, 19307.27287270171, 19133.831030961857, 19133.831030961857, 14910.577562243388, 14910.577562243388, 13613.535989117763, 13444.063471125248, 13444.063471125248, 13444.063471125248, 13444.063471125248, 13444.063471125248, 13444.063471125248, 13444.063471125248, 13280.192387101491, 13280.192387101491, 13280.192387101491, 11924.600812784232], 
[36392.32870851497, 36392.32870851497, 36392.32870851497, 25474.690513796577, 25419.828629373387, 25272.79614261762, 22024.75608978686, 22024.75608978686, 21712.79604497761, 21712.79604497761, 20883.81266549377, 17909.185641224794, 17909.185641224794, 17684.147961474395, 17684.147961474395, 17684.147961474395, 17684.147961474395, 17684.147961474395, 16587.503448949632, 16587.503448949632], 
[45938.039886262326, 33539.25145404415, 13211.83685783695, 13211.83685783695, 11235.105360655816, 9524.044354385673, 9524.044354385673, 8128.48287788398, 7976.718063279366, 7976.718063279366, 7976.718063279366, 7976.718063279366, 7976.718063279366, 7976.718063279366, 7976.718063279366, 7976.718063279366, 7976.718063279366, 7976.718063279366, 7976.718063279366, 7976.718063279366], 
[43138.08085201928, 43138.08085201928, 17070.076623910933, 17070.076623910933, 17070.076623910933, 17070.076623910933, 15437.436030514751, 14817.045686758232, 14785.730294361045, 14785.730294361045, 13492.218204062334, 12157.87073739213, 9765.266731365022, 8460.30379612264, 8460.30379612264, 8460.30379612264, 8460.30379612264, 8460.30379612264, 8460.30379612264, 8460.30379612264], 
[73526.0132001302, 73526.0132001302, 73526.0132001302, 32006.274331663855, 24256.12089928707, 21982.06166656524, 21982.06166656524, 19181.77442309518, 18396.880527712525, 18396.880527712525, 18396.880527712525, 18396.880527712525, 18396.880527712525, 18396.880527712525, 16598.015000578624, 16598.015000578624, 16598.015000578624, 16598.015000578624, 16598.015000578624, 16598.015000578624], 
[103410.29941558775, 103410.29941558775, 37232.26204421566, 20848.714943792515, 20848.714943792515, 20848.714943792515, 19199.480207493878, 17722.73578635632, 17722.73578635632, 17469.182485653393, 17301.84405190104, 16656.42164195382, 16656.42164195382, 16656.42164195382, 15707.951063598799, 15707.951063598799, 15707.951063598799, 15707.951063598799, 15707.951063598799, 15707.951063598799], 
[45173.28964063951, 45173.28964063951, 16853.923499962137, 16853.923499962137, 16853.923499962137, 13194.115284773516, 13194.115284773516, 12552.795322029157, 12552.795322029157, 12552.795322029157, 12552.795322029157, 8985.081622600614, 8985.081622600614, 8985.081622600614, 8985.081622600614, 8985.081622600614, 8985.081622600614, 8985.081622600614, 8985.081622600614, 8985.081622600614], 
[67503.66481160621, 19828.86811956132, 19828.86811956132, 16940.04854129842, 16940.04854129842, 16275.792095267863, 16275.792095267863, 14748.956211715791, 12927.992895566858, 11807.984932575762, 11529.549189244688, 11529.549189244688, 11529.549189244688, 11314.783855191836, 11314.783855191836, 11314.783855191836, 10490.634110734602, 10490.634110734602, 10490.634110734602, 10490.634110734602], 
[129721.83755216484, 31088.722639390002, 31088.722639390002, 31088.722639390002, 19524.150144586452, 16309.883110484476, 15826.898662229509, 15826.898662229509, 13283.14982435716, 13283.14982435716, 13283.14982435716, 13283.14982435716, 11341.63483406312, 11341.63483406312, 11341.63483406312, 11341.63483406312, 11341.63483406312, 11341.63483406312, 9922.46240575359, 9922.46240575359], 
[34608.20190863513, 23264.236888819793, 23264.236888819793, 23264.236888819793, 17528.561874185812, 14188.440148901906, 13200.976217998163, 13200.976217998163, 13200.976217998163, 12705.408092873362, 12705.408092873362, 12065.924502424856, 11582.843515467352, 11582.843515467352, 11379.135008126494, 11379.135008126494, 11379.135008126494, 9947.049722694523, 9947.049722694523, 9947.049722694523], 
[91506.33600313074, 35084.50379906701, 31991.238533951466, 30145.855043596148, 17340.539126263448, 17340.539126263448, 17068.841512758634, 17068.841512758634, 17068.841512758634, 16301.762262913777, 15340.740418126476, 15340.740418126476, 12262.984869034335, 12069.374783481851, 12069.374783481851, 12069.374783481851, 12069.374783481851, 12069.374783481851, 12069.374783481851, 12069.374783481851], 
[51647.9334301739, 51647.9334301739, 28065.397849583034, 28065.397849583034, 18630.93044424749, 18281.09493659484, 14162.527400422665, 14162.527400422665, 14162.527400422665, 14162.527400422665, 14162.527400422665, 14162.527400422665, 14162.527400422665, 14162.527400422665, 14162.527400422665, 14162.527400422665, 14114.639727181939, 14114.639727181939, 14114.639727181939, 13430.714249997025], 
[103688.93421695351, 103688.93421695351, 35624.69137756112, 24987.50267717746, 22521.91261096571, 22521.91261096571, 20668.821942113176, 18225.705731508497, 18225.705731508497, 18225.705731508497, 17824.367782491583, 17824.367782491583, 17669.296865876426, 17554.848658852352, 17378.659536670955, 17378.659536670955, 17378.659536670955, 17378.659536670955, 17276.014946119267, 17276.014946119267], 
[360249.09443596285, 93539.86729925948, 19988.137267120626, 19988.137267120626, 19988.137267120626, 19988.137267120626, 15706.355461754652, 14428.519465088953, 13420.00927744182, 13420.00927744182, 13420.00927744182, 13420.00927744182, 13028.60331465948, 13028.60331465948, 13028.60331465948, 13028.60331465948, 13028.60331465948, 13028.60331465948, 13028.60331465948, 13028.60331465948], 
[75345.9327009586, 58863.19515893449, 44038.08450505713, 18175.13384350529, 18175.13384350529, 17068.95948395718, 17068.95948395718, 13514.599894100895, 13514.599894100895, 13131.203448232185, 13131.203448232185, 13100.20166133598, 12983.89691331589, 10361.948190017587, 10361.948190017587, 10361.948190017587, 10361.948190017587, 10361.948190017587, 10361.948190017587, 10361.948190017587], 
[53628.49676284674, 53628.49676284674, 24271.056320259195, 24271.056320259195, 17608.700787254696, 17608.700787254696, 15627.710177385863, 15627.710177385863, 15627.710177385863, 15627.710177385863, 15627.710177385863, 15627.710177385863, 15485.61477700786, 15485.61477700786, 15485.61477700786, 15276.853163159725, 15276.853163159725, 12368.730884458844, 12368.730884458844, 12368.730884458844], 
[53740.852817250554, 53740.852817250554, 40371.9805162751, 22745.898353066175, 18323.201090370752, 18110.983552512298, 17449.246973827183, 15009.338812962556, 14238.200697169746, 13272.998656187585, 13272.998656187585, 13272.998656187585, 13272.998656187585, 13272.998656187585, 13079.83359415492, 12358.168853157142, 12358.168853157142, 11608.199363063657, 11608.199363063657, 11608.199363063657], 
[58420.2960168776, 58420.2960168776, 19301.29510257453, 19301.29510257453, 19301.29510257453, 17370.744922071743, 14541.99436449204, 14541.99436449204, 12819.611612148436, 12483.71264424336, 12483.71264424336, 12483.71264424336, 10984.958671008633, 10984.958671008633, 10984.958671008633, 10984.958671008633, 10984.958671008633, 10984.958671008633, 10984.958671008633, 10984.958671008633], 
[48880.052250635825, 31325.553898170787, 29017.87224303621, 29017.87224303621, 24869.338256122923, 24869.338256122923, 23260.761199645272, 23260.761199645272, 18686.388588227208, 18686.388588227208, 18686.388588227208, 17445.48953173078, 17445.48953173078, 17445.48953173078, 17445.48953173078, 17445.48953173078, 17445.48953173078, 17445.48953173078, 17445.48953173078, 17445.48953173078], 
[71343.41457622351, 46682.910064070275, 10818.54935413428, 10818.54935413428, 10818.54935413428, 10818.54935413428, 10818.54935413428, 10818.54935413428, 10818.54935413428, 10818.54935413428, 10818.54935413428, 10818.54935413428, 10818.54935413428, 10818.54935413428, 10818.54935413428, 10818.54935413428, 10818.54935413428, 10818.54935413428, 10818.54935413428, 7079.566808664151], 
[74975.48604202228, 50823.5953559745, 43506.220529528015, 26449.759714316133, 26449.759714316133, 26449.759714316133, 26449.759714316133, 26449.759714316133, 24387.938300229205, 23014.23210430184, 23014.23210430184, 23014.23210430184, 23014.23210430184, 23014.23210430184, 23014.23210430184, 18925.461162358548, 18925.461162358548, 18925.461162358548, 18925.461162358548, 18925.461162358548], 
[31761.960920174613, 31761.960920174613, 31761.960920174613, 16990.443422112552, 16990.443422112552, 16111.003504166069, 16111.003504166069, 16111.003504166069, 16111.003504166069, 16111.003504166069, 15038.125387883334, 15038.125387883334, 14663.499957338512, 11742.64993478133, 11742.64993478133, 11742.64993478133, 11742.64993478133, 11742.64993478133, 10747.481076539883, 10747.481076539883], 
[48622.794562620205, 48622.794562620205, 18401.778316402117, 18401.778316402117, 17225.335514652452, 12236.602667192792, 12236.602667192792, 12236.602667192792, 12236.602667192792, 12236.602667192792, 10639.043551863226, 10524.164250089314, 10524.164250089314, 10524.164250089314, 10524.164250089314, 10524.164250089314, 10524.164250089314, 10524.164250089314, 9149.146366015779, 9149.146366015779], 
[216585.55409115466, 67064.73066733767, 60810.76278527793, 22273.8487021033, 22273.8487021033, 22273.8487021033, 22127.850399555846, 22127.850399555846, 18528.215302617933, 18395.227400782773, 18395.227400782773, 18395.227400782773, 18395.227400782773, 18395.227400782773, 18395.227400782773, 18395.227400782773, 18395.227400782773, 18395.227400782773, 18395.227400782773, 18026.88125750164], 
