[971.0674083467886, 478.30547429269177, -372.4645578907596, -372.4645578907596, -372.8030788026595, -389.30991184941007, -391.7842793875376, -393.14216579682113, -409.246926135366, -428.4360057075459, -434.826678025576, -443.64806671015964, -450.58871554366436, -461.9522623070849, -463.2145435885371, -468.27828847255444, -475.6476679365247, -481.2940301576068, -483.5530972199379, -487.5015530839778], 
[577.3307909097562, 560.5997743428602, -230.9565130537083, -281.04264067799056, -311.4279760329723, -344.2134036801267, -379.48334224881165, -408.85303028421106, -408.85303028421106, -426.7544445311865, -433.0184246627897, -473.0070861062051, -473.0070861062051, -476.9850674539044, -476.9850674539044, -478.35697496003826, -483.1122750613492, -487.430315789349, -489.1822792573681, -489.29257089772796], 
[416.54020852769804, 416.54020852769804, -376.68089955350933, -376.68089955350933, -376.68089955350933, -386.3525517009715, -408.5589101248034, -419.40393837610947, -425.1705543671287, -448.50774125313876, -457.71180304057526, -464.20704021385444, -469.23963006727587, -474.43853415819444, -481.3798728429433, -487.2671586330815, -488.8809055418187, -488.8809055418187, -491.552744603017, -492.30505109224566], 
[731.1789167745067, 731.1789167745067, -234.8563700052772, -269.179961339897, -331.3692253533393, -360.13192491332893, -366.4695267134099, -402.18971686817923, -412.3805915966698, -431.26429964081285, -431.26429964081285, -443.8469067491152, -456.08426846937704, -467.862137481403, -468.7414410395843, -485.28429617089876, -485.28429617089876, -488.8151007573451, -489.6624927792632, -491.8664815675979], 
[526.5201412392255, 98.97026197105777, -297.26103893611776, -305.8613100857309, -321.71365756502485, -375.15566779269346, -394.5778399684633, -399.8829218202712, -432.4684237482662, -432.4684237482662, -449.81914289643635, -461.37157322409934, -473.6153329808339, -475.78699942029664, -483.1724178785107, -485.50612163720854, -486.431712691241, -488.50111376767074, -490.50765957613925, -491.0410699001952], 
[54.98589227287471, 54.98589227287471, -198.4331587543901, -246.92261611128353, -265.1001278185454, -303.79681115623487, -321.9827043337116, -323.5918323140654, -350.63437981516836, -369.68170315558666, -386.73970779953606, -404.1812791464193, -420.113515681202, -425.5169475443201, -440.59755594666717, -446.15907433338776, -453.17383494438513, -460.0255447348562, -462.5738718125505, -474.1044135476544], 
[727.4247656451514, 727.4247656451514, -277.4794738138771, -277.4794738138771, -322.79320612056335, -353.80832549485706, -374.1673559256719, -389.1158344582028, -393.2865259036519, -425.0200334519387, -432.0455679035319, -454.0330839453226, -469.16972654429685, -473.0703423657526, -475.14561274321403, -480.9249315614522, -487.57679610542453, -489.9443929702973, -494.218177978334, -494.218177978334], 
[489.21808890499324, 489.21808890499324, -302.8702616190353, -324.3874097739897, -384.65370773820655, -400.47691287344963, -404.9163517138824, -405.7180254041909, -443.5315061648357, -443.5315061648357, -464.0226241079019, -468.1225323608499, -479.61525243379526, -479.61525243379526, -483.1563846213163, -487.9213134013758, -487.9213134013758, -490.48564798382245, -491.0070019654521, -491.9856322926592], 
[806.9320995946664, 806.9320995946664, -103.21513798883677, -178.17575295603422, -230.88291901829518, -255.50262869322046, -398.10123598641644, -398.9696960632086, -414.67692547991123, -414.67692547991123, -422.05265397737094, -429.67821772998093, -445.3632870093558, -454.8433639272681, -465.001462653409, -469.55198755243964, -469.55198755243964, -469.55198755243964, -473.4824946232231, -477.41383993586885], 
[288.81448014851594, 288.38167478600815, -226.94358628678378, -243.0660341159521, -263.0977134100582, -311.2863314956929, -314.98704332940486, -349.79427730566175, -356.75112602992704, -385.0165134804216, -406.1358199567824, -430.37833501039603, -436.5080073282794, -443.1576779553021, -456.1868910459041, -461.04046579225286, -470.6900213889706, -479.2913817947083, -482.60468742441486, -486.63044237463924], 
[942.1640482693563, 627.2002041294102, -116.04816906808185, -157.8981318047521, -207.94729897498758, -270.63005556711903, -270.63005556711903, -306.9972979388102, -322.8751049057996, -362.01043630838126, -413.4542124001515, -413.4542124001515, -419.8141334702604, -431.3210060880288, -435.71710100799396, -452.98287439717717, -464.3625508269737, -467.7245574466886, -474.5254347086533, -474.61293791702934], 
[829.2736657414307, 31.796055919126957, -319.5679281654884, -330.5435907153934, -330.5435907153934, -330.5435907153934, -345.4101393057535, -354.3906542528871, -369.9349701136257, -390.14655755632543, -398.62084541327664, -419.00950049906476, -430.064286469876, -441.2699753154664, -444.9884270539341, -455.97654985688945, -468.8612147429745, -468.8612147429745, -474.9506779302172, -475.2631700106583], 
[199.0184973243978, 176.80490906379748, -218.63191645501024, -321.35206828569983, -331.7005643300185, -352.8160110337951, -401.0631950253552, -428.16962389761954, -435.9847762795178, -444.7559793813958, -452.3871183696432, -466.70737630994245, -470.7636146113239, -477.41460505351273, -483.1117867527615, -489.22572274194215, -494.3273268053144, -494.4437752651682, -495.39873278518553, -496.0007668818429], 
[1227.6573436792025, 859.9071269099386, -85.70814289911368, -151.72625258174605, -295.1093412131198, -295.1093412131198, -342.01861904053345, -342.01861904053345, -342.01861904053345, -366.986685643839, -429.496598446706, -437.0353566575777, -448.62753475735184, -450.25745630971306, -471.2912400890647, -471.2912400890647, -478.6038001591051, -484.61079359063285, -488.66836207276475, -488.66836207276475], 
[739.8378886076557, 611.1833344217946, -83.50699535264067, -195.8243414868802, -242.89541414646288, -294.16333638062656, -306.97186516266817, -324.3489949496081, -369.9657251418782, -392.19189589838766, -409.14991579122545, -428.02861803891784, -435.86876095898936, -442.04520248734786, -449.53579222564935, -456.8572643641454, -467.6991076455184, -467.6991076455184, -470.84512668599, -474.2107176849542], 
[386.18712263618534, 386.18712263618534, -170.83325026250327, -229.69463883056233, -325.57780221828887, -325.57780221828887, -336.786038295554, -357.86426771483855, -378.9479810386713, -392.9854543550975, -425.81931272535974, -425.81931272535974, -446.3197541268568, -452.37538404107266, -452.37538404107266, -457.7713344243953, -461.7138192969416, -470.0690290309542, -471.8891853397562, -479.3052587900578], 
[973.2511038026194, 832.0508885704269, -199.47353617943577, -219.71149158263034, -283.2764528515013, -283.2764528515013, -306.53036985569634, -343.5944411758386, -365.57558490695135, -376.10725547335255, -395.2347852074066, -408.4193712992817, -428.60403087505125, -438.05732600714435, -442.474048756291, -448.5549234004204, -451.05764144319136, -457.1773870331498, -462.37074524659096, -465.68229858664887], 
[656.9417579872136, 588.3785510305265, -245.11628278664182, -269.2989459808084, -322.86566613651104, -333.30801870269624, -380.9250337577196, -397.13693894008986, -406.3520177634476, -441.98787826489337, -451.38332291365816, -467.02443778149205, -468.73947070129304, -477.6412552823368, -483.58789866362054, -488.06915831312216, -488.1669047050133, -491.2732328250967, -491.2732328250967, -494.1003829791771], 
[582.4811403282322, 582.4811403282322, 4.114229215006276, -68.68091542063968, -169.90278109151097, -185.6011276815696, -281.6116501836945, -293.24422804468077, -361.36400557429005, -407.18630018316895, -407.18630018316895, -431.0486403070366, -437.2017627366546, -444.02275272722085, -454.61541638675806, -465.05327039856263, -465.7174070656114, -471.3874667271869, -476.9549133087809, -480.4702651872604], 
[518.9487914661627, 508.9248941373993, -223.8322633942388, -248.28826306062032, -326.3585736724736, -344.33988755544726, -432.92198047583844, -432.92198047583844, -451.53054130064123, -451.53054130064123, -455.40146642378244, -463.77696517142266, -472.30863984006817, -476.96402405746744, -478.2977525538168, -484.1681462405027, -484.1681462405027, -486.68374517007686, -490.29251429614567, -491.23022274709666], 
[893.8939862668451, 655.0267546794837, -112.73522108030335, -207.26787251170327, -222.8756522725709, -231.57696657039946, -290.5919947035967, -303.55249735982875, -333.87731385214784, -378.4814235425123, -412.1151453951643, -433.74967150806015, -438.1685557357338, -449.4869640845449, -462.97482644880375, -471.5015377758367, -476.9253127374777, -477.4866888278668, -481.23464045641197, -483.09447061452545], 
[667.6580747134519, 667.6580747134519, -165.8487820601593, -165.8487820601593, -198.92225133721547, -271.9113976350408, -300.3937662557944, -425.6026630859967, -425.6026630859967, -425.6026630859967, -444.60430771159054, -447.7576118649609, -453.6364087791079, -463.1008611092847, -467.21590002819295, -473.2374971353242, -475.23871821287827, -478.1152922034015, -481.69727457064613, -481.69727457064613], 
[571.7227066048508, 571.7227066048508, -187.1649770359109, -257.7777230944761, -277.199527049591, -302.17615237123385, -337.418771612433, -347.4114252644823, -369.950875957264, -387.9473648686482, -402.6891248241877, -420.78227782877116, -430.8516550396732, -441.1778051507491, -455.5422809362454, -460.9688644838236, -467.70547878486406, -469.0717742838862, -476.03781266330503, -481.205674382822], 
[-0.9660986797529176, -0.9660986797529176, -193.79505616122333, -283.77448657697164, -317.98986018149714, -357.0181580240261, -375.5301677414978, -414.95281734305433, -414.95281734305433, -425.5881793132165, -440.18141080803053, -447.2704787233455, -461.79067960861187, -466.5894029429812, -470.79218320177597, -479.632689137542, -479.9321843607134, -485.7110002579366, -489.7267493279271, -489.7267493279271], 
[657.0222566167729, 657.0222566167729, -136.21227169711347, -263.0174434588672, -263.0174434588672, -377.36665557741003, -377.36665557741003, -383.95534890333556, -456.78869499286446, -456.78869499286446, -456.78869499286446, -471.5720017304687, -472.97791185157416, -472.97791185157416, -478.3435915673198, -479.3075981612132, -482.1678524669987, -484.7158514222002, -487.0613166622061, -488.0376275460973], 
[747.341469521532, -0.8424856424775271, -244.5629983898679, -264.71516318287075, -303.92417728123155, -387.30576205830715, -387.30576205830715, -399.91958875289447, -415.7387192658048, -426.4449898240861, -436.68344743993083, -446.90135895129197, -453.5955007981329, -460.1007325078548, -469.03411153189614, -469.4759974946945, -471.4983692562587, -480.95766269672424, -480.95766269672424, -481.96248347083974], 
[697.9691153625081, 204.13138819647736, -255.04109643748006, -280.24608529413126, -310.4228057992798, -323.0678683988283, -344.1919294476496, -380.97088355166557, -397.7860979560285, -416.4219306545069, -435.02153858089275, -454.5736644299249, -458.4553065942181, -467.62374248075906, -469.4785784177541, -476.0972059857121, -479.2084069545711, -480.67427506035165, -486.2645006265927, -486.2645006265927], 
[1143.4051760003356, 856.9780262281627, -160.72055925452491, -304.59834544599875, -339.43122639102745, -339.5959098643099, -375.8831033164082, -380.89050449114, -415.417591366715, -428.0125689524352, -460.04717189175693, -468.6218917340059, -476.93204056855757, -481.7354897093219, -486.4667701134038, -493.198067885974, -493.85631581352055, -493.85631581352055, -494.1944916841027, -496.28923243297237], 
[1142.413555217848, 497.89705004659413, -67.20323100218627, -179.45486958824642, -206.67568408978258, -287.21581985000535, -318.18264098848, -344.3377097876473, -344.3377097876473, -373.55453509488325, -390.5910021360844, -442.78307760971745, -453.11630971594997, -453.11630971594997, -458.998881465359, -466.42117433490847, -467.8426150256015, -472.61758617349506, -476.0707221727085, -477.6924377164644], 
[324.61839482356936, 206.34850353513275, -340.37081845486216, -368.26768609237513, -376.1703996853688, -391.67881697434564, -415.3548125034205, -447.9441176740095, -450.5132613688425, -450.5132613688425, -464.4910713423898, -480.50774020827123, -480.50774020827123, -484.0641928777563, -491.1763666934393, -492.3078859207715, -492.3078859207715, -493.5762670618914, -494.01782618777895, -494.62589400809475], 
