[621.497419013371, 131.89580735546974, -928.8463289409837, -928.8463289409837, -933.3966453640404, -965.7001392881584, -976.5649511652344, -976.5649511652344, -982.3708857267101, -994.2529830519011, -994.9958002405339, -996.9983907036943, -998.8380435105707, -999.2766364380003, -999.2766364380003, -999.347120615586, -999.6022033938111, -999.8326864098041, -999.841818292943, -999.841818292943], 
[-424.7405386984051, -424.7405386984051, -831.9111973027553, -917.3509751064461, -960.7094169039628, -978.9249131626025, -986.4863645798023, -986.4863645798023, -997.6335644369761, -997.6335644369761, -997.6335644369761, -998.4448493950815, -998.6062720480163, -999.3195682136289, -999.5569409212438, -999.5569409212438, -999.5569409212438, -999.563896009976, -999.7133638815011, -999.895819963397], 
[-9.835259005701687, -10.405271773384811, -875.30090057876, -949.0906529997369, -981.3279529418495, -986.1829401357268, -993.4685908954135, -993.5319216325013, -997.4939915414207, -998.1383958482357, -998.9273433134364, -998.9273433134364, -999.3067576004898, -999.4051194817953, -999.4319453926174, -999.4319453926174, -999.7511133879782, -999.7511133879782, -999.8100758528439, -999.8100758528439], 
[-613.960692459402, -804.5258546415625, -874.0326013790324, -910.6811972334656, -965.3189050791877, -977.3003990638855, -987.4264601713163, -987.4264601713163, -989.3210668542199, -995.7283011826954, -996.1116383539805, -997.5732142558132, -998.4974005253101, -998.5677325623313, -999.4297539812239, -999.4297539812239, -999.4297539812239, -999.6741418287703, -999.9461901563883, -999.9461901563883], 
[-483.68969708235886, -483.68969708235886, -919.4475782378582, -931.714213162774, -967.9869348008101, -977.949801860177, -984.767429793402, -990.8546486262137, -993.4277302661652, -996.9280884597426, -996.9280884597426, -998.4399809470879, -998.6224846935846, -999.6718913455246, -999.6730445903577, -999.6903063856022, -999.6903063856022, -999.729394868719, -999.729394868719, -999.729394868719], 
[-283.9569063891645, -340.44568400667436, -859.1075925378647, -881.3153193548541, -954.2603747008133, -976.2556741242666, -997.3301030128116, -997.3301030128116, -997.3301030128116, -999.00007306599, -999.526010389115, -999.5847213350685, -999.5847213350685, -999.5847213350685, -999.6782475830978, -999.6782475830978, -999.6782475830978, -999.831048242873, -999.906873620447, -999.906873620447], 
[-536.8074758433183, -536.8074758433183, -846.5129991590879, -942.0183804607879, -944.7714120234244, -957.3473520022201, -979.4469601549634, -990.3744182469623, -994.5335296913589, -994.6490345592223, -996.739079474847, -996.739079474847, -998.2307665909952, -998.712040546732, -998.712040546732, -999.5548547198099, -999.7309476238958, -999.9139036504005, -999.9139036504005, -999.9139036504005], 
[48.90072082267034, -84.21999319114775, -947.8989524491003, -984.3280742212497, -991.5613794258439, -992.1162314766937, -992.1162314766937, -993.765795378619, -996.5747244294672, -997.9349568652291, -999.413349073853, -999.413349073853, -999.413349073853, -999.413349073853, -999.7144905599318, -999.7144905599318, -999.9305705886803, -999.9305705886803, -999.9305705886803, -999.9305705886803], 
[1449.1898990239301, -752.5332330490404, -874.8459290456203, -910.6664418249243, -958.3486482881282, -961.1040670573825, -987.3157069750253, -990.0133324184987, -999.1773046400941, -999.1773046400941, -999.1773046400941, -999.1773046400941, -999.7488042265308, -999.7488042265308, -999.7488042265308, -999.7488042265308, -999.7493689790906, -999.9147328279555, -999.9147328279555, -999.9147328279555], 
[1301.2918236912105, 12.158547524407368, -920.1730824488808, -954.5048101700806, -972.9676562694036, -984.5492890855749, -984.5492890855749, -984.5492890855749, -991.9108730321835, -995.9571099823543, -997.0317405241813, -998.5586076015638, -999.0597529659219, -999.0597529659219, -999.3024994260148, -999.4924772142923, -999.4924772142923, -999.6509758256036, -999.8172843765426, -999.8172843765426], 
[-673.2997481009763, -673.2997481009763, -673.2997481009763, -879.5253648855727, -888.5562396737033, -927.2263657466999, -940.0465158205801, -967.9633901510435, -980.5382450440196, -988.5958415522229, -991.8767769929932, -995.7989930874284, -998.3054075841133, -998.6818151250327, -999.544688913127, -999.544688913127, -999.544688913127, -999.544688913127, -999.544688913127, -999.5560068925128], 
[875.3168228052509, -229.7448240528662, -955.7126706662476, -986.9014393754014, -986.9014393754014, -992.8088591253771, -993.6991373005294, -993.8234411194558, -995.8326209294867, -998.6111356419881, -998.6111356419881, -999.3315974160123, -999.3315974160123, -999.3315974160123, -999.6509281400737, -999.7155089058525, -999.7155089058525, -999.7155089058525, -999.7300161518959, -999.8680461059378], 
[-790.7230653391703, -790.7230653391703, -791.8516021006157, -863.5491943393188, -865.6002953156711, -915.1333552048844, -940.6488249599126, -992.0384579614321, -992.0384579614321, -992.0384579614321, -998.7391836356231, -998.7391836356231, -998.7391836356231, -998.7391836356231, -999.2567428499499, -999.7999974772061, -999.8571397377573, -999.8571397377573, -999.8571397377573, -999.8571397377573], 
[1669.6296405627631, -584.3710190363473, -970.3290271310457, -970.3290271310457, -976.3702339361015, -991.2152949587532, -991.2152949587532, -991.5272208258214, -994.7057851667938, -997.9013671461046, -999.0636341948558, -999.0636341948558, -999.5464310608077, -999.5507696036427, -999.5507696036427, -999.5512879820564, -999.7608980661606, -999.8323151170202, -999.8458490317033, -999.8559729009917], 
[300.09767345495015, 293.4469056943444, -932.1628324896261, -939.9913194120492, -959.7350342942128, -978.4561406656454, -989.752087762572, -989.752087762572, -996.0101994000007, -997.251097015173, -999.0992437457569, -999.0992437457569, -999.34058256093, -999.4549002923394, -999.4550100211865, -999.5459730810818, -999.5529909577815, -999.6794355160075, -999.8240070115827, -999.8598832712835], 
[991.3921317236366, 991.3921317236366, -754.7877917609751, -866.0795042422066, -924.8423431792365, -951.8822404799364, -962.2300848329867, -972.2047472713936, -975.9796121939385, -993.5474247731395, -993.5474247731395, -997.7332224937898, -999.1366641066688, -999.1366641066688, -999.194616331418, -999.194616331418, -999.3709818754406, -999.586205425056, -999.586205425056, -999.586205425056], 
[-25.69177124174803, -25.69177124174803, -967.5881717631637, -976.1223968263968, -989.2596160813084, -991.9462041383177, -991.9462041383177, -996.2298340542553, -998.5845341014851, -998.5845341014851, -998.6426269282574, -998.7016758039604, -999.075612255423, -999.6588468329752, -999.6588468329752, -999.6588468329752, -999.7053362638309, -999.7091673708429, -999.7091673708429, -999.7224120196577], 
[1205.149308188168, -611.6379456035675, -941.7165933546498, -963.062321898767, -963.062321898767, -972.4426862923573, -980.1181181878728, -990.1990316173221, -995.0259377762883, -996.506334786485, -996.6618561892147, -998.6714125039981, -998.8297666698229, -998.8297666698229, -999.4237335830292, -999.6240277176436, -999.7364626180876, -999.7364626180876, -999.7364626180876, -999.7383341257544], 
[-229.09162975773506, -229.09162975773506, -979.9593207006253, -979.9593207006253, -986.1217225882249, -995.4243652475055, -995.4243652475055, -997.0752308996261, -997.8999722450307, -999.2726443313867, -999.350562870671, -999.350562870671, -999.350562870671, -999.350562870671, -999.350562870671, -999.5198510833303, -999.624589879284, -999.8175205589603, -999.8175205589603, -999.9126457504983], 
[270.41068956561116, -379.8944493473582, -800.5549847759168, -882.6208916211856, -970.6406751433484, -983.1594362459773, -988.0858132916853, -995.8249074206263, -996.2675519301198, -996.2675519301198, -999.2125291674744, -999.2125291674744, -999.8684176777725, -999.8684176777725, -999.870509263887, -999.870509263887, -999.870509263887, -999.870509263887, -999.870509263887, -999.870509263887], 
[-203.1371429427668, -203.1371429427668, -962.9827771159601, -984.4489069007194, -986.742622518003, -989.8265681595581, -995.6703672913543, -995.6703672913543, -996.5411680031291, -998.5351338317982, -998.5351338317982, -998.7016203790615, -999.5580136128451, -999.5580136128451, -999.8880278331837, -999.8880278331837, -999.8880278331837, -999.8880278331837, -999.8880278331837, -999.8880278331837], 
[-452.0118438450702, -452.0118438450702, -820.4481250746426, -934.442790496977, -934.442790496977, -957.6497917212977, -972.8702127727752, -995.7910582586038, -995.9358001893663, -997.3552501769545, -998.0818922761845, -999.2385476847653, -999.2385476847653, -999.5416197823066, -999.5416197823066, -999.7029327763088, -999.7029327763088, -999.7733214875605, -999.7733214875605, -999.7733214875605], 
[-220.7301367865996, -626.3171071861354, -963.2925264109338, -982.2518630213352, -989.7573245140123, -994.9607355984484, -995.1853141548037, -995.1853141548037, -997.662466550224, -997.662466550224, -998.9789551071634, -998.9789551071634, -999.4370123980173, -999.7346154096764, -999.7346154096764, -999.8557981184804, -999.8557981184804, -999.8557981184804, -999.8557981184804, -999.855798243143], 
[51.30957507609946, 7.169556168660279, -584.2385113989645, -735.2779625722892, -851.4152473757756, -887.0536052889929, -967.3300837235435, -986.7680016266706, -991.9408186074907, -997.3926720821285, -997.3926720821285, -998.71866810105, -998.71866810105, -999.4594597636504, -999.4594597636504, -999.4594597636504, -999.4594597636504, -999.6747579187661, -999.6747579187661, -999.7354277535442], 
[55.15033466908449, 55.15033466908449, -931.3186115892618, -969.8527586428695, -979.6292907299826, -979.6292907299826, -982.3875438399058, -992.5575176652825, -994.5319662215287, -997.4877729468454, -997.4877729468454, -998.8061530499391, -998.8061530499391, -998.8514628807427, -999.6552159609131, -999.6552159609131, -999.7207394863273, -999.7207394863273, -999.8101613026104, -999.8101613026104], 
[-450.4502682048361, -601.7823282102318, -967.7394436024382, -967.7394436024382, -967.7394436024382, -978.2124576644444, -988.6200192572409, -991.9949622337615, -991.9949622337615, -997.7120865762904, -998.1722158148684, -998.9084018613911, -998.9084018613911, -999.5818391214488, -999.5818391214488, -999.9113361840016, -999.9113361840016, -999.9113361840016, -999.9113361840016, -999.9113361840016], 
[-197.7359270629628, -197.7359270629628, -844.3114298474502, -895.9739233710684, -930.8738436758232, -960.5450986285439, -969.2843570560801, -983.1887851754493, -990.0835990651609, -992.0370505690684, -996.6575663872889, -998.5075404856107, -998.5075404856107, -999.6403814473061, -999.6403814473061, -999.6403814473061, -999.6403814473061, -999.6995730914235, -999.6995730914235, -999.7577975087077], 
[-317.3464535528923, -317.55736696933866, -890.7963378906387, -946.6986492000758, -956.8744361010959, -979.6391488883175, -979.6391488883175, -986.7412307945406, -990.7552682702194, -992.760484053462, -998.2523718733152, -998.2523718733152, -998.4304640160382, -998.5502543920661, -999.5929509394623, -999.5929509394623, -999.5929509394623, -999.6716718099524, -999.873658434426, -999.873658434426], 
[-694.2872562490788, -694.2872562490788, -925.2929891428909, -971.770450557917, -981.1664646316393, -981.1664646316393, -987.7627544049956, -989.4727838320515, -995.0236354367626, -997.7024662990018, -997.7024662990018, -998.6117909360456, -999.0229799221589, -999.0229799221589, -999.0229799221589, -999.377309681528, -999.7697749474443, -999.7697749474443, -999.7697749474443, -999.7697749474443], 
[-113.62104767245353, -375.5138374829519, -864.1683029331818, -950.0798457389936, -958.4626884709434, -975.0469391441135, -993.2530967638295, -993.2530967638295, -996.9757143636563, -997.9024222511031, -997.9024222511031, -998.0498216178095, -998.0698831572704, -999.1305194454002, -999.2291850140957, -999.4567181430956, -999.6788509387193, -999.7711048877372, -999.7711048877372, -999.8158589296306], 
