[2368.0356970799967, 1487.9106892752147, -527.747103321363, -813.9399810441681, -947.9056224172148, -961.4636145316831, -979.6808998607097, -984.4239582750455, -996.3102012423311, -996.3102012423311, -996.9067324572242, -998.2290247626838, -998.6232970852643, -999.2775196529271, -999.2775196529271, -999.2775196529271, -999.3949626582538, -999.3949626582538, -999.9283735255705, -999.9283735255705], 
[-524.5351768757854, -524.5735767192336, -889.5392924146632, -943.7344562862562, -943.7344562862562, -966.6882785526989, -972.5130257689675, -989.2061960068663, -989.4876175581973, -995.94515051066, -997.7657885386707, -998.3001206907102, -998.8927723323623, -998.9922959081357, -999.3212703894928, -999.4750663038811, -999.8356418304046, -999.8471660123944, -999.8471660123944, -999.8471660123944], 
[-211.8529937087328, -848.6431397666915, -947.9446647016315, -961.6487633206593, -977.0135512586335, -983.5290624525132, -990.3296406048325, -994.7908705585519, -997.8560413250606, -997.9618071955512, -999.3587665737011, -999.3587665737011, -999.5851038013166, -999.5851038013166, -999.6574995070135, -999.6574995070135, -999.6574995070135, -999.6574995070135, -999.6574995070135, -999.8543807961352], 
[347.6975730360789, 298.59831105062995, -966.1440988897974, -966.1440988897974, -993.3556754027072, -994.5689815447818, -994.5689815447818, -999.6172983994535, -999.6172983994535, -999.6172983994535, -999.6175954360403, -999.6175954360403, -999.6889910542457, -999.6889910542457, -999.6889910542457, -999.6889910542457, -999.791922562545, -999.7919269115902, -999.8812873980411, -999.8812873980411], 
[321.4721738770545, 321.4721738770545, -868.9116534291652, -932.2069249509016, -964.1984964451914, -970.3918158144271, -978.8274554564243, -990.5221724316335, -990.6168761353479, -998.6943666031704, -998.9931002973885, -998.9931002973885, -999.1640654981353, -999.1686723297455, -999.6832971164672, -999.6832971164672, -999.7576965884058, -999.7576965884058, -999.7727549780395, -999.8247947716137], 
[-226.86432107637972, -825.7641322692716, -979.7551984656309, -989.359404101675, -993.0979091037441, -993.0979091037441, -995.3550535841866, -997.7040944121437, -998.0490701948805, -998.143397710841, -998.6846602894868, -999.2633162562846, -999.2633162562846, -999.3552903888559, -999.3552903888559, -999.4829942287734, -999.5411081368483, -999.7717345679473, -999.7717345679473, -999.7854504625544], 
[268.4637558082452, 116.34368332611507, -738.7953138055551, -865.8737429479191, -897.4139421029911, -965.608132452931, -965.608132452931, -979.5170962366291, -979.5170962366291, -996.3093982346326, -996.3093982346326, -996.3093982346326, -996.459424173345, -998.2710517251892, -998.3915266051454, -999.824705392438, -999.824705392438, -999.824705392438, -999.824705392438, -999.8732753724671], 
[-106.35652924746546, -625.3977358371066, -927.3585270547396, -951.8314321961197, -974.4668850491482, -974.4668850491482, -987.0108803166436, -992.9923277733618, -994.0043511387989, -997.657373224158, -997.657373224158, -997.657373224158, -998.6377371244987, -998.861770466823, -999.3084196309659, -999.3357875061292, -999.3357875061292, -999.3357875061292, -999.4013683086464, -999.6913594363408], 
[-260.3591026263489, -260.3591026263489, -916.7032469454209, -926.102721337819, -948.0075369523437, -953.5592322439306, -994.3849730405, -994.8116243523913, -994.8116243523913, -994.8116243523913, -995.2075873009542, -997.47699269475, -997.47699269475, -998.5533302604804, -999.3725273825809, -999.3725273825809, -999.3725273825809, -999.3725273825809, -999.5569581854929, -999.8943084115009], 
[-17.752879945403606, -426.0466145736018, -633.7059744252459, -888.5607805867879, -903.8945273615132, -948.497752875771, -984.643172341305, -989.3254180529852, -993.9307220600439, -996.9422351984775, -998.9070896336515, -998.9077321403009, -998.9077321403009, -999.0827255732067, -999.0956719250206, -999.5960145560312, -999.5960145560312, -999.5960145560312, -999.6325162171025, -999.6765644912319], 
[308.41798538269813, 308.41798538269813, -510.60548478579625, -915.6127842761657, -915.6127842761657, -970.7443414415217, -970.7443414415217, -981.2952146446908, -985.0055653492572, -991.2053160849939, -993.3346934819904, -996.7594756819117, -997.5835242677904, -998.4167849453551, -998.8030697525213, -998.8030697525213, -999.6371518740513, -999.812537607368, -999.812537607368, -999.812537607368], 
[2550.6044398305626, -198.52884307389604, -976.2974789016126, -976.2974789016126, -990.0634087076374, -994.8821027685295, -994.9022885489888, -997.0853245680622, -997.5375819420423, -998.6635515410937, -999.4714290000884, -999.4714290000884, -999.6063438060114, -999.6063438060114, -999.7106505576431, -999.7601694610719, -999.7615276700155, -999.8335489061831, -999.8335489061831, -999.8335489061831], 
[-771.6186491538717, -902.1028753228109, -943.5869788792282, -958.1107264628387, -987.2559164668768, -987.2559164668768, -987.2559164668768, -995.6162005693051, -996.7155707844752, -996.7155707844752, -998.5985461250939, -998.5985461250939, -999.5894037905174, -999.5894037905174, -999.5894037905174, -999.623703607264, -999.623703607264, -999.806227357534, -999.806227357534, -999.8622426020034], 
[437.7337293427365, -419.87803531243446, -939.425063840753, -964.5257076642814, -977.3540752575584, -988.0547731436199, -989.8438497468981, -992.3109987597473, -992.3109987597473, -996.6052975460392, -997.7761265708459, -997.7761265708459, -998.879859888988, -999.2064510805992, -999.3774087250956, -999.3774087250956, -999.6418912660204, -999.6418912660204, -999.7172012724542, -999.7172012724542], 
[-87.65500719502916, -219.9838904996584, -857.7573484590365, -924.8134544688664, -933.4637199203909, -953.6492667527799, -968.552695541402, -975.8002202453313, -981.3843987527042, -988.8921692845396, -991.1509392038367, -996.3928894531392, -996.3928894531392, -996.9244019177515, -998.7604577433664, -999.1384681851074, -999.4443290239365, -999.4443290239365, -999.6144067106229, -999.6585017543024], 
[-259.2934441337637, -608.1955825481234, -912.4662832700865, -946.6273266249299, -946.6273266249299, -967.2171459227544, -981.5003619089624, -989.3213360582115, -995.1744703556194, -996.9916754229084, -997.8602724040093, -999.2027784202542, -999.2116885744064, -999.2361189814438, -999.441342384884, -999.627334070297, -999.627334070297, -999.627334070297, -999.6742451511808, -999.6961609814537], 
[-17.389567839450137, -17.389567839450137, -958.2490774767517, -958.2490774767517, -992.9753037299675, -992.9753037299675, -992.9753037299675, -994.7766293581334, -996.1469759471364, -998.4810310499639, -998.4810310499639, -999.0338541356708, -999.0338541356708, -999.9074026114677, -999.9074026114677, -999.9074026114677, -999.9074026114677, -999.9074026114677, -999.9220183166676, -999.9220183166676], 
[-413.3745615093354, -413.3745615093354, -927.4253984075033, -961.2816554595823, -961.2816554595823, -967.6068910169531, -972.6849296957429, -994.3394294747383, -996.3470589520858, -996.3470589520858, -998.4215888024662, -999.3014024578387, -999.3014024578387, -999.4973102371597, -999.4973102371597, -999.4973102371597, -999.822789075962, -999.822789075962, -999.822789075962, -999.822789075962], 
[-217.89486391807895, -417.54405722064746, -854.516752871358, -930.896570437403, -951.8432642148573, -966.4184437295588, -967.8720409048072, -989.7955913247098, -989.7955913247098, -996.0823032242037, -996.0823032242037, -997.8575642164802, -998.6568917766953, -999.299656895399, -999.299656895399, -999.299656895399, -999.4146447337074, -999.4146447337074, -999.4889174602292, -999.5058548457213], 
[488.0904791787036, -141.61893771847383, -814.3112141675141, -814.3112141675141, -880.758447278163, -959.4095215853297, -964.3553549840744, -973.9062558619254, -985.8926393500412, -989.5821282330253, -994.4179061189491, -996.3704621728601, -997.8820819816693, -998.7418193159589, -998.7418193159589, -999.3861792605253, -999.3861792605253, -999.5628108361182, -999.7167793795546, -999.7425648422296], 
[12.108279865134023, -745.2051108945141, -823.8314554754515, -824.2258996506686, -908.8117982917104, -932.469572394787, -954.8473365392845, -970.9005195521253, -983.2353336495249, -986.4388829941552, -991.8129222464659, -995.1302678641181, -997.4615460853018, -998.0945121764753, -998.4678509501427, -999.1108884875489, -999.6490698343418, -999.6490698343418, -999.6491272234067, -999.7764278656725], 
[-675.6179233026483, -675.6179233026483, -929.7320173502666, -939.1495733021216, -977.9794497305362, -980.6277101724044, -983.8490763243958, -986.7539141554745, -995.2758343599564, -995.2758343599564, -998.0922387492116, -998.4191718394255, -999.3514330213967, -999.3514330213967, -999.4422894753303, -999.4422894753303, -999.5686777700384, -999.6289947634247, -999.7153222368858, -999.7153222368858], 
[-372.18579346632407, -388.69446680983447, -808.9373599250002, -864.9472688144073, -933.3104851027496, -952.5414610176066, -965.4266710903771, -974.6595159489578, -975.41843239991, -989.5155197008702, -989.5155197008702, -995.08029997576, -998.058181035409, -998.058181035409, -999.3085207631439, -999.4705281929646, -999.4705281929646, -999.5687703351598, -999.5687703351598, -999.6048341674243], 
[-243.37603271106252, -416.58403898336405, -444.80204577178245, -823.249083955089, -911.2930368313482, -927.9698722447024, -971.3029839049991, -974.9384743870398, -980.8008203641675, -991.930457774305, -994.7360029406835, -994.7360029406835, -997.344565360163, -999.0039497436577, -999.0039497436577, -999.0039497436577, -999.1222178140539, -999.3972686357185, -999.4369444752471, -999.664977205942], 
[-721.2044335119037, -721.2044335119037, -844.7549335277049, -915.419060080743, -952.0648361047242, -952.0648361047242, -962.3917659001124, -982.3652364730818, -993.6497373249562, -996.1758150252392, -997.9237722712714, -997.9237722712714, -998.1662037012356, -998.7463998467664, -998.9220930443933, -999.2863103506387, -999.8733271983347, -999.8762243381697, -999.8762243381697, -999.8762243381697], 
[-340.44636605400206, -340.44636605400206, -975.4925670813589, -975.4925670813589, -991.3540962732484, -991.3540962732484, -993.2238687463487, -995.4654857783478, -996.8955565056269, -998.5022404325961, -998.5957994504539, -998.7687325582681, -998.7687325582681, -999.2894759578146, -999.2894759578146, -999.6238909030608, -999.6752449575823, -999.6752449575823, -999.9427605335978, -999.9427605335978], 
[-783.0260265184967, -783.0260265184967, -940.7549446820435, -969.2339205851667, -970.0412434903651, -978.8617897187327, -984.7523435211654, -991.8326780547692, -994.238031283568, -996.9898108119902, -999.1188437354493, -999.1188437354493, -999.1188437354493, -999.8142836340484, -999.8156324097399, -999.9187924277286, -999.9187924277286, -999.9187924277286, -999.9187924277286, -999.9187924277286], 
[-556.9324381011618, -605.0724113040766, -899.2918402288824, -935.0432544308486, -959.0918031142292, -962.4983120026959, -976.3381194943021, -980.4531457070668, -993.699142512422, -993.699142512422, -998.8245366441108, -998.9269495924036, -998.9269495924036, -998.9276080024214, -998.9276080024214, -999.4020696009828, -999.5760640750533, -999.5760640750533, -999.6136272082363, -999.7380861328027], 
[-722.2484566390453, -722.2484566390453, -941.5531206348097, -958.6463264236068, -988.4337988298793, -994.0649145904663, -994.0649145904663, -995.7917394167545, -997.6243100168482, -999.5784108580534, -999.5784108580534, -999.6183364991936, -999.6284300688492, -999.8292393992872, -999.8292393992872, -999.8292393992872, -999.851513901029, -999.851513901029, -999.851513901029, -999.851513901029], 
[-62.373125520028225, -62.373125520028225, -901.4473821227596, -901.4473821227596, -963.9575500854625, -963.9575500854625, -968.1154877469339, -969.4201406385796, -988.6618489803549, -996.542189828647, -997.0190185102238, -997.1095912840843, -997.5590887538032, -998.822958643783, -999.0590053779506, -999.4862364458479, -999.4862364458479, -999.8027153912593, -999.8027153912593, -999.8027153912593], 
