[-102.12667796089477, -594.7355305659355, -793.564269892069, -921.8014008670274, -924.0339522064171, -950.650640923796, -961.6247697235328, -972.1024204444852, -983.9285241144045, -987.3558882698317, -992.7166446133364, -996.8595531125458, -999.1014219512283, -999.1014219512283, -999.1014219512283, -999.127600108492, -999.7347499385769, -999.7347499385769, -999.7347499385769, -999.7347499385769], 
[-779.7966759176479, -779.7966759176479, -945.7343439728791, -946.910835472002, -952.9823166688602, -968.5194865113685, -995.9622889227576, -996.5669327843499, -996.5669327843499, -996.5669327843499, -997.6458780616982, -997.6458780616982, -999.2284035635702, -999.2284035635702, -999.4637852080552, -999.4637852080552, -999.4637852080552, -999.6441599251241, -999.8223803110086, -999.8223803110086], 
[856.0167635408363, -460.2625799938927, -877.7981544446171, -890.7030260678073, -977.2616893854158, -977.2616893854158, -987.2790030680408, -988.702672194518, -992.8679632356611, -992.8679632356611, -997.7708537469584, -998.877056786095, -998.9853543591589, -998.9853543591589, -999.757926103698, -999.757926103698, -999.757926103698, -999.757926103698, -999.8434592213229, -999.8485200044472], 
[106.37747990275466, -124.33681491672212, -786.6505727314541, -953.0213207313537, -958.2681321394239, -993.0774932830152, -993.0774932830152, -993.9049880216437, -997.1204919148962, -998.0944870634436, -998.7116224963285, -998.9870037466717, -999.1849983012072, -999.2773176028113, -999.4914692371061, -999.7439058214954, -999.7439058214954, -999.8486002748124, -999.849974419354, -999.849974419354], 
[-183.74763066698597, -511.97453249832677, -982.4347388214155, -982.4347388214155, -994.0587516262574, -994.88756284657, -996.285455246081, -996.285455246081, -997.3916460427172, -998.673096926035, -998.7595392902177, -999.5435073473951, -999.5458264984114, -999.5461757942421, -999.7631339978592, -999.7631339978592, -999.8297289320643, -999.8297289320643, -999.8498216310172, -999.8886382056345], 
[-661.0250614413341, -661.0250614413341, -751.7280118521139, -975.6613306510521, -975.6613306510521, -975.6613306510521, -984.9019604827859, -985.6346301954776, -990.9882874124136, -994.034261969689, -995.5940120310435, -997.889298418579, -997.889298418579, -999.1744016582873, -999.1744016582873, -999.1744016582873, -999.2752792733894, -999.7420399335211, -999.8018833201063, -999.8018833201063], 
[-504.49243992198353, -504.49243992198353, -935.816936967434, -955.2857151480199, -967.2669444072985, -980.4861817437298, -994.321252618975, -994.321252618975, -996.2087722232078, -998.5125719157679, -998.5125719157679, -998.6817151804919, -998.9078911710965, -999.3574404861049, -999.5589361553627, -999.5589361553627, -999.5589361553627, -999.7431925385205, -999.7822347674241, -999.8877436881546], 
[190.87735983960124, 190.87735983960124, -854.702772113947, -961.3432531547714, -961.3432531547714, -972.901199093176, -972.901199093176, -981.2365633115386, -983.6944351297994, -997.6559270178869, -997.6559270178869, -997.8888001752183, -998.1821715249193, -999.1417343822366, -999.7852057071717, -999.7852057071717, -999.7852057071717, -999.7852057071717, -999.7852057071717, -999.8091916993795], 
[-470.8114402358177, -470.8114402358177, -887.6742363093463, -924.0635618195599, -951.0622707598638, -951.0622707598638, -978.6698578384206, -985.4303258953328, -987.305182273497, -990.4536362704963, -992.3777873877601, -995.9202889003348, -995.9203581510208, -998.6724039739782, -999.1669283906227, -999.318988202103, -999.318988202103, -999.5124472063442, -999.8421377598992, -999.8421377598992], 
[-304.57568389381595, -607.104285595922, -944.6261126389118, -980.6226726322614, -983.7335349346969, -986.8954532202196, -992.5331990285921, -993.1707195372433, -994.1619150538353, -995.1912674983978, -999.1708806743347, -999.3235552323674, -999.3235552323674, -999.7061080023942, -999.7082653441245, -999.7082653441245, -999.7082653441245, -999.7082653441245, -999.7952987064992, -999.8430602482557], 
[-229.96284629965862, -885.9194235065495, -932.0238166115731, -967.5816447802795, -977.3097501164226, -988.5275547861644, -989.2217868385935, -995.3904369695804, -996.0326172153904, -997.6778893608794, -997.6778893608794, -998.3801167439055, -998.9720156433053, -998.9720156433053, -999.6849928391406, -999.685684306007, -999.685684306007, -999.707226034758, -999.8120399491409, -999.8125745567036], 
[-349.2309865868597, -537.4859172265368, -915.2350482743991, -954.8399861484079, -963.7562312463094, -981.7336959230355, -985.5576766997685, -988.0428967904123, -988.0428967904123, -993.212187254044, -996.8693204511366, -997.6631486856278, -999.064230853798, -999.5205348395086, -999.5205348395086, -999.8733643454133, -999.8733643454133, -999.8733643454133, -999.8733643454133, -999.8733643454133], 
[-422.943139272273, -425.0627154977726, -848.026056236678, -936.5052003515261, -957.2074636174059, -971.67952887489, -983.5521793167153, -988.1040816236456, -991.9522565105801, -993.6582477151364, -997.8509653238725, -997.8509653238725, -997.8509653238725, -998.7781493197574, -999.055715036715, -999.3396297923684, -999.3396297923684, -999.4814537892104, -999.6100865834633, -999.7192175937447], 
[-92.1118022340479, -320.8953727304596, -942.6687655676885, -963.4980558166727, -993.5274038813589, -993.5274959595147, -996.1592883922062, -996.1592883922062, -998.4633782574394, -998.4633782574394, -998.9570699804271, -998.9570699804271, -999.3547578612439, -999.5126647876773, -999.766615159396, -999.766615159396, -999.766615159396, -999.766615159396, -999.881331960051, -999.881331960051], 
[28.68560975028231, 6.407716258910568, -939.7746608082192, -939.7746608082192, -973.1692757339837, -978.0176831198635, -984.3554835246109, -985.7478101740713, -996.8707174573672, -996.8707174573672, -998.494369590928, -999.4391541678422, -999.6645090819683, -999.6645090819683, -999.6645090819683, -999.7512405871108, -999.7790649498104, -999.7790649498104, -999.7815188617977, -999.8009013975897], 
[1058.0044394578103, -518.9377459339697, -855.0306825836105, -932.9887938100251, -932.9887938100251, -945.4540498566646, -963.8211147796889, -968.0847006038281, -973.4628774670755, -991.8238955702531, -991.9438211983054, -996.1451524521725, -997.6229831072525, -998.11970759016, -998.4415808687646, -998.9909525233383, -999.0661376656057, -999.0661376656057, -999.3365251535382, -999.3782829730807], 
[-752.863208037486, -752.863208037486, -888.4845889898863, -910.2737061721429, -920.9284264131797, -938.7836835568163, -956.8914722064552, -978.7140485743694, -991.9107637848036, -996.7347884341971, -996.7347884341971, -997.9771575735464, -997.9771575735464, -998.52529898901, -998.7252364066278, -998.8719694760418, -999.1392086126423, -999.6464232346787, -999.8109366685748, -999.8109366685748], 
[254.90786459626383, 129.87176208631672, -927.5758862526907, -959.9932914311263, -970.295773525612, -978.273660583777, -990.7969506999589, -991.1373934513986, -998.7103436823922, -998.7103436823922, -998.7103436823922, -999.1504926536389, -999.1504926536389, -999.4488864639918, -999.4873163649445, -999.4957188833984, -999.4957188833984, -999.6663681756976, -999.6663681756976, -999.8166097538069], 
[-472.2967066159997, -472.2967066159997, -917.8956087569675, -938.36633503344, -940.1799096340276, -963.51357498222, -980.7530967855122, -991.9357259104909, -991.9357259104909, -993.0318203213275, -996.2507541223707, -997.276412061404, -999.1804128856642, -999.1804128856642, -999.1804128856642, -999.4026331041604, -999.6303774751959, -999.6303774751959, -999.7742288044984, -999.7742288044984], 
[-469.58392908194423, -469.58392908194423, -836.8948394287656, -913.7807614089745, -962.1876249959682, -971.1801429034703, -984.6511519837079, -984.6511519837079, -993.3698861011075, -993.3698861011075, -996.0076180948507, -998.876070605267, -998.9377368416891, -998.9377368416891, -998.9819660329539, -999.592529869767, -999.592529869767, -999.9402268660672, -999.9402268660672, -999.9402268660672], 
[-386.2010465462017, -386.2010465462017, -745.9892393465847, -873.090964763529, -954.4162694903483, -972.2677345604562, -980.0663649645636, -984.6427920396071, -992.7479802904483, -997.3514908826265, -997.3514908826265, -997.8059397519194, -998.7049341480379, -999.6019476672788, -999.6019476672788, -999.6019476672788, -999.6019476672788, -999.6019476672788, -999.6019476672788, -999.6554261370455], 
[-813.0650911099017, -813.0650911099017, -871.4309548136231, -913.7581526021006, -952.4082699812511, -980.2639146059767, -987.485866421481, -992.3643697908627, -994.1414234201804, -994.1414234201804, -998.1752841246904, -999.5858132750163, -999.5858132750163, -999.5858132750163, -999.7752045848758, -999.8218526897023, -999.8218526897023, -999.8218526897023, -999.8218526897023, -999.8218526897023], 
[110.83113181134536, -858.1055451362463, -930.9030198476069, -930.9030198476069, -986.2151828118085, -991.7209731304232, -991.7218025964735, -992.4655008692729, -994.225534973271, -994.225534973271, -997.7850548872052, -998.2868152020549, -998.647583918839, -998.647583918839, -998.8922749328751, -999.3868128878979, -999.611218733002, -999.611218733002, -999.6414576197761, -999.6414576197761], 
[165.64891261159005, 2.7341559213919027, -927.8765447513952, -927.8765447513952, -944.2148929523637, -977.8880619472749, -977.8880619472749, -989.0796506128337, -995.5937204380665, -995.7549300885066, -997.8258576751658, -998.0717698926012, -999.159742425005, -999.5336816125837, -999.5336816125837, -999.5336816125837, -999.5336816125837, -999.7760985103931, -999.7894890190327, -999.8072920472544], 
[-808.1898832345275, -808.1898832345275, -893.5364314215725, -923.8936771243187, -923.8936771243187, -936.831027732109, -945.5360536141577, -959.4981673330462, -982.6727979814424, -988.0314068027475, -992.18355296269, -995.6918559503674, -998.4070205938585, -998.4070205938585, -999.1155933758135, -999.1155933758135, -999.3644363943035, -999.3644363943035, -999.6824902906669, -999.8245954316153], 
[7.425560904538088, -277.2207236289096, -885.6702626333462, -944.6363364312996, -944.6363364312996, -981.9227130895073, -982.538394257041, -992.133172442601, -992.2999248343234, -997.144919142559, -997.144919142559, -998.4203896474013, -998.9229809985583, -999.2856444147517, -999.2856444147517, -999.2856444147517, -999.591245224447, -999.7809813457873, -999.8408259462398, -999.8408259462398], 
[-336.50378988751356, -617.0133929558784, -949.4797107741426, -965.1910447176232, -966.9647127213196, -970.8224634606695, -984.883306330137, -990.6235625590739, -994.1272031168423, -995.8579859753269, -997.227119452295, -998.7035052447161, -999.2158461174155, -999.2158461174155, -999.5296013672107, -999.5296013672107, -999.5738084891176, -999.7803495387267, -999.7803495387267, -999.7803495387267], 
[-726.4346524860462, -726.4346524860462, -979.1562373438857, -979.1562373438857, -979.1562373438857, -989.7398948240691, -990.374068698553, -995.3023351781945, -995.9117424951146, -997.7374455263221, -997.7374455263221, -997.7745064156908, -998.2909648927397, -999.3344682961933, -999.5985816482462, -999.7568908430991, -999.7568908430991, -999.7596762975943, -999.8025412852145, -999.8025412852145], 
[-343.3619244623376, -343.3619244623376, -952.115811045925, -970.5426696754353, -978.007221382442, -978.007221382442, -985.1502709371222, -995.3605650587173, -999.1569317734215, -999.1569317734215, -999.183594198633, -999.183594198633, -999.183594198633, -999.3796371865802, -999.4597723034814, -999.7639883728989, -999.7639883728989, -999.9025862960092, -999.9025862960092, -999.9025862960092], 
[-278.88395291573477, -278.88395291573477, -877.566567146634, -896.3131457970521, -952.0794996927557, -964.5725955191043, -978.3200304008283, -993.7070032233872, -994.2577363956859, -999.2699584762787, -999.2699584762787, -999.2699584762787, -999.4596980950391, -999.4596980950391, -999.4596980950391, -999.4596980950391, -999.6719645301694, -999.6719645301694, -999.6719645301694, -999.7845055285962], 
