[283.73441556674265, 283.73441556674265, -868.0849369984413, -947.5369159539891, -954.1311662310711, -965.8787489685981, -976.4551712231249, -988.4727669154103, -995.6664306626628, -997.8896268066002, -999.1238492353652, -999.1238492353652, -999.1238492353652, -999.1238492353652, -999.2902687275997, -999.4945449433335, -999.5793441277098, -999.6134824918557, -999.7192270692653, -999.805354325121], 
[-338.0235311646758, -338.0235311646758, -917.847275108926, -958.1069374922279, -963.3782122986933, -980.1645060458926, -988.2824731295782, -990.1100712850937, -993.7411741760275, -996.249110767849, -998.4842163732432, -998.4842163732432, -998.4842163732432, -998.7453687708011, -998.8029903312862, -999.361838875907, -999.4761366359272, -999.6125944197162, -999.7599151191861, -999.7684066803791], 
[-257.0730255286061, -453.58156931313647, -949.7497123329392, -949.7497123329392, -961.236352725223, -982.5553975185863, -989.2405408612913, -994.3949315366083, -996.2825706096608, -996.9907235802525, -999.149478313226, -999.149478313226, -999.3101886211846, -999.3101886211846, -999.3101886211846, -999.3560087795471, -999.4472338006283, -999.514850454242, -999.5560531933221, -999.7274197853822], 
[216.51587540772994, -703.1776624550384, -926.8043435768145, -926.8043435768145, -964.9830095759245, -973.4960781842373, -978.7009029396274, -978.7009029396274, -994.1093349397563, -994.2366796170759, -996.9249853565261, -998.4384111208691, -998.7403451661057, -998.9813721233543, -999.2580056844477, -999.4749075205245, -999.4749075205245, -999.6143379162005, -999.7907748189954, -999.8009691363294], 
[-26.072254127871133, -120.03634436724963, -914.1290266786727, -951.1706419361454, -951.1706419361454, -972.1261084171156, -987.061866484405, -987.061866484405, -998.6290925262983, -998.6290925262983, -998.6290925262983, -998.7038868565407, -999.0105643678455, -999.4660731977297, -999.4660731977297, -999.7106306385002, -999.7106306385002, -999.7106306385002, -999.7106306385002, -999.720864905919], 
[2132.7890679436496, -781.6070079362205, -867.912699964183, -967.7158713381614, -968.9812900060513, -968.9812900060513, -982.9245902714752, -984.8012766649489, -994.7516015806856, -995.1923774234466, -996.8690773869943, -997.9690586575765, -998.2354462610355, -998.2520731181146, -999.1387158392762, -999.3690884074368, -999.3903426414915, -999.6788491808139, -999.6788491808139, -999.7104908015704], 
[201.58231620380548, -632.6972756747175, -912.4662781212459, -960.2611955177819, -969.0394962378314, -971.9924900844733, -990.3729100649609, -992.5226779667612, -996.0908711284352, -998.3236992010382, -999.1388522541338, -999.1388522541338, -999.1388522541338, -999.1697169486522, -999.3142314324662, -999.3216290126936, -999.4892970309631, -999.7983646659953, -999.7983646659953, -999.7983646659953], 
[-768.8133495459157, -768.8133495459157, -768.8133495459157, -895.7856593456343, -950.8681430008531, -956.7075093557625, -982.7153301116983, -985.6857212347337, -985.8560641479985, -987.9260479453226, -991.9891093319588, -995.890541013943, -996.0490785023065, -998.7906189982565, -999.1628312743536, -999.1628312743536, -999.3209066020916, -999.4416306635358, -999.4420345869216, -999.8150818047553], 
[3473.959580543631, -588.1370098150063, -770.9499159690329, -771.2174320079087, -908.9717837973583, -926.569884391631, -948.6207827425378, -968.235560472387, -980.255667399991, -992.510417767318, -993.1965168509468, -996.3326922883904, -997.2005691350369, -997.2005691350369, -999.0139992214043, -999.4749200398677, -999.7478010294055, -999.7478010294055, -999.7478010294055, -999.7478010294055], 
[-703.1317416501236, -703.1317416501236, -878.7359615341632, -914.9772956422504, -972.8094444379365, -972.8094444379365, -985.6990679746864, -985.6990679746864, -989.9865053629552, -992.8245004381336, -995.3658587349954, -998.1247503522337, -999.0291286208193, -999.0291286208193, -999.4771470514357, -999.4771470514357, -999.5534025628937, -999.582005605555, -999.6555180596628, -999.6608028957356], 
[-170.82381801913698, -170.82381801913698, -952.3572222265188, -970.3429304661914, -973.7517578242988, -977.3900664975253, -979.0490888730651, -987.2663390189601, -991.9679615000425, -997.364905199857, -998.0010162401816, -998.828425977896, -998.828425977896, -999.1721468441219, -999.2988371180523, -999.6664603033612, -999.6664603033612, -999.7016095862386, -999.7230614346039, -999.7352997670928], 
[1257.6532743762923, -819.0120634694297, -961.5265193318367, -963.5500033608033, -963.5500033608033, -966.5795802694789, -995.0139138037106, -995.0139138037106, -995.0139138037106, -995.0139138037106, -997.4396429734139, -999.1058027644958, -999.2349080683807, -999.5047098523171, -999.6389020608259, -999.6510972988099, -999.6510972988099, -999.6579055966141, -999.7531447331694, -999.9012443099939], 
[748.9997643299209, -507.929210491442, -815.3169927915674, -923.9058359968665, -946.0831852494475, -986.5861702922064, -990.54526388634, -990.54526388634, -992.8304899641643, -998.1140438597215, -998.5999024905606, -998.602442982242, -998.7548952633442, -999.5727632266211, -999.6095937170438, -999.6095937170438, -999.6467959354112, -999.6916862732243, -999.7994842379895, -999.7994842379895], 
[95.4104643019707, -388.4706853487951, -944.339674607697, -965.065915340881, -980.9702362556714, -980.9702362556714, -989.4204037519848, -990.9049026268956, -992.6841569044124, -998.1989037576041, -998.2003779341893, -999.0642318562348, -999.2506194134547, -999.2506194134547, -999.5980169831649, -999.8807174031073, -999.8807174031073, -999.8807174031073, -999.8807174031073, -999.9312853372445], 
[-119.27420576598206, -119.27420576598206, -864.5338265797894, -905.5997233839611, -943.6929334261913, -967.1522940905593, -987.0871033117068, -987.5596867502243, -995.2262210011037, -995.2262210011037, -998.2121345776588, -998.6324479921246, -998.6324479921246, -998.6850658107255, -998.6850658107255, -999.2833804448325, -999.6592515078349, -999.6592515078349, -999.7249723831483, -999.7868567051726], 
[899.0961765001953, 45.876909346107595, -874.5418034801355, -954.6639270196612, -968.4703837217548, -968.4703837217548, -990.9497348460111, -992.6940771848359, -996.439988363262, -998.3702134396759, -999.1406241554103, -999.1406241554103, -999.5340375443872, -999.5340375443872, -999.5340375443872, -999.6663357205841, -999.6663357205841, -999.8155363329023, -999.8832805500405, -999.8832805500405], 
[46.73271105115123, 46.73271105115123, -897.5197008793199, -919.639601008145, -948.2523986001733, -980.1864699636521, -982.4052069531061, -982.4052069531061, -989.5175573178367, -992.395763551248, -994.5690981759078, -995.6369949051236, -997.0632077043593, -998.8087079531051, -998.8087079531051, -999.3548551677495, -999.3548551677495, -999.521887307421, -999.521887307421, -999.7844066843971], 
[1735.1750063762565, 166.2551874160472, -769.2333816403177, -939.2244231602382, -948.986712503839, -974.1720456284127, -974.5100075747503, -990.4730807434704, -990.4730807434704, -990.4730807434704, -994.5792064777787, -997.8480899958961, -998.5716347858628, -998.6389201600341, -998.9588512645265, -999.4948349669977, -999.4948349669977, -999.4948349669977, -999.7332385427783, -999.7332385427783], 
[-741.9501845793335, -741.9501845793335, -957.2815605451291, -987.4788936288262, -989.7638009651388, -993.0926912086869, -994.3270626689778, -996.6923752930903, -999.3281951561565, -999.5801244727339, -999.5801244727339, -999.5801244727339, -999.6481491812784, -999.6481491812784, -999.6499735819474, -999.7808248815569, -999.8160017498327, -999.8160017498327, -999.8160017498327, -999.8160017498327], 
[-768.4702009012044, -768.4702009012044, -933.2358569129135, -978.7240583413268, -978.7240583413268, -992.1631911783302, -993.9433160171305, -994.5818015598032, -995.311612430409, -997.9738749757709, -998.0299322769669, -998.7670820923577, -998.9674022568852, -999.5189894812235, -999.6585304107294, -999.6585304107294, -999.7755958771301, -999.7755958771301, -999.8273325341142, -999.8341918434626], 
[480.56407168160536, -524.0748471197388, -865.099239640083, -931.370942664122, -974.3817072795116, -986.6669179982212, -990.3967038214037, -993.9985496959877, -994.3136397514843, -996.2268171443355, -996.2268171443355, -997.6374047607144, -998.4088674189182, -999.7116608723614, -999.7116608723614, -999.7116608723614, -999.7116608723614, -999.7730435368319, -999.833271202124, -999.8546634792341], 
[-455.996742254492, -455.996742254492, -989.9090703270556, -989.9090703270556, -992.4344973669214, -992.4344973669214, -997.8786509724441, -998.9499597921215, -998.9499597921215, -998.9499597921215, -999.6061157870365, -999.6061157870365, -999.6061157870365, -999.6061157870365, -999.6061157870365, -999.8045581605626, -999.8045581605626, -999.8045581605626, -999.8045581605626, -999.8045581605626], 
[524.2632797070228, -522.1151588318003, -973.4969949350734, -979.09635928783, -987.8695718750489, -990.0534009295587, -994.5127844171426, -995.754071236531, -998.8470087588522, -998.8470087588522, -999.7199473479152, -999.7199473479152, -999.7199473479152, -999.7199473479152, -999.7199473479152, -999.7199473479152, -999.7211989346262, -999.8014651128527, -999.8142057925584, -999.843144788656], 
[462.8731861332917, -957.2676082203393, -957.2676082203393, -957.2676082203393, -957.2676082203393, -970.0874055899504, -978.4145255794565, -989.2811903495475, -993.057737065035, -993.057737065035, -995.8128906219313, -997.5802177560191, -998.6163101970293, -999.265592425488, -999.4514133512607, -999.5770876798354, -999.6236853858708, -999.6236853858708, -999.6236853858708, -999.7269634455133], 
[-174.1197322740112, -174.1197322740112, -890.8669134619095, -963.8755159564005, -963.8755159564005, -973.99985767649, -977.4978265259477, -991.0742366946956, -996.1937819141102, -996.4974946113927, -997.8220817644502, -998.5937786563857, -998.7861842761614, -999.2274607199423, -999.5979130501515, -999.5979130501515, -999.5979130501515, -999.6029221616172, -999.7623140400375, -999.7722453916844], 
[-116.68654423732153, -116.68654423732153, -921.4511016157877, -958.4008174576735, -982.1165745006657, -982.1165745006657, -983.2836279389262, -987.606814292307, -994.632611099786, -994.632611099786, -998.9083994225159, -999.0135703162852, -999.0135703162852, -999.0160439184198, -999.1766905673995, -999.5639497165706, -999.5639497165706, -999.5639497165706, -999.6486281137651, -999.80562635621], 
[-249.77426987081697, -249.77426987081697, -912.9081084276961, -960.431160600655, -977.8550591758409, -985.8424638367163, -989.3640699308853, -992.7911511824664, -995.0406190818812, -995.0406190818812, -999.3767154569387, -999.3767154569387, -999.3767154569387, -999.3767154569387, -999.6684805427034, -999.6684805427034, -999.6684805427034, -999.7298909327693, -999.7298909327693, -999.89397388482], 
[-292.71247055400613, -292.71247055400613, -926.4762541665626, -974.4922984108155, -974.4922984108155, -987.9105342235257, -992.6942984317132, -997.9265537488235, -999.496211219361, -999.496211219361, -999.496211219361, -999.566494686149, -999.566494686149, -999.566494686149, -999.566494686149, -999.7097736751671, -999.7145493029378, -999.7875478694166, -999.8638037035619, -999.8638037035619], 
[-181.6702638514937, -649.9452116067908, -885.8499841255831, -926.0106104027121, -934.8237074990152, -944.5346983646849, -957.7706577354408, -964.7559010063923, -981.3123849427598, -993.5476539080611, -994.4212052086028, -997.5743294039381, -998.7408048220349, -999.2520982662289, -999.4166344132011, -999.4166344132011, -999.4166344132011, -999.4445935506757, -999.586446275635, -999.7983339112986], 
[-197.69470542751378, -197.69470542751378, -869.8687791534313, -916.9821350943982, -932.4488626525593, -946.4706896869499, -971.3140397077361, -975.7781838825225, -981.6304997906801, -987.6037303400891, -990.157541626113, -996.9572531601005, -998.0348365672533, -998.0348365672533, -999.0905902001961, -999.3569886243738, -999.3569886243738, -999.3569886243738, -999.4089321145342, -999.853142298293], 
