[-773.8388457152316, -773.8388457152316, -978.7737988188059, -978.7737988188059, -992.3443370866581, -992.3443370866581, -994.726135126799, -996.2023307409148, -998.9982931298707, -998.9982931298707, -998.9982931298707, -999.1738171133838, -999.6055589595426, -999.6055589595426, -999.711220034949, -999.7123693029238, -999.8665587996295, -999.8692904558441, -999.8692904558441, -999.8692904558441], 
[-796.4455859197641, -796.4455859197641, -937.0644470054725, -937.0644470054725, -992.747456226351, -992.747456226351, -994.1693264058155, -995.8621720073156, -997.0608058078786, -997.0777487385576, -998.2637403958269, -999.5695581560017, -999.5695581560017, -999.844344959584, -999.844344959584, -999.8520780254601, -999.8520780254601, -999.8699339865162, -999.8833884898715, -999.8901172270898], 
[756.7463982878637, -400.16142784713134, -919.6613475489363, -919.6613475489363, -941.7505722892453, -953.5686034145124, -977.9990451782222, -983.3322859587387, -995.4187987925247, -995.4187987925247, -997.3633956555325, -997.6703849796096, -998.2143932004484, -998.2143932004484, -999.463091762893, -999.463091762893, -999.701587278949, -999.701587278949, -999.701587278949, -999.727167110225], 
[-802.9033024855496, -802.9033024855496, -947.320886814532, -983.9300079750337, -983.9300079750337, -983.9300079750337, -994.5169592809838, -994.5169592809838, -998.1021083280928, -998.1021083280928, -998.1021083280928, -999.092160419294, -999.092160419294, -999.092160419294, -999.4132207953381, -999.4132207953381, -999.4169330226147, -999.4169330226147, -999.6892683842682, -999.7895488059262], 
[196.7028256023816, -741.9113427306067, -808.9515967604788, -957.4253078863134, -974.4820698768328, -978.0211496598585, -984.4271824539902, -989.3864797058852, -994.1464620659156, -995.0401120032886, -996.8504056909748, -997.9104470503775, -999.3865712044426, -999.6718506705794, -999.6718506705794, -999.7395762484985, -999.7395762484985, -999.7395762484985, -999.8683987782679, -999.8684776307948], 
[-395.9904965705549, -686.7063614977187, -732.5373000962045, -810.9847062345898, -945.3924679892199, -945.3924679892199, -968.1709941808864, -992.1231246769556, -992.1231246769556, -995.8486542940792, -998.3904325094137, -998.3904325094137, -998.3904325094137, -998.5403612836872, -998.5403612836872, -999.3818151055747, -999.4223350420298, -999.6542871235649, -999.726340890575, -999.8703372313313], 
[-452.3815894543053, -452.3815894543053, -897.5200537472379, -976.1621985134611, -976.1621985134611, -976.9846118900913, -986.5886315014168, -986.972435547575, -990.463166539529, -994.8043949405227, -996.351372760225, -998.3434866146151, -998.3434866146151, -999.0406613665726, -999.1074891580374, -999.6322872457766, -999.6322872457766, -999.6322872457766, -999.6322872457766, -999.7473352605649], 
[221.96985985074775, -29.11802891712125, -972.4658581033267, -972.4658581033267, -972.5960145439749, -992.1300781573811, -994.2545365972006, -994.3403256501193, -997.3426869920067, -997.3426869920067, -997.8541875665369, -999.3991887903732, -999.3991887903732, -999.5706593284971, -999.6782854521451, -999.6782854521451, -999.7237741153041, -999.737949809172, -999.737949809172, -999.737949809172], 
[-729.4430203190195, -729.4430203190195, -732.8919564316896, -900.2394665041119, -959.7182588457637, -986.6384319256114, -991.1337167336653, -991.1337167336653, -995.7872882135982, -995.9752419199691, -998.7178122654113, -998.898610978023, -998.898610978023, -999.1527895742203, -999.2161549201345, -999.2916295460592, -999.7900011480746, -999.7900011480746, -999.8297220742393, -999.8297220742393], 
[-74.36700906982514, -125.81034880170398, -905.5507227194538, -979.5755142815292, -987.4044254174174, -991.7771800293642, -991.7771800293642, -994.7033725076814, -996.0397606652675, -997.6800082024128, -998.2733336522568, -999.257384698796, -999.6481481115634, -999.6481481115634, -999.8146399794398, -999.8146399794398, -999.8146399794398, -999.8146399794398, -999.8392358546565, -999.9247576112024], 
[379.1582169751521, -513.4521761601496, -907.9244502057178, -907.9244502057178, -933.9841033676392, -963.0978072299866, -967.1022552247268, -978.6409673727144, -981.6852769693975, -985.5166441654959, -992.6212187880983, -996.2928702740999, -996.2928702740999, -998.6012079207093, -998.6012079207093, -998.7801362734111, -999.0117425185869, -999.4557658038933, -999.4557658038933, -999.7189073509386], 
[354.70411291401183, -689.5087752353984, -927.735475218354, -927.735475218354, -962.2875901931448, -968.0270568481077, -971.6731571795614, -985.3441070098248, -992.8021100545741, -998.0485849500645, -998.0485849500645, -998.2808412649974, -998.2808412649974, -998.6447225382891, -999.0794940399142, -999.0794940399142, -999.5811961049025, -999.7269312330891, -999.7269312330891, -999.7269312330891], 
[1875.587802778286, -355.73705328468554, -730.1256564205139, -927.0170887925583, -958.7198342236704, -958.7198342236704, -977.4721318778165, -979.6503238135497, -991.2657040182871, -992.9742977449105, -992.9742977449105, -997.7406670065669, -999.1083604976554, -999.1083604976554, -999.1083604976554, -999.428176697156, -999.428176697156, -999.5443993824548, -999.6073543769145, -999.6398024289151], 
[-364.1357381590142, -364.1357381590142, -931.3889450817287, -966.077701001885, -973.5512715388757, -987.6732094929346, -990.7145840745668, -994.6457890867727, -996.8266066778878, -997.1728368478163, -998.024272877209, -998.9664706660918, -998.9664706660918, -999.2757336104775, -999.4618626619198, -999.4618626619198, -999.6717568661459, -999.7932430769439, -999.7932430769439, -999.7932430769439], 
[-442.58838826215504, -442.58838826215504, -962.096223597005, -962.8741016815657, -981.5237391575679, -987.9069954851507, -987.9069954851507, -994.3233970490527, -995.4167387996616, -997.0750280991391, -997.5756934200156, -999.0534336191001, -999.0534336191001, -999.5015003263977, -999.5015003263977, -999.5015003263977, -999.5162967746304, -999.6256936291168, -999.8592660568518, -999.8592660568518], 
[-61.04946308045999, -697.794776506272, -913.2338303424405, -975.3270553839673, -975.3270553839673, -979.5041028309793, -980.5121969337912, -987.2831523140737, -995.3284057856522, -995.5766752687055, -995.5766752687055, -997.8880999770138, -998.9404452637816, -998.9404452637816, -998.9404452637816, -999.1537175058542, -999.7714258493658, -999.7714258493658, -999.7714258493658, -999.7714258493658], 
[126.44725864952738, -328.53134359192916, -912.9443194478322, -955.8665345197089, -971.8540463916579, -971.8540463916579, -977.2229887191953, -994.7786091255851, -996.8910297687951, -999.2202874478486, -999.2202874478486, -999.2202874478486, -999.3546245663174, -999.3546245663174, -999.3800501195744, -999.3800501195744, -999.3800501195744, -999.4086939883242, -999.6485790191489, -999.9060466855536], 
[126.98062178592045, 126.98062178592045, -962.6134710917403, -983.141213701001, -983.141213701001, -990.4846405885224, -995.6157535660627, -997.6776714116716, -998.666611902677, -998.666611902677, -998.8521648016526, -999.6319755008979, -999.6319755008979, -999.6319755008979, -999.6319755008979, -999.6319755008979, -999.7608289260567, -999.7608289260567, -999.930725614239, -999.930725614239], 
[-315.8626471587339, -525.9288795162228, -883.4867440222691, -976.8461313942285, -976.8461313942285, -987.9149794071133, -987.9149794071133, -990.635503454691, -997.3758393335348, -997.4108824174449, -998.5691945742276, -998.5691945742276, -998.5731797233905, -999.594999479397, -999.594999479397, -999.6465520254983, -999.6660862356908, -999.795833125289, -999.9420270339041, -999.9420270339041], 
[-419.4287966607127, -447.3039515050847, -966.4728787903458, -976.9928946522788, -979.7112962862799, -990.2672082592815, -993.2954395672991, -996.3334715762645, -997.18983902105, -998.3910552887309, -998.9245195387036, -999.4365939226268, -999.4365939226268, -999.6866293342814, -999.6866293342814, -999.8111331106489, -999.8111331106489, -999.8111331106489, -999.8290101659393, -999.8575334009909], 
[-547.5717802711752, -549.9514967930061, -948.8441439257043, -950.8350403839434, -981.3099446541628, -983.3064518845104, -988.4354331457337, -993.4785149622454, -993.4871871180131, -997.365628794099, -998.8115533992343, -998.9546598578575, -999.5866631448392, -999.839013462154, -999.839013462154, -999.8843328526718, -999.8843328526718, -999.8843328526718, -999.9164281419818, -999.9164281419818], 
[122.91577169286734, -185.71186393462904, -947.566109126911, -955.2736781037031, -971.1611810001843, -975.2892157971875, -991.0436431002424, -991.0436431002424, -996.8208099815806, -996.8208099815806, -999.3840943413301, -999.3840943413301, -999.4936755868157, -999.4936755868157, -999.5668975485644, -999.5668975485644, -999.5668975485644, -999.7005200417675, -999.7005200417675, -999.7581856561465], 
[908.7753848776028, -778.5573845161892, -891.0118698116047, -894.1717322853549, -947.133669761698, -972.8691391582348, -987.4310250503025, -987.4310250503025, -990.666371094989, -995.8073868859058, -998.7264931651081, -998.7264931651081, -998.7264931651081, -998.7264931651081, -998.7264973395302, -999.3355543034064, -999.6341922534122, -999.6341922534122, -999.6900067937427, -999.7691760078898], 
[2605.020038982698, -450.64093172943694, -901.4990355772779, -961.7392354995889, -969.5689153180152, -977.5117632228254, -987.327001778518, -997.2086148558201, -997.2086148558201, -997.3447551389742, -999.2497705422885, -999.2497705422885, -999.2497705422885, -999.2584476135298, -999.2584476135298, -999.4878541944107, -999.4878541944107, -999.6006202747491, -999.6296209556856, -999.9580195922083], 
[-456.43054508155046, -477.61767402071825, -863.4869987001857, -956.5692138715694, -963.2733041708476, -988.9346546396498, -989.9277139787328, -992.0689648310731, -995.0727985904925, -995.3216351093266, -998.3629067058795, -999.0097762844342, -999.0097762844342, -999.1373525610617, -999.1373525610617, -999.361316105507, -999.361316105507, -999.6916161297689, -999.6990742069098, -999.8487564230411], 
[-175.3200459034607, -175.3200459034607, -970.0510558166169, -970.0510558166169, -970.0510558166169, -988.081175433124, -988.081175433124, -988.1838156821104, -990.5225964640101, -997.2471751910953, -998.4155451472727, -998.8089544940456, -998.8089544940456, -999.51846184394, -999.51846184394, -999.6828618481032, -999.6828618481032, -999.6831863657833, -999.7845458875252, -999.7983497931577], 
[920.1483091231348, -520.4222135823509, -970.48193466766, -972.2675525667247, -986.3754457012204, -986.3754457012204, -988.8664557021177, -990.0584213501759, -996.3562510589875, -998.2837020604228, -998.5729792473702, -998.9876548843413, -999.1148151879338, -999.359068201415, -999.5527560560021, -999.6806288927638, -999.6806288927638, -999.6806288927638, -999.6812931949661, -999.681295114145], 
[209.48863729177538, -799.9187449196438, -939.267888075258, -952.8054122916511, -987.4997624961336, -987.4997624961336, -988.3994477508993, -998.9380227593485, -998.9380227593485, -998.9380227593485, -999.0314719990325, -999.1102994278572, -999.1102994278572, -999.6205391738705, -999.6205391738705, -999.6205391738705, -999.7901845329012, -999.8344290927503, -999.8582860575282, -999.8993836211301], 
[-399.3643036357515, -399.3643036357515, -791.4412182317105, -949.4029395913866, -960.7491749176045, -978.3599682717231, -983.7240248759807, -988.7620157579712, -991.4563292534799, -998.3433846951796, -998.3433846951796, -998.5171039604796, -999.1038659220058, -999.3907807549117, -999.3907807549117, -999.6381600936556, -999.8475584196196, -999.8475584196196, -999.8475584196196, -999.8475584196196], 
[-634.2778577186217, -634.2778577186217, -924.5485832770742, -940.702351023913, -951.7386720847308, -978.8123583339916, -986.0876968855977, -989.6888718121571, -994.3914839475977, -995.3836970602771, -997.1711624775184, -997.1711624775184, -997.9121551269078, -998.458891997527, -999.0955296941922, -999.1410392467009, -999.7309675128158, -999.7309675128158, -999.7309675128158, -999.7309675128158], 
