[470.7014188819521, 307.899756356961, -791.1721283971534, -814.8388062303693, -894.9276641161492, -952.8325564182094, -955.2359466327025, -983.4764814090574, -992.6724723952296, -992.6724723952296, -995.3445973012576, -995.4138121941193, -996.890088893533, -998.6321633554808, -998.9551451542696, -998.9551451542696, -999.0859347069313, -999.2526424361391, -999.3900674572919, -999.5470274225767], 
[755.6176936103479, -423.00220688649074, -916.4597688523925, -916.4597688523925, -919.0818000379345, -945.2864081499588, -960.4136077755229, -971.6105147623617, -985.4722345332192, -990.3709091324765, -995.5011362543547, -996.619784888526, -998.0383618843784, -999.0821131689956, -999.0821131689956, -999.0821131689956, -999.5422512091067, -999.5594030241664, -999.5594030241664, -999.5594030241664], 
[-461.00758563131865, -624.7462028727505, -854.3303897748096, -921.4131230272519, -921.4131230272519, -963.4803987045627, -980.4372226536356, -992.0794659588285, -994.7157583721859, -998.2323666847, -999.1826291845479, -999.1826291845479, -999.5234747822195, -999.5234747822195, -999.5234747822195, -999.5234747822195, -999.5234747822195, -999.6479714185945, -999.6479714185945, -999.7825769040267], 
[240.1772503927582, -599.2892154571422, -932.7649182010271, -965.5922292337016, -977.2976903056095, -980.2608788570593, -982.5563806709949, -986.6024732985297, -995.3086405471295, -997.172007571774, -998.5082561775637, -998.5082561775637, -998.9665368587943, -999.1670546981785, -999.3577222440998, -999.7602530647226, -999.7602530647226, -999.7602530647226, -999.7602530647226, -999.7673625158045], 
[852.560867788822, -38.20805758517929, -952.5129093601389, -972.2105501060985, -982.6616373937512, -993.5199370148495, -997.0766899195843, -998.8443712396523, -998.8443712396523, -998.9807886504111, -999.5309622933088, -999.5309622933088, -999.6911064458993, -999.6911064458993, -999.6911064458993, -999.6911064458993, -999.8060189881254, -999.8060189881254, -999.8060189881254, -999.9088120421852], 
[-370.51356999128825, -370.51356999128825, -976.8521058323834, -976.8521058323834, -978.8230112360458, -979.1120033751724, -984.5830985332635, -997.532994122365, -997.532994122365, -997.532994122365, -997.532994122365, -998.4057148638702, -999.3327559269674, -999.3327559269674, -999.5125605022581, -999.5125605022581, -999.6896715094849, -999.6943686689453, -999.8211940826423, -999.8211940826423], 
[1013.5703672214324, -779.9188175155359, -790.0741537324759, -911.5150163889114, -935.6089567750176, -979.779397382193, -980.9122862711605, -985.0415859392278, -988.1137170096833, -995.5334340650526, -995.5334340650526, -997.6478744908173, -998.9006738452364, -999.2526935554617, -999.2526935554617, -999.2526935554617, -999.5786510004477, -999.5786510004477, -999.5884374394356, -999.6901030060759], 
[-130.07086130602204, -276.46959803443167, -935.6200815495223, -959.3373631716926, -963.961947714015, -972.3402916886371, -988.7582935733495, -988.7582935733495, -994.0258941706346, -998.3758331149564, -998.3758331149564, -998.6090207229428, -998.7987525085023, -999.1698014628518, -999.3589592765443, -999.3589592765443, -999.4993472335041, -999.5299375273217, -999.7467891140661, -999.7467891140661], 
[-693.5458485902877, -693.8292868224701, -984.3179088155287, -986.6985128906863, -990.6134281886035, -992.4880588289107, -994.066598281375, -997.3590558261578, -998.762034150467, -998.762034150467, -998.862168510281, -999.7845114108044, -999.7845114108044, -999.7845114108044, -999.7845114108044, -999.7845238220236, -999.8241270571505, -999.8786317113475, -999.9389598784485, -999.9389598784485], 
[-591.2723716707553, -591.2723716707553, -881.3543459850521, -924.8731160934973, -955.8687599334135, -959.8000635141067, -987.1992476545316, -992.9824970683768, -995.9383079615014, -996.1295539636358, -996.1295539636358, -997.5926358496683, -999.1139376874828, -999.1139376874828, -999.5130489646649, -999.5130489646649, -999.821895961204, -999.821895961204, -999.8860557991538, -999.8860557991538], 
[284.4372920384608, 284.4372920384608, -891.3263114128881, -916.8412438619973, -945.2077012839972, -962.5387470605014, -982.1875390984519, -989.9185502930193, -997.6832055608118, -997.8122154703848, -997.8672171145658, -997.8672171145658, -998.4596283370118, -998.662503189841, -999.0650911422898, -999.0650911422898, -999.6013747763267, -999.6618950125355, -999.6618950125355, -999.747126991739], 
[-505.4243746603921, -505.4243746603921, -973.0830111836582, -973.1773056591738, -973.1773056591738, -976.4297914647227, -990.1044358383856, -993.5602913543822, -995.3525831260766, -998.4555043801366, -998.4555043801366, -998.7435956319882, -999.0654413232127, -999.3175389094007, -999.3452042939176, -999.4983328352049, -999.82245023031, -999.82245023031, -999.82245023031, -999.945316924119], 
[234.09023159504022, 139.98757725001065, -940.0576068539467, -967.1675085556916, -967.1675085556916, -973.0823835031114, -988.408416041837, -991.2384673195929, -996.1573042415245, -998.7412506001868, -998.7412506001868, -998.7417167018942, -998.9976448320647, -999.2036847520052, -999.2036847520052, -999.5553761499348, -999.5553761499348, -999.8795094412985, -999.8795094412985, -999.8795094412985], 
[161.62487149207163, -560.9210271441481, -818.6836726690153, -913.9503374176561, -961.794803607777, -961.794803607777, -977.656104441599, -980.0735791920046, -983.5198593378676, -992.3840996843963, -997.7170367170168, -998.6365243324059, -998.6365243324059, -998.6365243324059, -998.9681186256786, -999.3544100884355, -999.3544100884355, -999.601089873693, -999.6742687341157, -999.6742687341157], 
[79.87686610813921, 79.65522376817171, -917.6800233945482, -917.6800233945482, -921.7456060261986, -982.431481057212, -983.86612678599, -992.5879301331971, -997.6179818942577, -997.7322575399263, -998.9309138018203, -999.4557028473833, -999.4557028473833, -999.4557028473833, -999.4557028473833, -999.8228856790946, -999.8228856790946, -999.825254163593, -999.9119348162641, -999.9119348162641], 
[-775.2599057681558, -775.2599057681558, -895.8116049525688, -965.1448099417199, -972.3774761429517, -979.1353177183196, -985.7923664005541, -986.8260690067979, -990.1141079986535, -997.8661522218456, -999.1925177424645, -999.1925177424645, -999.1925177424645, -999.3118215908885, -999.5490256079878, -999.5490256079878, -999.64463600303, -999.64463600303, -999.7032143111968, -999.7702508785951], 
[271.2331791315794, 38.1383038768206, -903.3111684856141, -903.3111684856141, -923.4494316339199, -970.4693760963878, -974.8799718533319, -984.4710341610574, -992.6885658052539, -994.158204760082, -996.6091140452437, -998.0175967126977, -998.8475142483807, -998.8475142483807, -999.5119371769727, -999.6835507816558, -999.6835507816558, -999.6835507816558, -999.7731285134122, -999.7731285134122], 
[-646.9721077353113, -646.9721077353113, -906.3373384732839, -947.4846541419589, -983.0159934997428, -986.6324854485597, -990.8289448199232, -995.2532969141236, -996.5263269045645, -997.660735881727, -998.9055609210003, -998.9055609210003, -999.2687065597144, -999.2687065597144, -999.2687065597144, -999.4675587696331, -999.5581785204123, -999.8251440157137, -999.8251440157137, -999.8481176026157], 
[-381.89455977052774, -399.72299629474776, -689.7954994459222, -912.6069843702696, -944.319676629932, -958.7847992014329, -986.1500334545727, -986.1500334545727, -988.4439771853465, -991.811985320857, -994.6874529420004, -997.2937679922458, -997.8720261695759, -998.7537697794356, -998.8904415707544, -999.229257239186, -999.4514265528474, -999.4514265528474, -999.7035382242458, -999.7035382242458], 
[-477.9090467926512, -477.9090467926512, -921.3311713359197, -945.8484383100413, -954.0853635826144, -962.6530913589255, -974.0095390381214, -989.9313328952268, -990.4271789792036, -992.4127438958354, -996.0548578562407, -998.828441596165, -998.828441596165, -998.828441596165, -999.2725514240353, -999.4054810165205, -999.7815385864442, -999.7815385864442, -999.7815385864442, -999.7815385864442], 
[-571.0114571171721, -836.6989077982846, -871.1013650365799, -953.1857494645171, -961.6915682338657, -982.7229171012132, -986.5281720269312, -987.1151952235236, -989.7361596107706, -994.8765144984812, -998.7311307393894, -998.7311307393894, -998.7311307393894, -999.6129214159956, -999.6129214159956, -999.6129214159956, -999.6129214159956, -999.7048596879963, -999.7128714055806, -999.7923222367614], 
[-655.0467528986474, -655.0467528986474, -945.2924645442844, -963.0369690593079, -970.3260027631848, -983.4646504059507, -995.459035047031, -995.459035047031, -995.459035047031, -996.8958813650752, -998.832164542385, -998.832164542385, -998.9859586509939, -999.2881950519525, -999.3733647760379, -999.4807497454593, -999.6642982047697, -999.6642982047697, -999.8772211932549, -999.8772211932549], 
[478.85481485024184, 11.359039932046358, -942.5330184510772, -963.8229986667279, -971.271357984159, -982.9879175171124, -988.974073942135, -993.5376813717152, -994.6404075197127, -997.8678343740935, -998.825495518671, -998.825495518671, -999.3521371621238, -999.3581086945227, -999.3581086945227, -999.3797803525705, -999.7275666777491, -999.7306585403328, -999.8036364319203, -999.8731343145167], 
[-173.63064223669426, -372.82615875436, -825.5243203770153, -878.7790625382443, -947.1300241763678, -954.5212987217311, -969.5976741233105, -984.7398974960515, -986.9175561741486, -994.8928063861676, -997.4911870399987, -998.3231974917809, -999.398652312926, -999.398652312926, -999.398652312926, -999.5636647734441, -999.5636647734441, -999.5636647734441, -999.7382961108132, -999.7382961108132], 
[-163.41490336084973, -163.41490336084973, -858.210186204206, -917.2871863525659, -935.1539337164385, -962.3797756920446, -988.5574165925037, -988.594019425674, -993.9249555411743, -996.4372653868502, -996.4848873801764, -998.7835589670832, -998.7925105539163, -999.5702080362228, -999.5702080362228, -999.7192468435896, -999.7192468435896, -999.8206926683981, -999.8206926683981, -999.8206926683981], 
[-465.62767467159324, -533.8911029519229, -795.4920321056528, -917.9168822510628, -917.9168822510628, -944.4209006815056, -960.5620422321624, -986.8796693903475, -986.8796693903475, -994.6033074009667, -994.6653943492258, -999.078062785159, -999.0824677405402, -999.0824677405402, -999.1141259928278, -999.1650811710359, -999.6867659906985, -999.7028859721717, -999.7028859721717, -999.7028859721717], 
[-184.89099631663078, -474.7149891925552, -925.4470739466152, -966.3423622686322, -969.5891862919167, -973.6869510062971, -987.296530575206, -995.551401522177, -995.551401522177, -995.551401522177, -997.3071053940585, -997.6722696730094, -999.1599508379763, -999.1599508379763, -999.1599508379763, -999.3862107757537, -999.5975776266029, -999.7053648328816, -999.7053648328816, -999.8135660370299], 
[-55.97134611146964, -897.1808680833283, -897.1808680833283, -898.417249067774, -922.9185622707282, -928.6388955125162, -963.589778492803, -985.7937313703972, -992.4990833662815, -995.1224738617714, -995.5593026789263, -997.7600319855975, -997.7600319855975, -999.4080114199903, -999.4080114199903, -999.640249979421, -999.7570952472373, -999.7570952472373, -999.7772685507024, -999.7795670159016], 
[355.67205957924807, -463.8552628260053, -835.4338870349438, -955.7176278385776, -956.039954506996, -963.5191114079978, -985.3939260304227, -990.5675022054555, -990.9265667569452, -990.9265667569452, -996.1885320327398, -997.5119514902019, -998.1576312908879, -998.1576312908879, -998.9676666107331, -998.9836987272621, -999.5436289896508, -999.5436289896508, -999.7788982937717, -999.7788982937717], 
[-357.3547290598974, -413.2391916881621, -875.0655085168687, -937.0378832054187, -950.5463275920183, -971.603779141745, -974.6489179329743, -988.7501968066731, -997.4865528406895, -997.4865528406895, -997.4865528406895, -997.4865528406895, -998.3559617932775, -999.0762947814482, -999.2953560516488, -999.2986578466974, -999.611968022803, -999.611968022803, -999.611968022803, -999.7824371238428], 
