[1666.6995553330362, -39.987759371721836, -976.0973487172029, -976.0973487172029, -976.0973487172029, -984.0493436321259, -992.9520626321745, -993.2521676007834, -995.2606427328778, -997.8186765897937, -997.8186765897937, -997.9259600390892, -998.9450176708131, -998.9450176708131, -999.1700056687773, -999.5307599829223, -999.5307599829223, -999.8411661961517, -999.8411661961517, -999.9611976887768], 
[-99.30401920964812, -794.5505752574229, -837.4388860843563, -967.4244876414385, -969.2337373016695, -977.7726930170331, -996.4084611400216, -996.4084611400216, -999.384428309616, -999.384428309616, -999.384428309616, -999.9090345183541, -999.9090345183541, -999.9090345183541, -999.9090345183541, -999.9090345183541, -999.9090345183541, -999.9090345183541, -999.9090345183541, -999.9090345183541], 
[-209.9486100089864, -217.49144590266394, -913.2858134835852, -928.6637193019424, -965.964393680637, -977.281291787176, -985.071306236244, -997.2013247322329, -997.2013247322329, -997.9543041566433, -998.1793605704071, -998.1793605704071, -998.5009599333939, -999.2853753021175, -999.2853753021175, -999.7333083272414, -999.7333083272414, -999.8639362124669, -999.8639362124669, -999.8639362124669], 
[-145.2574034381031, -145.2574034381031, -943.20585788768, -943.20585788768, -943.20585788768, -972.8949732293045, -993.5428289711116, -993.5428289711116, -996.6224465962213, -996.6224465962213, -997.0373816999528, -998.2647339287545, -998.4184195941743, -999.3343429339166, -999.3343429339166, -999.4100190182992, -999.5702994068795, -999.6607388480978, -999.7285078523474, -999.9378038041189], 
[-413.7058933881773, -413.7058933881773, -935.6554862975847, -968.3224461019289, -973.9925448023732, -977.9644394888791, -982.020995238639, -996.4392010138591, -996.4392010138591, -996.4392010138591, -997.3536785842144, -998.2133827025496, -999.0952048324303, -999.0952048324303, -999.2690573499093, -999.2690573499093, -999.3952449371883, -999.8101262522632, -999.8101262522632, -999.8101262522632], 
[140.71578251993765, -150.08134786914923, -888.7534508128564, -930.402124458407, -950.9633681549032, -988.0242562476175, -988.0242562476175, -989.3980788681968, -989.5939314254672, -996.0225202369513, -996.5896321757497, -998.0851142617588, -998.4893194626632, -999.0315935775742, -999.0728319833926, -999.0728319833926, -999.3138684770528, -999.5934829502019, -999.8126436089485, -999.8126436089485], 
[-837.6492059452232, -837.6492059452232, -862.8275211306045, -929.2783691955833, -974.0521716266189, -985.4317347685735, -987.933271052106, -993.0570929151037, -996.7770311193376, -998.3554601533857, -998.3554601533857, -998.7426501795776, -999.4614261265159, -999.4614261265159, -999.4614261265159, -999.6444553430991, -999.8166481139972, -999.8166481139972, -999.8166481139972, -999.8166481139972], 
[-749.0881231983844, -749.0881231983844, -845.8416703962409, -903.8932472693441, -952.3804604355252, -952.3804604355252, -968.1095381402686, -973.9206214855998, -991.6379510083241, -995.7826566099222, -996.6898328048178, -998.5067223251139, -998.5067223251139, -998.5067223251139, -999.9408366438529, -999.9408366438529, -999.9408366438529, -999.9408366438529, -999.9408366438529, -999.9408366438529], 
[307.2299310807832, 273.634470521348, -870.7809796815451, -959.314582256186, -978.0486207831239, -978.0486207831239, -984.641613758368, -992.0342119312986, -996.4859795730542, -996.4859795730542, -997.1395730764041, -997.1395730764041, -998.2808257344292, -998.8894222662594, -999.3786157299743, -999.3810794846331, -999.5453398088518, -999.5651878539364, -999.586379744623, -999.627732460167], 
[-206.0974660156619, -302.1435438388272, -772.8674381016388, -906.5776404118913, -968.2501336781232, -968.2501336781232, -994.8745644718778, -998.1467838693887, -998.6077839865825, -998.6077839865825, -998.6077839865825, -998.6077839865825, -998.6077839865825, -999.3767577764226, -999.4632705030684, -999.4632705030684, -999.4632705030684, -999.7320687135043, -999.8448476783784, -999.8448476783784], 
[16.424299131019325, -382.7975591868418, -957.9898522368776, -972.692822400582, -986.6666069524302, -997.5070237786758, -997.5070237786758, -997.5070237786758, -997.5070237786758, -998.031190936568, -999.1795258883828, -999.1795258883828, -999.3333770120627, -999.3821949819167, -999.3821949819167, -999.6672408817278, -999.8108218476286, -999.8108218476286, -999.8108218476286, -999.9045068878343], 
[107.68116461865338, -450.22634595550403, -927.6929329236406, -938.8392968585416, -988.4438188894434, -988.4438188894434, -992.185864833239, -992.185864833239, -994.6701156981293, -996.3887413373562, -997.9626515169431, -998.7074045765723, -998.7074045765723, -999.01987993225, -999.4049592703669, -999.4049592703669, -999.6279377206229, -999.7464104544076, -999.7464104544076, -999.7614768238218], 
[45.49925706873455, -64.64220348860454, -968.6748754332449, -986.3123616003977, -986.3123616003977, -986.3123616003977, -991.823932984653, -995.0327009328931, -996.6856723295165, -997.1434130178424, -998.6458298694821, -998.8032085205326, -999.0022661134399, -999.4212617504658, -999.8907091710454, -999.8907091710454, -999.8907091710454, -999.8907091710454, -999.8907091710454, -999.8907091710454], 
[-713.1476160095708, -713.1476160095708, -922.2014705756384, -937.1077496920138, -979.4318932095169, -979.6990864520893, -994.8843355909015, -994.8843355909015, -995.1925196440783, -995.6960129783995, -996.7185794171029, -998.0083124469045, -998.5260932368237, -999.2695419058136, -999.4385537707864, -999.4980797119928, -999.8126506368881, -999.8126506368881, -999.8126506368881, -999.8126506368881], 
[-832.0023637066716, -832.0023637066716, -832.0023637066716, -875.1765635209838, -905.5685412957233, -943.4644124680632, -961.8293420995782, -995.3566996297384, -995.431788236731, -995.431788236731, -995.431788236731, -996.8674769382616, -998.2295003125342, -998.2295003125342, -999.5156557500413, -999.7361889312294, -999.7361889312294, -999.7361889312294, -999.7361889312294, -999.7379061326668], 
[-259.97962832301425, -259.97962832301425, -796.969408824108, -921.1668613514098, -943.3617465232942, -964.3870846596172, -982.7572733496033, -988.8358170883802, -990.8064372295665, -996.5897518024195, -997.8636227393023, -998.3824065061075, -998.3824065061075, -998.8950411669318, -998.9791229279572, -999.2793487468064, -999.5188782803929, -999.5188782803929, -999.5188782803929, -999.7105484734001], 
[-124.47327944828578, -124.47327944828578, -940.9520805868701, -950.6702830574592, -969.1232868855448, -973.6539160849209, -984.4348074130469, -986.915491113938, -995.0220251712333, -995.6969522639067, -996.6870499427973, -998.0684615943113, -999.2600043766465, -999.2600043766465, -999.5249622606258, -999.5249622606258, -999.5249622606258, -999.7135608475078, -999.7135608475078, -999.7135608475078], 
[893.9540026116586, 366.8052903350201, -976.98330735114, -982.3998018006785, -986.1392549970726, -986.1392549970726, -990.8117443562678, -993.9055333378392, -996.9778834169886, -996.9778834169886, -998.5881229005332, -998.5881229005332, -999.0277147941367, -999.8402829960897, -999.8402829960897, -999.8402829960897, -999.9420528803007, -999.9420528803007, -999.9420528803007, -999.9420528803007], 
[1014.6336268184814, -254.6719703015973, -808.8438895790975, -933.1668767896172, -954.5911758732414, -969.7485484114741, -987.5981371164318, -987.5981371164318, -990.5199330515076, -996.0156785199728, -996.3127008806131, -998.0280789807036, -999.0479981952155, -999.0479981952155, -999.3381361489792, -999.6446387580751, -999.6446387580751, -999.6446387580751, -999.7170205718955, -999.7170205718955], 
[-435.62050419198306, -484.7734352888315, -919.3699658075327, -923.6980949937877, -974.0368796200452, -985.0147304421731, -985.0147304421731, -990.0245212155983, -992.7331631207712, -995.9271511662032, -995.9271511662032, -998.0789349470132, -998.0789349470132, -999.0187745293771, -999.0187745293771, -999.4090492630024, -999.4924455703766, -999.4924455703766, -999.544572751051, -999.7629302795348], 
[1322.7187571287554, -153.09300918848112, -911.4431911275739, -948.9701372614859, -964.9707976907284, -985.24571949547, -985.24571949547, -993.3305307208799, -997.0501453564257, -998.4676165723076, -998.4676165723076, -998.820601362218, -999.4211836204869, -999.7349654227786, -999.7349654227786, -999.7349654227786, -999.7349654227786, -999.7349654227786, -999.7349654227786, -999.8360278217913], 
[134.16405633541262, -301.8801745640304, -808.5709844209814, -873.4727608647886, -944.7142490456567, -962.2226347582667, -976.5551229240903, -983.4693478587878, -994.2930486855199, -994.8282878115726, -994.8282878115726, -998.7021060142893, -998.7021060142893, -998.778318710321, -999.3411526265398, -999.3411677705913, -999.3411677705913, -999.3411677705913, -999.5387655594099, -999.583896781182], 
[-483.5647566686039, -487.7326262252999, -946.843493351229, -981.0824563494707, -993.3496808416447, -994.0074775203776, -997.911588257677, -997.911588257677, -998.4042104215695, -998.4042104215695, -998.5628653869512, -998.9660850692215, -999.3908876803993, -999.3908876803993, -999.3908876803993, -999.6325946462996, -999.7279146445462, -999.7279146445462, -999.7279146445462, -999.7947009989593], 
[108.18379318533925, -204.95086641857415, -890.5736949096445, -950.9116676057945, -954.7116730407495, -971.5198314271238, -975.8877575390399, -993.4592840729973, -994.3643845168981, -994.3643845168981, -997.548546584501, -997.6534500146439, -998.5541533075642, -998.807189062012, -999.7695342398914, -999.7759975317482, -999.7759975317482, -999.7759975317482, -999.7759975317482, -999.7759975317482], 
[-58.43735669657224, -58.43735669657224, -923.1317522329277, -979.4770883354188, -979.4770883354188, -984.784422951753, -984.784422951753, -990.1823282168643, -991.2625251009388, -997.7228273032896, -997.7228273032896, -997.8279405047203, -999.3472921226478, -999.7325120656857, -999.7325120656857, -999.7325120656857, -999.7325120656857, -999.7325120656857, -999.7325120656857, -999.7355965522631], 
[391.42381206718665, -180.37266027099918, -892.1916575688541, -892.1916575688541, -948.4957874734979, -976.9667927638976, -984.6196602033326, -993.1085672570413, -994.1509955114058, -995.6824781120205, -998.080582777669, -999.1064960596276, -999.1064960596276, -999.1064960596276, -999.1064960596276, -999.4088897232728, -999.4088897232728, -999.5462082470099, -999.6586961111894, -999.6586961111894], 
[2093.1984350086423, -155.7368951751091, -944.038400858672, -944.038400858672, -968.3275330662851, -982.0722310515794, -990.0083882472502, -990.4187937477467, -994.4335887243421, -994.4335887243421, -997.1205583934532, -998.8407822761518, -998.9749244159202, -999.3332815853493, -999.6083861680308, -999.6083861680308, -999.6083861680308, -999.8246864401324, -999.9276724699142, -999.9276724699142], 
[1324.2133862719975, 379.7217315572991, -925.5160834157327, -933.180377579763, -966.1081388572987, -972.385376215914, -977.128377620264, -990.2520446008982, -993.6208170635824, -994.5381038929326, -997.4699289796582, -997.6536368589565, -998.5870012678481, -999.205329481786, -999.5606004415977, -999.5606004415977, -999.5606004415977, -999.5852151036302, -999.66751930819, -999.66751930819], 
[-256.53539027028467, -256.53539027028467, -930.6492485807883, -960.9416893447085, -985.2748141802126, -989.1794459371625, -993.3830980036878, -994.9209366488717, -996.2838748794568, -996.764329538204, -998.8938364494728, -998.8938364494728, -998.9284633388095, -999.3116649893627, -999.3116649893627, -999.3778205751973, -999.6017073430244, -999.6017073430244, -999.6180293386886, -999.863132069491], 
[46.31003276273805, -506.79933285553074, -951.2034979186699, -964.2907640872559, -974.3622907329785, -990.4824985857242, -999.4033817482814, -999.4033817482814, -999.4033817482814, -999.4033817482814, -999.4033817482814, -999.4033817482814, -999.4033817482814, -999.4033817482814, -999.4033817482814, -999.9173539486015, -999.9173539486015, -999.9173539486015, -999.9173539486015, -999.9173539486015], 
