[161.08588973076166, -530.5610665975819, -802.24989795763, -934.069406538106, -946.3154142382101, -951.6689832057644, -976.0329810502974, -983.0495721719917, -987.6719822443475, -992.9198242665644, -995.4935712217733, -995.6979432726042, -997.1852876673883, -998.1554525199199, -998.6983940237518, -998.6983940237518, -999.4158758904435, -999.72402755974, -999.72402755974, -999.72402755974], 
[262.2299763197643, 217.17093923066864, -948.2827237314551, -948.2827237314551, -981.2101053171004, -987.5524476591653, -996.0481571207043, -996.0481571207373, -996.9918117265928, -997.4797520461325, -999.2694758136668, -999.2694758136668, -999.324209843416, -999.324209843416, -999.7021519853209, -999.7021519853209, -999.7405115774185, -999.7878605315598, -999.902904408159, -999.902904408159], 
[-327.1395128973885, -599.6683552117913, -792.394384413754, -941.8983499042621, -941.8983499042621, -941.8983499042621, -948.9984942711723, -968.8786969472111, -985.4046878447267, -992.402358634103, -997.2026726017293, -997.2026726017293, -997.2026726017293, -997.5569650163792, -999.3651558462391, -999.3651558462391, -999.3651558462391, -999.5727769791675, -999.713649003487, -999.713649003487], 
[157.6871236459076, 157.6871236459076, -809.5442212392544, -896.0732975980213, -896.0732975980213, -896.0732975980213, -962.0198478276744, -984.3247356226223, -992.3652091045421, -992.3652091045421, -995.8024736317518, -996.7343853511919, -998.9926837023046, -998.9976518235579, -999.0819008332091, -999.0918960036634, -999.5242293985265, -999.7746103645379, -999.7746103645379, -999.7746103645379], 
[-347.9372416830663, -347.9372416830663, -944.2068608952019, -973.774494508072, -973.774494508072, -995.2533132451435, -995.2533132451435, -996.1601433628684, -998.5843811496621, -998.5843811496621, -999.2270241468149, -999.2270241468149, -999.2270241468149, -999.6903167580704, -999.6903167580704, -999.7410640271614, -999.8081637995615, -999.918196355383, -999.918196355383, -999.918196355383], 
[-109.78673191404039, -408.332152409782, -783.476684118004, -813.8322584644736, -945.3866252275013, -983.957873920193, -983.957873920193, -994.9672332781959, -994.9672332781959, -995.9385082542769, -997.8355181242455, -998.4062839049684, -998.4623720348254, -998.9576879260793, -998.9741213223629, -998.9971960687169, -999.4918066245808, -999.8272144836301, -999.8272144836301, -999.880418436443], 
[416.2025997756041, 416.2025997756041, -976.3014107525461, -990.2359082376978, -996.4919184371975, -996.4919184371975, -998.2614689169155, -998.2614689169155, -998.2614689169155, -998.2614689169155, -998.5114309296933, -999.4803997106071, -999.4803997106071, -999.6024931237087, -999.6024931237087, -999.8582735396219, -999.8582735396219, -999.8582735396219, -999.8582735396219, -999.8582735396219], 
[0.6862479851130274, -34.404425491538746, -958.1785360383997, -972.9685127966471, -977.2248595906582, -987.8192990647005, -987.8192990647005, -993.7982229851598, -996.3191951960765, -997.9757144827661, -997.9757144827661, -998.5193668954803, -999.3760834263235, -999.3760834263235, -999.3760834263235, -999.4309239704368, -999.4309239704368, -999.636994635131, -999.8083475885405, -999.8183328857194], 
[3258.2458542874074, -643.1904463155493, -692.3641270964547, -802.6058631793454, -915.9454026662055, -934.8850067355107, -951.6773504654284, -965.672852421344, -977.1721095662463, -986.1982835305896, -994.9393922022961, -995.0390859907167, -997.5335875142937, -998.6444179558413, -998.6444179558413, -998.7692073816451, -999.1678635091719, -999.2801226109851, -999.6459837585169, -999.6717966992034], 
[1633.5907865035474, -3.5736515309130255, -865.6058643518716, -936.4604903247567, -972.7083881694303, -980.3888152060637, -983.9645924707942, -984.8131395627702, -988.7803694222982, -994.067691234843, -998.3963325585707, -998.3984747806168, -999.1266148725308, -999.1266148725308, -999.1266148725308, -999.7298099940441, -999.7584622221302, -999.7584622221302, -999.7584622221302, -999.9344739722065], 
[449.9563124348699, -587.8104294593943, -823.2859311815587, -953.1403882700695, -953.1403882700695, -974.0836241967316, -993.1667061029357, -993.1667061029357, -993.1667061029357, -993.5097644890424, -996.4154993488579, -996.6301839873047, -997.5983207354468, -999.1927213846707, -999.2351726315289, -999.2351726315289, -999.3239181868656, -999.7731510515882, -999.7731510515882, -999.8120314115274], 
[524.457798915784, 524.457798915784, -893.5228602536945, -958.3232699705056, -968.3686236868937, -985.2699966063634, -988.8210515631464, -991.2487376542167, -996.9327816326289, -996.9327816326289, -997.8378336308707, -997.8535046384121, -998.7573266984559, -999.1340632709648, -999.4018469765604, -999.4244837150918, -999.4244837150918, -999.9129731715204, -999.9129731715204, -999.9129731715204], 
[26.436658653036602, -906.2866241932475, -950.7027977817744, -966.9765850625907, -966.9765850625907, -974.5126856852748, -992.3231260205488, -993.6436395935207, -996.7750994932015, -996.7750994932015, -998.954199040858, -998.954199040858, -999.505118235219, -999.505118235219, -999.6962076960493, -999.7155951182859, -999.7155951182859, -999.8709549327502, -999.8709549327502, -999.9612058521053], 
[-95.37096134640888, -95.37096134640888, -821.0222644052699, -873.1828405064964, -904.001953465, -914.3014163194478, -968.3252811946533, -977.2417902252513, -978.1864372941102, -990.2908102072014, -994.199327416516, -996.4600173382237, -998.7765964166061, -998.7822753844698, -998.9326377134034, -999.0848254689631, -999.881621432869, -999.8828033808549, -999.8828033808549, -999.8828033808549], 
[-327.2474689119964, -327.2474689119964, -818.7065947047172, -946.6175268988169, -977.6917363091235, -990.8628475936283, -996.2545815817857, -996.2545815817857, -997.7682996792385, -997.7682996792385, -997.9195647492495, -998.8712894288508, -999.6408479798895, -999.6408479798895, -999.6408479798895, -999.707325258924, -999.707325258924, -999.707325258924, -999.8065983570724, -999.8629341066016], 
[20.87318087752942, -164.30055411609032, -839.4878861312909, -965.9665081610276, -965.9665081610276, -978.7011736294829, -985.7213478955952, -989.1782786920643, -994.7048713317076, -996.8051402971079, -997.0327588834328, -997.0327588834328, -998.8559365068446, -998.8559365068446, -999.7296329812059, -999.7296329812059, -999.7296329812059, -999.7334599019601, -999.7908138141935, -999.8534789362122], 
[-25.117064196067986, -25.117064196067986, -933.3701864930212, -965.9731623572675, -979.7032951790213, -989.5671117350299, -989.5671117350299, -991.5469891951102, -993.694054847633, -994.3492341400439, -997.707423386932, -998.3111168821983, -998.6204971592255, -999.1770605768686, -999.1770605768686, -999.1770605768686, -999.824166370265, -999.824166370265, -999.9448469348596, -999.9448469348596], 
[-204.446993979107, -204.446993979107, -963.641077755622, -963.641077755622, -976.2879114961515, -982.7205354375376, -996.0826850559051, -996.0826850559051, -996.0826850559051, -998.3345638466955, -999.3987876903377, -999.3987876903377, -999.3987876903377, -999.5281587787407, -999.5281587787407, -999.6220921610059, -999.6220921610059, -999.6220921610059, -999.6369259215419, -999.7398803665801], 
[-688.4149075355597, -773.1262146592911, -919.3541675054843, -951.7350870967302, -981.7334379656927, -991.7938047974103, -994.0512238325217, -994.4986965751759, -997.8093246136066, -998.4377722763727, -998.9602747464257, -999.1702877780286, -999.1813944555753, -999.1813944555753, -999.1813944555753, -999.3470020793741, -999.5335650047606, -999.6687635822595, -999.83976520054, -999.839766110266], 
[-20.170982831755282, -820.2607149706237, -956.8579866585261, -960.1053100125358, -975.3212278655909, -984.9482618619016, -991.2934686391833, -994.127504888041, -996.2210461307005, -996.2210461307005, -997.692328234611, -998.4118636055387, -998.8968092308287, -998.8968092308287, -999.3776528774963, -999.8174664117673, -999.8174664117673, -999.8174664117673, -999.8174664117673, -999.8174664117673], 
[63.3538680408642, 63.3538680408642, -684.9565100181503, -883.5685468956532, -944.4247673148412, -955.739802447615, -977.8979800576719, -988.4249731180213, -992.6248852569272, -994.6517300365186, -998.862986787912, -998.862986787912, -998.862986787912, -999.2344907248643, -999.2344907248643, -999.2344907248643, -999.5299942970753, -999.7589073723682, -999.7589073723682, -999.7589073723682], 
[-640.5530773696232, -640.5530773696232, -799.5764971836442, -869.1354027758005, -913.8973227531299, -936.2650971755335, -980.1388769627051, -987.8947621596182, -987.8947621596182, -993.0947211474543, -993.0947211474543, -997.0517882235761, -998.1864600413345, -998.1864600413345, -998.1864600413345, -999.2811144247528, -999.2811144247528, -999.3013009418795, -999.721129160861, -999.721129160861], 
[-355.1623182431033, -373.31602063642595, -965.1960768409377, -974.5225618191075, -983.7364036778749, -989.5391125272014, -992.1459589508289, -996.6046397336207, -997.5718921274364, -998.9318834965054, -998.9318834965054, -999.3370002094839, -999.3370002094839, -999.3370002094839, -999.4872885368692, -999.4874667646029, -999.5184161506359, -999.7195518937016, -999.7268831669337, -999.7540071082765], 
[235.09286144548605, -60.66247598781774, -896.605836338682, -902.4011589588594, -940.5762743689738, -950.5011697954294, -972.6746377387973, -972.6746377387973, -981.3713539617771, -984.5113251159138, -990.5935181630848, -991.8110759157128, -996.2252225908031, -998.5901094287457, -999.1477958409228, -999.2227671202918, -999.2227671202918, -999.2843048200167, -999.7691413586606, -999.7691413586606], 
[-263.3361808127514, -263.3361808127514, -697.5841781763318, -979.9215133735022, -979.9215133735022, -984.8563856599726, -986.825873452999, -988.4656472273838, -994.751316312095, -997.4934349807819, -998.8873270287307, -999.3799131280673, -999.3799131280673, -999.8386508647866, -999.8386508647866, -999.8386508647866, -999.8386508647866, -999.8386508647866, -999.8844432354687, -999.8918914042869], 
[-298.89980230463163, -298.89980230463163, -896.1513393617473, -896.1513393617473, -946.3889989513889, -960.3049474357409, -971.1675463094931, -977.5115230096739, -985.9369924604129, -994.6730924177309, -995.3569081204331, -997.6686491111652, -998.4498266281723, -998.7686487254095, -998.8048086958457, -999.1287878387418, -999.4541875094653, -999.4550271161374, -999.7602850164634, -999.8566989968604], 
[-106.83197679984528, -720.9352663102088, -947.9901883807859, -957.2148403503402, -985.4161470725771, -985.6993612284468, -988.8442425416159, -995.5495029437158, -996.9494773313961, -998.2937366618601, -998.5138941274986, -998.5269787927733, -998.8875228737971, -999.5001355969976, -999.5082467867543, -999.601172522276, -999.6031455228335, -999.6106971080728, -999.7530903858052, -999.7949701568023], 
[185.83116572661106, -230.04866365847977, -911.9876174302335, -966.8046181950938, -972.8311103622535, -980.6420706361982, -983.2781916526344, -984.4696173569162, -988.3487509016244, -993.0395923066735, -996.6585920790695, -997.7691763526475, -998.4908082632417, -999.1988242346422, -999.1988242346422, -999.4090304377498, -999.7881417523984, -999.7890171755554, -999.8162273918047, -999.8162273918047], 
[35.35492469994938, -369.49033259989005, -706.0252378917119, -883.7323304430544, -946.056379688772, -989.7609924972221, -989.7609924972221, -993.2282109227989, -997.362169820707, -997.362169820707, -998.6353625465754, -998.6353625465754, -998.6353625465754, -998.7861327226584, -999.2715330227367, -999.6828740742752, -999.6828740742752, -999.6828740742752, -999.8134852633473, -999.8134852633473], 
[623.7177899132705, 623.7177899132705, -702.9523159344074, -862.4635538400647, -982.5377979815753, -982.5377979815753, -982.5377979815753, -995.8345624782532, -995.8345624782532, -995.8345624782532, -999.751902291159, -999.751902291159, -999.7521429274844, -999.7521429274844, -999.7521429274844, -999.7521429274844, -999.7521429274844, -999.8653815411777, -999.8653815411777, -999.8653815411777], 
