[221.6830916768895, 221.6830916768895, -541.9944389825587, -805.5409596080766, -841.7511071474171, -915.3500778967482, -957.6058090633018, -983.6756477022494, -984.5250558015565, -991.7288081302582, -994.609750456729, -998.7401709839852, -998.845126351429, -999.074367459347, -999.26469213287, -999.26469213287, -999.6381171457507, -999.6383201088782, -999.8549325656138, -999.8549325656138], 
[2526.539170005371, -119.91806573901374, -960.6643864930481, -984.7500142271606, -987.2431167682366, -991.6513675108499, -997.3112851555247, -997.3112851555247, -997.3135396996978, -999.0005245563818, -999.0005245563818, -999.0178056748518, -999.041570948686, -999.6969631284602, -999.6969631284602, -999.827160144583, -999.827160144583, -999.827160144583, -999.9144241187429, -999.9144241187429], 
[-546.3301278309846, -546.3301278309846, -970.5539678859068, -970.5539678859068, -970.5539678859068, -983.943902608698, -990.3680646808375, -993.6957924260222, -995.5728189065585, -995.9780978442615, -997.3246776814167, -997.3246776814167, -998.6727631044306, -998.6727631044306, -999.7547768241678, -999.7547768241678, -999.7547768241678, -999.7547768241678, -999.7547768241678, -999.7963632912058], 
[13.646796945519668, -729.0145261294682, -757.5371855593512, -862.1480598914136, -959.5426552207974, -971.5775155005723, -987.7168986270808, -991.294404484813, -991.5202262881558, -997.1808743232792, -997.1808743232792, -998.758088629234, -998.758088629234, -998.82082008744, -998.82082008744, -999.3362553509608, -999.4698419000612, -999.7559846077681, -999.7559846077681, -999.7559846077681], 
[115.98750019622912, -678.6680216172047, -854.8249716192364, -878.3165424946462, -972.0289939049156, -975.3609604606733, -993.4757465126938, -993.4757465126938, -993.5441809091279, -995.6432155722126, -997.9245023717418, -998.534893439366, -999.4016704358045, -999.4016704358045, -999.4016704358045, -999.4016704358045, -999.4016704358045, -999.464488947802, -999.9613279169647, -999.9613279169647], 
[-575.7535166038015, -575.7535166038015, -729.530040307454, -923.9931271331353, -924.5763233147088, -978.686850643903, -983.2496321874904, -990.4790275676675, -995.2994105402092, -998.1979339175568, -998.1979339175568, -999.1736429443818, -999.3592724944754, -999.3592724944754, -999.4662560189975, -999.4662560189975, -999.7964713516035, -999.885506987203, -999.885506987203, -999.9032561954361], 
[-611.1852393660517, -611.1852393660517, -611.1852393660517, -910.3906093141534, -954.707041783374, -968.3852269358938, -985.031153812939, -993.8379157987392, -993.8379157987392, -995.2081053667055, -997.2891847471502, -997.2891847471502, -999.3455757115097, -999.3455757115097, -999.3500913847159, -999.4371475449503, -999.695235414047, -999.6965732465375, -999.6965732465375, -999.7182027613345], 
[-521.0045351462284, -521.0045351462284, -688.699450581224, -863.7320058123736, -885.0023016320462, -943.1994310859806, -971.0180013003554, -981.97550421641, -986.2888626117382, -991.8229343201639, -995.1145677717069, -996.8646339489013, -999.165582027516, -999.165582027516, -999.5736001701565, -999.5736001701565, -999.5736001701565, -999.5736001701565, -999.6395646608266, -999.7926242075287], 
[565.7700307789253, -351.8310862366925, -900.8961093022227, -927.8220044888739, -961.3685997891203, -961.3685997891203, -978.1579398095535, -979.4256468552456, -987.0154823670343, -988.0922462624254, -996.0591795090616, -996.5442753346541, -998.2404305796516, -999.7423885150233, -999.7423885150233, -999.7423885150233, -999.7588233112248, -999.7588233112248, -999.7588233112248, -999.7588233112248], 
[-294.81556990144213, -294.81556990144213, -688.0098270700912, -962.044049007161, -969.4345550700167, -978.9585742687146, -985.5947522977384, -991.8525069698825, -993.0861406073072, -999.1699091248959, -999.2917662188619, -999.2917662188619, -999.2917662188619, -999.2917662188619, -999.3144849021793, -999.6396447538408, -999.6396447538408, -999.6396447538408, -999.8995185045584, -999.8995185045584], 
[-565.4475065767592, -668.3366458405809, -910.0284846535169, -938.8938549580254, -938.8938549580254, -947.5033750052339, -964.9197963304568, -982.1635782578479, -990.0185899870252, -991.6420141248518, -994.0147419617838, -997.2604859013602, -998.3432957259955, -998.3432957259955, -998.6064361705619, -998.965031596216, -999.5929593386073, -999.6144808227738, -999.675624498865, -999.7966652036155], 
[-189.91928549576073, -189.91928549576073, -939.4997462824635, -957.9576191875511, -972.3861941399293, -973.9552088132597, -983.110109544862, -989.8976615129053, -992.3221259657065, -996.7161983137355, -997.506957778291, -997.891672889214, -998.3926345630572, -999.2192601371144, -999.6244260786423, -999.6691824416365, -999.6858753591896, -999.7011183369281, -999.8850401445908, -999.8850401445908], 
[-179.53951918779126, -179.53951918779126, -964.5065577930118, -974.6391119338607, -982.7616630967501, -988.9070150121886, -991.9243469506933, -991.9243469506933, -995.208783004167, -997.4143508349761, -998.7302486288111, -998.7302486288111, -999.6763027569609, -999.6763027569609, -999.6763027569609, -999.6763027569609, -999.6763027569609, -999.7258695981678, -999.8197152927962, -999.8653280169484], 
[223.46916232062426, 223.46916232062426, -818.9509301545411, -916.5760556320805, -933.1710680405283, -942.4259754627843, -986.1415475660147, -992.1967224787043, -995.4076684107005, -995.8967152781803, -997.2638028348339, -998.0242896122677, -998.9813746648678, -998.9813746648678, -999.4896060087593, -999.7170424955924, -999.7170424955924, -999.7170424955924, -999.8779171980382, -999.8779171980382], 
[-324.21623688353554, -797.4725087750243, -897.9552037820235, -974.9824210502484, -980.6754854591492, -980.6754854591492, -990.0166124803733, -990.0166124803733, -994.7828244071331, -995.9123761188702, -997.321669127466, -997.747252772464, -998.7127338677207, -999.1494353536103, -999.2621886378861, -999.3099957951898, -999.6928035315931, -999.6928035315931, -999.7868818199395, -999.7868818199395], 
[-308.8883711387233, -308.8883711387233, -953.0880132334062, -953.0880132334062, -976.1454739904892, -981.6248054641496, -991.4739570005952, -994.6364566960585, -998.4073772511854, -998.4073772511854, -998.5610496122009, -998.5610496122009, -998.6632050502329, -998.6693949004786, -999.3884843744264, -999.427415258736, -999.7742705245832, -999.7742705245832, -999.8259990605, -999.8259990605], 
[551.3019604807675, 370.35971657935215, -899.0114499552299, -926.2512800835963, -926.2512800835963, -945.0394302429476, -949.8685042318489, -984.6731299701711, -985.7221062780247, -992.4121601817302, -995.6641301305086, -995.6641301305086, -998.1041505901861, -998.9060132970156, -998.9060132970156, -998.9060132970156, -999.377965202464, -999.6568921939951, -999.6867711874834, -999.7665404465057], 
[339.30994749574006, -813.5219712075359, -918.5032137053066, -942.9891895155367, -950.3388972638384, -982.5308876728958, -990.7529687793661, -993.1016921532793, -996.6660389147263, -996.6660389147263, -998.2622473976219, -998.2622473976219, -999.20028809593, -999.2715794150265, -999.5461111383532, -999.5461111383532, -999.5461111383532, -999.6146253214571, -999.6583896689646, -999.6733474842969], 
[-351.4079192157585, -508.1303082420632, -961.0732834312814, -982.1143413895605, -986.1717123637186, -997.8008134452018, -997.8008134452018, -997.8008134452018, -997.8008134452018, -998.0239806764465, -999.0486767837256, -999.3626053856322, -999.7398627063737, -999.7398627063737, -999.7398627063737, -999.834538858758, -999.834538858758, -999.9163791264262, -999.9163791264262, -999.9163791264262], 
[48.003466937090934, 47.7822439545389, -884.3477428214306, -913.28952976276, -995.5522249024875, -995.5893654472958, -995.5893654472958, -995.6189101530457, -998.3187858585729, -998.8581655095985, -998.865096637011, -999.1837610428504, -999.2248577675467, -999.2248577675467, -999.7254449452464, -999.7254449452464, -999.7996676020203, -999.7996676020203, -999.7996676020203, -999.8599162812861], 
[-30.849517351521285, -236.8817426176704, -917.3070864054748, -920.0951587412503, -979.6088419882212, -983.6160710381661, -986.4689841785339, -988.8568601400083, -995.3038236869173, -996.4325061515021, -998.7909815833619, -998.7909815833619, -999.3930612022011, -999.4100178001286, -999.6263589259557, -999.6263589259557, -999.6761231260929, -999.872685147705, -999.872685147705, -999.872685147705], 
[-353.9068900513505, -677.8649254059267, -899.2638099283315, -939.9674272405214, -954.796160240281, -969.2311619599124, -975.7627924328908, -983.9021051115476, -987.3154384470623, -993.4211735149751, -996.0335630727162, -998.1037687670198, -998.6037414721085, -999.5453410573458, -999.6186807248308, -999.6186807248308, -999.8926242938389, -999.9017552828127, -999.9017552828127, -999.9017552828127], 
[-183.59489217385396, -185.65890649250707, -841.1430560800405, -967.4721724525726, -977.8780750672314, -981.0680323424898, -988.9486343462293, -991.464849273098, -993.4739380257427, -995.9190614951684, -997.4355091573982, -997.4355091573982, -998.9337547427785, -999.0430233212398, -999.4153915924646, -999.6595660927351, -999.6595660927351, -999.6595660927351, -999.6595660927351, -999.7377451582391], 
[-818.4613383746726, -818.4613383746726, -859.8649170574648, -924.2975348421348, -981.5914141208303, -981.5914141208303, -981.8495656899718, -992.406604957656, -992.406604957656, -997.2815260013712, -997.2815260013712, -998.051360082828, -998.5938244973523, -999.3355140036834, -999.3976202647283, -999.3976202647283, -999.5082700858707, -999.5092234784228, -999.7780570459279, -999.7780570459279], 
[-208.89635790525745, -694.623657322481, -868.0993742853937, -897.8023785666162, -965.1933251846333, -965.2475674216048, -989.8380836054448, -989.8380836054448, -989.8640812455292, -996.18759022201, -997.4124250631972, -997.9611503702869, -997.9611503702869, -997.9611503702869, -999.5674565104815, -999.5674565104815, -999.5674565104815, -999.5766633680245, -999.5766633680245, -999.5766633680245], 
[-398.6569255525045, -628.0222585484712, -978.2030901891269, -978.2030901891269, -988.7493037814911, -988.7528506610263, -988.7528506610263, -990.8199459046034, -995.6161254139121, -996.4148504495955, -999.1650836272212, -999.1650836272212, -999.1650836272212, -999.166673521061, -999.5602644965232, -999.855120468344, -999.855120468344, -999.855120468344, -999.855120468344, -999.8654668246637], 
[316.4527686178608, -672.1570181385991, -910.7950194166848, -941.1985974042487, -956.6274124534043, -964.1015917308226, -982.4594402720998, -993.3702873100482, -993.3702873100482, -997.8850258956926, -997.8850258956926, -997.8850258956926, -998.7108830588681, -998.7108830588681, -999.0761346326113, -999.5479852764803, -999.5743150370511, -999.5743150370511, -999.826775065701, -999.8613223689641], 
[745.8627192577526, 745.8627192577526, -931.3168515690268, -940.2490512882291, -946.2860106421546, -966.1015729283145, -983.8555511868267, -991.9770381063905, -996.7268855230009, -996.7268855230009, -996.7268855230009, -998.4426209379375, -998.8568815351181, -999.1741328672713, -999.1741328672713, -999.1741328672713, -999.469038173252, -999.5364796183131, -999.6649755240563, -999.6723038351504], 
[96.73899574409734, -186.00721546172133, -854.2671280558197, -895.3403357525405, -924.523462179556, -953.5929319365125, -979.932108979251, -986.9721752476174, -991.5661869267668, -996.8544678993421, -999.4548701431376, -999.5605082992098, -999.5605082992098, -999.5605082992098, -999.5605082992098, -999.5605082992098, -999.5605082992098, -999.6043375718178, -999.6883939126539, -999.6883939126539], 
[582.5813615903285, -395.05609051559975, -932.4776047506829, -965.7972903740066, -979.6583271276999, -982.4811646726453, -984.4271426377444, -992.9788594517029, -998.3152314350473, -998.3152314350473, -998.5184261462739, -998.5184261462739, -999.4508678963921, -999.4508678963921, -999.4508678963921, -999.5459518971719, -999.5726084991124, -999.6811984281277, -999.6811984281277, -999.8145205813515], 
