[-226.9127811764606, -226.9127811764606, -894.6528400106578, -949.2397392899912, -953.8777725933436, -987.9215078682714, -987.9215078682714, -991.8850365218221, -995.7176025244241, -997.0924785540523, -997.1610723578818, -999.4114955515624, -999.7805030977014, -999.7805030977014, -999.7805030977014, -999.7805030977014, -999.7805030977014, -999.7805030977014, -999.7805030977014, -999.7806045492799], 
[-633.9840992421196, -633.9840992421196, -969.0840904358349, -976.2430305187634, -996.31618737835, -996.31618737835, -997.6717414650938, -997.6717414650938, -997.8289084753562, -997.8289084753562, -998.7951912200369, -999.0040423336484, -999.6851651969484, -999.6851651969484, -999.6851651969484, -999.7200541139414, -999.7729268024933, -999.7729268024933, -999.7940024419336, -999.8608558165604], 
[306.8884210294025, -554.0210773002809, -931.8783094955166, -937.6306462300021, -975.558422351094, -981.9496429524061, -986.1932738203491, -989.9278506065832, -994.4852495161351, -995.165222152054, -995.4641241677771, -998.5309350148291, -999.8082045367787, -999.8245756946881, -999.8245756946881, -999.8245756946881, -999.8245756946881, -999.8245756946881, -999.8245756946881, -999.8245756946881], 
[-657.7743076314191, -657.7743076314191, -772.2140304816064, -914.4433695256714, -952.4060318882111, -964.3091842888925, -970.0027542426508, -977.6587053086065, -982.7587192063979, -995.2731268179422, -995.2731268179422, -996.5774309198825, -998.4621133038912, -998.4621133038912, -999.2061179402879, -999.6861644011958, -999.6861644011958, -999.6861644011958, -999.6861644011958, -999.7671731215346], 
[206.0024751635874, 62.96418424554645, -686.4694189958097, -765.5957458248907, -941.7588047988697, -974.4162777464163, -983.2108908144482, -990.5671437505177, -994.5515175167088, -996.2396648829651, -996.9415430414251, -997.5793602420491, -998.8298244245278, -998.8298244245278, -998.8298244245278, -999.3306154554651, -999.6618760847624, -999.6618760847624, -999.6686365464057, -999.772497681037], 
[-643.6463759725993, -643.6463759725993, -959.1763396366189, -974.449911086099, -983.1738635864887, -983.1738635864887, -993.3139449339112, -994.1814110262854, -996.0679919586157, -996.4155899688735, -998.557747453099, -998.557747453099, -998.557747453099, -999.4867275024222, -999.4867275024222, -999.5563761834964, -999.5563761834964, -999.7916850469371, -999.827364442176, -999.8435167753036], 
[-838.5660968352815, -838.5660968352815, -927.2152112689739, -970.4015474737995, -970.7751109125859, -985.3106171625582, -991.7475336981893, -991.7475336981893, -995.1717269771412, -999.105782374223, -999.105782374223, -999.105782374223, -999.1509081685599, -999.181648123577, -999.2329351962287, -999.3947946721064, -999.6013582679069, -999.6033293890671, -999.7383130168299, -999.808422551019], 
[-880.8951289891141, -880.8951289891141, -880.8951289891141, -891.405969867956, -962.4494841353303, -971.190061694591, -981.7356973772509, -985.7741575393839, -990.7818209627429, -994.3098380873964, -994.9213040499118, -997.7235233109467, -997.7235233109467, -999.7843621376178, -999.7843621376178, -999.7843621376178, -999.7843621376178, -999.7843621376178, -999.7843621376178, -999.8183841246064], 
[-427.1582161627779, -427.1582161627779, -979.7196198108892, -990.8845763032276, -998.8079547270501, -998.8079547270501, -998.8079547270501, -999.2015570202135, -999.2015570202135, -999.2015570202135, -999.4593260511563, -999.4593260511563, -999.5102599560694, -999.8174158599176, -999.8174158599176, -999.8717236646353, -999.8717236646353, -999.9284691293218, -999.9284691293218, -999.9284691293218], 
[1842.780856162322, -275.1773513022572, -688.5828439283815, -746.1243083485274, -884.837768920496, -964.8009714612112, -964.8009714612112, -986.8718049005711, -988.9353015174122, -996.6841827767955, -996.6841827767955, -997.0689770753305, -998.9691596292431, -999.0209254766324, -999.5217511188188, -999.6428941090763, -999.6428941090763, -999.704989278061, -999.704989278061, -999.704989278061], 
[-654.6848122658048, -654.6848122658048, -964.2844222249562, -964.2844222249562, -968.332700512201, -975.2540918209613, -984.8842048797246, -986.4098890215541, -987.7368444746073, -992.1473461332159, -997.2199511692122, -997.5501406194259, -997.925120239497, -999.651208104357, -999.651208104357, -999.651208104357, -999.6964021805007, -999.8279487231114, -999.8279487231114, -999.9229957181428], 
[-324.4713559021935, -854.1144575572089, -872.8997521054213, -976.3317884983488, -976.3317884983488, -991.4633833390815, -994.6348305393482, -997.6756403036036, -998.984132793119, -998.984132793119, -999.3553727546024, -999.3553727546024, -999.5123047078638, -999.5155994209714, -999.5239159434657, -999.7096176232371, -999.7096176232371, -999.730752104835, -999.8326593479526, -999.8326593479526], 
[-391.37270087396007, -417.34062767359626, -928.2995941759559, -933.2626244620719, -992.4077017421777, -992.4077017421777, -995.5969006824189, -996.9881908716638, -998.2758824831388, -999.1895898535015, -999.1895898535015, -999.5697916619529, -999.5697916619529, -999.5697916619529, -999.5697916619529, -999.5697916619529, -999.5697916619529, -999.734345134459, -999.9040701144836, -999.9104244003779], 
[-489.28121345730835, -489.28121345730835, -931.152423972944, -931.152423972944, -951.9237971646025, -972.6509175523264, -983.5699053287943, -988.8897159978591, -990.3845440410164, -996.2777039695975, -996.2777039695975, -996.4031103215476, -999.0434599543778, -999.0435981757475, -999.58819264214, -999.58819264214, -999.7047155466214, -999.7047918461706, -999.7047918461706, -999.773852880249], 
[228.7289809092522, 113.84447143832995, -881.5263588878013, -919.2502813485127, -959.2119726491002, -969.9717371787364, -975.3114162135234, -987.9691030700225, -995.4244351003954, -995.6655859285589, -996.32802473427, -998.5431268959329, -998.5431268959329, -998.5431268959329, -999.197889088216, -999.2189239036034, -999.329469936379, -999.329469936379, -999.7077035163156, -999.7077035163156], 
[-781.1118730343726, -781.8159770900564, -961.405117538069, -990.423958319236, -990.965296091537, -990.965296091537, -994.36875339716, -994.36875339716, -996.163521100009, -997.7872634896864, -998.8235696089615, -999.1275047736597, -999.658583303073, -999.658583303073, -999.6617029814902, -999.8438228008016, -999.8554509702642, -999.8554509702642, -999.8554509702642, -999.8554509702642], 
[221.96306774229697, 221.96306774229697, -951.8932326810792, -972.0160183546553, -983.3225813278241, -991.0425960567375, -991.0425960567375, -997.1560611733237, -997.4564504604632, -997.7549124934618, -997.7549124934618, -998.6894901455693, -998.9187378718981, -999.3334945320479, -999.5365005667396, -999.5365005667396, -999.7607272925812, -999.7607272925812, -999.9135273569665, -999.9135273569665], 
[-562.4514277346741, -682.0377852027882, -903.8345673121989, -903.8345673121989, -955.4152288217299, -966.4924532054881, -972.8778379793686, -983.1913331673388, -987.1622921024466, -991.8382193444531, -997.1983132603528, -997.8908523705772, -997.8908523705772, -998.3647398765142, -999.2730075569458, -999.2730075569458, -999.7612327616573, -999.7612327616573, -999.7612327616573, -999.7612327616573], 
[324.7713250737172, 234.73886060706832, -707.2184106325767, -928.8322421843923, -993.4558013495708, -993.4558013495708, -993.4558013495708, -993.4558013495708, -998.9055810862443, -998.9055810862443, -999.2262602475267, -999.4785443665965, -999.4785443665965, -999.653001909858, -999.653001909858, -999.810521692436, -999.810521692436, -999.811110069028, -999.811110069028, -999.8680930037465], 
[-540.179310231059, -540.179310231059, -820.8949957324814, -935.6319356281986, -972.1136651045646, -985.486805817358, -992.8032360718212, -994.4226355846015, -996.1345322397573, -997.210266730087, -997.210266730087, -998.6807691470113, -998.6807691470113, -998.9807328956056, -999.117881252854, -999.4001823963905, -999.5494291849353, -999.5572182713863, -999.6940416318203, -999.694044696159], 
[-749.5698835039399, -749.5698835039399, -830.8069143350008, -927.4581617582849, -960.0006277176266, -961.5766981950633, -987.7511064885425, -990.5457067125777, -998.5541747102116, -998.5541747102116, -998.5541747102116, -998.5541747102116, -998.9818063372603, -999.0754446107175, -999.115725168797, -999.8683596691128, -999.8683596691128, -999.8683596691128, -999.876287079255, -999.9186082030837], 
[-413.76528892652595, -503.8080158082825, -818.9707278514956, -914.8978751356168, -949.9924112917658, -963.2406917153969, -981.2369210751137, -988.3210876923503, -996.2896778663685, -997.8064127781159, -997.8064127781159, -997.8921208099418, -998.9727078400622, -999.1507074134876, -999.1633881409209, -999.6558301772751, -999.6782783479032, -999.8799241998673, -999.8799241998673, -999.8799241998673], 
[-176.74686035786942, -176.74686035786942, -362.5366476042576, -858.1892452470769, -973.7675761147218, -977.6872075921654, -994.7926756950842, -994.7926756950842, -994.7926756950842, -994.7927209815863, -997.8898827452241, -997.9145048195035, -999.7984642047036, -999.7984642047036, -999.7984642047036, -999.7984642047036, -999.7984642047036, -999.7984642047036, -999.7984642047036, -999.8010015611699], 
[-313.8192147944793, -313.8192147944793, -974.2859699995385, -981.9679227190494, -988.3494777797464, -993.1352372898859, -994.2129781199038, -994.2129781199038, -999.4772000123666, -999.4772000123666, -999.4772000123666, -999.4772000123666, -999.5539074708813, -999.5539074708813, -999.5539074708813, -999.5539074708813, -999.6797977559363, -999.8948234451899, -999.8948234451899, -999.9080839320886], 
[-42.57735866631538, -195.08036019517158, -891.5991834844145, -960.4624181361794, -960.4624181361794, -965.0322185552737, -974.0645219834089, -989.0574189125958, -989.0574189125958, -994.5764969102855, -998.1019005267526, -998.1054228940271, -998.1387133827546, -998.4021776205703, -998.8793782543867, -999.4179552206368, -999.4520156311173, -999.7019994015883, -999.7019994015883, -999.815355356679], 
[-748.632694299971, -748.632694299971, -873.4179755924855, -940.0850123662702, -950.0704012048902, -962.396976659612, -967.5967924188767, -977.9353844721724, -986.0356503235513, -995.8111585105787, -995.8111585105787, -997.5303982990796, -998.1522947972201, -999.5794551794332, -999.5794551794332, -999.5799418869738, -999.6470620873943, -999.6470620873943, -999.8129026522477, -999.8129026522477], 
[-189.84408593200442, -882.6801199413441, -977.8236622934473, -989.0762981051433, -992.4078101297813, -992.4396309422615, -994.3113384964473, -995.8501438773754, -998.5895611129374, -998.709315232785, -998.709315232785, -999.1288362926277, -999.1784743596364, -999.2148583099433, -999.7148459797684, -999.7148459797684, -999.8174540539172, -999.8174540539172, -999.8174540539172, -999.8367222042281], 
[-366.9173447663188, -366.9173447663188, -938.0991591203777, -970.9635050009216, -978.6445798782426, -992.4707829247056, -995.0309799983315, -996.7019228340406, -997.8324513129855, -997.8324513129855, -997.8324513129855, -999.3159700823578, -999.3159700823578, -999.3353018406281, -999.4841152801879, -999.6284087127423, -999.7235143713548, -999.72394721477, -999.7239486541338, -999.8660364276456], 
[-747.1437685505965, -747.1437685505965, -899.7489283513495, -965.7669728473, -968.381321107382, -981.5896957548757, -988.296743346534, -990.4921096492153, -992.5849320646531, -994.5748379156732, -997.025768024204, -998.1774366067477, -998.9032529128431, -998.9860478453978, -999.1982088341957, -999.5931305027482, -999.5931305027482, -999.6529918510618, -999.6785624471477, -999.7483061042539], 
[340.3818851956605, 300.9937989893401, -520.4401301958642, -721.183067989763, -871.0031017132471, -917.393655063559, -978.3696577020341, -990.1580635091435, -996.1586571426179, -996.947948858988, -997.1486845748161, -997.2645199080614, -997.975749787903, -998.7731655155626, -999.3408255737501, -999.7904838216563, -999.7904838216563, -999.7904838216563, -999.7904838216563, -999.7904838216563], 
