[-78.50278624923135, -267.8805457561741, -886.9192838271613, -932.681903416699, -981.8951059462512, -983.4422051598294, -992.7347764332533, -996.2064572507243, -998.3192061952802, -998.7829051173964, -998.7829051173964, -999.2442226121506, -999.2442226121506, -999.2442226121506, -999.5591097376882, -999.5591097376882, -999.6599285513207, -999.8098437592755, -999.8098437592755, -999.8098437592755], 
[1043.0277362775, -174.65497412053378, -958.0548048323192, -974.6497642456516, -980.3926082408032, -982.7073779308475, -986.2573775547489, -988.8824874559963, -991.8769285374484, -996.2360122091839, -996.2360122091839, -998.9124706754415, -998.9124706754415, -998.9124706754415, -999.2576419943118, -999.3377516637591, -999.4676589919679, -999.6465284744744, -999.7445338856004, -999.7445605914065], 
[712.3184284360391, -703.8385505283729, -871.8956247511792, -885.8931368478742, -956.8238019301135, -967.327141405022, -969.0996123116554, -986.1364740200224, -986.1364740200224, -993.8892422346395, -995.3681759238173, -995.3681759238173, -998.2741526146551, -999.2422400012753, -999.2422400012753, -999.6664157550138, -999.6664157550138, -999.88823946782, -999.88823946782, -999.88823946782], 
[1783.9108448712964, -266.6615662601083, -874.6433963087513, -950.7812110226344, -950.7812110226344, -989.703094072836, -989.703094072836, -991.2524704564414, -994.7619065713136, -998.7382487736661, -998.7382487736661, -999.1148561687916, -999.1148561687916, -999.5182724146698, -999.5182724146698, -999.5182724146698, -999.8198416208351, -999.8198416208351, -999.8198416208351, -999.8198416208351], 
[-594.7085051521573, -674.5397525596964, -959.4555405988051, -961.4467134105573, -973.753596685318, -978.5192621754848, -985.9578834934944, -987.548866972018, -997.7933456080432, -997.7933456080432, -998.6439378683524, -999.009598097521, -999.0358995949967, -999.0358995949967, -999.3878913525286, -999.6672019478707, -999.6672019478707, -999.6672019478707, -999.7698423507651, -999.8530433666747], 
[371.29343458403105, -347.0434948084544, -814.1165574956331, -814.1165574956331, -965.5240403480092, -965.5240403480092, -971.5887891305324, -983.1683452596195, -983.3924222713487, -989.1278448502594, -993.2071003338201, -994.5971376743631, -997.8111893058567, -999.0306983367893, -999.0306983367893, -999.0306983367893, -999.0306983367893, -999.7371763812174, -999.7371763812174, -999.7384678248101], 
[-220.5669498340742, -548.1594722299778, -942.9564676801431, -963.1903398601994, -963.1903398601994, -963.1903398601994, -963.2859977525596, -982.6059969614009, -994.7842362622723, -994.7842362622723, -998.2184170966834, -998.2184170966834, -998.6193968254277, -999.0913133830143, -999.7416832339461, -999.7416832339461, -999.7416832339461, -999.7416832339461, -999.7416832339461, -999.8101344982271], 
[-386.19540271885626, -386.19540271885626, -901.8938429640591, -949.784846165088, -969.138282205599, -969.138282205599, -969.138282205599, -977.599921642267, -986.6952678175235, -993.4986777856205, -995.0690364142729, -996.248573848624, -998.5395670181078, -999.864331026249, -999.8735959395009, -999.8735959395009, -999.8735959395009, -999.8735959395009, -999.8735959395009, -999.8735959395009], 
[-33.00784202868374, -430.3707752128921, -888.6922577895806, -888.6922577895806, -949.7990931164094, -968.1855799372352, -985.0615929118811, -997.7973830658005, -997.7973830658005, -997.9686637389826, -998.4541310341658, -998.8318772266628, -999.0206202060024, -999.1965381147749, -999.6025211133572, -999.6185993936293, -999.7184045591815, -999.7184045591815, -999.7184045591815, -999.7184045591815], 
[552.0392026216296, 61.29192724865902, -644.2570415157854, -834.8634546182461, -928.0053161461337, -928.0058715952891, -972.1115995681778, -986.6698526413517, -994.818306893677, -998.7311213066724, -998.7311213066724, -998.7311213066724, -998.8307416710745, -999.5301412728342, -999.5301412728342, -999.5588912216435, -999.5588912216435, -999.5588912216435, -999.647519638552, -999.7072735750701], 
[761.8454578059363, -301.99323114909555, -948.4729339811536, -962.9239113068975, -962.9239113068975, -979.0297710657397, -979.0297710657397, -985.8324654266955, -987.7870972267649, -990.2573800214792, -998.7268543641335, -998.7268543641335, -998.735110513541, -999.2878178174705, -999.2878178174705, -999.2878178174705, -999.3871269481369, -999.3871269481369, -999.5806330332491, -999.7213689023225], 
[834.0257031876774, -302.41780675974303, -915.3095649324284, -939.2756109184752, -952.2722226449572, -994.2083777452586, -994.2083777452586, -996.1351306842266, -998.1966441831851, -998.1966441831851, -998.6271764907415, -998.6271764907415, -998.6271764907415, -999.7962191770381, -999.7962191770381, -999.7962191770381, -999.8016144166634, -999.8016144166634, -999.8016144166634, -999.8016144166634], 
[-150.8919223589544, -150.8919223589544, -864.0120321126656, -972.276073518117, -972.276073518117, -981.2965802135576, -989.2319086948521, -993.2638082309587, -994.8403726954413, -995.4177653691614, -999.3147357994934, -999.3147357994934, -999.3147357994934, -999.3147357994934, -999.3147357994934, -999.8269490860057, -999.8269490860057, -999.8269490860057, -999.8269490860057, -999.8269632044704], 
[-249.753811902935, -315.7103772432803, -867.3006069434252, -942.0003040924075, -950.1338202300706, -972.546846247983, -988.7318080718204, -990.4527280159646, -991.2029122457557, -992.0785248337196, -993.8754189337762, -996.9347402547194, -997.0534647351659, -998.5762498832541, -999.2858909522275, -999.2858909522275, -999.5892814653639, -999.6055246008387, -999.7113713853604, -999.7783365475713], 
[344.327084299184, -503.5968220656937, -751.102603871169, -944.0720165390878, -952.6751845758454, -983.3473964586112, -996.775788866816, -996.775788866816, -996.775788866816, -998.5679801314787, -999.2073120267468, -999.2073120267468, -999.3927263370934, -999.3927263370934, -999.6043761169408, -999.6970934367407, -999.7267381942559, -999.7267381942559, -999.7267381942559, -999.7694630500454], 
[123.37849843634376, 8.287015175620809, -914.715811678462, -952.2677362589394, -979.3867537009087, -983.5063523311968, -984.4362972503039, -989.1084096921217, -993.9165875140089, -996.6122734962306, -998.198568866194, -998.4977200381691, -998.9318135186122, -999.3833068728525, -999.3833068728525, -999.6203364058154, -999.6203364058154, -999.7161531533104, -999.7248390792371, -999.787613339289], 
[-702.7093529044606, -702.7093529044606, -776.9414615329022, -900.0430282685853, -962.9501744107982, -982.3598513499521, -982.3598513499521, -982.3598513499521, -987.4383508553803, -995.0562365377999, -995.0562365377999, -996.930171559108, -997.7992196564227, -998.8569250849885, -999.0614456351917, -999.7935182691813, -999.7935182691813, -999.9068030039062, -999.9068030039062, -999.9068030039062], 
[84.35927936702296, 84.35927936702296, -706.7912038735108, -863.7842108723745, -949.2388370877511, -964.0979398022798, -974.4273741749774, -985.5245855362248, -985.5245855362248, -995.5175775891786, -995.8197556409092, -998.2719537236545, -998.2719537236545, -999.107220302639, -999.6662989495034, -999.8377284501196, -999.8377284501196, -999.8377284501196, -999.8377284501196, -999.848376524153], 
[1866.6891148704653, -110.7357342857265, -523.2862579277321, -916.4674467366021, -919.4444175839915, -949.0437635364441, -953.9991092254193, -956.926011980849, -983.0008775968395, -996.6122928549444, -996.6122928549444, -997.3725187576296, -997.945631645367, -999.301538715292, -999.301538715292, -999.4201030735361, -999.4685579288015, -999.4685579288015, -999.6095541876457, -999.6095541876457], 
[-124.94727263881055, -869.807126281891, -919.0886421536641, -919.0886421536641, -963.9917324191332, -969.8585982306208, -978.7032216434659, -984.2644970489762, -985.1294842505393, -993.3626277534704, -996.0612724824143, -996.2046010227378, -998.6559527196251, -998.8937084816299, -999.2309865736121, -999.6928657204929, -999.8502258470771, -999.8502258470771, -999.8502258470771, -999.8502258470771], 
[2461.113844512936, 475.11327111731, -869.2788257212412, -949.5035058042342, -976.9354079347992, -982.5398198678142, -985.9636105402101, -989.0727011705706, -993.5056650649155, -997.9853154578018, -997.9853154578018, -998.0289554630681, -998.505226476595, -998.8054415142683, -998.8866006150105, -999.7032890264463, -999.7032890264463, -999.7155523484599, -999.8144648076568, -999.8144648076568], 
[387.0926477762771, 298.7406826784579, -930.3033377953454, -944.1039366455781, -970.1312609096032, -987.6385048962583, -987.6385048962583, -989.6381043931087, -997.1805005009761, -998.2603294158863, -998.4673944804117, -999.02575166298, -999.2971091742697, -999.2971091742697, -999.3894099808127, -999.3894099808127, -999.433104447998, -999.6347200391587, -999.7813757021651, -999.8990493501124], 
[1350.555746051913, -300.1292797218822, -962.1169875607252, -962.1169875607252, -984.5627373495375, -984.5627373495375, -984.5627373495375, -991.101735595479, -992.925184701341, -995.6765046566816, -996.8683597693135, -998.6504395251899, -998.6615607407505, -998.7483611830678, -999.4867975515511, -999.4867975515511, -999.7580096247453, -999.7580096247453, -999.7580096247453, -999.7580096247453], 
[252.04715911304493, 252.04715911304493, -970.3226828084082, -970.3226828084082, -971.6793698723724, -990.7507749841587, -991.5873741141113, -994.8499918663659, -997.3506705862145, -997.3506705862145, -997.9361993207832, -998.7629987766385, -998.7629987766385, -999.3099457281276, -999.3099457281276, -999.4135040470427, -999.4580354081081, -999.7377240444281, -999.7377240444281, -999.8338809874331], 
[656.7033356550326, -563.9995643658401, -923.4321123620387, -965.755556578843, -969.5434829326349, -973.8992957912992, -981.7815195990623, -994.6230850933529, -994.6230850933529, -994.6230850933529, -998.2883602427156, -998.3030560695065, -998.3030560695065, -999.4593752988536, -999.4593752988536, -999.7320911929307, -999.7320911929307, -999.8274558481141, -999.8290540788755, -999.8290540788755], 
[293.49941020555, 293.49941020555, -755.8909111788707, -812.725234125481, -913.049444513854, -959.7009967478109, -991.0693773424209, -992.7507705026534, -993.6620053059044, -997.1698249282969, -998.3658241576732, -999.2402146199216, -999.3266296689628, -999.3266296689628, -999.3266296689628, -999.561717042486, -999.561717042486, -999.561717042486, -999.7371746500994, -999.8034868322917], 
[-779.5004866978975, -779.5004866978975, -802.7785426822996, -848.5389074860433, -924.0572359653299, -944.7947078824093, -960.346502167439, -977.5892849063777, -992.6550888295375, -992.6550888295375, -994.4953568549365, -994.8374212880066, -996.1377062574685, -998.6952136489929, -998.8255883354841, -998.8255883354841, -999.7777452489267, -999.7777452489267, -999.7777452489267, -999.7782759371408], 
[1031.8995933629158, -179.7428143161776, -804.1621402211803, -972.6360966200981, -976.1484539795158, -977.1258388120771, -983.9004902290224, -986.3585907287429, -991.5518003368065, -994.9015617232577, -997.8232789833232, -998.484650366697, -998.484650366697, -998.9843079298912, -999.5093223303263, -999.7439626790172, -999.7439626790172, -999.7613834609409, -999.7613834609409, -999.8890536276872], 
[1010.512115092534, -198.56344074154117, -994.6097278945539, -994.6097278945539, -994.6097278945539, -994.6097278945539, -997.2129728262262, -997.7279565275932, -998.6188024092929, -998.7317035253086, -999.310884490772, -999.4965301184561, -999.5624479920643, -999.650902057573, -999.8325584229259, -999.8325584229259, -999.8326893174766, -999.8326893174766, -999.8673393943665, -999.8673393943665], 
[-747.9120175368412, -749.0712783612753, -926.8917372854336, -937.8357950249326, -963.8097498676393, -963.8097498676393, -972.2781994683048, -989.1467734744434, -989.957836548311, -992.2663280627435, -997.2713940172721, -997.9947565636309, -998.5856078148228, -999.397985752951, -999.397985752951, -999.397985752951, -999.397985752951, -999.5484795606712, -999.5484795606712, -999.7294874020727], 
