[1861.294801786869, -700.4979908138358, -829.2484320557137, -919.345886612121, -948.7005068895506, -973.7071828380656, -974.5755615875128, -990.0410175732329, -990.0410175732329, -995.0972802476876, -996.0393145692753, -998.226728106999, -999.2804030520977, -999.2804030520977, -999.2804030520977, -999.5337136331998, -999.5337136331998, -999.5337136331998, -999.6288175124638, -999.6546552871062], 
[-665.7245176969091, -826.4384923821156, -954.2232775477743, -959.5868697141259, -972.424909844103, -972.424909844103, -985.5420474431919, -991.4053859058563, -994.3968828414045, -995.103699797216, -995.2581148580238, -997.4524770330413, -998.4937417863831, -998.8480804037179, -999.4573360895021, -999.5107555415588, -999.7534678701892, -999.7534678701892, -999.7858408745171, -999.7858408745171], 
[-13.135179562722215, -449.5192222258727, -792.7974768121384, -956.128131472783, -963.5228261676855, -965.1614557546052, -993.3121372821834, -997.1942763112452, -997.1942763112452, -997.1942763112452, -997.1942763112452, -998.3510303264691, -998.3510303264691, -998.4236866373263, -999.1773274741926, -999.18820164767, -999.18820164767, -999.4847088698705, -999.4847088698705, -999.6125811004891], 
[-420.28480526727924, -766.7950975764791, -876.2283249782334, -934.1370996059068, -968.1215080942325, -986.7586556921989, -988.8501882141788, -996.4702845512456, -996.7130863147794, -998.4931129939251, -999.6947752168833, -999.6947752168833, -999.6947752168833, -999.6947752168833, -999.7135285998547, -999.7135285998547, -999.7135285998547, -999.7135285998547, -999.8363982359729, -999.8363982359729], 
[333.9024088142244, -788.4997992852782, -788.4997992852782, -952.8816941669224, -957.5397953301142, -991.5777936483565, -991.5777936483565, -994.2033167610984, -998.073794903351, -998.7398935753848, -999.2969182946651, -999.2969182946651, -999.2969182946651, -999.3627586693277, -999.3627586693277, -999.4615986506366, -999.648183934478, -999.7257483458325, -999.7354037216896, -999.8193936897761], 
[-527.6765712742997, -527.6765712742997, -983.2806272849965, -992.2423644591067, -992.2423644591067, -992.3972848469061, -993.9661094691371, -993.9661094691371, -996.1569321442573, -997.3556507014212, -998.2825764831042, -998.8257437949768, -998.8288117719144, -999.3283764563497, -999.4849484174481, -999.6240334789978, -999.6467556453667, -999.876031110328, -999.876031110328, -999.876031110328], 
[25.638658038514905, -719.2819727610683, -921.2135230966463, -970.3586771275938, -981.5797544930922, -984.6917145459082, -994.557528234246, -996.9869617313296, -997.9310493776109, -998.8990523653446, -999.4177323492925, -999.4177323492925, -999.4177323492925, -999.5822988877009, -999.7778774737943, -999.7778774737943, -999.8530175287725, -999.8530175287725, -999.9202213081205, -999.9202213081205], 
[-662.487922231194, -875.0638080136691, -986.6367235086775, -997.2269858529185, -997.376041779125, -997.376041779125, -997.7611450191562, -998.7477909793593, -999.2007547781201, -999.2768881657389, -999.6428043093591, -999.6428043093591, -999.6428043093591, -999.7728551573307, -999.7728551573307, -999.8890487747766, -999.8890487747766, -999.8890487747766, -999.9608727885432, -999.9652428360122], 
[377.6082075465288, -569.4075311428898, -936.3123011713626, -964.8429191772508, -977.3754029958785, -986.7585826326051, -986.7585826326051, -987.4290909902875, -997.6869003209016, -997.6869003209016, -998.1901216338839, -999.0357823815788, -999.0394221962831, -999.1820075365991, -999.1820075365991, -999.5966001152423, -999.624615935499, -999.6530024624695, -999.7764077603485, -999.7764077603485], 
[-901.8924680150185, -901.8924680150185, -950.7638343167622, -950.7638343167622, -955.7778591842211, -964.6285589290379, -967.6292161891963, -978.2308842419294, -990.3504975951815, -996.1051939166731, -997.0703420227674, -997.0703420227674, -997.4935320550163, -999.0859892149945, -999.5234281747545, -999.5234281747545, -999.5234281747545, -999.890815992743, -999.890815992743, -999.890815992743], 
[1628.0777574130916, -251.24592776370537, -943.4620404956897, -953.0134879413085, -965.0828311863545, -979.194382506217, -981.5637783952036, -987.2064807797592, -989.6814359703754, -996.2007865641783, -996.8202029904169, -997.8812374918997, -998.4362554348348, -998.5854481395139, -998.764879763787, -999.5770648744407, -999.7121427831636, -999.7121427831636, -999.7121427831636, -999.7121427831636], 
[333.61399295489446, -663.946209233221, -811.4203934353468, -908.6232082164894, -948.246432354717, -958.399424991155, -965.7363964938347, -986.4579395039084, -994.761619361888, -996.4581206339723, -998.2582628309491, -999.3488325380748, -999.3488325380748, -999.3488325380748, -999.5457406483536, -999.5969889571708, -999.5969889571708, -999.64617032728, -999.8089067355717, -999.8089067355717], 
[-294.93370609716703, -567.9043553853542, -943.6498488794814, -948.3063486760225, -976.7254346666099, -984.9823841660736, -989.4618553526091, -995.3084705446468, -995.581412222723, -998.4368805088684, -998.5974919921437, -998.5974919921437, -998.5974919921437, -999.3649808429246, -999.3935477549471, -999.3935477549471, -999.6269908392343, -999.6269908392343, -999.6269908392343, -999.7573404937887], 
[-210.46036213850084, -357.1556713627285, -972.3393899193405, -974.1537958043275, -992.4583673975446, -992.4583673975446, -997.3496176369346, -997.3496176369346, -997.3496176369346, -997.8872339723889, -998.3534703149465, -999.2001194170979, -999.7356134334084, -999.7356134334084, -999.7356134334084, -999.9115917139173, -999.9115917139173, -999.9175908023109, -999.9175908023109, -999.9175908023109], 
[629.808926501981, 36.61669496830041, -875.8330098979546, -900.8482591062219, -945.0678785364763, -973.6258345249499, -985.6607645300963, -990.470446134275, -994.7197043038888, -996.497713950698, -997.1989815218733, -998.9721910946247, -999.1066229302406, -999.3457783491721, -999.7940420689503, -999.7940420689503, -999.7940420689503, -999.8215213973491, -999.8215213973491, -999.8215213973491], 
[-66.78075745712283, -601.789723013859, -832.9171263714131, -849.4024183457414, -912.9851693727388, -912.9851693727388, -967.2342081125058, -973.0908468380818, -988.852859861858, -988.852859861858, -991.9022129895537, -994.9861444150495, -998.807012864025, -999.716983398272, -999.7346620381865, -999.7346620381865, -999.7346620381865, -999.7346620381865, -999.7346620381865, -999.7346620381865], 
[-551.8095195174658, -551.8095195174658, -943.9988407432623, -954.5673803428664, -970.22045484108, -983.372351635293, -983.372351635293, -990.1353587876237, -991.7564455976043, -997.6444434702765, -997.6444434702765, -997.6444434702765, -999.0703934594231, -999.2575946170637, -999.2575946170637, -999.2602573058609, -999.5052455156508, -999.7439173293733, -999.76465678611, -999.76465678611], 
[-490.8725718975897, -490.9084227527953, -932.0099777179327, -969.1411219243357, -984.4607884638656, -984.4607884638656, -985.5317695299327, -993.3015997724224, -995.3464266617985, -995.3530631347843, -997.7913583705874, -998.02796419171, -999.3458705330444, -999.3458705330444, -999.6913307750324, -999.6913307750324, -999.6913307750324, -999.7239282918272, -999.7899304002483, -999.7899304002483], 
[-528.7726676391867, -768.985648064708, -936.8004812131422, -974.4404719002932, -980.1164702443334, -980.4932109429291, -985.4310891899161, -987.6098276319127, -992.691337494247, -994.3346671573661, -998.0507434969555, -999.5338085020775, -999.5338085020775, -999.5338085020775, -999.5338085020775, -999.5338085020775, -999.5338085020775, -999.8488536888229, -999.9685559909634, -999.9685559909634], 
[709.1645038850238, -139.2335824045532, -977.8501600285521, -989.557297951479, -992.9762294922864, -992.9762294922864, -997.335298276552, -997.5753882317691, -997.5753882317691, -997.7933168265025, -998.6014454029881, -999.2367528272376, -999.3861658512835, -999.3861658512835, -999.4997864098514, -999.6367065784157, -999.7879327574302, -999.8796303714934, -999.8796303714934, -999.8855800897568], 
[1107.2970058286674, -516.886249597441, -983.0865792213597, -989.0268757484176, -990.6482739083865, -995.3463755642989, -995.6553775101546, -998.0801458476092, -998.0801458476092, -999.2196519825393, -999.2196519825393, -999.2196519825393, -999.4005057905188, -999.6513143250447, -999.6513143250447, -999.8214554281712, -999.8214554281712, -999.8214554281712, -999.8261856022002, -999.9168989204601], 
[-20.996970147511433, -651.019708710944, -953.9847224460764, -973.7066921995296, -973.7066921995296, -994.7330712460804, -994.7330712460804, -995.8949236854861, -995.8949236854861, -998.1454858103165, -998.232768494535, -998.7475047543187, -998.8877842658355, -999.6686055550116, -999.7604220850443, -999.7604220850443, -999.7604220850443, -999.7604220850443, -999.8802056755899, -999.8802056755899], 
[466.1933506918499, -443.39031649520496, -890.9831555403218, -902.3890774534627, -944.4708379837955, -958.7091393583057, -966.9426021236469, -984.3955790595791, -991.6847491879718, -994.4946355519888, -998.1282185745243, -998.1282185745243, -999.0012336909233, -999.5129378780808, -999.7916370157102, -999.7916370157102, -999.7916370157102, -999.8118322727303, -999.821659194062, -999.821659194062], 
[569.3620199240279, 37.62686756208336, -899.0387373591782, -976.2443941636762, -976.2443941636762, -981.7917661134298, -985.0770540057205, -992.0931972859557, -995.2847007615379, -997.8170645013224, -998.6522624060635, -999.201958524998, -999.5069680085687, -999.5069680085687, -999.5069680085687, -999.6173730178737, -999.8611455142938, -999.8611455142938, -999.881219523775, -999.881219523775], 
[168.56268234999175, -189.99309090698125, -805.9678210498356, -917.585701948678, -935.1866845962335, -956.6371087990531, -991.1306873752297, -991.1306873752297, -992.5075602094377, -994.3485322352587, -996.0033040432425, -996.9066853091517, -998.4185353928845, -999.8428022410386, -999.8428022410386, -999.8428022410386, -999.8428022410386, -999.865396219358, -999.8669020592397, -999.8669020592397], 
[-822.4728934835379, -822.4728934835379, -949.9649455458092, -976.0245466373864, -989.627067152596, -991.7994649757367, -992.6494839107855, -997.6979289841033, -999.3366844971628, -999.3366844971628, -999.4290565286597, -999.4290565286597, -999.4290565286597, -999.7213824105916, -999.7360806749818, -999.7360806749818, -999.7360806749818, -999.7360806749818, -999.7544674149661, -999.9094090945131], 
[397.21398662124216, 137.8566468135141, -875.2688671057156, -982.5521117563351, -982.5521117563351, -982.5521117563351, -982.5521117563351, -984.5988808603435, -994.0682324364698, -994.0682324364698, -999.701592108395, -999.701592108395, -999.701592108395, -999.701592108395, -999.701592108395, -999.701592108395, -999.8284365290268, -999.8284365290268, -999.8301471422818, -999.8301471422818], 
[26.340264905207277, -225.14819116990725, -881.4539770126612, -960.9567422223703, -980.3947660098495, -986.5613300742045, -989.5197597195425, -994.7851273113638, -996.5636023370799, -997.1428732693963, -998.2005149265042, -999.1019586469052, -999.1019586469052, -999.406162004825, -999.406162004825, -999.695552053941, -999.8136666728885, -999.8842394971102, -999.8842394971102, -999.9319443079073], 
[-105.01174694062195, -105.01174694062195, -953.8979154400953, -953.8979154400953, -959.0837667401581, -991.8870938839726, -991.8870938839726, -993.171960889895, -994.4284274853941, -994.4284274853941, -996.5075772163057, -997.913319258155, -998.6425469635429, -998.6995217981516, -998.734022911335, -999.7301812766093, -999.7942550569602, -999.7942550569602, -999.7942550569602, -999.7961427322856], 
[596.748208863005, -149.09711417018912, -967.4203320812331, -967.4203320812331, -967.4203320812331, -978.9999453558329, -983.6084298645511, -983.6084298645511, -995.9188955896001, -995.9188955896001, -996.7971831334855, -997.9724165459104, -998.5521723334687, -999.2210521684069, -999.3022624401782, -999.3022624401782, -999.4490449810663, -999.4862648847555, -999.7525976426156, -999.7525976426156], 
