[-470.24590501819785, -470.24590501819785, -844.3676633308348, -844.3676633308348, -844.3676633308348, -844.3676633308348, -844.3676633308348, -844.3676633308348, -878.9556113180987, -878.9556113180987, -883.4749286452402, -883.6441591612117, -920.5731011499081, -951.569847248276, -963.4015074243246, -971.1768829835542, -971.1768829835542, -971.7965595664332, -973.8449034058546, -976.8341377755031], 
[-343.30405413285735, -345.7376946740874, -418.63255997074043, -491.8509963884906, -692.2904184381791, -850.6122804544573, -850.6175525191468, -850.6262856313297, -922.7992923480613, -944.4263960900442, -944.4263960900442, -958.7449535204224, -958.7449535204224, -958.7449535204224, -958.7449535204224, -966.3675254480647, -966.3675254480647, -970.6063171336892, -970.6063171336892, -976.9294581268864], 
[-479.0445328694759, -479.0445328694759, -479.04453992379047, -479.04453992379047, -945.4775452858346, -945.4775452858346, -945.4775452858346, -960.6768936000379, -960.6768936000379, -960.6768936000379, -960.6768936000379, -977.1848815011169, -977.1848815011169, -982.6211872366632, -982.6211872366632, -982.6211872366632, -982.6211872366632, -982.6211872366632, -986.9098083704912, -988.0487205142498], 
[-485.32042302296793, -719.149066929905, -719.1497409640241, -772.7203662709429, -772.7203662709429, -772.7203662709429, -839.376968380551, -969.3309079121111, -969.3309079121111, -969.3309079121111, -969.3309079121111, -969.3309079121111, -969.3309079121111, -977.2502529828889, -977.2502529828889, -977.2503134224368, -977.3221050562339, -987.7339724213886, -987.7339724213886, -987.7435874948737], 
[-498.63154248631656, -788.7483119567219, -788.7483119567219, -788.7494908488318, -788.7494908488318, -788.7494908488318, -817.0131980586965, -857.4506246484933, -915.8237490727306, -915.8237490727306, -915.8277428839526, -931.25871529644, -931.25871529644, -959.1621277952432, -959.1621277952432, -970.4826686809183, -970.4826686809183, -970.4840301022016, -984.4476226408285, -984.4476226408285], 
[270.06544766873185, -600.7504224349823, -600.7504224349823, -779.1366914254947, -851.9247682449571, -852.8474570499644, -852.8474570499644, -917.282275140062, -917.282275140062, -917.282275140062, -943.7559947222782, -943.7559947222782, -960.910793167284, -966.7376410402305, -966.7376410402305, -966.7376410402305, -967.8345981013349, -977.7104396488747, -981.5387163406846, -981.5387163406846], 
[63.096009653789224, 49.62520887045298, -163.0568938969193, -163.0568938969193, -164.50500456601878, -776.9883420418685, -913.8303587528006, -913.8303587528006, -913.9095645296056, -922.6050017196429, -931.6149469959529, -970.6066429337657, -979.135874626905, -982.7528230534217, -982.7528230534217, -982.7528230534217, -982.7528230534217, -982.8927841622564, -982.9458690768525, -982.946047137048], 
[29.025535301308082, -279.5590363116885, -379.9594259412762, -819.6625223407385, -819.6625223407385, -819.6625223407385, -863.1100628630767, -896.1559586312222, -901.6667308969247, -901.6667308969247, -901.6667308969247, -915.0124652604164, -921.1391137622193, -941.2687797439038, -974.7537098140801, -974.7537098140801, -974.7538242260466, -979.6587103246152, -981.1480880399237, -981.1483957383296], 
[-378.89481413576925, -390.20741412809264, -745.0327294513651, -745.0327294513651, -745.0327638431853, -832.1212575475257, -832.1212575475257, -832.1212575475257, -865.4337345955398, -880.6658511025747, -880.6658511025747, -901.7940699124999, -930.9697565933185, -938.0435487629196, -948.530231945376, -948.7481812649511, -948.7481812649511, -948.7481812649511, -967.557639530939, -967.557639530939], 
[-170.6797621284735, -548.3634585805983, -548.3634585805983, -548.3634585805983, -618.2225375658975, -788.1269131587562, -953.303013264218, -953.303013264218, -953.303013264218, -953.30301566605, -953.30301566605, -953.7404982894037, -981.3599893683144, -981.3599893683144, -981.3599893683144, -988.6504402589279, -988.6504402589279, -988.6519213512528, -988.6519213512528, -992.1213838092578], 
[-790.0907369948444, -790.0907369948444, -790.0907369948444, -802.5559281085664, -808.6463407556099, -808.6463407556099, -808.6463407556099, -874.340285716967, -903.5667497184816, -903.5667497184816, -916.4774192655368, -917.1671713025528, -936.5246757998921, -956.8280739614546, -962.4243764592011, -964.2669449182501, -967.8817793218452, -976.8307324751523, -976.8307324751523, -976.8307324751523], 
[129.7944293673986, -163.4459253837631, -163.4459253837631, -629.7922803539134, -688.2647617529628, -888.9139028604282, -895.3804780600719, -957.5927539016086, -957.5927539016086, -958.815061147784, -958.815061147784, -958.815061147784, -958.8152344586737, -958.8216865226034, -977.8340413992213, -979.3938712877843, -981.8013848857893, -981.8013848857893, -982.9768537897644, -985.9640728993413], 
[-507.5380263631449, -507.5380263631449, -626.4433828391009, -633.9738462153125, -633.9738462153125, -633.9738462153125, -633.9738462153125, -817.5616490345716, -817.7821499399674, -854.9323619664958, -854.9323619664958, -858.1853650122777, -961.4080215963295, -961.4080215963295, -961.4080215963295, -962.4956512839318, -966.7631172383343, -967.4761399119103, -982.8211142969745, -982.8211142969745], 
[487.7279739657663, 487.7279739657663, -420.48325706995, -420.4844204388164, -420.707635429456, -425.56853069522924, -802.153654527043, -802.153654527043, -802.153654527043, -901.6272860753996, -901.6273667212708, -919.2897628544627, -919.2897628544627, -919.2897628544627, -959.0739088555972, -969.4843971480358, -969.4843971480358, -969.4843971480358, -969.4843971480358, -969.4843971480358], 
[631.8734648391221, -661.8047512047782, -837.0841967029633, -837.0841967029633, -890.3606804534611, -890.3606804534611, -891.7105731129395, -908.7295887213753, -930.4580285753972, -969.743073822836, -970.7205558462052, -970.7205558462052, -978.5056381565439, -978.5056381565439, -982.7190200196976, -989.3884043240936, -989.3884043240936, -990.5565347753129, -990.5569424128416, -990.5862490280194], 
[938.8271539266798, -104.21749641161523, -454.10285338131973, -539.2901092557745, -539.2906043560025, -654.0389088767845, -791.6932628604956, -891.1756894078297, -891.1756894078297, -903.0853449113384, -928.470427260958, -928.470427260958, -928.470427260958, -928.470427260958, -944.2670352302363, -944.2670352302363, -962.925793371427, -962.925793371427, -963.5166737737374, -964.2669832394002], 
[813.2691580746521, 750.3869599918169, 749.7867515178564, -636.2466406713206, -636.2466406713206, -636.2466406713206, -636.2466406713206, -893.5970905332435, -901.933405786854, -920.2114181324755, -923.1000924801799, -923.1000924801799, -935.7608172305274, -940.1494599892063, -940.505871852126, -945.5448368386819, -970.40699979009, -984.2150782575409, -984.2150782575409, -988.7446495519685], 
[-409.4535269057276, -409.4535269057276, -865.6154719536783, -865.6154719536783, -865.6154719536783, -865.6154719536783, -912.4649826818211, -912.4652463705588, -912.4652463705588, -940.1399350682675, -973.0700764673683, -973.0700764673683, -973.0700764673683, -973.0700764673683, -973.0700764673683, -973.0700764673683, -973.0700764673683, -987.4963740446835, -987.9690991280481, -989.0555036446001], 
[-697.8740793243524, -835.8789298434209, -835.8789298434209, -915.0883168546114, -915.0883168546114, -915.0884035796686, -923.3852300668635, -927.2483933835881, -980.5957219827006, -980.5957228971424, -980.5957228971424, -992.0488964709333, -992.0488964709333, -992.5737155023596, -992.5737155023596, -992.5745641066039, -992.5745641066039, -995.28052507251, -995.28052507251, -995.2807076173568], 
[1746.9520829284243, 62.974316656856445, 62.974316656856445, 62.973805392774466, -27.533685660421952, -786.8341694953872, -805.5792192473468, -805.5792192473468, -922.6507912193264, -922.6507912193264, -922.6507912193264, -931.4590127321585, -935.3226639647318, -948.2209239882443, -976.9626581827282, -976.9626581827282, -976.9626581827282, -979.2446198788725, -980.4107399626708, -987.4308231240508], 
[-852.7143050465572, -852.7143050465572, -852.7256500337994, -870.0094157229634, -870.0094157229634, -870.0094157229634, -870.0094157229634, -870.1211240996756, -870.1211240996756, -900.4593169262554, -917.935616548911, -950.5950997821046, -950.5950997821046, -950.6655111817639, -970.7893101006069, -970.7893101006069, -970.8793302955842, -970.9596461801858, -970.9596461801858, -972.4000151301583], 
[-119.33203360057212, -119.33203360057212, -481.8863207568196, -828.3880860920945, -832.7716644327525, -888.1818592047291, -888.1818592047291, -924.7252559971998, -926.8437067021696, -935.4745853369138, -944.7205171995616, -944.7205171995616, -944.7205171995616, -959.9222897381827, -959.9231989427071, -967.9877276097407, -967.9877276097407, -968.0404421389856, -985.9025073119366, -986.0550586095003], 
[-80.5798639056436, -80.5798639056436, -877.6998600259267, -877.6998600259267, -889.2463009847162, -936.0275621731269, -936.0275621731269, -936.0277291329287, -938.5103555561699, -938.5103583896607, -938.5103583896607, -964.0344236487538, -964.0344236487538, -978.74698276778, -986.1770554835289, -986.1770554835289, -988.2264716703615, -989.2605829569715, -990.3818619115093, -990.3818619115093], 
[154.61239097637872, 154.61239097637872, 74.09131957372801, -529.4394665230504, -814.1918639489161, -814.1935088523677, -814.211120851197, -814.211120851197, -822.4383942431598, -866.9048584799452, -917.3180152439054, -922.046139437208, -936.2114852804186, -950.9378955577654, -961.4435191656648, -976.3338746706008, -976.3338746706008, -977.1391108604852, -977.1392191127493, -986.2657700524344], 
[-776.0753561750264, -776.0753561750264, -821.0803530889007, -821.0803530889007, -821.1007874337049, -833.7659634096808, -956.1188513088355, -956.1188513088355, -957.8828703769187, -979.5943729873594, -986.5326680479574, -991.3014691617494, -992.855447840891, -992.855447840891, -993.817675087824, -993.9367787924302, -994.6424160657244, -994.8163179458023, -995.0922001213193, -995.092200131317], 
[-112.59109976065326, -764.9560976320529, -764.9560976320529, -916.4762275711504, -916.4762275711504, -916.4762275711504, -916.5076951513347, -949.7403026191483, -950.4682952315229, -950.4682952315229, -967.454973150159, -967.454973150159, -971.8526540739638, -971.8526540739638, -971.8526540739638, -971.8526540739638, -975.417542132728, -975.6077709951422, -982.5579453068509, -986.0044482834619], 
[2437.1642206628144, -559.7535466391536, -565.5495364082469, -565.5495364082469, -565.5495364082469, -565.550897008685, -801.5161491015851, -801.5161491015851, -812.9507205978236, -812.9507205978236, -923.3509700805109, -923.3509700805109, -926.9458403938062, -975.5374291887425, -978.3446246171853, -978.3446246171853, -978.3446246171853, -978.3446246171853, -979.7930484219283, -985.0737311507205], 
[-19.285371624372942, -86.61892341599196, -86.61892341599196, -425.8327912506496, -730.9431960694592, -730.9431960694592, -827.1088221373082, -827.1088221373082, -857.2315713313911, -857.2315713313911, -857.2315713313911, -879.0566429373933, -883.1874243196992, -908.6340589259848, -922.3454808733046, -935.6173839229544, -935.6173839229544, -946.459723955546, -952.73353551845, -952.73353551845], 
[346.7961508863698, 219.41418016406055, -39.13302004763432, -528.1755376317981, -645.4878407475146, -645.4878407475146, -787.9874442256394, -787.9874442256394, -787.9874442256394, -967.6191217441694, -967.6191217441694, -967.7160235792453, -967.7160235792453, -967.7160235792453, -967.7160235792453, -967.7160235792453, -974.9216865272632, -987.0884013520463, -987.0884013520463, -988.0946889960088], 
[-312.7435487347425, -312.7435487347425, -312.7584865130045, -330.55506980275834, -850.3510079508754, -850.3510079508754, -850.3510079508754, -968.4886234434261, -979.6147629736201, -979.6147832473456, -982.0450989369375, -985.4678970105623, -985.4678970105623, -985.4678970105623, -996.6429492215433, -996.6429492215433, -996.6429492215433, -996.6429492215433, -996.6429492215433, -996.6429492215433], 
