[-418.3593020913188, -531.7723489875674, -531.7723489875674, -531.7723489875674, -569.2830182099939, -574.726897924806, -785.0565807287692, -805.0314064682926, -948.7468219067018, -949.0676415355947, -949.0701254233585, -960.3395392019663, -960.3395392019663, -960.3395392019663, -962.0593323816504, -968.5393421396719, -970.4893001142144, -970.4893001142144, -970.4893001142144, -979.9731608194825], 
[-429.19038405124184, -486.78440594275264, -598.9934065732549, -825.8801618429454, -825.8801618429454, -837.0855136703719, -857.3777602528046, -857.3784997053082, -891.9959178408642, -929.5980114374634, -929.5980114374634, -964.5313879857027, -965.3925621092093, -971.895533743729, -983.2273242054364, -983.2273242054364, -984.2212540316528, -984.2212540316528, -985.1588911742318, -985.1588911742318], 
[-739.8457466773489, -739.8457466773489, -739.8457466773489, -739.8457466773489, -740.1634376825014, -806.9687667319448, -806.9687667319448, -806.9687667319448, -880.9437502846821, -899.5476722402183, -923.2135389326868, -923.2135389326868, -939.290248535491, -960.9821926348602, -961.494725155432, -970.9821837207938, -970.9821837207938, -971.2696227782603, -980.0320708692628, -980.0320708692628], 
[330.82099024950753, -458.7620106458778, -495.7105356318595, -931.2223531003075, -931.2223531003075, -931.2223531003075, -931.2223531003075, -933.7705242739737, -958.6951641175382, -958.6951641175382, -973.166752054145, -973.166752054145, -975.9779619808859, -976.0854892797048, -977.2062711095684, -977.2062711095684, -977.2062711095684, -977.2062711095684, -977.2062711095684, -980.2790403816385], 
[665.0585663769618, -132.5110939138973, -687.3767258199688, -687.3767258199688, -687.3767258199688, -851.4932624178014, -878.2714766775084, -890.2229908452962, -918.4737649279283, -961.3744076916952, -961.3744076916952, -961.4466839502154, -961.4466839502154, -961.4466839502154, -984.9187432258698, -984.9187432258698, -984.9187432258698, -984.9187432258698, -994.0581753495387, -996.416398193163], 
[153.68958896056256, 153.68958896056256, -454.77530651974826, -634.5187234443179, -634.5187234443179, -641.1779355976862, -680.2328850709653, -722.8966051145206, -723.034814735, -876.4513322415961, -876.4513322415961, -876.4513322415961, -920.1938984468782, -949.9959489186301, -949.9959489186301, -949.9959489186301, -954.8134756891493, -979.4200462909884, -979.428582569427, -979.428582569427], 
[1036.6881154566904, -447.6638980150551, -447.6638980150551, -506.39362349150997, -529.6010614082533, -833.8649841825371, -833.8649841825371, -922.4161865220228, -924.4935429447936, -924.4946790578296, -924.4946790578296, -940.8429692398206, -940.8429692398206, -984.7301103484804, -984.832864362164, -990.2923510027447, -990.2923510027447, -990.2923510027447, -990.2930692997428, -993.1701103750241], 
[-472.86880257263397, -817.6988556234484, -817.6988556234484, -819.6158659774208, -819.6158659774208, -895.7718181648949, -895.7718181648949, -941.2487160064715, -941.2487160064715, -947.9266334191669, -956.4176544758616, -958.9843372398275, -958.9843372398275, -958.9843372398275, -967.1893787988614, -975.2078716456364, -975.972725221318, -978.0357342373549, -978.9005027176261, -978.9005027176261], 
[-28.81058850206739, -571.9492818346023, -571.9492818346023, -571.9492818346023, -793.9268358604785, -863.577031000429, -863.577031000429, -883.3250573290364, -883.3250573290364, -893.8666972748462, -956.0338661197171, -956.0338661197171, -956.0338661197171, -956.0338661197171, -956.0338661197171, -956.0338661197171, -956.0338661197171, -976.9885004503308, -976.9885004503308, -976.9885004503308], 
[813.7072295116611, -467.67643365658785, -467.67643365658785, -467.67643365658785, -467.67643365658785, -548.9493857503996, -759.5339155393781, -811.701471967117, -811.7070488142147, -818.734686929419, -862.7044456092676, -867.6131511972491, -961.609103316959, -961.609103316959, -961.6151640581405, -961.6151640581405, -962.6884530907186, -965.3922422435585, -974.5447496366637, -984.6762845459498], 
[1364.087142455351, 554.1701243851173, -482.98332318883706, -482.98332318883706, -482.98332318883706, -898.5702347021604, -905.089412417603, -905.089412417603, -905.089412417603, -919.8486410478882, -973.6616164548743, -973.6616164548743, -973.6616164548743, -973.6616164548743, -974.3208032028268, -974.3208032028268, -981.7604607533897, -987.5067684758027, -990.1434807038761, -990.1439687347507], 
[-471.5559739615006, -471.5559739615006, -502.3759951243984, -502.3759951243984, -860.4873006754538, -872.884572690434, -872.884572690434, -872.884572690434, -872.884572690434, -924.2339213826953, -975.9209167697582, -975.9209167697582, -975.9209167697583, -978.4423014070057, -978.4874573903749, -979.5352527521486, -984.6410771795883, -984.6410771795883, -988.0419485565542, -988.0419485565542], 
[1883.5417361542732, 481.11997856007247, -14.77472809692847, -909.4596026590667, -909.4596026590667, -909.4596026590667, -925.4418061490903, -941.0180954347278, -941.0180954347278, -946.0721460552202, -957.4214739506576, -957.4214739506576, -968.0959363940422, -968.8122405964768, -968.8122405964768, -968.8122405964768, -968.9728510953444, -972.5697708466821, -973.6437084790458, -974.5363991653638], 
[1330.4681640342983, -81.94604771885315, -285.1668872644922, -348.76974646290455, -348.76974646290455, -348.76974646290455, -936.8150152472723, -936.8150152472723, -936.8166559351072, -941.0232661354249, -961.2941086453615, -961.2941086453615, -961.2941086453615, -961.2941086453615, -963.7226453031573, -969.7802170599401, -969.9603533451651, -971.3618855825546, -992.2357684274085, -992.2357684274085], 
[-176.05773992788, -176.05773992788, -650.5732507600985, -650.5732507600985, -726.7289390921594, -726.7289390921594, -726.7289390921594, -726.7289390921594, -944.5914088611552, -944.5914088611552, -944.5916542382685, -944.5980825381997, -944.5980825381997, -946.6177821612009, -946.6177821612009, -961.2103505392959, -961.2103505392959, -963.5651992719302, -964.5786217159689, -964.5786217159689], 
[-217.1467256047987, -418.95193678329474, -419.1018300227746, -706.7231837830356, -706.7231837830356, -706.7231837830356, -854.030974963945, -953.8181371761245, -953.8181371761245, -953.8181371761245, -953.8181371761245, -954.525088219459, -966.643416880851, -970.9531998484734, -970.9531998484734, -971.1388696604342, -973.6639733448537, -986.4266608499429, -986.4266609311793, -986.4266609311793], 
[-408.4005857549304, -408.4005857549304, -408.4242766046086, -408.4242766046086, -623.0829851385928, -889.455325053905, -889.455325053905, -929.8214860106197, -929.8214860106197, -929.8214860106197, -931.5694838613932, -966.5849755499296, -966.5849755499296, -966.5849755499296, -966.5852709971639, -973.5426973506443, -973.5426973506443, -976.9371154201746, -976.9371154201746, -977.5982359974901], 
[-245.95347684873377, -421.1267433746159, -421.1267433746159, -421.1267433746159, -425.86591355374094, -756.4600987963197, -756.4600987963197, -782.6050116285155, -869.6179224128482, -869.6179224128482, -914.7996263835014, -933.2269890635858, -961.6478064481183, -961.6478064481183, -971.1248716970738, -981.8256436443888, -981.8256436443888, -981.8256436443888, -982.3092368066353, -986.1109123684705], 
[-730.2004696348662, -730.2004696348662, -730.2004696348662, -751.9240934242462, -751.9240934242462, -879.7775320317145, -913.6922507488739, -913.9152352830185, -913.9152352830185, -933.6949134135899, -933.6949134135899, -977.8300409086505, -985.9071187221128, -985.9071187221128, -986.1275451057217, -986.6361824114633, -992.2495227724064, -992.2503616785494, -992.4627362513224, -994.0931433081197], 
[-734.0004221294073, -734.0004221294073, -872.7576398055878, -872.842482490609, -935.2176516398384, -935.2176516398384, -935.2176516398384, -935.2176516398384, -935.2176516398384, -935.3028847854526, -974.7895532465037, -974.7895532465037, -974.7895532465037, -974.7895532465037, -977.3868394149368, -977.3868394149368, -980.6223647951284, -988.960014743054, -988.960014743054, -988.9601482578058], 
[-204.7010019670023, -204.7010019670023, -807.1544122279998, -897.2495779285857, -897.5788524472414, -897.5788524472414, -919.4707258653661, -919.4707258653661, -919.4707258653661, -934.6010586470007, -934.9422517644197, -938.4392955375238, -947.178461840644, -955.8897077751136, -955.8897077751136, -960.2232301179808, -980.2041641265038, -980.2041641265038, -988.7332009530737, -988.7332009530737], 
[-325.078955692861, -325.80730368491766, -867.1906193034789, -867.1906193034789, -867.192607061375, -890.989736951427, -925.6591880362547, -974.5469404215102, -974.5469404215102, -974.5469404215102, -976.5166614393555, -977.6143943210593, -977.7676539957314, -990.0627905917237, -990.0627905917237, -990.0627905917237, -990.0627905917237, -990.5375776988457, -992.7365799028224, -993.8642730424224], 
[-433.643680804494, -882.2135451728176, -882.2135451728176, -930.280302116629, -930.280302116629, -930.2808639324444, -953.9824296865179, -953.983511205605, -953.983511205605, -955.5049401094532, -970.774771332237, -970.774771332237, -974.112429813255, -974.618116040895, -978.1120285154848, -981.3079573255268, -981.3079573255268, -988.0969235384466, -988.0969235384466, -988.6971765259001], 
[-708.0270517295867, -708.1089246241445, -721.2878563081963, -721.2878563081963, -774.7427795453153, -783.1239852650027, -906.1868092961737, -906.1984028525005, -906.1984028525005, -911.2819198889025, -929.6465577665316, -930.9329717844626, -986.460373661942, -986.460373661942, -988.0244020964864, -988.0244020964864, -988.0244020964864, -988.0244020964864, -989.9993126043254, -989.9993126043254], 
[-558.1651695868771, -558.1651695868771, -770.7554434468694, -770.7554434468694, -770.7554434468694, -859.476614937673, -860.7885591183774, -914.1583507084533, -914.1583507084533, -935.5759985621977, -950.913997467696, -954.0451841007355, -954.8515761187416, -972.0568751631345, -972.0568751631345, -990.9949922406508, -990.9949922406508, -990.9949922406508, -993.7045894810877, -993.7045894810877], 
[341.284252114782, 307.16940311393364, -158.40846683697748, -229.6863851027564, -563.7989847547697, -717.0912350870046, -762.4287012585028, -833.1274741712853, -869.379748048367, -965.7506584707115, -965.7506584707115, -965.7506584707115, -972.2290337598716, -972.2290337598716, -992.15668485302, -992.15668485302, -992.1666279491036, -992.1666279491036, -992.2100284566436, -992.2100284566436], 
[-448.97653853002214, -457.69853731434523, -457.69853731434523, -590.8187233809631, -612.0412396228572, -803.2560586309473, -851.5211757995565, -902.9445391965949, -902.9445391965949, -939.6411589123007, -939.6411589123007, -957.927025014918, -957.927025014918, -957.9272592826151, -961.6944894112548, -996.5720869240074, -996.5720869240074, -996.5720869240074, -996.5720869240074, -996.6797017798758], 
[-262.9295116024447, -393.5793386694643, -393.58742712726075, -393.58742712726075, -567.8177716787882, -607.7348823802433, -906.3175423992036, -906.3175423992036, -930.4983932139878, -930.4983932139878, -930.4983932139878, -958.0311132563887, -958.0311132563887, -958.0311132563887, -958.9529544496039, -959.9534430963371, -968.3489510025094, -968.3994560304897, -972.4330280413984, -972.8810864797713], 
[-691.5668562057897, -691.5668562057897, -691.5668562057897, -691.5668562057897, -893.761194230242, -900.7500107990852, -931.1329381752952, -931.1329381752952, -958.6239365203098, -958.6239365203098, -958.6239365203098, -959.0137695894606, -959.0137695894606, -969.316282364923, -970.6108701069347, -970.6108701069347, -973.3902730919137, -977.2471975279699, -989.6998274844426, -989.6998274844426], 
[-481.38199324706216, -882.3886634709447, -893.5954352715394, -893.5954352715394, -893.8885522577579, -901.2553254484891, -912.729767153726, -936.4564777333638, -948.986024342081, -949.0266650299452, -955.9264279152038, -987.0309508868887, -987.0309508868887, -987.0309508868887, -987.0309508868887, -987.0309508868887, -987.0309508868887, -987.0309508868887, -987.5278308432767, -987.527987634059], 
