[1445.5725832135108, 1267.6738280496097, 200.4897845101566, -397.1614858029801, -697.2722018979337, -703.6401806335285, -882.3595777374147, -882.3595777374147, -923.0622629644155, -932.6971645021039, -932.6971647187054, -960.3402662464994, -978.1677671420957, -978.1677671420957, -980.6730859197161, -980.6730859197161, -986.3904732897413, -986.3904732897413, -986.3904732897413, -989.4583247632355], 
[-560.4745273504188, -560.4745273504188, -560.4745273504188, -645.6436879361389, -645.6531881229005, -689.4980714435388, -750.4328736118183, -750.4328736118183, -793.2902312936839, -876.4087100082222, -889.4920099673236, -925.4919503290396, -940.9144127789232, -940.9144127789232, -943.3045434975484, -955.2835276434877, -971.3584733446883, -971.3584733446883, -971.3584733446883, -972.5715281242703], 
[-680.3829944128945, -680.3829944128945, -680.3829944128945, -680.3829944128945, -680.3829944128945, -680.3829944128945, -841.6820783202879, -841.6820783202879, -841.6820783202879, -899.2820811743275, -949.8799853536564, -949.9331825930672, -949.9331825930672, -950.5090788243905, -953.7913963426657, -953.7913963426657, -958.0926080316274, -971.8897435845759, -971.8897435845759, -982.8540836280715], 
[1698.4186749960177, 1374.3226286148265, -120.16208401801396, -120.16208401801396, -794.169588735079, -803.1136985353255, -803.1136985353255, -803.1136985353255, -843.9071758645773, -845.413367704678, -845.413367704678, -851.5980595225845, -878.8018711911732, -879.8045074068965, -953.0196762038936, -953.0196762038936, -953.8879774030678, -955.6703165204403, -974.2179536453131, -989.0398503461992], 
[-330.61197794475174, -330.61197794475174, -505.0501042217442, -505.0501042217442, -785.5929533725455, -938.2142651038507, -938.2142651038507, -938.2142651038507, -938.2159081313039, -938.2174797482237, -942.5436550359622, -985.0887490185631, -985.0887490185631, -985.0887490185631, -985.0887490185631, -985.0887490185631, -985.0887490185631, -987.5741978564453, -990.4445155120166, -991.9832261606425], 
[956.9358184885493, -316.109524624532, -316.109524624532, -538.5997176960473, -586.8667672463877, -642.1581202068512, -743.4682863611963, -776.6426917823152, -857.0247254034502, -857.0247254034502, -936.4478842893217, -936.4478842893217, -943.8008926763566, -943.8008926763566, -950.4994071102305, -960.069998304604, -960.069998304604, -963.4262309166991, -982.1161798003163, -982.1161798003163], 
[-321.3066836441352, -321.3066836441352, -321.31348686942397, -518.8328305697762, -518.8328305697762, -518.8328305697762, -933.6314626526048, -933.6314626526048, -933.6314626526048, -956.2178567240243, -956.2178567240243, -956.2178567240243, -956.5598668864276, -956.5598668864276, -980.9152203734312, -980.9152203734312, -980.9152203734312, -980.9152203734312, -980.9152203734312, -980.9152203734312], 
[-312.2030451163806, -312.2030451163806, -312.2030451163806, -312.2030451163806, -676.8786362522919, -772.3632648458589, -772.3632648458589, -967.8981435895782, -967.8981435895782, -967.8981435895782, -967.8981435895782, -967.8981435895782, -967.8982652604278, -968.0206335864035, -972.4443233370481, -974.2359390849367, -974.2359390849367, -977.0705019452804, -978.3221101365616, -979.9671104980489], 
[-412.5150623803992, -412.5150623803992, -412.5150623803992, -449.7173961562703, -751.4298765702365, -751.4409450008925, -912.3768478724231, -912.3768478724231, -912.3779285172246, -924.4640128482071, -965.6075507465513, -965.6075507465513, -968.9490704440584, -968.9490704440584, -971.9862572761431, -976.6668746585146, -983.5265378260618, -983.5265378260618, -983.5265378260618, -984.1295928712225], 
[742.2236544629682, 300.7091625057217, -430.4163275339505, -438.0613313833285, -576.4658521420006, -814.092981467705, -867.1804525297457, -867.1804525297457, -867.1804525297457, -941.6301446378451, -941.6301446378451, -941.6301446378451, -941.6541003351908, -951.7144619259295, -951.7144619259295, -954.9244797001157, -962.453125919274, -964.2784669202667, -966.8853215642592, -969.5873897812618], 
[109.95268760272461, 12.401575846089258, -473.29511941153214, -671.8258859981373, -671.8258859981373, -671.8258859981373, -778.1924255588463, -778.1924255588463, -833.4657552281499, -833.4657552281499, -833.4657552281499, -907.1296631321178, -907.1296631321178, -966.2997404479306, -966.2997404479306, -966.8729837218227, -979.4941918244788, -979.9036633717895, -979.9036633717895, -979.9037290574796], 
[-574.7023799912416, -574.7023799912416, -746.2138123664624, -746.2138123664624, -815.8332244152758, -815.8332244152758, -855.9080496685974, -888.7441671188744, -888.7441671188744, -888.7441671188744, -967.0611795454996, -967.3165138155184, -968.1633584413352, -968.163671495262, -976.4462159130755, -986.2033752250197, -986.584833385207, -987.2085708202908, -987.2085708202908, -988.0343005801963], 
[-185.41336725742678, -276.84601657185203, -553.8235307543464, -611.263319982922, -611.263319982922, -611.263319982922, -611.263319982922, -611.2769870743168, -686.3736978435995, -818.7931538680444, -903.187936325719, -921.9450440866533, -928.3168267257483, -928.3168267257483, -937.2682339721201, -941.3369297243676, -958.1639669454503, -958.1639669454503, -964.078626095405, -966.5979526889565], 
[-218.9127916151931, -218.9127916151931, -218.9127916151931, -810.8666230371662, -815.3547326875419, -815.3547326875419, -862.4526213311065, -915.8573026488001, -915.8573026488001, -944.8485529483536, -976.3242565446395, -976.3327840015559, -976.3327840015559, -976.3327840015559, -979.5570098974864, -979.5573951640189, -979.856553713455, -985.6983128499255, -985.6983128499255, -991.2645771684381], 
[849.9672481506884, 175.04958760616205, -502.46048316259896, -751.4462479048407, -751.4462479048407, -802.8025160944002, -802.8025160944002, -802.8025160944002, -857.7284484223424, -858.5417506749948, -923.1473525902853, -923.1473525902853, -945.0336865162039, -945.0336865162039, -945.0336865162039, -954.6248546783892, -957.2888237969343, -965.9428488631621, -965.9428488631621, -972.2092522856651], 
[245.60263968978165, 226.3070104994681, -818.1375272804916, -818.1376220424886, -833.8237806365871, -905.3566040961045, -905.3566040961045, -905.4361043332187, -947.3175819859482, -948.3160727874584, -952.0563726005937, -978.2123985557408, -981.6598501947384, -984.5352843781023, -984.5352843781023, -992.3342038440969, -992.3342038440969, -992.3342038440969, -992.3342038440969, -992.3342038440969], 
[212.26303125901563, -59.46430839348477, -449.28098591023945, -614.4309030283804, -908.0478551768259, -908.0478551768259, -908.0478551768259, -929.3460321035778, -942.2270163645974, -942.2270163645974, -961.2182478436266, -962.5345363448344, -979.9490276292585, -979.9490276292585, -979.9490276292585, -979.9490700831233, -979.9491150395157, -989.6650275721505, -991.4070216100116, -991.6570023233153], 
[-390.10964174797857, -390.10964174797857, -390.10964174797857, -390.10964174797857, -517.7656765818476, -818.3323914646378, -818.3323914646378, -818.9118924709015, -820.9094623284122, -869.9454784400136, -869.9454784400136, -907.3769947726471, -942.5843057870932, -950.1805422270093, -956.7584185890541, -956.7584185890541, -978.5939746692612, -978.5939746692612, -988.6352106466971, -994.6705546247622], 
[1035.4791293645724, 1031.56474631703, 1031.56474631703, 588.4098611588797, 443.1228213963632, 440.1594195603466, -696.0058351325501, -696.0058351325501, -699.357121584957, -816.005154333302, -943.3159383875638, -943.3159383875638, -943.6033992403342, -975.1611099823851, -975.1611099823851, -975.1611099823851, -975.1611099823851, -975.9213821319422, -975.9213821319422, -975.9213821319422], 
[-19.859890915857022, -436.21769125929586, -737.0691153438661, -737.0691153438661, -737.0691153438661, -737.0691153438661, -788.2749992403191, -801.9867998881216, -802.1197695799451, -816.0938101515119, -869.3185519358709, -869.3185519358709, -869.3188286349388, -903.266063867517, -953.444464230373, -953.444464230373, -953.444464230373, -966.2287121216835, -966.2287121216835, -966.2290961164717], 
[-192.60093110949776, -192.60093110949776, -192.60093110949776, -764.8502578701571, -764.8502578701571, -779.2371308686337, -779.2371308686337, -785.4968678059297, -829.1703628273349, -829.1703628273349, -929.7140775345438, -929.7140775345438, -957.6915343744187, -972.5086110458989, -976.7942891965482, -976.7942891965482, -986.9650011375984, -986.9847844579377, -986.9847844579377, -987.6093737676129], 
[247.87093661498443, 247.87093661498443, -109.7620907903123, -601.3262851196741, -601.3262851196741, -601.3262851196741, -816.1619474366241, -855.9920098237975, -966.5508825910593, -966.5508825910593, -979.1546274240736, -979.1546274240736, -979.1571055535703, -979.1571908465579, -988.6440499434373, -988.6440499434373, -988.6440499434373, -988.6440499434373, -988.6440499434373, -988.6440499434373], 
[-53.702564153225126, -271.2435861240127, -598.3572798674521, -598.3572798674521, -694.5807351447027, -781.3363646885421, -845.6526192797949, -907.4042704966056, -933.9549720548216, -937.6203986117047, -944.774995912667, -981.4173423809664, -981.4173423809664, -983.9589255416046, -983.9589255416046, -984.3483185101335, -986.8110528423988, -987.1621188649823, -987.5057628164221, -987.5057628164221], 
[264.83373287596874, 102.8122526906368, -144.00633671329217, -144.00633671329217, -153.12388678376828, -821.2939918504353, -821.5235306051734, -821.5235306051734, -853.7268989027939, -911.9734093405995, -935.5865451337849, -935.5865451337849, -942.0549302805005, -979.4827898459308, -979.4827898459308, -980.841940652986, -980.841940652986, -987.7392070320223, -987.7392070320223, -987.7392070320223], 
[82.04252263961416, -49.43175900579786, -594.1258765597056, -594.1258765597056, -602.7612900643044, -648.184373591974, -648.184373591974, -648.184373591974, -794.9317362436714, -819.161757702677, -822.1155611399893, -855.3531340196508, -927.6642107785301, -956.7181914488389, -970.0250334808162, -970.0250334808162, -970.0250334808162, -970.0250334808162, -975.6127551864719, -975.6127551864719], 
[1859.3534075126995, 575.1613198866448, -613.329536314692, -696.9234769414704, -699.0852773991179, -699.0852773991179, -699.0852773991179, -741.8254066112806, -741.8254066112806, -860.0109252886043, -913.2566244759001, -919.4127682367939, -942.6928491333812, -951.2835962948917, -969.1287589272704, -969.1287589272704, -969.1287589272704, -969.1287589272704, -969.2368622412351, -977.2370826901857], 
[-930.9263734749765, -930.9263734749765, -930.9263734749765, -930.9345681598154, -964.1278597077795, -964.1278597077795, -964.1278597077795, -964.1278597077795, -964.1278597077795, -983.9878314607485, -990.9462532579945, -990.9462532579945, -990.9462532579945, -990.9462532579945, -990.9550248569628, -990.9550248569628, -990.9550248569628, -991.0165451405838, -991.0165451405838, -995.7829092347835], 
[-363.0636916839052, -363.0636916839052, -363.0636916839052, -842.8550574787597, -844.1827459503513, -947.1177044071682, -957.8281237991783, -970.7720100661573, -970.7755170390785, -992.5645762685593, -992.7405571393343, -992.7405571393343, -992.7405571393343, -993.4928085969258, -993.4988610915846, -993.8510703092784, -993.8510703092784, -997.9894114773751, -997.9894114773751, -997.9894114773751], 
[1353.3094075417825, -604.1151698100405, -604.1186362332721, -604.1186362332721, -604.1314619028255, -757.5668184248736, -851.9234417059674, -885.5618103177795, -885.5618103177795, -899.5211025662439, -973.7416766271841, -973.7416766271841, -973.7416766271841, -981.0237297850583, -981.0237297850583, -981.138953897221, -981.7719775376028, -982.1650114590436, -991.9066480042171, -991.9066480042171], 
[2179.4502989655575, 1344.15148778719, 1344.15148778719, 364.65616846414673, 306.37516438318994, 76.63636727967742, -161.5567645680852, -193.46122150684164, -423.53779272623046, -649.5411617259247, -836.1515914819571, -853.6639798811593, -868.7645417862693, -921.905457785512, -921.905457785512, -966.7715153464281, -966.7715153464281, -967.1300662813622, -967.9943277071146, -974.5208699119102], 
