[-435.95331701040266, -435.95331701040266, -443.3212688783542, -728.0901307591128, -732.662928466604, -765.490424880167, -852.6556741639431, -852.6561619312827, -860.1856168826388, -872.0954665756724, -893.9612750188078, -893.9612750188078, -893.9612750188078, -924.778480512674, -928.4910737787638, -935.22312511033, -964.5293305626949, -964.5293305626949, -964.5293305626949, -968.237579495387], 
[-523.3487971406842, -523.3487971406842, -597.7952302845887, -846.9915628582366, -846.9915628582366, -847.4368205781091, -847.4368205781091, -849.125038722589, -914.8994336780509, -918.4224463007768, -934.6439616754799, -982.1907448941921, -982.1907448941921, -982.1907448941921, -982.1922118433166, -982.6279079490749, -982.6279079490749, -987.5140016680895, -993.8829343230301, -993.8829343230301], 
[31.382120983832465, 31.382120983832465, -110.97641452518519, -249.37339771717473, -480.0732733610738, -480.0732733610738, -480.13830442631763, -483.9189003572552, -625.7976485235297, -639.8631906780677, -825.9052501459333, -825.9052501459333, -895.031561123731, -895.031561123731, -941.9577917048949, -941.9577917048949, -941.9577917048949, -941.9577917048949, -992.4371314870083, -992.4371314870083], 
[467.3183875036125, 325.3043283259301, 300.4813127423797, -243.40375378594342, -243.40375378594342, -243.40375378594342, -245.0983425294296, -397.3384060256773, -770.3076186553475, -810.5284489324135, -818.3605069611626, -818.3605069611626, -907.4642753029583, -952.6551005489787, -952.6551005489787, -952.6551005489787, -971.627057371135, -978.4060120812113, -985.9589278129419, -988.4231214288809], 
[666.1527397946652, 464.4252834787894, -131.48330151088885, -531.1281620514835, -531.1281620514835, -643.450563253882, -810.8161161312757, -810.8161161312757, -826.1464885268301, -830.1616661531825, -888.5471797604899, -889.300120000514, -917.988272052006, -937.313050146575, -939.1973032554516, -939.1973032554516, -945.2822184206024, -945.2822184206024, -964.8409467969446, -986.7504571756965], 
[1201.5696884789572, 1201.5696884789572, 745.6267567306629, 731.4461914513558, -796.9582956157947, -824.002580148297, -828.811895245342, -888.6045797665228, -930.5098075401477, -930.5098075401477, -930.5098075401477, -930.525339688614, -931.4074956850845, -940.2575262745179, -951.6600989550814, -968.6531361909717, -968.6531361909717, -968.6531361909717, -974.9477438676357, -979.8870024291487], 
[-197.8804541015736, -388.0564628420108, -808.9766892778782, -864.3955830582296, -937.2069140106464, -937.2069140106464, -937.2069140106464, -937.2069140106464, -937.206921915697, -965.9361316400499, -973.8709025442399, -974.2616047980364, -974.2616047980364, -974.6613509974952, -979.013724214066, -979.013724214066, -980.897859685176, -980.897859685176, -980.897859685176, -989.4603185048495], 
[-774.9717168448076, -774.971720983353, -774.9756687084133, -774.9756687084133, -841.5595818991195, -858.8174681007916, -859.0352914908451, -915.3939360968304, -915.3939360968304, -915.3939360968304, -923.9053070395361, -929.7420707318876, -930.13997635136, -964.1179865535347, -966.6201545760147, -966.6201545760147, -978.8104970072465, -978.8104970072465, -984.0138149705213, -991.1730418793168], 
[-511.49890518154217, -511.49890518154217, -511.49890518154217, -619.2812050645248, -736.8178969253748, -737.2564251776552, -928.4647964590393, -953.0422758691261, -953.0422758691261, -953.0423333519476, -982.6127971828007, -982.6127971828007, -982.6145068036102, -990.1491638803253, -992.7044793185088, -997.4809153114034, -997.4809153114034, -997.4809153114034, -997.4966585542982, -997.6391905915129], 
[238.9197181018294, -766.4036482771066, -766.4036482771066, -811.9694028764923, -819.2345454836653, -819.2345454836653, -819.2345454836653, -894.8281985478831, -894.8281985478831, -894.8281985478831, -976.2475315286687, -976.2475315286687, -976.2475315286687, -980.4972568995868, -989.3356671563706, -989.3356671563706, -991.9250529274877, -993.0692685653838, -993.0692685653838, -993.0692685653838], 
[1800.141129092739, 515.9573849763992, -670.0937754897666, -847.1034259323555, -847.1034259323555, -847.1035263365511, -865.4472143638957, -865.4472143638957, -865.4472143638957, -876.5655031689756, -876.5655031689756, -963.9623123134497, -963.9754987034038, -963.9754988098113, -963.9754988098113, -966.4396521710034, -983.7279086383761, -983.7279086383761, -993.7560257873798, -993.7562133234755], 
[-389.7148401894715, -389.7148401894715, -525.5428836801684, -650.6361378186842, -863.0302453864907, -891.1281521047456, -903.1444533037713, -909.9212872281869, -919.4907388806956, -919.4907388806956, -924.9002447114312, -924.9002447114312, -924.9002447114312, -940.5602748050362, -949.4799871624609, -949.4799871624609, -954.1922450986528, -958.9855611099492, -958.9855611099492, -963.0971980582776], 
[-435.55309013172234, -435.55309013172234, -435.55309013172234, -650.7098176242109, -650.7098176242109, -694.213998256658, -694.213998256658, -696.88143274209, -696.88143274209, -730.3988227798184, -800.1917918034101, -917.3644134990184, -919.6595890454219, -953.0288973197707, -953.0288973197707, -953.0288973197707, -953.0302661925011, -984.1630050600488, -984.1630050600488, -984.5777501088327], 
[4.918455367051024, -515.3926875691443, -515.3926875691443, -515.3926875691443, -606.4271301540011, -621.7354780219507, -843.0228262710513, -941.1751253617329, -941.1751253617329, -944.8120940349156, -959.009848373014, -988.3412713752841, -988.3658611481022, -988.3658611481022, -988.3658611481022, -988.3658611481022, -995.5674934469375, -995.5674934469375, -995.5674934469375, -995.5674934469375], 
[-447.7329547271154, -726.477895796782, -729.0584067674845, -796.7191473208309, -833.8202506737528, -841.1292954992905, -892.6077556159968, -892.6383494881296, -892.6383494881296, -952.5190654443611, -970.5192356743033, -977.6163272817325, -977.6163272817325, -979.601245944301, -986.851634398021, -986.851634398021, -993.2820059423409, -994.2044360342549, -994.5084748537091, -996.3651491483218], 
[-30.113074094589024, -30.113074094589024, -41.26318816954597, -791.2653962350946, -791.2653962350946, -829.4139670082528, -832.4036403533313, -910.6252947028555, -932.1514038380473, -978.2463915365477, -978.2463989433687, -980.1423783061234, -986.9504360707664, -988.0169452806915, -988.0169452806915, -988.0169452806915, -989.4618469429577, -989.8565742299503, -997.6666735206554, -997.6666735206554], 
[-13.007581769900185, -354.0576891692957, -354.0576891692957, -863.8457124913, -863.8457124913, -863.9201044074459, -909.2324461375317, -909.2324461375317, -909.2324461375317, -909.2324461375317, -910.4235292921908, -910.4235292921908, -935.8125366380535, -936.9208062179238, -937.6424197379586, -951.5260925420307, -968.3674016988327, -970.9073109356533, -975.0635341562461, -975.0635341562461], 
[471.8880560232283, 471.8880560232283, -49.38424452354832, -277.3401113461715, -324.4152658165027, -324.4152658165027, -702.7684516446129, -843.0560244634613, -843.0560244634613, -843.0560244634613, -843.0560244634613, -870.7178233147263, -870.7182752760356, -916.4129317310646, -968.3457668223343, -968.3457668223343, -968.3457668223343, -968.3457668223343, -985.5385038331934, -985.5385038331934], 
[480.0231610570868, -749.9767677165798, -749.9767677165798, -855.038573422874, -855.038573422874, -855.0401088186059, -900.3048138390543, -977.1612904076399, -977.1612904076399, -977.1612904076399, -977.1626515557336, -977.1626515557336, -981.8436113607243, -981.8436113607243, -981.8443575975751, -981.8814059622144, -994.4173068706741, -994.4173068706741, -994.4173068706741, -994.4173068706741], 
[-9.33541185232275, -9.33541185232275, -174.2319319119896, -578.2368836704759, -648.9840384812601, -818.2817198719586, -818.2817198719586, -919.0627305499953, -919.0627305499953, -921.724367258999, -921.7252310347835, -945.2251660320945, -951.2031792443435, -953.5668475048922, -971.924846319267, -971.924846319267, -971.924846319267, -976.170803964246, -976.170803964246, -985.165324479842], 
[-70.35004423393195, -70.35004423393195, -70.36641668755703, -786.2944339040339, -915.6700822563519, -915.6700822563519, -915.6700822563519, -940.8837815305336, -951.1473962560156, -964.1456806140017, -964.6880075539711, -988.5811496232909, -988.5882024624874, -988.96273179274, -988.96273179274, -989.024834290365, -990.1486678780674, -994.3985211362044, -994.414393128394, -994.414393128394], 
[-210.47350498263802, -401.08401798271996, -401.08401798271996, -499.2476046908548, -594.8403599949143, -594.8403599949143, -690.0792889334858, -743.5052723861656, -834.9423741637975, -952.8165467842247, -954.479863550512, -954.479863550512, -980.3450725811491, -980.3450725811491, -984.748070858141, -984.7485323904757, -984.8243930954051, -987.7022343819114, -987.7849775811711, -987.9964526295744], 
[-651.5737304618369, -707.1451550806142, -707.1451550806142, -715.9477950057194, -862.6043485483942, -895.2900948265753, -921.10416665365, -933.8150938292229, -947.2417072258901, -947.2417072258901, -957.6762790452184, -961.0434467444987, -961.5178173879586, -965.0314377616814, -965.93284055509, -972.2230374511164, -984.4277747271041, -984.4277747271041, -989.7175998241695, -990.7508889925454], 
[164.73019708509833, 45.08440434845238, -575.988775699999, -575.988775699999, -713.6294216536751, -723.8234372471329, -723.8234372471329, -723.8234372471329, -830.1700107648317, -830.1700107648317, -896.2407732963353, -896.2407732963353, -927.580663007551, -955.0926505889901, -955.0926505889901, -965.6868165350235, -965.6868165350235, -965.6868165350235, -972.5612051228619, -977.5107408612048], 
[-495.287136741081, -495.287136741081, -495.28727886542754, -749.6756667715471, -749.6756667715471, -909.1537652750724, -934.6924588342515, -938.6824407049087, -938.6824407049087, -938.6824407049087, -951.5909035696997, -970.7718961396223, -983.6607482808472, -983.6607482808472, -984.3954940143835, -984.3954940143835, -984.3954940143835, -984.3954940143835, -984.5390425318885, -995.15050818531], 
[-616.7457261756092, -616.7457261756092, -720.5763567278353, -772.604943125533, -813.9672007614197, -835.0580811972352, -835.0580811972352, -923.7506136438674, -963.3733396792682, -963.3733396792682, -963.3733396792682, -963.3868193543299, -975.759823200635, -985.2228331327698, -986.9452765865169, -987.4490624342, -987.6759288267825, -987.6759288267825, -991.1283122053885, -991.4316719710629], 
[499.87280783844176, 499.87280783844176, -732.0070498113279, -814.798970756456, -825.5024307365314, -826.6368195810896, -830.3808050665295, -830.3808050665295, -874.5196045834732, -874.5200543771739, -932.695172104796, -932.695172104796, -948.6466975865593, -952.5694469012079, -953.5017790040932, -957.9066024838706, -963.9437618034613, -987.6073830830421, -987.6073830830421, -987.6073830830421], 
[508.14765636248694, 508.14765636248694, -370.1135914379298, -673.1701409771208, -682.2336260286822, -879.7754249353808, -879.7754249353808, -879.7754249353808, -928.8425061903074, -959.9431385633118, -959.9431385633118, -959.9431385633118, -959.9431385633118, -959.9431385633118, -968.011961709587, -977.1286694132715, -977.1286694132715, -977.1286694132715, -993.221417103333, -993.221417103333], 
[28.074298781011976, -113.77487655977347, -614.365197336562, -764.1498870987824, -785.8858261274556, -834.6273906328455, -851.7656197400166, -895.6474207412617, -901.7847037992667, -908.2744422898732, -927.0275568898636, -961.0141075599614, -962.0906783447673, -962.0906783447673, -981.3990938219627, -981.3990938219627, -986.1906033085343, -989.8999313444318, -990.6798053783546, -990.6798053783546], 
[863.5856268378725, 174.38114112509174, -394.01176764742183, -549.5844689721928, -549.8593461114631, -869.101812432253, -869.101812432253, -869.101812432253, -869.3361565805924, -869.8327122560795, -869.8327122560795, -872.7423612441352, -918.4990691473172, -918.8631419699074, -928.3880295165313, -944.1667854520906, -975.0994608832352, -978.1558217979891, -978.1558217979891, -982.1909488325211], 
