[750.4654522327612, 498.3504598475761, -466.8982408765571, -703.4667939371936, -703.4967319873845, -836.0355055767919, -921.6608073694174, -921.6608073694174, -921.6608073694174, -939.6459589087245, -965.9173137539561, -969.3598399999856, -969.3598399999856, -969.3598399999856, -969.3600976918472, -972.259956080138, -977.1432824230837, -980.8245013840924, -982.0864176025725, -982.0864176025725], 
[1541.359300698019, 945.3878048787217, -378.4505745297655, -444.55920949473807, -887.9902943796145, -887.992650804917, -887.992650804917, -944.4953964644769, -944.4953964644769, -944.4953964644769, -961.1704676717053, -961.1704676717053, -961.1704676717053, -961.1705125212574, -961.1705125767646, -961.1705125767646, -961.1887043770034, -961.1887043770034, -963.2650280978107, -994.8129529936696], 
[-147.10435147929957, -691.3698313113836, -691.3698313113836, -691.3698313113836, -691.441241728154, -943.2896848081516, -960.6116664930928, -960.6811264902713, -960.6811264902713, -960.6811264902713, -971.4718748765678, -977.9979788608894, -983.386287254966, -988.517390354032, -988.8698747339522, -992.0382886860029, -992.0382886860029, -992.0382886860029, -993.9926939163677, -994.2395860700859], 
[-524.8046235537124, -524.8046235537124, -568.5161774300441, -568.5161774300441, -568.5161774300441, -623.3071392270313, -669.8506630106953, -896.2305064853074, -921.74633258675, -928.6566729774977, -928.6566729774977, -932.2706112821602, -959.6997236487798, -989.1202252522598, -989.1262506620192, -989.1262506620192, -992.6386639941447, -992.6386639941447, -992.6386639941447, -992.6386639941447], 
[-112.23771943121619, -112.56573538951068, -796.974498858553, -796.974498858553, -834.991843865882, -834.991843865882, -835.0147572670833, -847.8498998204049, -853.2197275930876, -891.2227274391489, -905.7942936134193, -909.936303216615, -938.843455504549, -981.3433430505356, -981.3433430505356, -983.7894765135061, -983.8618010887303, -983.8618010887303, -985.8564103375757, -985.8567100509512], 
[185.8278631358628, 185.8278631358628, -763.5226190834135, -763.5226190834135, -850.089663083184, -850.089663083184, -851.5483637996265, -853.958566629144, -853.958566629144, -853.958566629144, -856.1096147953476, -868.0695360452514, -876.1255914644271, -876.1255914644271, -963.5694811639389, -965.1698341314178, -965.1698480235867, -965.1698480235867, -972.6445587377051, -972.6445587377051], 
[-141.5535925260789, -141.5535925260789, -142.83117684984575, -522.4567819998044, -522.4568185410226, -730.0801631466816, -730.0801631466816, -834.2311618143497, -872.7879301297222, -872.7879301297222, -884.7361606495778, -907.3741609804991, -949.0983172010483, -949.0983172010483, -949.0983172010483, -949.0983172010483, -957.3644654552712, -967.7450748077274, -974.123155459865, -974.123155459865], 
[-173.27616116894785, -287.32535054010543, -413.9290015048904, -413.9290015048904, -606.7132106373417, -654.7747899525998, -858.3421683995867, -858.3421683995867, -858.3421683995867, -859.1631229922288, -904.4690304637197, -944.0084193909985, -950.6291998857461, -950.9768715510933, -956.2784440986827, -956.2784440986827, -961.6627497113874, -961.6627497113874, -962.7636906488809, -978.8556700931488], 
[-6.4341588189943195, -6.4341588189943195, -6.435931177549719, -6.435931177549719, -6.435931177549719, -87.79049018535079, -859.0773686604607, -859.0775051257511, -859.0775051257511, -885.7552239083096, -905.7383369466376, -905.7383369466376, -905.7383369466376, -944.74369032006, -957.9737454182326, -962.4654138799569, -962.8827817049287, -969.9452812773754, -969.9452812773754, -974.0418349074143], 
[342.64324251042103, 236.2105509781627, -45.578952738862995, -161.07880809949063, -392.7019447520147, -517.981149159775, -619.2662256462277, -620.0564929738227, -627.3356252166643, -703.498919166429, -819.8248374999497, -834.6423103536606, -873.7261036366388, -873.7261036366388, -873.7326608308039, -891.5663527997523, -943.0272540821679, -943.0272540821679, -963.2415563346298, -963.2415563346298], 
[130.85727573387203, -186.22287529200355, -643.7310052012645, -643.7954819536126, -730.3934444485313, -730.3934444485313, -730.3934444485313, -730.3934444485313, -887.41444764698, -903.0959538048195, -903.0959538048195, -918.1561427494405, -918.1561427494405, -931.3994418910272, -931.3994418910272, -945.0084950381869, -951.1175132708629, -951.1175132708629, -973.0412841025612, -973.0412841025612], 
[-285.27557495974247, -285.2755759879976, -285.2755817727725, -285.94011728489886, -615.9108871543062, -642.5374909314692, -642.5374909314692, -841.6844911873877, -873.3564707397642, -889.7758627225173, -930.4420489015498, -942.1105802194701, -946.8837914618716, -947.2628913311853, -947.2628913311853, -959.3090913913296, -966.1498931271543, -969.7160248104365, -969.7166359443933, -992.4389284069481], 
[1755.2600736354216, -152.2853498810257, -152.2853498810257, -746.8733140609792, -746.8733140609792, -795.59348003545, -841.3786400546276, -865.9477369111281, -865.9477369111281, -872.104061025504, -920.2615830119086, -938.4740802197916, -952.7882116604734, -952.7882116604734, -952.7882116604734, -961.3336291363145, -966.4845958336796, -968.8656716313395, -974.7748363997179, -975.2380378791315], 
[-256.4120948149392, -561.2653728087032, -864.2757566202508, -864.2757566202508, -864.2757566202508, -878.3487327747341, -885.415199643376, -885.415199643376, -940.1632768076064, -940.9347234791782, -940.9347234791782, -940.9347234791782, -940.9912731714263, -945.1163068182758, -984.648287505288, -984.648287505288, -986.6085238261117, -986.867527493132, -986.867527493132, -989.2727348723344], 
[12.456527073847155, -336.1204797450181, -794.9114468322865, -826.5893340288784, -831.639356978893, -873.5715038948116, -873.5715038948116, -957.6428401066606, -957.6786730447692, -968.5699836655133, -968.5699836655133, -969.1782843852512, -969.1782843852512, -969.1782843852512, -971.4987406461387, -976.3703069842942, -979.9735002907111, -981.6450621763966, -987.7725279041509, -987.7725279041509], 
[-111.68374879005921, -232.8672580812015, -557.3913989869997, -557.3913989869997, -557.3913989869997, -557.3913989869997, -613.794706281047, -664.400311234538, -719.5103999372033, -906.3200225806213, -906.3200225806213, -906.3200225806213, -946.9536178945009, -946.9536178945009, -946.9536178945009, -947.0336388847232, -948.6649366184423, -962.3785239122487, -964.2918844697983, -964.2918844697983], 
[-127.56711153795288, -132.37008515916432, -424.09286323094125, -570.546191375076, -570.546191375076, -580.6201322305643, -582.6633138960046, -716.2984458147669, -716.2984458147669, -792.0545888574902, -939.2485216548719, -939.2485216548719, -964.2957384074733, -964.2957384074733, -966.912979235701, -966.912979235701, -966.912979235701, -974.5417096722997, -977.3470638482634, -977.3470638482634], 
[-238.60819735550854, -238.60819735550854, -238.60819735550854, -250.679581050151, -564.268963575028, -579.2372490165346, -819.269526722712, -819.269526722712, -923.6634718622627, -923.6635370987625, -923.6635993326814, -923.6635993326814, -924.3494276323884, -961.8633053217959, -963.9321069790453, -963.9321069790453, -963.9321069790453, -963.9321069790453, -968.3455232458927, -977.224727443152], 
[-582.5150173354923, -582.5150173354923, -843.5518723793869, -848.8628160187301, -908.6631503577534, -908.6631503577534, -935.1604525147847, -935.1611619873643, -935.5443601585167, -946.2737084176217, -946.6762700072522, -946.6762700072522, -957.0257366561084, -964.3939638369964, -964.3939638369964, -964.7248398072576, -975.2481086266931, -975.2592840716911, -977.1092069868312, -980.7100172948329], 
[-403.25979349995544, -620.8318305856315, -667.3246666067007, -704.3271574664423, -758.6492070293766, -926.3520059923964, -926.3520059923964, -955.6020196680809, -955.6020196680809, -955.6020196680809, -967.3121606517778, -967.3121606517778, -967.3121606517778, -975.7420901606546, -975.7420901606546, -989.1269517500547, -989.1269517500547, -989.1269517500547, -989.4177327520691, -989.4177327520691], 
[759.4544284900082, 759.4544284900082, -340.74680893270386, -340.74680893270386, -544.4385590339318, -544.4385590339318, -546.1759740745165, -650.2166994730354, -650.2166994730354, -683.2362126775424, -851.5176147546767, -921.658324440422, -921.658324440422, -925.8824239360376, -926.1637732869436, -954.1747658268008, -954.1747658268008, -954.1747658268008, -958.5723830446123, -958.5723830446123], 
[621.1353986950403, 312.4747269330512, -575.3759040128662, -584.8349812393537, -590.3140937937571, -591.3604238332157, -591.3604238332157, -598.7498788854292, -816.4217676873875, -911.2163419751452, -913.325720734265, -913.325720734265, -913.325720734265, -966.5526450672714, -972.8157643959526, -972.8157643959526, -972.8157643959526, -973.1875925401652, -975.232758518585, -975.2329685851358], 
[2710.157385960164, 2710.157385960164, 436.7546123595823, -52.33959861907522, -52.33959861907522, -329.49123392363697, -858.332963699397, -858.332963699397, -858.332963699397, -858.332963699397, -858.332963699397, -945.9409778103178, -953.9494735666624, -953.9494735666624, -953.9494735666624, -953.949622981995, -963.2099283558991, -963.2105031073795, -963.2105031073795, -974.8169769065036], 
[1017.085865803705, 1017.0795819780383, 762.5009491102517, 536.9620619835889, -633.9685361736636, -691.0697321185883, -836.765082861521, -852.74403055877, -908.8057586554778, -908.8057586554778, -914.0230679536836, -914.0230679536836, -919.820753484925, -937.570624624342, -966.0818692795933, -966.0819033993487, -969.9967862992208, -974.794404638746, -987.6748862375134, -989.1664913382253], 
[1092.9130279036349, 331.0464699265533, -813.1715775982797, -852.2868784594218, -909.2403833169869, -909.3524716416232, -919.1509537621606, -927.0012046617438, -927.0012046617438, -936.5717839264997, -951.5943218149743, -951.5943218149743, -951.5945733286942, -963.4415526370385, -973.6538416227692, -977.2635356419111, -981.8189370642766, -985.2976294443096, -985.3017596398074, -985.3017596398074], 
[-533.6791256482452, -848.7866296105229, -878.9933211403437, -878.9933211403437, -890.1124178902076, -988.6278452703973, -988.6278452703973, -988.6278452703973, -988.6278452703973, -988.6278452703973, -988.6278452703973, -996.5959993792395, -996.5959993792395, -996.5959993792395, -996.5963273885034, -996.6172538424452, -996.6172538424452, -996.6175827947063, -996.6175827947063, -996.6433654694549], 
[-225.2385849024448, -498.97835483952997, -717.7157695590028, -730.8778481842667, -761.4365489959804, -844.0656296677059, -958.9340248585919, -958.9369603324175, -958.9369603324175, -958.9398953237022, -959.0717282058115, -982.4225193429465, -982.4225193429465, -990.3748584664118, -990.7763777434025, -993.3520296466432, -995.0776876025419, -995.357545905364, -995.4462057528723, -998.2452605857582], 
[-29.958381952406853, -671.572410581132, -671.572410581132, -671.572410581132, -683.1122257259544, -786.5447168613556, -786.5447168613556, -882.4068627799586, -912.5307921664408, -912.5307921664408, -917.2049450224173, -958.4929680229262, -958.4929680229262, -958.4929680229262, -985.2818429138723, -985.2818429138723, -987.7089261058409, -988.4464137240673, -988.4464137240673, -989.1004726282872], 
[1869.687222228933, 33.25337381287136, -484.4568985833498, -930.6833374616057, -930.6833374616057, -930.6833374624724, -930.6839178589686, -930.6839178589686, -930.6839178589686, -930.6839178598354, -930.6840761894744, -932.8566459093634, -938.5569008074463, -949.137017193397, -949.137017193397, -950.2861929317179, -958.612159768824, -959.141114666946, -959.7316881935748, -989.6684413656541], 
[-295.7957296610381, -295.7957296610381, -690.9976973351015, -744.9727994591686, -799.783255011769, -799.783255011769, -917.6781440311397, -917.6782261436537, -935.3545228871552, -935.3545228871552, -943.2060692178619, -949.0603592446913, -955.4390487200262, -967.2174026625829, -975.1090360192484, -988.3223004689111, -988.3223004689111, -988.3223004689111, -988.3223004689111, -988.8459352718949], 
