[417.2440238828308, -377.14838424290906, -539.9479732091097, -836.0432979296288, -838.0304523597667, -838.1996623536095, -924.5496801917493, -925.7980464757695, -938.8128719953428, -938.8128719953428, -938.970994419851, -945.7111481163993, -947.5528128810438, -966.690755055851, -966.690755055851, -972.5148943301223, -982.3818706802824, -986.0126080200466, -988.8148421947683, -989.4397135060578], 
[472.35443990926115, 472.35443990926115, -520.0754270122744, -688.7697153012017, -688.7718568226605, -688.7718568226605, -692.171312327617, -847.5786627668099, -847.5786627668099, -847.5786627668099, -847.5786627668099, -847.5786627668099, -894.9710371685671, -927.5587186846832, -927.5587186846832, -927.5587186846832, -948.1628634184265, -956.9161283318819, -962.1722002202108, -971.3687491578211], 
[-342.4500524280967, -342.4500524280967, -592.9265820969104, -847.9059325800067, -847.9059325800067, -847.9059325800067, -847.9059325800067, -948.1318069615985, -948.134366796279, -949.5700152170224, -949.5700152170224, -949.5700152170224, -949.5700152170224, -956.3966350033643, -959.2939045966368, -959.2939045966368, -959.4301768642911, -960.3376388910899, -967.943972596921, -979.2056475748609], 
[-10.283886050688011, -732.534922407325, -732.534922407325, -732.8355960256149, -732.8355960256149, -893.436026275838, -893.436026275838, -941.4060530232322, -944.088254288668, -944.088254288668, -946.5657011782379, -962.2964076102429, -964.257822255586, -964.257822255586, -981.6567488140679, -981.6567488140679, -981.6567488140679, -981.856882510541, -981.9042429882253, -991.4490789850016], 
[336.38479625214904, 275.8238958820791, -371.77608089303055, -503.971870520416, -504.76412569453305, -620.6874755505696, -763.2053786739694, -763.2053786739694, -823.1203031959122, -823.1203031959122, -826.3082270266618, -893.9706648981213, -893.9706648981213, -939.4253106532119, -939.4253106532119, -946.7855105753131, -950.2937904729641, -952.1900351302932, -952.1900351302932, -963.9069061145435], 
[-415.21621380610145, -682.3017530175928, -682.3017530175928, -854.7936309177619, -854.7936309177619, -864.698943166213, -864.698943166213, -864.698943166213, -891.6623629820233, -921.2099163991359, -921.2099163991359, -924.1232606079437, -958.39017946054, -958.39017946054, -971.3090000344486, -971.3090000344486, -971.3090000344486, -971.3090000344486, -971.3090000344486, -971.688942223759], 
[98.61333879101699, 98.61333879101699, 98.61333879101699, 98.61333879101699, 40.6147023047597, -406.28813696906843, -406.28813696906843, -406.28813696906843, -477.42709547685024, -798.8338321847904, -799.1497588139574, -868.987658723552, -909.7466081039187, -920.9788914090695, -924.4138510105985, -924.4138510105985, -952.1705788028954, -952.1705788028954, -952.1868627747858, -969.0437577337086], 
[-329.8715576144077, -356.66425708035354, -356.66425708035354, -356.66425708035354, -633.8346560280135, -871.7488372866809, -903.4930674952808, -932.3765671000306, -932.3765671000306, -932.3765671000306, -941.1181009118645, -941.1181009118645, -941.1181009118645, -953.7088514951287, -957.6978331853999, -969.3176736647156, -969.3583929710702, -969.3583929710702, -989.5904442496659, -989.8969343093446], 
[260.07916372370164, 243.87092519810767, 28.126422849771416, -156.92682139765589, -156.92682139765589, -156.92682139765589, -156.92682139765589, -690.7147908133579, -690.7147908133579, -700.1741618351599, -870.9954885571693, -892.4909787548991, -896.4384452687685, -912.5723143055586, -925.2072922619949, -936.5383963018703, -962.3421896165352, -962.3421896165352, -971.8888114701814, -971.8888114701814], 
[-724.7045182104475, -725.453931401737, -950.8072842266334, -950.8072842266334, -950.8078091724483, -950.8078091724483, -961.0975270161282, -961.0975270161282, -961.0975270161282, -961.0980665940751, -968.1944089113955, -968.1944089113955, -969.5663330821712, -972.5452768098019, -977.3920898147089, -982.0487533521366, -982.0487533521366, -982.179878336415, -990.6701579447563, -990.9670971180806], 
[319.58775913054683, 319.58775913054683, -768.8489184260878, -799.1354865494011, -799.1354865494011, -874.6088562398356, -874.6117956068695, -874.6117956068695, -907.3113421300279, -907.3113421300279, -907.3113421300279, -918.5790714225127, -955.7491467557643, -955.98089219506, -955.98089219506, -956.1178459406398, -956.1240563927714, -960.1693478811276, -972.4815679818435, -982.5840192210766], 
[261.85734944386104, -323.08454421810484, -323.08454421810484, -633.7958712210896, -833.9825464719166, -863.3958254427248, -863.3958254427248, -863.3958254427248, -932.497321218644, -983.2782021749771, -983.2782021749771, -983.2782021749771, -983.2782021749771, -983.2782021749771, -983.2782021749771, -983.2782021749771, -993.6432003044421, -993.6432003044421, -993.6432003044421, -993.6432003044421], 
[-29.22768275902183, -757.5865217577725, -903.8340218175778, -903.8393947838671, -903.8393947838671, -903.8393947838671, -903.8393947838671, -903.8393947838671, -972.424815657239, -972.424815657239, -973.4394441408045, -973.4394441408045, -975.7460585391974, -983.9283883329166, -983.9283883329166, -984.4228131323493, -986.0535078973952, -986.8088520880377, -990.3191133419506, -992.0333768302698], 
[-38.60163885101963, -38.60163885101963, -239.0520983092607, -239.0520983092607, -505.3233579461057, -637.5583760573186, -741.2593218003178, -741.2593218003178, -741.2593218003178, -954.1679043901122, -954.1679043901122, -954.1694039458012, -963.6422762641068, -977.5339618783672, -977.5341497186682, -977.5341497186682, -980.893589687574, -987.9493866840738, -987.9493866840738, -994.9908848632517], 
[2741.7825879654065, 183.64388957528195, -129.59475039273661, -830.2373758406533, -916.1229802992735, -916.1229802992735, -916.1253287275825, -930.9302100486323, -932.3656583123984, -957.0357232577464, -957.0357232577464, -957.0357232577464, -957.0358193208513, -957.0429410868318, -969.4596113952, -969.4596113952, -971.4527799902979, -986.6299359768601, -986.6299359768601, -986.6299359768601], 
[-777.9587436064458, -777.9587436064458, -812.1223854430739, -812.1223854430739, -842.4137810972663, -853.5516848255356, -853.5516848255356, -891.9602490870049, -891.9602490870049, -891.9602490870049, -891.9602490870049, -900.3350398107124, -918.6787836962834, -934.5051032201904, -934.5051032201904, -936.1834560895693, -957.0523202859684, -987.1306763720922, -987.1306763720922, -987.1306763720922], 
[-387.0580042417, -834.6988430227394, -834.6988430227394, -834.6988430227394, -835.4051561289787, -878.2772755614442, -908.4503897317325, -956.6436272919428, -956.6436272919428, -980.6149426581526, -980.6398645879775, -992.042909775576, -992.042909775576, -992.5616495576542, -992.5616495576542, -992.5616495576542, -992.5616495576542, -992.5616495576542, -992.5616495576542, -993.8572069565345], 
[-406.13012188305015, -517.8779493966342, -522.4242013886159, -568.5042517518505, -569.8161874565275, -754.333934895799, -796.1990906828853, -859.5990019536085, -892.9048102860177, -892.9048102860177, -913.6765889118462, -920.4899219101027, -920.4899219101027, -979.1337154763277, -979.3737916606202, -981.1004871413433, -986.5265462168379, -990.2821005700838, -994.1132518713557, -995.0378369084511], 
[630.7476961575353, -181.66584787097486, -181.66584787097486, -297.65918880941285, -377.982310681629, -548.6584207561773, -722.0993464578062, -722.0993464578062, -809.2513875198593, -895.2682121401358, -904.209601237504, -939.8209343489239, -964.520854256371, -964.520854256371, -964.5210984609508, -980.7504562382613, -980.7504562382613, -980.7504562382613, -980.7504562382613, -988.6405071435296], 
[1387.3443278105306, -633.2067142121895, -633.2067142121895, -802.1961185020525, -802.1961185020525, -802.1961185020525, -854.2977252032972, -854.2977252032972, -858.9067924273298, -875.2749382546436, -883.4975720909897, -940.2608626737568, -940.2608626737568, -967.1476214426532, -967.1476214426532, -967.1476214426532, -967.1476214426532, -970.0379600627309, -971.0755300108166, -971.0755300108166], 
[-7.174307184823533, -128.27967342134514, -128.27967342134514, -382.8508409990261, -541.7261516759552, -633.890311907438, -648.3501293257888, -679.6147494093852, -913.0087534383638, -913.00875940696, -932.0115191936542, -932.0115191936542, -963.1991336914897, -963.1991336914897, -970.3800912435089, -970.3800912435089, -970.3800912435089, -974.0471836619826, -974.0471836619826, -977.6974319004668], 
[-353.72239583635326, -719.7069865662183, -910.9539696930947, -910.9539696930947, -912.5104996773687, -912.5104996773687, -952.9580046515123, -952.9581702291399, -954.6878110941055, -986.636420365218, -986.636420365218, -986.6688836923355, -986.6688836923355, -986.6689187982823, -987.9070355525166, -987.9070355525166, -988.6879276268933, -990.6271133653321, -990.6271133653321, -990.6273760443582], 
[-354.8533563175031, -354.8533563175031, -354.8533563175031, -385.0124946824791, -385.0124946824791, -385.0124946824791, -776.6001419665579, -776.6001419665579, -880.4763436086685, -880.4763436086685, -925.4565385302284, -925.4565385302284, -925.4565385302284, -944.1893398893036, -959.480767484673, -959.480767484673, -961.2163318396257, -985.0156510666149, -986.6680277138151, -986.6680277138151], 
[1795.326106514235, 111.48775653542612, -420.27865299920904, -420.2840199967969, -425.7503407346069, -650.9072015194254, -898.2334924137953, -908.426490312111, -908.426490312111, -908.426490312111, -909.5338453800363, -918.9081394684343, -931.5404909748233, -954.9366745508157, -960.8678685486608, -960.8678685486608, -966.1651222839427, -973.9921576384261, -984.20824294413, -984.20824294413], 
[1137.1196259167473, 903.4834132460137, 903.4834132460137, 126.52384567022727, -22.970538074939554, -727.0198111230213, -841.1194724327709, -854.2201973039423, -926.0299680371021, -935.0676258947956, -935.0676258947956, -935.0676258947956, -939.5333082132094, -941.9131875074407, -945.9788489791304, -951.4024462766454, -970.435360398856, -970.435360398856, -970.4356620048289, -976.8743882113394], 
[190.6466783245885, -306.66259457800936, -724.8447656662606, -724.8447656662606, -724.8447656662606, -724.8455890502767, -724.8455890502767, -775.1604260062572, -900.6273842879091, -924.3516172492683, -929.9432899583344, -951.681161561482, -951.7495489243462, -951.7495489243462, -953.9502458122136, -957.8289703583315, -970.1702013783693, -970.1702013783693, -978.0581836851817, -978.0581836851817], 
[-266.5988788142148, -512.265418521466, -512.265418521466, -885.6711813931023, -885.6711813931023, -885.6711813931023, -885.6711813931023, -937.2438271217482, -968.5260511033767, -968.5260511033767, -968.5260511033767, -968.5260511033767, -968.5260511033767, -971.9431491936223, -979.7977162668674, -987.7744582272563, -988.5731662274412, -988.5731662274412, -988.6941233971597, -991.200438346917], 
[-340.66052438139616, -340.66052438139616, -496.3855865232101, -691.8590502631872, -692.2169782527003, -878.778886870752, -882.9306884379959, -882.9306884379959, -947.5119503683834, -947.5119503683834, -973.2338028574529, -973.2338178381523, -973.2338178381523, -988.211947841674, -988.2119478416744, -989.4820821171354, -989.4820821171354, -994.5000598968037, -995.1407217275093, -995.1407217275093], 
[-171.82320324149885, -171.82320324149885, -630.460494797363, -630.6792652966673, -630.6792652966673, -669.8542036771852, -813.3026460943184, -974.6563008531505, -974.6563008531505, -974.6563008531505, -974.6563008531505, -974.6563008531505, -974.9454214864338, -974.9454214864338, -974.9454214864338, -992.0493770431349, -992.0493770431349, -995.3663805765106, -995.3663805765106, -995.3663805765106], 
[593.5948066733592, 491.1322701060715, 490.9974780375319, 350.86098407343775, -518.8768168881631, -750.0011069584489, -750.0011069584489, -907.4484534509874, -907.4484534509874, -934.5594758323074, -943.6984530350247, -943.6984530350247, -943.6984530350247, -945.7219090589708, -950.997719328888, -958.4052168421448, -960.134193324479, -961.1602729498504, -964.094460996786, -980.481183967364], 
