[-271.2251742797448, -271.2251742797448, -271.2251742797448, -446.57677660838067, -446.57677660838067, -831.5040111020255, -831.5040111020255, -889.8532037262253, -889.8532037262253, -942.2837750308959, -944.44615143179, -944.44615143179, -954.5029153196332, -970.3778465285105, -970.3778465285105, -970.3778908746337, -983.2464071641114, -983.2578221271431, -983.2578221271431, -996.67168044257], 
[-36.57886808722458, -648.2155995010521, -708.8006230883145, -708.8006230883145, -724.2003686400935, -760.3421760597579, -957.1097545608168, -957.1224761882058, -957.1224761882058, -963.2629363809267, -963.2629363809267, -963.2629363809267, -963.9574377936912, -963.9574377936912, -968.4591974685912, -976.3611688895817, -976.3611688895817, -979.6506487286838, -984.8734480750671, -988.3938367669892], 
[-187.3810041566528, -336.73786719221096, -603.8812551870587, -603.8812551870587, -671.3971381560366, -873.2858629429448, -873.2858629429448, -873.2858629429448, -875.7235196654943, -912.2655084785968, -914.9646646350262, -942.3175329586114, -944.5803379217186, -984.5641896207314, -984.5641896207314, -986.426238746433, -986.426238746433, -986.426238746433, -989.7099462402596, -989.7099462402596], 
[433.06678774348757, -223.76999527062412, -745.2309308645096, -745.2309308645096, -745.4025180492515, -745.4025180492515, -768.0650322892128, -768.0650322892128, -768.0650322892128, -871.5999386121271, -871.5999386121271, -873.5208045428325, -900.3446753821747, -900.3446753821747, -988.3607242600848, -988.3607242600848, -988.3607242600848, -988.3607242600848, -993.0851006487576, -993.0851006487576], 
[802.5020116189446, -840.0146988644098, -840.0146988644098, -840.0146988644098, -840.0146988644098, -848.935658263991, -921.2897551945791, -921.2897551945791, -921.4383211176735, -970.2372698433527, -970.2372698433527, -970.2372698433527, -977.64896334373, -981.1940495635359, -989.1759847378095, -990.0697983870149, -990.0697983870149, -990.0700167050867, -990.2013885412732, -992.0783973940927], 
[-450.51888122157004, -470.3724000847601, -476.17041066986076, -818.4651737990271, -818.4651737990271, -818.4651737990271, -924.3116864357103, -968.8137640944445, -968.8137640944445, -972.6474198150352, -972.6474198150352, -972.7473772295502, -978.2168967300387, -978.2168967300387, -986.2328950624994, -987.7933188652183, -993.6152504036835, -997.155909038045, -997.155909038045, -997.1559091413998], 
[1088.061707753685, -618.5966311317452, -618.6340033411489, -767.3121736409798, -841.6774685917503, -841.6774685917503, -841.6774685917503, -857.6386288586261, -857.6386288586261, -901.4272070063024, -901.4272070063024, -910.6529224484494, -985.5676561466387, -985.5676561466387, -986.1929699226872, -986.1929699226872, -988.8842440103717, -988.8842440103717, -989.7739846126249, -989.7739846126249], 
[253.20846064416037, 253.20846064416037, 253.1739819049301, -248.89003231464744, -248.89003231464744, -791.1545727724952, -791.1545727724952, -850.0458186572253, -851.0797038908256, -888.0450360099563, -900.8667939480675, -933.2454394020057, -958.74475317598, -966.8700295498113, -966.8700295498113, -966.8700295498113, -979.2385395325964, -980.274823511817, -980.274823511817, -986.2690014074288], 
[-440.4933558885291, -442.13568450121545, -615.4326409492728, -689.2927103951788, -699.4716033964941, -699.4716033964941, -908.4814894214087, -908.4814894214087, -929.7135816095714, -929.7135816095714, -950.2785392101275, -982.7914759043109, -982.7914759043109, -984.453321966555, -984.453321966555, -984.453321966555, -986.1034225822168, -990.297275050815, -990.297275050815, -990.297275050815], 
[-521.3749987531673, -786.8372615826046, -786.8372615826046, -787.9587280279861, -928.9406532742256, -936.3723905708284, -940.409825004367, -940.409825004367, -943.7113587628324, -943.7113587628324, -947.8192375806506, -952.6779200610972, -960.5469304785784, -964.6472796896221, -966.9857773479971, -983.5479262923798, -983.5479262923798, -985.0286994713445, -985.0286994713445, -985.0303472969642], 
[885.451490956772, -273.12762664309287, -273.1293080170418, -315.6291366011004, -471.987345836886, -570.41944723959, -574.0927025065632, -713.9327885974209, -825.843068338988, -826.1440086433929, -826.1440086433929, -934.0146197678696, -934.0146197678696, -986.1402827755603, -986.1402827755603, -992.3986477976895, -992.3988064270677, -992.3988064270677, -992.3988064270677, -992.3988064270677], 
[-396.4565328708019, -396.4565328708019, -595.1967714557466, -725.501309853504, -725.5014452523733, -757.4264603757412, -842.7993580682104, -871.6527279925673, -871.6527380429261, -874.7712980286068, -884.8031724033782, -889.4490413883236, -967.7483339673084, -967.7483339673084, -980.8745279330369, -980.8745279330369, -987.9782169418595, -989.5172270339748, -995.3383356819342, -997.0441453078353], 
[248.4676705073066, 247.44986207993134, -784.7178264462084, -784.7178264462084, -784.7178264462084, -900.9220262501657, -938.525209150757, -938.525209150757, -948.2197258277778, -948.2218085960499, -948.2218085960499, -960.5618453950304, -966.9079348193114, -966.9079348193114, -979.7377996696026, -985.2406124732764, -993.4568212487388, -993.6398504684166, -993.7772336261384, -993.7772336261384], 
[264.3369875981873, 155.7397478672765, -61.761601512954144, -844.6515934337898, -900.697270248856, -900.697270248856, -900.697270248856, -982.4132342867929, -982.4132342867929, -982.4132342867929, -982.4132342867929, -982.4132342867929, -982.4132342867929, -982.4132342867929, -982.4132342867929, -986.246459499186, -991.030915241711, -991.8323850298408, -994.1002662119286, -995.9225209546339], 
[606.0564321522018, -613.8367368408682, -613.8367368408682, -613.8367368408682, -613.8367368408682, -660.0251383191178, -766.372510637857, -783.128463821365, -783.128463821365, -925.8038955729933, -950.1671349508819, -950.1671349508819, -959.3031492346088, -959.3031492346088, -959.3036376326154, -981.885866531482, -982.0620059805337, -985.0196580550438, -985.0196580550438, -985.0196580550438], 
[-794.6486079010534, -794.6486084432313, -817.2591940262525, -817.2591940262525, -949.1225922434115, -949.1241186998932, -949.1241186998932, -949.1241186998932, -949.1241186998932, -952.034474911288, -952.098633349624, -952.098633349624, -972.413060434653, -972.413060434653, -975.7976252952283, -975.7976252952283, -980.9559922699877, -980.9559922699877, -980.9759201208932, -984.3000772004976], 
[-873.17608818555, -873.17608818555, -873.1760970008866, -926.7777404810224, -926.7777404810224, -926.7777404810224, -927.1452315692245, -927.1452315692245, -927.1452315692245, -927.1509621447641, -928.9089714184606, -941.5378127484905, -960.6171977944778, -960.6171977944778, -976.0194939352114, -976.7088896256217, -990.0768419621457, -990.0768419621457, -993.75053111468, -993.75053111468], 
[-392.6171328491431, -392.6171328491431, -791.0122986416313, -791.0122986416313, -791.0122986416313, -883.9673066602423, -891.6550648393091, -904.8128072556027, -916.7631554422004, -928.2846390894931, -928.2846390894931, -942.908701051851, -972.5596445252195, -980.5798954528312, -980.5798954528312, -980.5798954528312, -980.9606926791255, -980.9606926791255, -983.0329350255898, -993.2577969979919], 
[-105.49538499928565, -105.49538499928565, -105.49538499928565, -749.5435685005118, -771.716421752764, -861.3405932772391, -861.343032281173, -892.8999552608416, -908.2261917321215, -942.8801761937262, -942.8801761937262, -942.8801761937262, -982.2670650969729, -982.2670650969729, -982.2670650969729, -982.2670650969729, -989.0701360524986, -990.2361001495003, -993.682572214801, -993.682572214801], 
[-161.0351842493568, -161.0351842493568, -641.6445005462675, -700.331921280819, -891.2859351169247, -891.2859351169247, -946.3052421434523, -963.4150249106546, -963.4156473747514, -980.6114615785601, -980.6114615785601, -980.6114615785601, -980.6114615785601, -982.4210564332016, -982.4210564332016, -982.4210564332016, -988.6364022153496, -988.6364022153496, -989.012052799969, -989.012052799969], 
[-463.0222306718341, -587.8960954804132, -587.8960954804132, -887.5776071575781, -887.5776071575781, -887.5790286622762, -912.4884629211517, -944.4673596608516, -944.4673596608516, -954.3227378055518, -964.2524865728313, -964.4305554548527, -985.4513015273355, -985.4513015273355, -986.5424931932862, -986.5424931932862, -986.5424931932862, -987.892610341601, -987.892610341601, -987.950500448857], 
[928.3224238096448, 813.7611198975385, 795.8952597781251, -358.05846501374526, -633.3195742384876, -801.0979342608128, -813.7858563823186, -813.7858563823186, -927.3107762394451, -927.3107762394451, -927.3107762394451, -941.8924710727558, -965.1641738164684, -965.1641738164684, -985.0960028417516, -985.0960028417516, -985.1146617384594, -985.1146617384594, -993.1134465826665, -993.1134465826665], 
[-396.08958658817573, -401.0917450481485, -401.0917450481485, -759.1679666849309, -759.1679666849309, -774.6469365285083, -876.6009454525404, -948.6148796928159, -948.6148796928159, -948.6148796928159, -949.2964705154478, -949.3372395809772, -980.1753658503767, -985.2713626170358, -985.2722633658881, -988.0088232212179, -991.758136051169, -991.758136051169, -992.8321653639662, -995.252476295774], 
[82.5363043917157, -147.70168318840513, -147.70168318840513, -147.70168318840513, -264.5959122477111, -540.5321839191545, -540.5321839191545, -668.0238470750991, -693.6377517915012, -742.3598459751634, -821.2299599174789, -821.2299599174789, -857.6383913026024, -874.9139012461327, -918.3299067708003, -931.0537631566295, -958.3272155781204, -963.8903526996298, -963.8903526996298, -969.0351551733555], 
[-15.17355331846909, -15.17355331846909, -15.17355331846909, -561.9249604010208, -681.951332572685, -681.9545154025288, -683.8331108033296, -885.9789461925911, -894.7000731028348, -894.7000731028348, -895.3493510283735, -922.1365658707762, -948.9582108216496, -948.9582108216496, -967.1991056563179, -967.1991056563179, -970.6793348212799, -970.6793348212799, -982.6394542446017, -983.0748195504648], 
[-343.01228599139404, -343.01228599139404, -420.8953900026885, -534.5688245823033, -542.3010619654583, -827.662941376766, -959.0010546668954, -959.0010546668954, -959.0010546668954, -959.0010546668954, -971.6071138608178, -986.5804072710004, -986.5804072710004, -986.5804072710004, -986.5804072710004, -986.5804072710004, -986.5804072710004, -989.1758638068359, -989.1758638068359, -990.2667047845299], 
[-831.855165574904, -831.855165574904, -831.855165574904, -831.8645728278349, -831.867021271597, -831.867021271597, -935.8315672825553, -957.0024910848695, -957.701029445556, -979.9085204953942, -979.9085204953942, -979.9085204953942, -979.9085204953942, -979.9085204953942, -981.9246612480139, -981.9246612480139, -986.2603234926858, -986.2603234926858, -986.2603234926858, -986.2603234926858], 
[283.1048004837471, -588.1148448554519, -706.4082424858549, -706.4082424858549, -759.4513142018956, -952.5235555201655, -952.5235555201655, -956.2479174209453, -956.2479174209453, -956.2479174209453, -956.2479174209453, -956.3228608054261, -975.0521486278918, -975.0521486278918, -977.4990241935612, -982.5740676085695, -988.6449204783996, -991.7003837421797, -991.8777489619564, -991.8777489619564], 
[-246.9769632326902, -246.9769632326902, -869.2993960370922, -869.2993960370922, -869.2993960370922, -869.2993960370922, -869.2993960370922, -897.8402930530212, -897.8402930530212, -897.8402930530212, -944.1086095054008, -951.4313336013448, -951.4313336013448, -968.7128357277567, -977.2591309303823, -978.8821550548467, -981.5505582248226, -982.6129440436529, -982.6129440436529, -983.6143290822516], 
[-331.52849729422314, -331.52849729422314, -331.52849729422314, -484.6660174844535, -515.5660135586666, -711.4095021218138, -711.4095021218138, -711.4095021218138, -887.4388400507769, -887.4388400507769, -887.4388400507769, -887.4388400507769, -887.4389857355682, -921.165152149768, -963.7549502145565, -974.0925595351841, -974.0925595351841, -988.1738804413357, -988.1738804413357, -988.1738804413357], 
