[-238.19938972607622, -329.670731075723, -696.5131695528465, -696.5131695528465, -850.2945746553116, -850.2945746553116, -974.8097600309641, -974.8097600309641, -974.8097600309641, -975.9892186660095, -984.0328792506452, -987.8274716858409, -987.8274716858409, -989.4831341710552, -990.6849695212319, -990.6849695212319, -995.9906570737694, -996.2523706730973, -996.8002550431862, -997.9742160340494], 
[100.67789025304774, -784.9131943492961, -784.9131943492961, -784.9131943492961, -785.0156925995727, -785.0156925995727, -927.5389569618752, -927.5389569618752, -927.5389569618752, -927.5389569618752, -928.9706544323352, -947.7326958226057, -947.7326958226057, -947.8474554627275, -950.2577514982818, -975.020595018842, -975.8806201352892, -986.5671197319715, -986.5671197319715, -987.9071662425664], 
[-411.83355669135585, -418.6738918147232, -420.67444483937254, -844.2585800594065, -888.597445006438, -888.6945352780267, -888.8337219260279, -890.0425798564597, -938.416688151484, -938.416688151484, -939.2372804011433, -942.5257973504519, -942.5257973504519, -942.5257973504519, -942.5257973504519, -985.5088949700342, -985.5088949700342, -985.5088949700342, -985.5088949700342, -985.5088949700342], 
[115.53755351399877, -442.9800008124755, -442.9800008124755, -476.92701518065667, -576.4804863151235, -576.4804863151235, -703.8197696895318, -703.8197696895318, -811.0075822983754, -869.2638626098335, -869.2638626098335, -901.0756495408539, -901.0756495408539, -911.7252869343891, -951.0685544081231, -951.0685544081231, -951.0685544081231, -957.9016910778402, -957.9016910778402, -957.906098929164], 
[-786.7562461302313, -786.7562461302313, -786.7562461302313, -860.9002219792625, -860.9002219792625, -904.4599621885527, -904.4599621885527, -904.4599621885527, -909.7959666186745, -909.7959666186745, -928.5315750472496, -952.2970743884032, -962.5823534729817, -970.1368630121623, -970.1368630121623, -970.1368630121623, -970.9942643701518, -971.6781013580774, -986.6431578419293, -986.6431578419293], 
[73.55499782217271, 73.55499782217271, -208.7233536215092, -384.6435722673234, -686.406631808019, -691.439728257501, -811.1640474643898, -943.1453070609086, -961.0443933848024, -961.0443933848024, -961.0443933848024, -972.5099895790804, -972.5099895790804, -972.5099895790804, -972.5280805397246, -979.9529552101656, -979.9529552101656, -984.8576622908372, -991.7042696921629, -991.7042696921629], 
[-171.02713887154857, -530.2145351739146, -530.2145351739146, -629.9702924531628, -653.6687099320267, -767.7968072418873, -802.4959946802853, -915.0772152770138, -915.0772152770138, -950.2729525205064, -958.1445011204328, -958.6033726511517, -958.6033726511517, -958.6033726511517, -958.6033726511517, -963.9475162574454, -981.7546436890648, -981.7546436890648, -983.8552809190609, -983.8553721515214], 
[-320.0637819892871, -691.4138874285707, -691.4138874285707, -691.4138874285707, -691.4138874285707, -693.0767279582088, -853.6911047659725, -853.6911047659725, -853.6911047659725, -884.2404041216321, -921.3737130088812, -948.991961863576, -984.68681222032, -984.68681222032, -984.68681222032, -984.68681222032, -988.097659636473, -988.097659636473, -990.289380895505, -990.289380895505], 
[-711.2757615611937, -711.2757615611937, -751.6706665019192, -751.6706665019192, -843.4670659673382, -846.0890420253558, -846.0890420253558, -846.0891016310936, -846.1653642269841, -856.6884524337222, -861.7833306132511, -938.1211966539609, -954.0564055887302, -954.2682834097225, -954.2682834097225, -957.0864776006406, -957.0864776006406, -957.9277946179915, -967.8616106091358, -970.2698037266554], 
[35.80785057656681, -403.03592318153574, -792.4418655391754, -821.0419448476243, -821.0480279687349, -825.4090793947923, -851.0861664667393, -864.6999131414234, -922.2757083691373, -922.2757083691373, -937.5611816867256, -975.47919151148, -975.4796116675423, -975.4912731227666, -975.4912731227666, -975.4912768179668, -975.4912768179668, -977.6106239737204, -977.6106239737204, -984.3406174951365], 
[817.9477332590113, -364.1492739198227, -364.1492739198227, -364.1492739198227, -837.1901190552098, -837.1901897350904, -837.1901897350904, -877.624803244706, -892.364048098526, -903.2756971333112, -907.5440223680343, -913.7083553569702, -935.4924664326384, -935.4924664326384, -935.4924664326384, -935.4924664326384, -935.6157398654102, -950.8013189014425, -962.86103640081, -962.86103640081], 
[-662.3578119932238, -773.2122458002673, -773.2122458002673, -831.2301703485629, -831.2301703485629, -834.7126438258523, -834.7126438258523, -862.4262125166259, -933.6860700229488, -935.6902973318113, -935.6905230519857, -936.3094515914228, -936.3094515914228, -942.390995206896, -946.0967191362688, -955.4133429995072, -968.4517944827123, -981.1822511287538, -981.1822511287538, -983.0818945305275], 
[-222.41146449037137, -222.41146449037137, -395.7216233914753, -568.1512644005008, -862.1189154810168, -862.1189154810168, -862.1189154810168, -863.7146000580742, -926.0378908820305, -926.0378908820305, -926.0378908820305, -926.0378908820305, -926.0383842854811, -926.0383842854811, -963.7008450350918, -966.1374736487938, -973.2335433544062, -981.285735691243, -986.5119912498058, -986.5119912498058], 
[-99.82918105514148, -535.0437682567564, -868.1406732228716, -925.1896849601237, -925.1896849601237, -925.1955717869627, -969.807929182388, -969.8099666807234, -969.8099666807234, -969.8099666807234, -969.8103474557136, -974.7287229449929, -975.7191121701413, -975.7191121701413, -976.8895777316782, -976.9024092018277, -983.9757551556754, -983.9757551556754, -983.9856734002234, -983.9856734002234], 
[-754.0750969170101, -754.0750969170101, -754.0750969170101, -903.6843165018778, -903.6843165018778, -903.6843165018778, -953.2915198086397, -953.2915198086397, -969.7731468868045, -969.7731468868045, -970.2739605799428, -971.4499933934183, -977.0672568871681, -977.8010914793255, -977.8010914793255, -977.8010914793255, -979.9312091770565, -983.4078219717354, -983.4078219717354, -983.4078219717354], 
[-353.436358054327, -923.7117472008815, -923.7156441584597, -923.7156441584597, -923.7195398863962, -954.7668335385399, -954.7668335385399, -962.1031713827057, -962.1031713827057, -962.1484830164404, -970.7013709217938, -971.3661359561409, -975.408285624824, -975.408285624824, -975.408285624824, -981.1977245697478, -983.8418618551037, -985.8495619925253, -985.8496464563801, -990.0505840802446], 
[-707.5142931827703, -709.0426802599544, -709.0426802599544, -733.2509016807204, -840.6176568502685, -982.1603824587679, -982.1603824587679, -982.1603824587679, -982.1603824587679, -982.1689804339162, -982.1689804339162, -982.1689804339162, -982.7891030199576, -982.7891030199576, -984.9766332029683, -992.3734969959885, -992.3734969959885, -992.3734969959885, -992.4334582406485, -995.246928316408], 
[-583.1406733994902, -583.1406733994902, -583.1406733994902, -683.4547026377043, -833.9435346479551, -833.9435346479551, -834.0908617132474, -834.2248214498247, -840.7073597179092, -852.9196620833958, -870.9252436644816, -870.9252436644816, -940.7098147328396, -950.550866907917, -950.550866907917, -956.0092435216326, -978.5129688446021, -988.8889174502552, -988.8889174502552, -988.8889174502552], 
[762.6533048628814, -17.47548302047494, -388.821504364397, -891.1959413349869, -891.1959413350347, -891.1959413350347, -891.8804090120118, -897.9932995282843, -903.9082482370247, -903.9082482370247, -935.0031071157629, -935.0031071157629, -956.8427064653828, -956.8427064653828, -982.5159692931088, -982.5159692931088, -982.522355943106, -986.0297863544422, -986.910022001674, -986.910022001674], 
[-161.30812702513572, -161.30812702513572, -161.30812702513572, -252.4541958567945, -368.6660455092989, -894.4293821665909, -894.6234586153593, -907.9695634939307, -907.9695634939307, -916.1943802904499, -916.8543104773013, -917.3704357584412, -938.2296208344382, -954.1034673015553, -954.1034673015553, -954.1034673015553, -958.8506750751179, -989.2095104302069, -990.1340849965999, -990.1340849965999], 
[788.8255736738749, -36.00140194506969, -36.00140194506969, -294.4883827451814, -779.8587738927924, -779.8587738927924, -813.1717835047069, -813.1717835047069, -813.1717835047069, -813.1717835047069, -813.1717835047069, -833.9795239422905, -867.3965166272485, -867.3965166272485, -918.5624668312134, -924.439327154884, -924.439327154884, -949.9128332974063, -975.3076624930202, -975.3076624930202], 
[-456.58565990239697, -456.58565990239697, -456.58565990239697, -836.0753638876367, -836.2704283130628, -837.3684423635781, -882.2773375268996, -945.5670779146785, -945.5670779146785, -949.4720497693794, -959.4762337948212, -960.3936206427178, -960.3936206427178, -963.2328206303007, -964.857137964166, -979.3592237548423, -979.3592237548423, -979.3592237548423, -979.4730067557364, -983.4279735620112], 
[-458.59708198880514, -458.59708198880514, -458.59708198880514, -570.6049747175823, -570.6049747175823, -629.7976648199201, -720.9337693040602, -720.9337693040602, -724.4206088765013, -724.6903628607162, -769.3667219329293, -792.1051766950477, -916.7192119440263, -965.0714258923243, -968.8525616129812, -968.8525616129812, -968.8887793734316, -976.2478533039739, -985.0442415340618, -985.0442415340618], 
[1047.5743863261675, 374.73058373997037, 45.78711708461856, 45.78711708461856, -307.4813626163244, -357.58642658656845, -654.3302670739663, -654.3302670739663, -888.9425700398941, -888.9425700398941, -889.6197166715989, -936.4430795081314, -936.4430795081314, -936.4512452530734, -956.2622272220777, -956.2622272220777, -956.2622272220777, -963.8655614034, -965.3944677137478, -969.695646923928], 
[-286.98156369901085, -759.7092521189519, -759.7092521189519, -759.7092521189519, -760.5452109048493, -760.5452109048493, -851.4515598073264, -914.2253190560964, -977.4625102221626, -977.462579851903, -977.4626278348908, -977.4626278348908, -977.4626278348908, -977.5084280052665, -978.0695703150619, -978.2438049088879, -979.4148147450562, -981.7317070924336, -985.9623596594048, -985.962399096978], 
[-790.992380961386, -790.992380961386, -792.0428186989984, -801.6317148490335, -876.7427960884285, -876.7427960884285, -876.7429508834722, -890.2025324581296, -915.1387660247572, -916.5684333961927, -916.5684333961927, -916.5684333961927, -951.2871748475516, -952.5392037728974, -982.0115068085845, -982.0115068085845, -982.0115068085845, -982.0115068085845, -982.0115068085845, -982.0115068085845], 
[1416.653705469862, 516.5712706451352, 516.5712706451352, -877.6975389244417, -884.4413260816424, -884.4413260816424, -886.5927525673576, -937.6707025493599, -937.6707025493599, -937.6755536796915, -937.6755536796915, -937.7073223235717, -954.4632785515241, -974.8257714547292, -978.7653214137187, -981.9851739586784, -981.9851739586784, -983.1188405404779, -991.6746895469354, -991.6746895469354], 
[474.72898676731734, 474.72898676731734, 474.72898676731734, -478.8342913674654, -634.3047805800009, -702.1050062297522, -702.1050062297522, -802.4953565043533, -802.4953565043533, -802.4953565043533, -949.6954980857373, -949.6954980857373, -949.6954980857373, -949.6954980857373, -959.4225417491658, -959.4225417491658, -974.8961287076642, -974.8961287076642, -974.8961287076642, -980.9076567193496], 
[-62.11388476148238, -65.76266976432692, -107.43193692091506, -379.4091881860237, -379.4091881860237, -379.4091881860237, -919.5974649698654, -919.5974649698654, -935.6145795835396, -955.6442392796138, -955.6442392796138, -955.6442392796138, -964.8695000914693, -964.8696742156208, -982.091244692021, -982.091244692021, -982.091244692021, -984.9526922663689, -984.9526922663689, -984.9526922663689], 
[-600.448687379441, -600.448687379441, -742.0629036654419, -742.0629036654419, -803.5607823784178, -960.4373357836203, -960.4373357836203, -960.4373357836203, -960.6074300304216, -960.6074300304216, -969.1184093958569, -969.1184093958569, -969.2527650494557, -969.2659204315798, -974.3480452712214, -974.3480452712214, -980.348273289652, -988.4319637562755, -988.9784852747621, -988.9784852747621], 
