[-604.2793007438543, -604.2793007438543, -604.2793007438543, -876.0274915041608, -876.0354928672047, -882.6976301673577, -896.2242748336843, -915.7980175242619, -915.7980175242619, -971.4047767464175, -971.4268710979204, -978.6910736833125, -978.6910736833125, -986.6335718719463, -989.6534098049673, -991.4797513142812, -991.517271965805, -991.578039677374, -991.7772867910044, -991.9477456186236], 
[1129.7039819904944, 1129.7039819904944, -942.2552932807132, -965.1265543802366, -965.1265543802366, -965.1265543802366, -965.1265543802366, -980.7895716464767, -980.7895716464767, -980.7895716464767, -980.7895716464767, -984.2586103435863, -984.5295291661798, -987.6812551189885, -989.9827844717039, -989.9827844717039, -996.4450814323039, -996.4450814323039, -996.4450814323039, -996.4450814323039], 
[-207.8735631890246, -363.8976831320491, -460.41712428875894, -460.41712428875894, -592.3333052279515, -644.9238274752045, -679.538796983534, -679.538796983534, -711.660970555604, -809.3021433072363, -809.3021433072363, -914.1273117423185, -914.1273117423185, -914.1273117423185, -915.6222137821811, -970.119742463162, -981.8470516231225, -981.8475736000655, -981.8479446635059, -981.8479446635059], 
[-560.6325436234323, -560.6325436234323, -589.279879622814, -619.2118524860475, -619.2141773000866, -753.3230613677, -860.0948004381873, -933.9634295920363, -933.9634295920363, -933.9634295920363, -937.5215875518786, -968.9026256680135, -968.9026256680135, -968.9026256680135, -969.9746157910281, -969.9746157910281, -977.9480218672965, -977.9480218672965, -979.3857097173945, -979.8337364729498], 
[791.9017664597015, 308.7439341187471, 308.7439341187471, -821.1210814557255, -821.5632319707056, -826.1966444987843, -826.3481813095348, -840.4357425228553, -946.6300996419666, -946.6300996419666, -951.8823231838096, -951.8823231838096, -951.8823231838096, -951.8823231838096, -952.6323646885044, -952.6323646885044, -952.6323646885044, -964.8657996628044, -975.3312304994239, -975.3312304994239], 
[-87.6135467209889, -767.8613696995674, -779.4375931743825, -779.4375931743825, -839.0368501266639, -884.2250718457375, -957.9274641649091, -957.9274641649091, -967.1473992037634, -967.1473992037634, -970.9815379258271, -984.1528148789862, -984.1528148789862, -987.9393015238572, -989.9357399017304, -989.9357399017304, -992.8665725579328, -992.8668649093645, -994.6907104018651, -994.6960824878244], 
[-568.939160735116, -643.7376935832729, -643.7376935832729, -643.7376935832729, -643.7376935832729, -728.4290617463535, -811.9081170300237, -860.507875374663, -952.1692278753305, -952.1692278753305, -952.1692278753305, -952.1692278753305, -952.5763995917584, -952.5763995917584, -977.1074164909553, -985.932879891894, -985.932879891894, -985.932879891894, -985.932879891894, -985.932879891894], 
[697.5909078303696, -834.6476099732675, -851.5360059680627, -851.5360059680627, -851.5360059680627, -879.7924083128025, -879.7924083128025, -879.7924083128025, -885.62124035858, -885.62124035858, -885.62124035858, -919.9309671525968, -919.9309671525968, -925.58272737376, -930.9970152738464, -945.5140685690877, -956.1906337364112, -956.1913646159343, -975.7141330233402, -975.7141330233402], 
[1469.9045287175204, 948.0713391228842, -649.9980190027329, -713.9995791696608, -713.9995791696608, -864.2575244298472, -908.0420883861834, -960.8244789691354, -960.8244789691354, -960.8244789691354, -960.8244789691354, -960.8244789691354, -966.5321324090258, -966.5321324090258, -993.1784704945833, -993.1784704945833, -996.1220156932096, -996.1220156932096, -996.1460037006885, -998.098982201629], 
[-238.07685062868302, -238.07685062868302, -238.07685062868302, -809.160836575987, -814.2379252815239, -824.1744642256741, -851.7847456191163, -883.3018938350417, -883.3018938350417, -896.8164973755165, -914.3390891832645, -914.3390891832645, -939.1703845754176, -948.0954595627185, -963.5907876350598, -963.5907876350598, -970.5218598435861, -970.5218598435861, -970.5218598435861, -990.1349336123928], 
[30.408245744168426, -457.4943757225917, -844.47553738012, -844.47553738012, -844.47553738012, -846.7900908812677, -846.7900908812677, -851.0116286431079, -851.0116286431079, -907.55545603534, -909.3473977122236, -976.4470655737555, -976.4470655737555, -976.4470655737555, -976.4470655737555, -976.4470655737555, -976.4470655737555, -980.8761130247592, -985.3645259236928, -998.1525038633657], 
[-580.6679540888467, -640.703110813452, -640.7038937869258, -678.362269872754, -768.7866598221967, -900.0408744754358, -900.2170113945718, -900.2170113945718, -943.4294098588615, -960.6419872021174, -961.6557153012284, -962.997482627144, -977.8759161923612, -977.8759161923612, -977.8759161923612, -979.9838001996125, -984.7013116175718, -984.7013116175718, -985.4058653382519, -985.4058653382519], 
[-94.49911648853856, -94.49911648853856, -94.49911648853856, -94.49911648853856, -557.6388698397686, -657.3905073238631, -657.3905073238631, -657.3905073238631, -659.4204180848283, -659.4225977314629, -853.4365843609194, -911.4827354661361, -923.5795629038222, -923.5795629038222, -923.5795629038222, -953.1128588473027, -964.0898280932599, -965.9662606614372, -967.0447424618733, -967.0447424618733], 
[206.18523316831534, 206.18523316831534, -438.8208524696563, -542.6805379531088, -542.6805379531088, -671.0784186603473, -887.4925229079846, -887.4925229079846, -887.4925229079846, -893.9766700277981, -893.9877377165203, -923.8671027860325, -926.2698358877188, -953.2175403766146, -968.4024377447766, -968.4024377447766, -968.4024377447766, -968.4024377447766, -968.4084773130144, -968.6395203928154], 
[234.27560709206, 233.30706433763953, -385.6307459926719, -509.9255817887908, -509.9275310142473, -946.3487295126876, -946.3487295126876, -957.8092555848419, -957.8092555848419, -988.8224922015953, -988.8224992080878, -988.8224992080878, -988.8224992080878, -991.1149401359402, -991.1149401359402, -991.1149401359402, -991.1149401359402, -991.763186548214, -991.763186548214, -991.763186548214], 
[807.7062668473213, -454.7804982490861, -454.7804982490861, -707.4207960687968, -708.3491109405154, -728.7613064388029, -728.7613064388029, -830.2207102355223, -835.6898273533178, -959.3831860163533, -959.3832666046228, -959.3832666046228, -960.8318988039772, -960.8318988039772, -965.7875709519282, -965.7875709519282, -967.0550619681538, -967.0550619681538, -967.0550619681538, -978.6624806107883], 
[887.1990962327559, -281.2114671877139, -294.3682691400596, -787.1879472448027, -787.1879472448027, -787.1879472448027, -966.0300320358265, -966.0300320358265, -966.0300320358265, -966.0300320358265, -966.0300320358265, -966.0300320358265, -966.0394629493488, -969.1625989488824, -974.6960138402801, -974.6960138402801, -979.5958104817591, -983.4492053867066, -983.505796866249, -986.9977565559332], 
[-493.9319281076106, -667.8617573841566, -736.864239061309, -736.864239061309, -736.8650138967948, -894.7698098802274, -950.2860966354792, -950.2860966354792, -953.5202785093597, -953.7322896864412, -953.7322896864412, -953.7322896864412, -957.0610142408292, -957.0610142408292, -957.0610142408292, -957.0610142408292, -960.6676936715338, -983.7056990831994, -983.7056990831994, -983.7056990831994], 
[-461.4659657640092, -573.271156741622, -573.271156741622, -573.271156741622, -626.0956167511939, -753.0707149990964, -753.0707149990964, -898.9045966109197, -899.4907749204235, -937.5017336602057, -940.213712772092, -957.3693169397087, -977.3213510895612, -977.3248951809762, -985.138852582747, -985.138852582747, -985.1418629909514, -985.9979326733243, -992.8704044743992, -992.8704044743992], 
[1963.5034784097152, -77.89938972321943, -77.89938972321943, -77.89938972321943, -479.26978033296564, -479.26978033296564, -798.5623354125585, -798.6264142834955, -839.2878043488333, -894.3910430548119, -894.3910430548119, -916.2501250060056, -931.787099731249, -986.1136261899361, -986.1136261899361, -986.1136261899361, -991.7622959852232, -991.7622959852232, -991.7622959852232, -991.7622959852232], 
[-632.6056597995216, -632.6056597995216, -877.8379453052881, -877.8386574536886, -877.8386574536886, -880.2653371222098, -895.0145334159546, -898.65451492025, -930.754986909633, -930.754986909633, -932.9456395971412, -932.9456395971412, -951.5606344482418, -951.5606344482418, -969.134671915642, -969.134671915642, -969.134671915642, -969.134671915642, -969.134671915642, -977.9670791447613], 
[-132.68653964973612, -139.55119728446732, -139.55119728446732, -656.4933132838472, -656.4933132838472, -656.4933132838472, -657.6846907731756, -709.9198570147149, -931.2641910253888, -931.2641910253888, -931.2641910253888, -931.2645273687833, -931.2645273687833, -931.2645273687833, -943.7825767891745, -943.7825767891745, -953.8674854907862, -953.8674854907862, -973.8371647280565, -974.4721207830556], 
[-655.7726046100436, -655.7726046100436, -655.7726623274434, -660.0394753246063, -663.2135948485807, -927.510442899188, -949.220779225162, -952.2321352620166, -952.2321352620166, -952.2321352620166, -952.3218667295365, -986.0898153374372, -986.0898153374372, -986.0898153374372, -990.7626337021005, -990.7626337021005, -990.7626337021005, -990.7626337021005, -990.7646389364232, -990.7646389364232], 
[-767.6297301228792, -767.6297301228792, -790.5315456565291, -816.4785231981962, -816.4823526163021, -832.2392024575068, -866.5387764108768, -876.7540373379768, -884.9050375422249, -884.9050375422249, -917.7605550134173, -946.4056155413342, -946.4056155413342, -947.5494896281027, -947.639756882686, -956.4017498257127, -961.1911907586124, -961.1918919327564, -965.1432636722428, -976.3669754329111], 
[-472.9671363085888, -557.0278798238367, -559.586360510593, -663.5942690170511, -664.1397815150538, -869.3087089949909, -869.3087089949909, -869.3087089949909, -901.990279902451, -918.636506337959, -918.636506337959, -918.636506337959, -928.7416328426282, -930.1863651610826, -930.1863651610826, -941.3865044248552, -955.8593687654133, -955.8593942503454, -955.8595463283814, -955.8595463283814], 
[-184.70011822010065, -184.70011822010065, -364.47360840678414, -364.47360840678414, -668.749412633983, -682.6055075875913, -912.5938818053345, -914.2916905335966, -916.6060499847033, -951.8597492010665, -951.8597492010665, -951.8597492010665, -951.8764803459758, -973.2562940263726, -973.300397853012, -977.9782526275285, -977.9782526275285, -984.8440606275984, -984.8440606275984, -989.871743472219], 
[-38.29979509052896, -38.29979509052896, -295.12662448286767, -295.12662448286767, -295.12662448286767, -376.7879837165036, -382.09119419459205, -839.6405780729589, -839.6405780729589, -874.8756940076175, -929.8166196922037, -929.8166196922037, -929.8166196922037, -929.8832827201727, -929.8832827201727, -965.7475292973538, -965.7475292973538, -965.8785008449756, -970.1098946053048, -970.1139436371228], 
[356.76908882853445, -244.39494117467063, -244.39494117467063, -486.8249862417506, -738.5813120497448, -843.8005328962818, -898.1212735423263, -898.1212735423263, -898.1212735423263, -950.7027746380445, -960.8862482731192, -960.8862482731192, -964.5753313302919, -968.8953955787745, -972.6174469375841, -974.5680477513976, -974.5680477513976, -978.479302940322, -978.6743481880255, -985.2011777313988], 
[-170.97929800907968, -170.97929800907968, -170.97929800907968, -362.69404213552343, -820.6146337863423, -820.6146337863423, -849.6631652680685, -850.1805696555863, -884.995053145102, -885.1090062312959, -885.1090062312959, -957.9897011198378, -962.4427580375524, -966.5205862926784, -975.4235873740145, -975.4235873740145, -975.8021017451555, -982.2929812031673, -986.7908914360702, -994.5936559822642], 
[-130.87930476538622, -132.8352995347367, -261.52680494527056, -309.9932526041738, -372.1236099366499, -625.7976977115233, -742.2003349243787, -870.7307304387327, -872.2539129177609, -877.5331903760855, -884.5903573788919, -884.5903573788919, -960.2364224022883, -990.3210090025968, -990.402589791267, -990.402589791267, -990.402589791267, -990.402589791267, -992.6519419464281, -994.3073739808714], 
