[520.9136404343051, 520.9136404343051, -975.1229389484242, -985.4930612923831, -990.4457729179064, -993.7687541727744, -993.7687541727744, -997.0009764820512, -997.5616895752705, -998.0933397170252, -998.7902734278572, -999.1318451608055, -999.1318451608055, -999.1318451608055, -999.1885057295968, -999.715268017677, -999.715268017677, -999.7160305567688, -999.8225844147194, -999.8670110856541], 
[341.3855808722594, -705.2217844429059, -957.5352584782207, -962.6992830439684, -977.8955762046744, -984.8724620767347, -988.8149300503582, -995.6094875465382, -998.0841809555221, -998.1506076582849, -998.2061677778522, -999.3191966220792, -999.3191966220792, -999.3191966220792, -999.6683093589332, -999.6683093589332, -999.6683093589332, -999.6683093589332, -999.7285258050641, -999.7285258050641], 
[-741.220593812227, -741.220593812227, -744.9050625777863, -917.2161165204716, -947.4500548142082, -959.3204092031926, -969.388278305418, -980.2888284456066, -981.7476031221163, -995.8418336186079, -997.931403503684, -997.931403503684, -998.4422304472993, -998.4725336377162, -998.5487597543702, -999.212326295844, -999.5922234082585, -999.7167860646433, -999.7169671417666, -999.7455226726072], 
[-881.1651617855845, -881.1651617855845, -926.1163856796644, -956.0977817719836, -984.7913902737857, -984.7913902737857, -988.3756800653024, -993.8934143639184, -996.8677914617872, -996.8677914617872, -998.9142265875205, -999.1641710752193, -999.1641710752193, -999.1752321357513, -999.1752321357513, -999.2733353486494, -999.7482664483407, -999.8448929738332, -999.8448929738332, -999.8448929738332], 
[-557.3590831147999, -557.3590831147999, -937.0160226019472, -972.3293358712325, -982.0884079523199, -983.0536337480485, -988.1269981073766, -993.8182676075149, -997.2781728155412, -998.2036648486107, -999.0566846910141, -999.0855450668114, -999.0855450668114, -999.4855910502628, -999.5636426701741, -999.6175216904765, -999.6513890870358, -999.8167524040765, -999.8167524040765, -999.8362378489034], 
[972.8840178638043, 19.43067606870443, -712.618640218669, -936.4594282593623, -936.4594282593623, -972.0610320081298, -972.0610320081298, -986.3523522552493, -990.5949008002005, -991.7187609742391, -995.633430934509, -997.2367381529072, -998.4947953745203, -998.5512658349169, -998.9634550939605, -999.2112941738965, -999.2348901308052, -999.4943772997033, -999.5426021204607, -999.7556547748468], 
[261.4861327652402, -493.51449287789904, -916.4494193467257, -955.7509769033134, -980.5975824864224, -989.9032846785294, -989.903418922464, -992.529160680902, -994.1340654300094, -997.8034620731856, -998.6009745671058, -998.6009745671058, -998.9020167574216, -998.9435843466349, -999.5011074927872, -999.5011074927872, -999.6586297572169, -999.6586297572169, -999.6586297572169, -999.6586297572169], 
[297.91116164098867, -291.28160253592773, -962.1374405363789, -982.4985175336165, -982.4985175336165, -987.9689451944648, -987.9689451944648, -991.4722937716816, -996.9161354982817, -997.6144374711488, -997.9872475056106, -999.2334594859735, -999.2334594859735, -999.2334594859735, -999.451869699231, -999.451869699231, -999.451869699231, -999.5786848864451, -999.7982279831296, -999.7994528986326], 
[-586.2295893699035, -586.2295893699035, -915.4626439417411, -915.4626439417411, -930.3973666081374, -951.0683669914183, -959.6068554016747, -976.6804618973525, -989.1683420458035, -994.1107109866119, -996.1635769689651, -996.1635769689651, -999.0161664781156, -999.0161664781156, -999.0403433057968, -999.4342702832807, -999.4644579590195, -999.585502976887, -999.585502976887, -999.723056801517], 
[-510.5742461082712, -523.1831648190731, -916.4136218265022, -932.093850046923, -963.7991713583046, -968.1251160044993, -972.5816212542541, -976.7220914006597, -987.6746840981251, -990.9171969353145, -995.3118542114481, -997.6791724601214, -998.2315269092052, -998.4307782545175, -999.6254446999005, -999.8370326754932, -999.8370326754932, -999.8521598256813, -999.8521598256813, -999.8521598256813], 
[-582.0356141261649, -582.0356141261649, -906.2040267208207, -951.5608825740501, -976.1594495205063, -989.70202317317, -992.8208366384057, -997.0923205994408, -997.5061532121907, -997.5061532121907, -998.8083365233745, -998.8104061990698, -998.8104061990698, -999.0630601150887, -999.5329973586242, -999.6855916399267, -999.6855916399267, -999.6858784375813, -999.7829904899052, -999.7829904899052], 
[-59.38022031650121, -467.3295915985349, -958.6607134303367, -958.6607134303367, -988.2525584974236, -993.2471794362957, -993.2471794362957, -997.8294712443442, -997.8294712443442, -999.6500533966697, -999.6500533966697, -999.6500533966697, -999.6500533966697, -999.6500533966697, -999.6500533966697, -999.6835945587098, -999.6835945587098, -999.7927391189091, -999.7927391189091, -999.9552336525193], 
[613.4129901543631, 343.97031109092177, -644.321435923616, -872.8743111517294, -907.5454300677831, -956.7360256152188, -969.597020543693, -984.8050151002062, -989.7824165231066, -995.7534028054281, -995.7534028054281, -997.4665661926607, -998.0983700334378, -998.8988996418866, -999.5593293717903, -999.5593293717903, -999.5593293717903, -999.5631632103169, -999.5631632103169, -999.7988668583982], 
[-772.6849083544006, -789.2220459888218, -795.5789256350154, -901.0956636944553, -936.0414931193133, -955.1281072543437, -971.6229598151195, -982.1356533682366, -991.4302774436405, -993.9815408125794, -995.4156470241733, -996.2862170901103, -997.7046240834545, -999.555397791545, -999.555397791545, -999.8022186883882, -999.8122200353571, -999.8459236983031, -999.8459236983031, -999.8460173425686], 
[605.5138390049224, 320.4175435881607, -849.1076418866168, -955.614150811718, -955.614150811718, -977.2743654683466, -988.8608002462257, -988.8608002462257, -991.943414584023, -994.554896838861, -997.3198467551354, -997.3323427204203, -997.9998878353663, -998.2771049179738, -999.4527087149764, -999.6130011951716, -999.6130011951716, -999.684176560516, -999.778486031186, -999.778486031186], 
[-140.06570895727123, -140.06570895727123, -886.1102472152695, -935.3623507575026, -955.311684299385, -958.4681261012086, -972.4793460057431, -994.5584509432709, -994.5584509432709, -997.636443959002, -997.636443959002, -997.636443959002, -998.8141039894613, -999.0194061679149, -999.0924549134636, -999.1265855076535, -999.150274083389, -999.5769511686954, -999.5769511686954, -999.8397958843146], 
[-455.3274385323498, -455.3274385323498, -909.5677519290779, -956.0016405523032, -956.0016405523032, -978.1460338569758, -978.1460338569758, -979.810051339173, -989.1292204743631, -995.0122224943618, -997.4354252594189, -998.3818757507065, -998.3818757507065, -998.6448449646929, -999.0959775767408, -999.2004822958381, -999.2004822958381, -999.2162098659813, -999.6329660449703, -999.638496442337], 
[36.71974550104778, -692.8825748718, -902.6119579985324, -920.8646143599855, -992.8720882885544, -993.3707995017521, -993.479696226406, -995.3898946941716, -997.4266063145907, -997.6787112551442, -998.0346340766865, -998.5954038085877, -999.1653593204657, -999.5204156773895, -999.5204156773895, -999.742121921345, -999.742121921345, -999.7849776497995, -999.7970175750442, -999.8006452786084], 
[-346.565583655095, -352.206291169858, -843.4147371703639, -938.4201313973409, -942.1452882303951, -966.5772137807948, -989.2329700219153, -991.6621524092016, -997.3896016865916, -997.3896016865916, -997.7853240999041, -997.7853240999041, -997.8047601091637, -998.8087328704954, -999.3295111380402, -999.4740407470381, -999.4740407470381, -999.6932740577292, -999.8082736970514, -999.8082736970514], 
[763.3554928422434, 362.71062913392234, -571.8702003641731, -675.4335311437849, -909.1470389892113, -909.1470389892113, -975.0708668916802, -978.0811767360149, -984.3062983360654, -989.6221978456558, -994.1890715297153, -994.650860185846, -995.3351898914234, -997.5227333077237, -998.6597320379051, -998.9641260981316, -998.9641260981316, -999.7521187484879, -999.7521187484879, -999.7521187484879], 
[121.66291580750521, -603.1645777443294, -949.4772466568498, -967.1449771299319, -977.619672150074, -988.529968995207, -992.7744709915416, -997.8827183668383, -997.8827183668383, -997.8827183668383, -998.4955266739206, -999.3546196752823, -999.6783638586523, -999.6783638586523, -999.6783638586523, -999.6783638586523, -999.6783638586523, -999.7622228415687, -999.7956065663087, -999.8771527732564], 
[-704.4119520621166, -704.4119520621166, -964.5471955296114, -976.0160285749691, -976.0160285749691, -982.1671575192286, -994.0444359319725, -995.909644437249, -997.5073851401594, -997.5073851401594, -998.671223012234, -998.671223012234, -999.7163350626163, -999.7163350626163, -999.7163350626163, -999.7163350626163, -999.77704539667, -999.77704539667, -999.8226136643847, -999.8226136643847], 
[150.95357398455917, 139.76621893746074, -789.8613863285262, -947.7135041868112, -948.3554868579455, -972.0275163932563, -972.0275163932563, -984.2397531712231, -993.0394171235096, -994.2369150024093, -997.8012176050579, -998.2296344451399, -998.2296344451399, -998.6876388817071, -999.3399272498655, -999.3399272498655, -999.6679336192298, -999.6715999627822, -999.6715999627822, -999.6715999627822], 
[-541.1122985075639, -853.5107584182451, -900.0837234189771, -919.8540332096636, -961.5475902289468, -970.0572135004719, -979.5667413538184, -982.7318036239768, -986.689300032514, -996.4832738154855, -996.4832738154855, -997.7982553423609, -999.0126609073537, -999.0126609073537, -999.2982719041736, -999.2982719041736, -999.2982719041736, -999.2982719041736, -999.4814945885935, -999.4814945885935], 
[-450.3129719400224, -450.3129719400224, -951.2803337273828, -971.8166967802415, -993.7209366346407, -993.7209366346407, -997.1857629759222, -998.3087574798797, -998.6764121495136, -998.6798281868023, -998.682325898204, -999.0270404690325, -999.4366441829031, -999.4366441829031, -999.6278251463008, -999.7951918248341, -999.7951918248341, -999.8435742256871, -999.8435742256871, -999.8600082444689], 
[187.18877410011373, -260.4900213731572, -862.3741386135332, -880.4048545000755, -937.4705276470471, -949.4166456827834, -957.0813541429617, -987.8622845470238, -987.8622845470238, -990.9743829784841, -993.8385370560076, -996.9730213833918, -999.0180661396504, -999.0180661396504, -999.4155576062611, -999.4155576062611, -999.4155576062611, -999.5392642092581, -999.7096538092502, -999.7096538092502], 
[-284.3268940928074, -284.3268940928074, -979.8742867399244, -987.9369742861122, -996.1639879800575, -996.1639879800575, -998.179732161092, -998.179732161092, -999.2682563688936, -999.2682563688936, -999.2789833336816, -999.4866361161457, -999.4866361161457, -999.711383328292, -999.711383328292, -999.7951440901667, -999.7951440901667, -999.7951440901667, -999.8015198661928, -999.8194551558329], 
[26.84525403047087, -487.3006418349887, -892.9697260527774, -914.1699993124583, -964.4210205649146, -965.3059530573522, -967.3774978484294, -973.5757966865784, -987.8528975803893, -989.5804377462206, -993.6883013135608, -997.1239060294026, -999.1383166966566, -999.2304093149362, -999.2304093149362, -999.3909744308686, -999.6349192781997, -999.6349192781997, -999.6514415019245, -999.7464640971862], 
[-851.2049983470869, -851.2049983470869, -851.2049983470869, -856.5299824222168, -926.6642952940988, -926.6642952940988, -987.3491558412494, -989.1012917335756, -990.6190046479629, -996.9290095360595, -998.464523500858, -998.8344219245419, -998.8344219245419, -998.8344219245419, -998.8509852274774, -998.8509852274774, -999.1084974550658, -999.8987326846079, -999.8987326846079, -999.8987326846079], 
[504.35434418266755, 408.5238746969337, -956.4616248640554, -967.8065965619111, -977.6684789109037, -984.1277842632062, -989.0067948184761, -990.5177861665763, -996.940893927325, -997.387957932047, -997.7814920040307, -997.9698464228268, -998.9271690327774, -999.5422258117792, -999.5422258117792, -999.7192330590016, -999.7192330590016, -999.8016204652462, -999.8016204652462, -999.8423775111028], 
