[-522.9231601676256, -674.6525156080315, -937.1250671246843, -965.211655801776, -986.3471475818058, -987.197884514067, -987.2108620302616, -991.7005957814607, -995.7239920077594, -996.8145911541812, -997.712769449416, -998.1111089279896, -998.400455255616, -998.8592846429649, -999.3857439088027, -999.3857439088027, -999.3857439088027, -999.783811972489, -999.8061287502135, -999.8368328360594], 
[-375.74410063451285, -392.03222572879747, -922.2829280583419, -940.4949899534265, -977.9320366553724, -987.0930985056, -987.4615533957827, -996.2720327447474, -999.5226328847001, -999.5226328847001, -999.5226328847001, -999.5226328847001, -999.6817475753701, -999.6817475753701, -999.6817475753701, -999.6817475753701, -999.6817475753701, -999.7071636686517, -999.8383902038189, -999.911496803001], 
[-581.9067216778401, -581.9067216778401, -902.8647419904707, -934.6712351723176, -950.6812575737553, -960.2320861147449, -966.0791042365495, -979.6300806870302, -979.6300806870302, -996.8036181439094, -996.8036181439094, -996.8315005223957, -997.4861991458986, -997.5702394755751, -999.3397931372002, -999.3397931372002, -999.4114096389884, -999.4114096389884, -999.4114096389884, -999.5069337751848], 
[-788.2390613735967, -818.486510490947, -818.486510490947, -960.6032912512358, -965.3509152078695, -969.902339525302, -992.5923938339319, -992.5923938339319, -997.5067687045791, -997.8746922131614, -998.2034376146341, -998.5225493498056, -999.5681873237331, -999.5682782545366, -999.8076830976016, -999.8076830976016, -999.8076830976016, -999.8199587509426, -999.8199587509426, -999.8199587509426], 
[-496.2735590589937, -496.2735590589937, -862.6108505924507, -921.909245190095, -937.6530776264625, -945.5298061862109, -963.190466127179, -963.190466127179, -987.7603129340908, -994.8160543947405, -994.9174247629246, -995.5636355162491, -998.7921949590734, -998.7921949590734, -998.7921949590734, -998.8486777737861, -999.329617447418, -999.4148841859209, -999.4148841859209, -999.5625346281124], 
[1023.6248064910164, 59.18253950472831, -952.0537062391234, -952.0537062391234, -973.0359938365576, -976.927892362109, -977.4076202573832, -989.6287753872363, -995.882922871705, -996.9457919281549, -997.388928866869, -998.0149573227771, -998.8090137801395, -999.0740299870026, -999.5593416740612, -999.5593416740612, -999.5593416740612, -999.600911930412, -999.8209891537011, -999.8209891537011], 
[-251.3019052792847, -816.112439795034, -959.2947284637457, -967.5092195036566, -977.9879604068976, -977.9879604068976, -993.2890177312387, -993.2890177312387, -993.5395730051807, -996.5610868703269, -996.5610868703269, -999.4677194366928, -999.4695480816097, -999.4695480816097, -999.4695480816097, -999.4695480816097, -999.581673309827, -999.6888351644651, -999.8521640825958, -999.8521640825958], 
[-687.5753307245809, -687.5753307245809, -819.3911385999385, -924.1583438886948, -952.8176995520897, -984.1669444424147, -984.1669444424147, -995.4892813979679, -995.4892813979679, -997.0275504989953, -997.0275504989953, -998.9809612064399, -999.4911113126705, -999.4911113126705, -999.4911113126705, -999.4911113126705, -999.4911113126705, -999.4911113126705, -999.497046326962, -999.6744659125841], 
[-417.62684100937463, -732.1429111800675, -919.1886457128462, -919.1886457128462, -969.247125967598, -970.0666426162243, -972.0776053956537, -980.5411030168315, -994.9481359645064, -994.9481359645064, -996.0693329529856, -997.4253035117646, -999.4779292162568, -999.5620627362988, -999.7539800157102, -999.768781524561, -999.9192691003788, -999.9192691003788, -999.9192691003788, -999.9192691003788], 
[-703.5538210093106, -703.5538210093106, -973.4824879164612, -977.9347707013679, -986.9275708733137, -990.2350381165218, -991.2085608177873, -994.6566351696148, -996.956647557022, -996.956647557022, -998.7157518554512, -999.0528487027807, -999.1131878542309, -999.1131878542309, -999.2292753758429, -999.4752849960339, -999.6345261375766, -999.7086136206359, -999.7086136206359, -999.7759694594918], 
[74.45308369965483, -776.7404474022833, -829.6532049143689, -878.4488045815621, -961.2347640909579, -970.1012805416057, -990.022841536201, -995.6134586413896, -997.0686620396866, -997.0686620396866, -997.8092379513722, -998.5301860126922, -998.6234515756935, -999.2818170969649, -999.2818170969649, -999.7849486200788, -999.7849486200788, -999.8064372226055, -999.8081380280034, -999.8081380280034], 
[-441.11619607616, -805.5069048740298, -861.6882916846621, -940.3405614509102, -940.3523887539094, -975.134280352835, -975.134280352835, -981.0496293853962, -994.5345584416095, -994.5345584416095, -998.0566950038553, -999.0910391324421, -999.0910391324421, -999.0910391324421, -999.0910391324421, -999.3895071864669, -999.5508315919991, -999.827447492924, -999.827447492924, -999.8568174582831], 
[1603.059687668656, 224.0250313478159, -668.7654150554577, -913.161750680285, -965.8658911778144, -966.6170412867299, -972.9039927710036, -982.7558064580455, -990.3037575817953, -998.4157027892907, -998.4157027892907, -998.4157027892907, -998.5970488268274, -998.8479068471192, -999.1459795229915, -999.549408131307, -999.549408131307, -999.7911937505093, -999.7917279733648, -999.9484400241184], 
[-223.91793358816437, -577.1912988808415, -905.5440784261514, -935.764676907886, -979.2986598803134, -981.2806329338674, -985.1448554493372, -988.8831863676216, -992.6956354964077, -995.6878895073754, -998.8208737141094, -999.1495995134833, -999.1495995134833, -999.2930262578992, -999.3584367053014, -999.3626527999922, -999.692673522012, -999.8699781041297, -999.8699781041297, -999.8699781041297], 
[-892.3151732512279, -892.3151732512279, -892.3151732512279, -947.5642940761705, -967.4005437002377, -968.3586153410059, -972.5627848551613, -978.0829178857616, -991.1653760257141, -991.3723522568272, -996.3050032537838, -996.3050032537838, -998.6198976399572, -998.9108791924865, -998.9108791924865, -999.0505156381282, -999.3194380441751, -999.506041152163, -999.7134873404063, -999.7600553530622], 
[931.00136239317, -334.7096241746792, -941.7111471098573, -961.1546845813064, -989.4976030375785, -990.3388653196323, -993.3630653810936, -993.3630653810936, -994.4232185889721, -996.3507259663536, -998.2595392702729, -998.4439106697397, -998.8558184429246, -999.3135370314069, -999.5522387421131, -999.6695750972674, -999.6695750972674, -999.6695750972674, -999.6695750972674, -999.8468419065005], 
[-3.763943199002483, -3.763943199002483, -952.2053029310292, -990.3277282581315, -990.3277282581315, -990.3277282581315, -991.6769455394001, -993.0783888982913, -993.5929860616328, -994.8971943088609, -997.4721046900299, -998.7627265220738, -998.8202239338785, -998.8670251706027, -998.8670251706027, -999.2648368515559, -999.5355007667355, -999.7165925274301, -999.7659811528789, -999.8096434649614], 
[-55.904355312977714, -526.1960152626082, -962.331106595243, -962.331106595243, -984.6788753823349, -987.4035346910388, -987.9740707457127, -991.5903398950371, -992.6530245930027, -995.1740881385025, -998.9358427815155, -998.9358427815155, -999.3515390932912, -999.3515390932912, -999.3515390932912, -999.4380329062968, -999.4380329062968, -999.5439357700412, -999.9072547657579, -999.9556368921698], 
[1373.3583967655964, 1373.3583967655964, -870.7536655757989, -870.7536655757989, -965.3525645179325, -965.3525645179325, -976.4408057515841, -990.2891792376006, -990.2891792376006, -990.4309482641085, -994.3942299831687, -998.6372657207679, -998.6372657207679, -998.6372657207679, -998.7143273611653, -999.2454328331561, -999.3766995945705, -999.5969748815061, -999.5969748815061, -999.6300713921439], 
[-629.003064509613, -819.6988444504783, -979.0253079145257, -979.0253079145257, -987.2726127925265, -988.4519270919966, -992.2617048243897, -996.4808254095481, -997.6151879396645, -997.6151879396645, -998.9386321127372, -998.9648961692013, -999.7244581428197, -999.7244581428197, -999.7244581428197, -999.7244581428197, -999.8589344128969, -999.8589344128969, -999.8589344128969, -999.8589344128969], 
[-687.5285811384005, -915.1599027852083, -967.4963038689409, -975.1790371965789, -975.1790371965789, -985.2031905043026, -991.2215706849471, -998.2868194617225, -998.5909087383988, -998.9863082554866, -999.1086466073702, -999.4487384652188, -999.5846724081651, -999.6317374055924, -999.7143976491504, -999.7144353619134, -999.7144353619134, -999.7144353619134, -999.8494620564052, -999.9507159378792], 
[745.6932392335123, -461.17448248048026, -789.4824253100571, -824.5070897539383, -922.9377220147151, -922.9377220147151, -955.6853387213429, -961.8133756034952, -979.5192236180415, -986.3824579630508, -992.8077577766541, -993.0941309517615, -999.1559246023264, -999.1559246023264, -999.1559246023264, -999.1559246023264, -999.1856158672342, -999.389720519041, -999.4205755564471, -999.5555111001753], 
[-267.19213950395795, -298.04545231916063, -673.5909549004787, -869.9938336768016, -949.6310792868444, -971.1473484200928, -984.1549447037261, -986.151866819, -990.6775485826506, -996.2946021228588, -997.5060113203976, -998.9018498632299, -998.9018498632299, -999.1295300498136, -999.1295300498136, -999.4474397462759, -999.4474397462759, -999.4474397462759, -999.8492275338081, -999.8492275338081], 
[-115.02698208666277, -397.1436238979994, -945.563476913115, -974.9425358415518, -980.3039590101631, -988.4451226678087, -988.4451226678087, -989.6374317829673, -997.5785380110315, -997.9312129465555, -997.9312129465555, -998.7327726115146, -998.8302481103055, -999.5009838302495, -999.6280364804777, -999.6280364804777, -999.8104563363883, -999.8891568076363, -999.8891568076363, -999.8891568076363], 
[895.0934195680529, -255.68228741750852, -927.5651599775308, -954.2051030785362, -967.9216135580721, -986.3541876180662, -988.9434706949311, -994.5456236988695, -997.4132218873326, -998.1529666273973, -998.1766877496987, -999.6709255998433, -999.6709255998433, -999.6709255998433, -999.8546364432916, -999.8546364432916, -999.8546364432916, -999.9087591205179, -999.9087591205179, -999.9087591205179], 
[-172.15255244702257, -172.15255244702257, -908.2414072557139, -950.521943523025, -962.9476084587276, -968.0828682118936, -978.2868014114349, -995.3717740304294, -995.6648904948474, -998.170117927965, -998.170117927965, -998.170117927965, -998.5121299093125, -998.8442045779509, -999.1123003436564, -999.1595250651883, -999.3668262801599, -999.5312471410473, -999.9087557680681, -999.9087557680681], 
[-285.16400352050664, -767.8100497578866, -804.5231545636609, -885.8909849074452, -944.8853257283498, -965.5016992123683, -969.6031435327446, -980.4083553275823, -987.6798455993558, -993.0824069280873, -995.7903464075961, -999.2542130901438, -999.2542130901438, -999.5879769698314, -999.5879769698314, -999.7193910383365, -999.7193910383365, -999.7193910383365, -999.7193910383365, -999.8491069601382], 
[2499.966341808352, -519.0559063824528, -781.7921629521129, -925.9051485460291, -940.5265747009825, -968.7182802142581, -980.947440102445, -986.1931988036973, -987.7386768464854, -990.2703697373295, -995.2009145272796, -998.8016381621067, -998.8016381621067, -998.8849242310831, -998.8849242310831, -999.0862870582272, -999.6398748545853, -999.6398748545853, -999.6398748545853, -999.7475191404965], 
[120.45712647399682, -761.6033021293753, -788.100345327475, -959.2046888375243, -959.2046888375243, -966.7446020581777, -974.8549608964839, -985.9255789495788, -992.3499404497227, -994.8659957385264, -996.2705898464795, -998.71137581564, -999.2250124467679, -999.2250124467679, -999.4145477719137, -999.4145477719137, -999.802423625594, -999.802423625594, -999.8261496253342, -999.8589961329637], 
[1728.1970040499841, -326.3664163958391, -869.482761121016, -951.1384328713666, -954.5471138744983, -983.7776741782442, -993.1964732521436, -993.1964732521436, -996.7796300143073, -996.7796300143073, -997.7498417658666, -999.1141200405782, -999.1740196157479, -999.1740196157479, -999.4502526283142, -999.6516940159665, -999.7551511806926, -999.7551511806926, -999.7551511806926, -999.8380621150038], 
