[748.9402532532874, 477.97990271401704, -904.055329889614, -940.0878373614337, -963.3132267055029, -972.3613045131059, -984.5758293989145, -986.6179065973058, -994.1512146111285, -997.7471700857694, -998.0756057014507, -999.2796113172974, -999.2796113172974, -999.2796113172974, -999.5674558919656, -999.655785488067, -999.655785488067, -999.6812009066771, -999.7179408670937, -999.7881981305452], 
[-385.00984624757416, -385.00984624757416, -637.4788828542162, -812.5996232972309, -884.7355825528987, -934.491422918199, -969.8155954869173, -977.8924653227645, -984.6862453864377, -989.6927414600699, -995.1420377303261, -996.2158187082364, -997.9252568039025, -998.2051792395401, -998.6415286990343, -998.773402185149, -999.060095040945, -999.6260839752207, -999.6260839752207, -999.6260839752207], 
[-389.96504464049156, -768.2670794651767, -909.9986876212291, -957.5260780928962, -957.5260780928962, -959.1966074577582, -969.035973495315, -986.6433248648239, -989.3389344814618, -997.0397854064532, -997.0397854064532, -997.0561137405859, -998.7125747141038, -999.1410681075101, -999.4062297161574, -999.4062297161574, -999.4062297161574, -999.7992758092156, -999.7992758092156, -999.7992758092156], 
[-116.84969806982804, -326.8184638430183, -820.0667520525606, -890.6523346042585, -942.7771073828217, -979.5279320589447, -979.5279320589447, -990.0165158306256, -991.2483400090624, -994.4163138062244, -995.7932233872305, -997.5481549937626, -997.6288140132236, -998.5211029485807, -999.1885455927635, -999.1957555517401, -999.2032766703795, -999.7728369411212, -999.7728369411212, -999.7728369411212], 
[1130.5217913278625, 346.21951702597266, -740.4581112905089, -918.3849559828193, -918.3849559828193, -961.5034990484638, -961.5034990484638, -972.5480050419619, -984.3858658008189, -996.0301068677283, -996.0301068677283, -996.3060004123628, -998.6650482068899, -999.3991674923219, -999.3991674923219, -999.4983139217017, -999.4983139217017, -999.4983139217017, -999.6451681002316, -999.6451681002316], 
[152.99449719092786, 152.99449719092786, -933.955592416193, -969.1622532245157, -977.5814654122681, -993.2549362693953, -993.2549362693953, -998.963560009909, -999.1531192968005, -999.1531192968005, -999.2396031684025, -999.3211253327979, -999.3211253327979, -999.6692573458083, -999.6692573458083, -999.7030455766917, -999.7391119684693, -999.7391119684693, -999.7503424058186, -999.8845878653042], 
[709.5586133309519, 115.71555014349383, -957.0573616140637, -972.5291305713004, -982.0585846111883, -982.0585846111883, -988.6712457529533, -991.0066544697545, -991.0066544697545, -995.6766783313928, -995.7153524806442, -999.0954019244801, -999.1499599975342, -999.1499599975342, -999.4555147765664, -999.4555147765664, -999.5231832360142, -999.6780134050787, -999.7787302922393, -999.7787302922393], 
[-272.7740034787571, -272.7740034787571, -900.3045700396062, -942.840009409841, -948.3501586376962, -970.3527278925758, -981.9638132753319, -988.7418676937225, -996.7811957445246, -997.1316191018727, -997.552075480701, -999.2291678043999, -999.6059841795491, -999.6059841795491, -999.6059841795491, -999.6059841795491, -999.7776121921031, -999.8824958272138, -999.8824958272138, -999.8824958272138], 
[-884.0815294258017, -884.0815294258017, -939.0142301275691, -959.7611134584445, -994.8960710301207, -998.1989587225705, -998.1989587225705, -998.1989587225705, -998.4323927999268, -998.6127051032524, -998.6127051032524, -998.7296437553736, -999.5141611419203, -999.5405117995829, -999.5405117995829, -999.5405117995829, -999.5405117995829, -999.6843926901171, -999.6843926901171, -999.896835861235], 
[-348.16395268440124, -466.874225027908, -850.7713271124935, -863.654790632744, -954.0706857511915, -991.6761143395803, -993.7136542025046, -994.5503914097465, -995.8286012212739, -997.949611151333, -999.2162140433616, -999.2162140433616, -999.2162140433616, -999.2162140433616, -999.7392405360694, -999.7905155097747, -999.7905155097747, -999.7986794803396, -999.7986794803396, -999.7986794803396], 
[-345.51096649624924, -345.51096649624924, -961.1855407011255, -969.7964557109444, -978.3183107665541, -983.5179239851602, -986.856686927186, -991.8016093839531, -992.293165461443, -997.0756825259414, -997.5493220001707, -998.5381851990985, -999.1933132915951, -999.6758424301295, -999.7261575336498, -999.7261575336498, -999.7261575336498, -999.7261575336498, -999.7261575336498, -999.8233745849332], 
[277.63533238317086, -543.604076380688, -861.1375121012613, -861.1375121012613, -964.2092439800629, -989.7066990438751, -996.8616006528251, -996.9828106860742, -999.0698390437828, -999.112620022094, -999.6139442183664, -999.7656492575524, -999.7656492575524, -999.799815499409, -999.799815499409, -999.8054488227729, -999.8054488227729, -999.838042181519, -999.838042181519, -999.8710287884608], 
[712.8803845609211, -699.2042895910341, -866.8954393144926, -914.3782025680279, -933.2432028965965, -954.9355625083526, -981.4010592593374, -985.4111443997577, -989.9321948233769, -989.9321948233769, -994.4343918099964, -996.4930526385757, -998.8702851950975, -999.1965829424258, -999.1965829424258, -999.4297292835267, -999.4297292835267, -999.5275611720652, -999.5658509309236, -999.7748039832974], 
[-201.05233476407966, -682.5166379688778, -937.250608861313, -949.6433255076206, -960.088680290004, -966.4613049563062, -988.2657682218679, -990.9799488299097, -995.1665879215363, -995.7480751530969, -997.1309673834592, -999.4981347723709, -999.4981347723709, -999.5001181381645, -999.7108122790693, -999.7108122790693, -999.7108122790693, -999.7629178540308, -999.8257509422735, -999.8257509422735], 
[1848.041366810738, 256.2569764556615, -825.0332875328666, -971.6882944710546, -980.5793388327843, -986.6899239024043, -989.0435380355632, -991.2367766515482, -995.5992303306449, -997.2609958554459, -998.5456695452377, -998.5456695452377, -998.7212797520432, -999.617300668861, -999.617300668861, -999.617300668861, -999.617300668861, -999.7087392610383, -999.8637900605253, -999.8650766964298], 
[199.89067540745623, 199.89067540745623, -920.0269269986154, -944.604217634618, -968.3401865768966, -981.8287449841533, -984.665845774121, -989.4360707952412, -990.0047596189087, -996.367860821944, -997.2643893321529, -998.5736283602614, -999.2312697775637, -999.3563379813398, -999.616910357856, -999.8647948265233, -999.8647948265233, -999.8647948265233, -999.8647948265233, -999.9215201667225], 
[2155.7523275367166, -760.8265501363622, -760.8265501363622, -851.0315968368009, -886.0414599044615, -921.142477808841, -971.9990511319547, -981.0524991059448, -989.1522285257589, -992.8944720605166, -993.0327898010869, -997.0809767744286, -997.6804992380759, -999.2768315109515, -999.3039658976005, -999.3039658976005, -999.3954987528114, -999.3954987528114, -999.4315657097687, -999.5225462615535], 
[-696.8995393385619, -697.9119551053343, -967.4948325310527, -967.4948325310527, -970.1268701655661, -990.8703547381627, -994.6437238114569, -994.6437238114569, -997.4735843783374, -998.3873544262051, -998.3873544262051, -998.8709768547642, -998.8709768547642, -999.0213336890961, -999.6156425521784, -999.6158175786173, -999.6158175786173, -999.6720266124529, -999.8831028960041, -999.8831028960041], 
[914.7749570247522, -481.22695645714725, -938.4222721777799, -938.4222721777799, -965.4199887410372, -984.3869953202237, -990.4778051438278, -992.6910831135165, -994.3541236277935, -995.9690773936895, -998.2968239688591, -998.9400977580772, -998.9400977580772, -999.4996044397504, -999.5116057188973, -999.6187098155834, -999.6187098155834, -999.718990900315, -999.8135037205311, -999.8135037205311], 
[-470.32326555700195, -823.4944511950569, -859.7586414988473, -898.8559649304967, -906.9426527376488, -961.0838176867283, -963.79573256921, -981.5129527395367, -993.2235598852703, -995.5827139652688, -995.5827139652688, -999.2939838584608, -999.2939838584608, -999.2939838584608, -999.2939838584608, -999.2939838584608, -999.5518090553777, -999.7305639344662, -999.7305639344662, -999.7433430082019], 
[-285.75844085217227, -285.75844085217227, -848.3270356236688, -911.6648564121674, -948.0308969116537, -973.9530904173836, -975.2176125174569, -980.1616168809002, -985.4915782795234, -989.307443565773, -994.0508661689976, -996.3481599183386, -997.7977279092844, -998.1841448196432, -998.532717008499, -999.2167099041982, -999.3765674240864, -999.6781935540923, -999.797604995129, -999.797604995129], 
[-286.5812199636164, -929.6561329619853, -966.9588107935288, -977.784214850815, -977.784214850815, -978.7771976621228, -986.3078468942664, -990.1676485126192, -990.5341894201354, -993.8177148640037, -997.9460883055564, -998.0147650443026, -998.447201231784, -998.9419890415717, -999.4747990856698, -999.4747990856698, -999.4747990856698, -999.8298761856707, -999.8298761856707, -999.8298761856707], 
[-310.56905245517373, -310.56905245517373, -947.8734033360391, -981.9774076894932, -981.9774076894932, -981.9774076894932, -999.2752091609964, -999.2752091609964, -999.2752091609964, -999.2752091609964, -999.2752091609964, -999.2752091609964, -999.2752091609964, -999.3302983218829, -999.383162274775, -999.383162274775, -999.7059548490757, -999.8640943826741, -999.8640943826741, -999.8640943826741], 
[-465.1615927903804, -465.1615927903804, -771.8556912195986, -935.4777332180655, -935.7454618815901, -956.864550669198, -969.3402601301005, -969.3402601301005, -986.1962162927088, -986.1962162927088, -996.814573216501, -996.814573216501, -998.4172462325536, -998.4172462325536, -999.1158765537216, -999.1158765537216, -999.5216881509269, -999.5216881509269, -999.5216881509269, -999.7182642057738], 
[-430.3864584203452, -430.3864584203452, -950.2173820172037, -977.9081186177021, -982.5341389628041, -994.5135468407605, -997.6463593268909, -997.6463593268909, -997.6463593268909, -999.1707905665625, -999.1707905665625, -999.1707905665625, -999.2398553324084, -999.4003887500623, -999.5482832155378, -999.7624381695567, -999.7624381695567, -999.818841255711, -999.818841255711, -999.8342328382942], 
[-384.98063567338977, -646.8991143521458, -948.9186553935317, -972.033394352509, -975.129609977951, -983.3982905712891, -991.5809671248572, -995.5143231059475, -998.0657681145443, -998.0657681145443, -999.1319894920717, -999.1319894920717, -999.2075294590632, -999.2075294590632, -999.5580696158224, -999.5580696158224, -999.5580696158224, -999.7623152358063, -999.8797392974832, -999.9330245157344], 
[313.71220534739314, -420.58079492034733, -876.4650215167072, -927.1897396774704, -965.9666880229358, -976.1634712285652, -978.4766152380696, -994.3384695374, -995.7400725537325, -996.9943895305609, -999.1011206778525, -999.3590764159271, -999.3590764159271, -999.4444760558591, -999.5819785087892, -999.5819785087892, -999.8541660716476, -999.8541660716476, -999.8541660716476, -999.8541660716476], 
[-500.9909915816596, -500.9909915816596, -938.2095308280079, -954.3080557805852, -971.6238768780171, -983.285682239103, -987.4808705826624, -987.4808705826624, -989.9043547986051, -996.217477007981, -996.8969226727689, -999.0343925281439, -999.0799554809328, -999.0799554809328, -999.346006874559, -999.4245415284248, -999.4376906063316, -999.8226269051851, -999.8226269051851, -999.8226269051851], 
[-580.0331461793608, -594.9408289326411, -795.6891160737666, -953.3459535809559, -984.3783343683205, -984.3783343683205, -990.7737993278063, -993.5724699798228, -995.2805958653042, -996.5535850858917, -998.097282536698, -998.097282536698, -998.7597474137879, -999.2397378715232, -999.2397378715232, -999.4126684941184, -999.58881994543, -999.8004279808757, -999.8768271578455, -999.9450964132672], 
[1370.819501962625, 266.71243946862137, -905.0233261405102, -959.7393181630711, -959.7393181630711, -979.0901936853181, -987.2976843409605, -987.7499427129842, -992.2739344857471, -997.4621864009808, -998.5891253143448, -999.2976133521076, -999.2976133521076, -999.2976133521076, -999.2976133521076, -999.2976133521076, -999.5241442537041, -999.8320445221095, -999.8320445221095, -999.8320445221095], 
