[394.867526708324, -327.2321421316743, -888.9877444906806, -925.2792726301751, -949.50103686605, -956.0379678046771, -957.6005817200663, -989.0960086750474, -989.0960086750474, -996.5717480696132, -996.5717480696132, -996.8358733349406, -997.8416986620817, -999.2995915025921, -999.2995915025921, -999.2995915025921, -999.473349876127, -999.6427680768359, -999.6427680768359, -999.7922783194991], 
[2072.5029690888373, 334.3319648499835, -612.0831626620188, -851.2705570759688, -869.2661950218728, -899.8257181138271, -973.8582868402276, -973.8582868402276, -984.7416108017726, -988.7263358195769, -997.0999373693423, -997.0999373693423, -997.1247518035597, -999.2452077940258, -999.2452077940258, -999.3417177298245, -999.3417177298245, -999.4388185308588, -999.5333183613551, -999.6983617529539], 
[-334.16686854139664, -770.1094139448282, -770.1094139448282, -838.78329396891, -908.681969378824, -952.1279797977713, -980.6361043466334, -991.9337391541094, -992.432943932197, -997.5276663635448, -997.5276663635448, -997.5498061342637, -998.8513529705568, -999.1224206968367, -999.5747407464071, -999.5747407464071, -999.5747407464071, -999.5747407464071, -999.6036407984841, -999.6410918845595], 
[-4.647843805204047, -566.9793651194293, -939.9328502356208, -939.9328502356208, -965.056328364445, -965.056328364445, -974.0047499964498, -981.8587967194561, -982.5255656911116, -992.1367156341502, -999.0687647924562, -999.0687647924562, -999.0687647924562, -999.0687647924562, -999.0687647924562, -999.0687647924562, -999.7694973880132, -999.7694973880132, -999.7694973880132, -999.7694973880132], 
[199.97931281472506, -184.07394122781614, -985.8338826587265, -985.8338826587265, -993.7335906487348, -994.5606185336414, -997.3490243382748, -998.2301431779296, -998.3393160427783, -998.6210473001943, -998.8490468381316, -998.8490468381316, -999.4093348667457, -999.5313546902535, -999.6696406026325, -999.6857795632766, -999.6857795632766, -999.7045396783013, -999.7618401065419, -999.8378892824255], 
[-741.5068897912095, -741.5068897912095, -897.3494727219802, -935.8814954647618, -977.59548202168, -983.31130788007, -988.1541228227497, -995.9276130698767, -995.9276130698767, -996.3117723959366, -998.2675501987126, -999.2538756174391, -999.2538756174391, -999.2543340998602, -999.4868896671561, -999.4868896671561, -999.5461198802927, -999.5496850428764, -999.6314091699759, -999.7948586248008], 
[-113.91651945397393, -113.91651945397393, -762.2824662739005, -899.9154234402978, -952.8114519935009, -958.029844163465, -972.8075554269577, -983.7872968854564, -985.5969749435318, -995.1493373698856, -997.6377022673379, -998.3366377029985, -998.4039468056762, -999.3467987659652, -999.3467987659652, -999.3467987659652, -999.3467987659652, -999.7251300776877, -999.7796118177714, -999.7796118177714], 
[425.0004320337607, 425.0004320337607, -946.1487295850134, -963.2844777632893, -966.224711139126, -981.5261253707071, -988.0406547453326, -996.9546819695461, -996.96679003197, -996.96679003197, -997.4747107692937, -999.2074513788292, -999.2074513788292, -999.4302669425086, -999.6449736917577, -999.6449736917577, -999.6449736917577, -999.7349505385278, -999.7349505385278, -999.7349505385278], 
[42.13400825851613, -412.4754624669358, -901.3213099338185, -958.5392078268248, -979.6714206678272, -979.6714206678272, -984.4957791423908, -986.6964169859722, -989.0993803363871, -991.5337742601042, -995.2465421540819, -996.4822404064074, -999.4106360462076, -999.4106383658607, -999.4106383658607, -999.5513255101026, -999.6623992375664, -999.8559439815111, -999.8559439815111, -999.8559439815111], 
[566.3513836839029, 566.3513836839029, -816.5320442737864, -846.5684342749175, -882.7325004692957, -929.6421035118987, -944.1849474303602, -967.1289459056331, -977.5018793873021, -991.8744522160769, -997.2768615347616, -997.2768615347616, -997.2768615347616, -998.0951969750068, -998.5263726027316, -998.7460372207507, -999.3746415290169, -999.3746415290169, -999.6869451056808, -999.6869451056808], 
[105.16224188534738, 60.08905690974848, -955.2754317309909, -978.1125581465229, -987.0848853657768, -987.0848853657768, -989.791232374392, -990.8744831468814, -998.6030279553037, -999.2327040837473, -999.2327040837473, -999.2327040837473, -999.2327040837473, -999.5687734792332, -999.5736486602126, -999.7712616611296, -999.7907663111121, -999.8405402886071, -999.8405402886071, -999.8465585139201], 
[-252.23210921227462, -831.8315626104713, -831.8315626104713, -963.2763735753379, -983.8306209922672, -986.0216734034725, -992.977178140741, -993.5459516703901, -995.8816836637709, -997.8184508650513, -997.9119221188743, -997.9615361354689, -999.4548428333958, -999.4548428333958, -999.719429599273, -999.719429599273, -999.7386982677319, -999.7386982677319, -999.8818963899954, -999.9340529297465], 
[1135.8469372054897, 45.20986680936858, -943.0775092689807, -948.5696074376671, -967.9572958184727, -970.2910667953086, -993.4452784249488, -993.4452784249488, -997.1976624826586, -997.1976624826586, -997.8992215151078, -998.4441647485583, -999.1314623329217, -999.1753763442822, -999.5041018327064, -999.6087180256812, -999.8115810589308, -999.8115810589308, -999.8494649607767, -999.8494649607767], 
[-380.6940404770461, -380.6940404770461, -942.765772991611, -968.128747542572, -968.128747542572, -977.184520623875, -993.958392759963, -993.960321050626, -996.8739096375158, -996.8739096375158, -999.537009921637, -999.537009921637, -999.537009921637, -999.537009921637, -999.537009921637, -999.537009921637, -999.7563763079944, -999.7661336423783, -999.8854405789266, -999.8854405789266], 
[291.2815678833033, -920.5284113117434, -920.5284113117434, -936.8518602581016, -942.636287380589, -960.0752649408356, -979.9194335713138, -983.83145104541, -993.1156929940221, -998.7121728807006, -998.7121728807006, -998.9199319993635, -999.2778338684798, -999.6931348635198, -999.6931348635198, -999.6931348635198, -999.6931348635198, -999.6931348635198, -999.8450467631371, -999.9039237037042], 
[-231.325385042045, -299.034173234475, -905.9717604752921, -927.519381937594, -943.0898197494944, -953.5947421758373, -960.2631284741248, -973.771658336446, -988.3134389529417, -998.7851776296864, -998.7851776296864, -998.7851776296864, -998.7851776296864, -999.0644823115767, -999.0644823115767, -999.3865138014255, -999.3865138014255, -999.60248160103, -999.696126106238, -999.6980767755897], 
[-106.22489447215332, -106.22489447215332, -948.4592741025089, -962.329532965176, -962.329532965176, -967.2674067944178, -977.5114656218663, -982.9006970804764, -988.3933729145103, -995.5306698536128, -997.4769728463124, -997.5763639002363, -998.7896206615109, -999.0703997456081, -999.1183545009203, -999.2714440793534, -999.4274173815105, -999.498707034113, -999.498707034113, -999.5455612008833], 
[179.38609861886926, 135.01577432500403, -925.5015942743548, -958.3357442626889, -972.9740123522498, -972.9740123522498, -987.7835199647361, -995.2020487793659, -995.2020487793659, -995.2020487793659, -997.8755094977822, -998.9400027921974, -998.9400027921974, -998.9400027921974, -999.1630619341847, -999.5665342472735, -999.815394147084, -999.815394147084, -999.815394147084, -999.815394147084], 
[-311.8637937714011, -317.78101464285623, -913.0026138186156, -969.1055375879578, -978.958499817807, -980.9300468917943, -988.6611307954873, -991.9452831171418, -997.1671241796892, -998.6067208562631, -998.6067208562631, -999.1027178228076, -999.1180403879268, -999.618311088602, -999.6294974727699, -999.6738855488352, -999.6738855488352, -999.6738855488352, -999.7885265781291, -999.7885265781291], 
[285.1517205235357, 285.1517205235357, -890.791992302604, -919.4499369877066, -950.2538619738199, -958.2035943155367, -962.8684052137962, -971.5038928457612, -980.83492072218, -992.5590322671908, -995.4251396685374, -996.9926895575463, -998.6706380493799, -998.6902606642418, -998.6909534577501, -999.8381604970357, -999.8381604970357, -999.8644222735714, -999.8644237606214, -999.8678432426289], 
[-603.02766484361, -603.02766484361, -937.4102650367342, -937.4102650367342, -948.3506497822906, -956.8927958427665, -980.7815211755699, -982.6334134688456, -985.0930581044256, -996.9580048855346, -997.8327044779486, -997.8327044779486, -999.1759253268518, -999.1889191336285, -999.1889191336285, -999.4449189629329, -999.5189449904186, -999.5189449904186, -999.5189449904186, -999.6338689310859], 
[-303.5408792985137, -303.5408792985137, -974.411733979269, -974.411733979269, -981.4287488865671, -991.3578429883178, -991.3578429883178, -992.5550196008215, -997.3560015831678, -998.8166850873303, -999.3484454996789, -999.3484454996789, -999.3919585128052, -999.4091887703987, -999.4091887703987, -999.5468914279011, -999.5787902752979, -999.5787902752979, -999.7011553777259, -999.8145750098678], 
[-666.2091344054779, -666.2091344054779, -906.117908858416, -971.9452099714399, -984.3630428252227, -984.3630428252227, -990.51584958717, -996.8044027477974, -998.0106737533542, -998.3055511557062, -999.3574834227712, -999.3574834227712, -999.6945290191153, -999.6945290191153, -999.6945290191153, -999.7024367326756, -999.9069065946921, -999.9069065946921, -999.9578663821338, -999.9578663821338], 
[-549.6646189265236, -549.6646189265236, -906.0685321556099, -906.0685321556099, -990.7785215744074, -990.7785215744074, -990.7785215744074, -998.8475349960565, -998.9069131286201, -999.7704717788149, -999.7704717788149, -999.7704717788149, -999.7704717788149, -999.7704717788149, -999.7704717788149, -999.7704717788149, -999.7704717788149, -999.7704717788149, -999.7704717788149, -999.8333743851896], 
[-406.3756490796542, -645.9556156609578, -860.8377466073193, -937.343204311801, -979.4287707870557, -979.4287707870557, -986.803391912564, -990.1229274259615, -996.3753404774728, -996.508289351971, -998.633841167422, -998.794780581823, -998.794780581823, -998.9079422214885, -999.0742875106871, -999.472865337362, -999.8071126694049, -999.8071126694049, -999.807574931866, -999.8343026043633], 
[-697.9293140532983, -697.9293140532983, -783.6491732829221, -965.9974220879542, -974.7419998944805, -978.2320487861141, -992.8267304603396, -992.8267304603396, -993.1543458174042, -995.5760940432718, -997.2145916853002, -997.2936128517579, -997.6656778961908, -999.1443103819316, -999.324996801568, -999.3811324732641, -999.4831745690109, -999.8523824792801, -999.8576248251168, -999.8576248251168], 
[622.7585878048737, -614.7828660580101, -917.7719768992529, -952.8950496243083, -981.0664085737524, -981.0664085737524, -987.643737817075, -993.0908558491309, -993.0908558491309, -999.158579304058, -999.158579304058, -999.158579304058, -999.158579304058, -999.2107115060618, -999.2107115060618, -999.2107115060618, -999.8292662452152, -999.8292662452152, -999.8292662452152, -999.8292662452152], 
[852.6791263429443, -403.2311553301522, -945.9290806805226, -945.9290806805226, -963.6122121496861, -966.535228819292, -974.6257036579494, -984.3704963051977, -991.8805196201434, -992.6206384830867, -994.5376930467584, -996.6301072125625, -996.6301072125625, -998.7127572550876, -999.5239838561038, -999.5239838561038, -999.5239838561038, -999.6404571460688, -999.7012090500093, -999.7012090500093], 
[2323.2505837036524, 31.76146530785627, -278.8535627447569, -897.15777843104, -917.7927939900046, -950.0284551638432, -972.7912326814017, -979.882514852238, -994.1265422749981, -997.8797235869591, -998.2089493635613, -998.9185296502862, -998.9185296502862, -998.9185296502862, -999.6596829571263, -999.6598978528654, -999.823464807883, -999.8468952934278, -999.8824029188978, -999.8824029188978], 
[1686.0939325587483, -681.9379562034633, -784.4743377388803, -830.3544589030065, -862.4789323164252, -903.1535102864516, -974.9037563806337, -980.2451253988829, -980.6938950022824, -984.1931886647483, -992.3173004846965, -994.9576109759096, -997.2854356798175, -997.2854356798175, -998.4643133734345, -999.2966039526417, -999.4827462542138, -999.5582890627419, -999.5582890627419, -999.5582890627419], 
