[491.9385550413044, -143.83517375175325, -545.7728132955991, -777.8144695652093, -911.1702031177175, -934.5498297713727, -957.5455856854883, -962.6455423034813, -972.8138189821228, -985.8243394927504, -992.9684631402149, -998.9461200184834, -998.9461200184834, -998.9461200184834, -998.9461200184834, -999.1375906018316, -999.1375906018316, -999.1934403366708, -999.2228151385477, -999.2785773166588], 
[-461.4626557670705, -461.4626557670705, -931.0110810641146, -931.0110810641146, -931.0110810641146, -961.2280667305839, -971.4358340052682, -980.2408481992649, -992.453531158392, -995.6707858190297, -997.8619358102849, -997.8619358102849, -997.9484427942155, -999.0140348088163, -999.3291970951445, -999.3291970951445, -999.3453526359415, -999.7558014135618, -999.7558014135618, -999.811784533661], 
[-402.70731768942323, -925.6079751155389, -925.6079751155389, -971.405819210471, -971.405819210471, -972.7820320705322, -976.9075562924996, -989.4869006371506, -989.4869006371506, -996.5047914130206, -999.0649061885292, -999.0649061885292, -999.1132517674721, -999.6714990778119, -999.6714990778119, -999.741446162572, -999.741446162572, -999.741446162572, -999.741446162572, -999.741446162572], 
[168.56490451859986, -398.92734623462763, -602.5697905173297, -883.5373433460057, -948.9312356406436, -962.6994589636597, -981.1272238608534, -990.5691706029096, -995.0029603141911, -995.0029603141911, -995.0029603141911, -998.4555335734404, -998.4555335734404, -998.9436178395968, -999.4413828199959, -999.4413828199959, -999.5836302469638, -999.7498902369393, -999.9251601491359, -999.9251601491359], 
[-510.05354890706536, -510.05354890706536, -957.8033615546574, -957.8033615546574, -980.625305503886, -980.625305503886, -988.5549853504853, -991.1433503368105, -995.8580434526154, -998.5855325341015, -998.6273483719194, -998.6273483719194, -999.0961927220692, -999.0961927220692, -999.3220047032905, -999.4520929990241, -999.7681111999827, -999.7681111999827, -999.8391621192189, -999.8391621192189], 
[457.92388032308895, 420.55379797494743, -776.4442681272826, -906.0436798939601, -955.5398656029319, -981.5605962497452, -983.9817560797945, -985.572949219844, -989.0772175120586, -996.1016421482562, -996.5931037371812, -998.5495156812892, -999.0279226314219, -999.2512150823094, -999.6321743185873, -999.6321743185873, -999.6321743185873, -999.6321743185873, -999.7615291497466, -999.8463389012668], 
[359.76869718105036, 106.80467756379267, -960.4842960742853, -975.5000898443312, -981.1695423725434, -994.6151203216987, -994.6151203216987, -995.0012132775393, -997.100322343674, -999.1519430312904, -999.1519430312904, -999.1519430312904, -999.1519430312904, -999.3581702800016, -999.3581702800016, -999.46730552413, -999.79428317963, -999.79428317963, -999.9104487370577, -999.9112444891873], 
[-290.2271321224257, -559.6211126354488, -909.531947961881, -936.5213649802324, -954.4108808720025, -977.4978301562788, -994.5537963018247, -994.694150061954, -994.694150061954, -996.3942671774724, -996.9080098566934, -999.2590327349069, -999.4778728040438, -999.5393588248389, -999.7864209572076, -999.8275474408562, -999.8275474408562, -999.8275474408562, -999.8275474408562, -999.8275474408562], 
[480.01735514599545, -944.9243489889121, -944.9243489889121, -944.9243489889121, -975.7955587335626, -975.7955587335626, -992.3427425129545, -993.5249007669985, -994.5004507354618, -996.0749555056314, -998.6826267765321, -998.6826267765321, -998.6826267765321, -998.9550641659961, -999.0877196972764, -999.4547778438998, -999.6462461704385, -999.6462461704385, -999.6729792511395, -999.760297194039], 
[-330.77179225519217, -330.77179225519217, -910.6677331235541, -950.8146446304955, -955.7636625926664, -977.1394443953909, -980.7857331092353, -993.7973300687136, -994.8747098614537, -994.9037369590318, -995.5818482085642, -997.2325747408338, -999.6001153739783, -999.6001153739783, -999.6001153739783, -999.6001153739783, -999.7373740083553, -999.7373740083553, -999.7373740083553, -999.7373740083553], 
[1062.4014407520194, -448.93009201176494, -865.3875220758664, -925.0970129204003, -964.8459281100235, -964.8459281100235, -964.8459281100235, -986.0391251299227, -993.8531810915433, -993.8531810915433, -997.1016807224555, -997.1016807224555, -997.745240678319, -998.1671980035004, -999.3693512248685, -999.3702876382295, -999.3702876382295, -999.6927952133977, -999.6927952133977, -999.7121072471398], 
[459.4408720838967, 327.6524809887728, -931.9463879171844, -961.7444235759965, -962.0721658637767, -977.3592697951656, -993.8785415002977, -995.1692864498007, -996.6785584830142, -997.631437939945, -997.631437939945, -997.9969977993712, -998.8347398250372, -999.2636263763133, -999.6381671744995, -999.6381671744995, -999.6381671744995, -999.6381671744995, -999.6796698887467, -999.7810636325021], 
[-625.0062797715184, -838.4905275930511, -879.6695033973692, -945.3041180739165, -996.9882171712395, -996.9882171712395, -998.0755597140958, -998.0755597140958, -998.8134169024341, -998.8134169024341, -998.8134169024341, -999.3650763261918, -999.3650763261918, -999.3885924405527, -999.3885924405527, -999.7362812397737, -999.7362812397737, -999.7522775505, -999.7533068113627, -999.8902526377117], 
[402.4234247238903, -608.3449311432291, -943.0969139181715, -972.7676821308554, -974.7227214108813, -979.3630665065244, -986.0006801379045, -989.7176920423954, -995.5631125026263, -997.9531511791067, -998.4452762594119, -998.8578875233037, -999.7937518213918, -999.7937518213918, -999.7937518213918, -999.7937518213918, -999.7937518213918, -999.7937518213918, -999.9037013598485, -999.9037013598485], 
[1023.0382015501611, 109.44991502570451, -899.9805349070838, -924.3259774815136, -967.6479089900446, -982.0929798496745, -990.4382559921876, -993.7866534040734, -996.3780134133008, -996.9581423120694, -998.006375835889, -998.4123162331949, -998.8894674198768, -999.0980385973368, -999.0980385973368, -999.2139833258005, -999.360845287115, -999.5429080211411, -999.6160491839703, -999.7180454040854], 
[17.424603874090167, -694.7708673019833, -784.93458216971, -829.1856441340842, -898.6463698865746, -938.7454629045856, -963.9896105060064, -985.0670229815299, -992.1276258993611, -995.8480392737325, -997.6020132755779, -998.5590720925602, -999.2798484709249, -999.2798484709249, -999.3397585601502, -999.4242389599359, -999.6902280628352, -999.6902280628352, -999.7169516963253, -999.7169516963253], 
[-78.94577201695415, -78.94577201695415, -921.7481314218448, -938.4301406294105, -938.4301406294105, -950.5629252101024, -968.224056654033, -987.8455190123335, -987.8455190123335, -996.6788355247912, -996.6788355247912, -997.1056912636212, -997.9217357497072, -998.1079298196045, -999.2157680484089, -999.2157680484089, -999.6266815961753, -999.7440973531862, -999.9071259153657, -999.9071259153657], 
[135.99354951585815, -248.67006382802708, -961.6884332536812, -984.7674578877328, -991.6993473190983, -992.1756748160698, -992.1756748160698, -995.5511180878674, -998.2637759046398, -998.2637759046398, -998.5107158133693, -999.4076652831194, -999.4076652831194, -999.4076652831194, -999.4076652831194, -999.9622650102654, -999.9622650102654, -999.9622650102654, -999.9622650102654, -999.9622650102654], 
[-494.20147036762154, -494.20147036762154, -978.4012922405929, -981.3730937452152, -981.3730937452152, -983.4187944522316, -990.5583830936442, -991.2529251387363, -993.9818255199426, -997.5379387822312, -998.7339429971357, -998.7339429971357, -998.9212708476929, -999.0282200424552, -999.6557960158485, -999.6973866826545, -999.6973866826545, -999.6973866826545, -999.7209766300332, -999.7883621109645], 
[1283.7689859584202, -428.7324872021828, -865.5337408094863, -920.6439057688386, -956.3745133148691, -973.6562072908587, -979.6531781459176, -989.1138580556844, -997.987773065102, -997.987773065102, -998.0256566336169, -998.7321277819121, -998.8349441879079, -999.5752790712055, -999.5777702874105, -999.5777702874105, -999.7538621521223, -999.7538621521223, -999.8516832494895, -999.8662773181002], 
[217.15823895535914, -479.670871658495, -938.7813850710795, -990.2710246710975, -994.2543320152971, -998.1849720215961, -998.1849720215961, -998.2125189180008, -998.8731712992061, -998.8955996792088, -999.369764150656, -999.369764150656, -999.4706120339813, -999.5824693317081, -999.587154045101, -999.7544060247343, -999.7748608988281, -999.7748608988281, -999.8564263358736, -999.8831805911462], 
[1489.664294545743, -381.5908873949053, -970.70702497737, -984.8807533498203, -988.2549615479362, -990.9854518824579, -993.2285153945752, -995.321377487826, -997.6138243410633, -997.6138243410633, -999.2652520465595, -999.4050124096607, -999.4050124096607, -999.4050124096607, -999.6702300692366, -999.6822701257894, -999.7813731990059, -999.7862053163292, -999.7862053163292, -999.9122008001966], 
[444.4363370793558, -344.871375366798, -910.9269216221215, -910.9269216221215, -934.1471222930251, -947.7576961110409, -979.9897518401779, -985.2124406928369, -989.1831013731638, -995.2273619924204, -995.530647958902, -997.7817063817195, -997.8142471204593, -997.8142471204593, -999.0167515925536, -999.2453839502278, -999.2686448215877, -999.5997403089792, -999.7780540982234, -999.7780540982234], 
[39.93722682387238, -353.2715407772689, -862.864030454092, -915.6568591585655, -946.4964914500425, -965.8960012056093, -983.4362235555504, -986.4258177019263, -996.2139620417288, -998.7252792970565, -998.7252792970565, -998.7252792970565, -999.289948400695, -999.4559980685276, -999.4559980685276, -999.4559980685276, -999.5455239490237, -999.8354488404519, -999.9095870019587, -999.9095870019587], 
[-641.8011449632913, -641.8011449632913, -859.3430083914315, -946.9960990105548, -967.8224793379034, -974.8166015380281, -983.8946298838998, -992.1574282953623, -994.1675976042443, -997.7293905343976, -997.7293905343976, -998.4157409083839, -999.0222152401091, -999.0662859505485, -999.2830944478346, -999.4582555041745, -999.5427529092932, -999.6065882009929, -999.7592396393331, -999.7592396393331], 
[-551.0609264310747, -563.355487693532, -897.6655414730407, -897.6655414730407, -922.9077674099449, -949.2144227553415, -971.7699773063918, -975.5217880512749, -988.6732173318061, -991.1023987139916, -996.4951094147588, -998.272049689956, -998.272049689956, -998.272049689956, -998.6652288744452, -998.9189586667001, -999.1949160236295, -999.5936160182803, -999.5936160182803, -999.7942999344493], 
[-14.328471911443899, -14.612585969902057, -823.3732987097942, -915.9619439900399, -943.263586195992, -967.1319175436151, -971.6839077827995, -984.9532104795567, -988.1090447554086, -993.9472534945041, -995.0175148972263, -996.0324393196122, -997.7520945815685, -999.3636612433603, -999.3636612433603, -999.5991920033778, -999.5991920033778, -999.5991920033778, -999.5991920033778, -999.6037137102511], 
[-312.75017858727165, -351.2028977687072, -932.9239933921306, -949.2845026706536, -964.3422670891671, -971.2015347436128, -974.6022473486215, -981.6617270619638, -983.8486111725191, -996.0392919931357, -996.0392919931357, -997.0974123358084, -998.7405753246561, -999.0192079153675, -999.8812327174852, -999.8812327174852, -999.8812327174852, -999.8812327174852, -999.8812327174852, -999.8812327174852], 
[-550.9577932319335, -550.9577932319335, -863.0865699728055, -939.5103473744308, -976.7036677139888, -992.4837893559069, -995.5965677324766, -996.6552360914526, -998.2463661379993, -998.8638341272942, -999.4986059511596, -999.4986059511596, -999.7161177966507, -999.7743354819781, -999.7819022961377, -999.789494714594, -999.789494714594, -999.8001242057211, -999.8647786735149, -999.9726699793487], 
[-161.42909492722356, -161.42909492722356, -723.9327940252599, -904.1213964406235, -958.0211858162127, -965.5822594403456, -979.5301176698755, -983.7461975485658, -988.8058903076862, -989.5845739675727, -995.3923527077798, -996.410036167962, -998.3233432382159, -999.6125263423547, -999.6125263423547, -999.6125263423547, -999.6125263423547, -999.6125263423547, -999.6125263423547, -999.6125263423547], 
