[-182.7998141437413, -295.25201544525123, -738.9387054730571, -865.701067320437, -935.2474038342096, -961.8416188104105, -974.8748610394025, -976.0760929743607, -989.1147281070206, -996.2318487611686, -996.2318487611686, -996.2318487611686, -997.4610475782514, -998.7111565872185, -999.1447416097812, -999.3117816775941, -999.3117816775941, -999.5819253623314, -999.584235405421, -999.7714202320362], 
[352.932107820355, 352.932107820355, -940.0876933335234, -953.1373325208704, -974.1970189236991, -983.8955811405815, -991.1150476105153, -996.7936544147723, -996.7936544147723, -996.7936544147723, -996.7936544147723, -998.986808523805, -998.986808523805, -999.2211092128452, -999.5529700101891, -999.5529700101891, -999.5529700101891, -999.6844853175498, -999.8023964794854, -999.8800809037124], 
[3611.124811615391, 70.46613618694664, -811.9605225019543, -862.2472426676835, -916.4556283472692, -937.5589761378367, -974.6179396505031, -988.1726027290107, -992.3944659394213, -993.898302284576, -994.3956724394077, -996.035574438903, -998.324062336142, -998.8353566950539, -998.8353566950539, -999.0467128840344, -999.2130773093137, -999.2870155479117, -999.3214978542214, -999.7009320380719], 
[-716.8353741117003, -717.4819295761422, -966.4642858140382, -988.0230090563297, -990.6411681765012, -991.193673863519, -993.2987510796108, -994.2181207479829, -997.1852927059199, -999.1890780118024, -999.1890780118024, -999.1890780118024, -999.1890780118024, -999.2225266690073, -999.8887739995694, -999.8887739995694, -999.8887739995694, -999.8887739995694, -999.8887739995694, -999.8887739995694], 
[-666.4926919882449, -735.2739436873974, -927.1144217726171, -939.4058096938714, -944.8095117343319, -963.7752387451739, -981.9466919866148, -984.2913337509563, -987.4262107790616, -993.295347884383, -997.1771668775793, -998.8813082631971, -999.0825666010702, -999.1727039532917, -999.2676705960857, -999.727326116337, -999.727326116337, -999.727326116337, -999.727326116337, -999.727326116337], 
[-126.24351396540874, -746.1430564438208, -782.2821590480373, -875.5202878468724, -986.5123468434731, -986.5123468434731, -987.1310137278715, -991.0753651562878, -997.999489362676, -997.999489362676, -997.999489362676, -999.1919666526144, -999.1919666526144, -999.4407033869701, -999.5575564609436, -999.5575564609436, -999.5575564609436, -999.9037379534989, -999.9037379534989, -999.9477708636385], 
[1199.5628897012698, -473.87947312953963, -858.4500530353406, -858.4500530353406, -964.1629445631767, -964.1629445631767, -980.8748856817356, -988.5406058271233, -993.7608480218132, -998.3043666420023, -998.3043666420023, -998.8670983563363, -999.449086718449, -999.449086718449, -999.449086718449, -999.449086718449, -999.7080620372078, -999.7080620372078, -999.7080620372078, -999.8053430788069], 
[-9.243755062866398, -344.9517259257125, -976.314174765535, -979.1787882245924, -980.1151586543034, -980.9736130453157, -991.9323907462899, -991.9323907462899, -998.0270375717715, -998.0270375717715, -999.1928495755735, -999.4574529594358, -999.4905467323018, -999.4905467323018, -999.6822656099051, -999.6822656099051, -999.6822656099051, -999.6822656099051, -999.7154630944746, -999.7363133183276], 
[256.6384979869222, -330.0887227891335, -959.0100256291689, -980.2167377068528, -985.07397427476, -993.4419800928722, -993.4419800928722, -999.3928300777201, -999.3928300777201, -999.4047760599967, -999.4047760599967, -999.8368784419167, -999.8368784419167, -999.8368784419167, -999.8368784419167, -999.8368784419167, -999.8368784419167, -999.8368784419167, -999.8368784419167, -999.8944455748303], 
[514.6260833345705, -859.5799341688868, -859.5799341688868, -952.8150567391799, -952.8150567391799, -992.9392217702384, -992.9392217702384, -995.886787948783, -995.9517415930165, -998.0241614517387, -998.5767162605833, -999.2161277348092, -999.6224515139618, -999.6224515139618, -999.6224515139618, -999.6224515139618, -999.6224515139618, -999.6224515139618, -999.6224515139618, -999.7525937703607], 
[-226.11790150040952, -427.16495215017903, -950.1706894474502, -978.4605690611426, -990.8359389804763, -992.2389007563952, -994.0056444064336, -994.2062904192647, -994.2062904192647, -995.1551837132747, -998.0108130501309, -999.7269123394346, -999.7269123394346, -999.965351541005, -999.965351541005, -999.965351541005, -999.965351541005, -999.965351541005, -999.965351541005, -999.965351541005], 
[-269.87487579930234, -269.87487579930234, -914.5599261805129, -933.9404003239913, -961.1359500935096, -965.2581711398731, -978.6520138687669, -993.346383346632, -994.6513503829246, -996.0761861573861, -998.4942307147743, -998.6093758751289, -999.0892760629632, -999.0892760629632, -999.6710516044681, -999.7689532605172, -999.8422815329766, -999.8422815329766, -999.8422815329766, -999.8422815329766], 
[1314.337296169675, -47.28337280399603, -635.5364528762299, -837.0781093570266, -898.7050311691286, -947.6227010109989, -978.9373682020644, -979.1842219459941, -981.2613672731135, -989.492704997571, -989.6730458284563, -996.1561759102431, -998.7947227025206, -998.7947227025206, -998.8731814355598, -999.7546444872478, -999.7568488748163, -999.7568488748163, -999.7568488748163, -999.7568488748163], 
[629.5523748381206, -738.4808302269696, -833.9292067235095, -879.9104938673606, -972.09065830199, -972.09065830199, -978.5190779575064, -978.5190779575064, -983.7263607375937, -989.9957127945132, -992.8550525888123, -994.2869070177986, -997.1622386719271, -999.0004616676831, -999.0004616676831, -999.2037495482012, -999.2037495482012, -999.6738733934214, -999.6738733934214, -999.8315483592846], 
[881.7924273861788, -387.51016872435025, -957.2092319048402, -973.422744439982, -993.9455463210843, -994.6224879940181, -994.6224879940181, -998.2091960776653, -998.2091960776653, -998.2091960776653, -998.373846829405, -998.6474318909882, -999.2462317206142, -999.3806521730929, -999.4410452091306, -999.5494700818057, -999.5494700818057, -999.683959231936, -999.8911025238613, -999.9497144823473], 
[378.8168865187931, -157.89809898918793, -941.3740673889472, -941.3740673889472, -941.3740673889472, -959.1107137450722, -984.0399467962501, -994.3877256856399, -994.3877256856399, -994.3877256856399, -995.2900405741923, -996.7851906685328, -998.2715500198746, -998.2715500198746, -999.2980732988117, -999.2980732988117, -999.2980732988117, -999.659756714294, -999.6608001075444, -999.6647096955695], 
[-563.4923610757262, -643.2789085099853, -963.8227389207254, -963.8227389207254, -972.1782766430563, -981.4685435018082, -981.9615486551327, -984.9466922730222, -995.0687459206047, -995.0687459206047, -996.2789271763942, -997.8210633538546, -999.1405384325597, -999.1405384325597, -999.5071128440183, -999.5071128440183, -999.6189773318908, -999.7606486565236, -999.9046139002481, -999.9046139002481], 
[369.58599765289364, 369.58599765289364, -907.4560029674283, -972.6834655880883, -972.6834655880883, -973.3336296207619, -985.1328658330378, -986.0799650129941, -998.0907298482883, -998.0907298482883, -998.0907298482883, -998.0907298482883, -998.3301321406525, -998.9322727523307, -999.0631128363609, -999.4927905353785, -999.4927905353785, -999.8541594841962, -999.8541594841962, -999.8541594841962], 
[-420.5381292651299, -612.6401848273761, -853.551843781153, -934.1712088303461, -934.1712088303461, -966.9042286789439, -987.4553237558072, -987.7865504000034, -989.0147997485345, -993.943146958528, -997.785979989902, -997.785979989902, -998.2546314131727, -998.373487107793, -998.5898098045212, -998.7256752411628, -999.845991136651, -999.845991136651, -999.845991136651, -999.845991136651], 
[-480.2459817699587, -846.9237022933935, -936.8579636190344, -950.9302583733745, -980.245946076633, -983.6826202116163, -991.2950337377499, -995.7624191770801, -996.4232814877267, -996.5349178420367, -997.9465461172589, -999.2522158018436, -999.2826122221728, -999.2826122221728, -999.2826122221728, -999.8415279541672, -999.8415279541672, -999.8415279541672, -999.8750190872569, -999.8977189272772], 
[968.8446968392309, -528.6167683922974, -973.5475264073409, -980.254763375613, -981.5969995090959, -990.7561384040126, -995.543454061214, -997.0234347029192, -997.0234347029192, -998.8286166330092, -998.8286166330092, -998.8286166330092, -999.7568153595785, -999.7568153595785, -999.7568153595785, -999.7568153595785, -999.7568153595785, -999.8300012303107, -999.8300012303107, -999.8480288135954], 
[347.1234383289943, 309.47554136937083, -920.416794666125, -935.1946264962395, -964.627407288519, -973.0922750519056, -975.6875488906345, -993.4090197347, -998.0492645239829, -998.0492645239829, -998.3677075178393, -999.2120575520619, -999.2239345669002, -999.3003289271743, -999.7275039615313, -999.7275039615313, -999.7275039615313, -999.7450895965379, -999.7450895965379, -999.7490946748675], 
[-477.3686031400217, -477.3686031400217, -952.1148748981832, -962.7213428173812, -972.0833081992977, -975.0341002650279, -982.1168952618599, -985.175594489419, -990.5922394457051, -995.1432435029831, -996.9170039013154, -999.2773288691192, -999.2773288691192, -999.3528720002727, -999.4218811520012, -999.4598691092926, -999.5022004488102, -999.595863848343, -999.595863848343, -999.7206465386328], 
[2000.3759592640322, -499.5496237061047, -933.6043052404929, -936.3844841573853, -953.5671694554047, -970.5188449218932, -973.2367136718641, -982.8503222695017, -982.8503222695017, -997.3827826756658, -997.3827826756658, -998.0899770210353, -998.1987850340213, -998.1987850340213, -998.5997187941409, -999.5367987871775, -999.5367987871775, -999.5367987871775, -999.5700750266395, -999.5764943046667], 
[-642.3079973708154, -642.3079973708154, -956.5805517358853, -956.5805517358853, -960.9110064684876, -977.9539871672791, -995.2100069011274, -995.2100069011274, -995.8330869244486, -996.5118277887418, -997.6037924055817, -999.4100460173992, -999.6789544469702, -999.6789544469702, -999.6789544469702, -999.6789544469702, -999.6789544469702, -999.6789544469702, -999.7495187495567, -999.8026422310077], 
[-181.46694753941802, -181.46694753941802, -866.9727036940799, -870.6752268417746, -942.6330978581968, -968.3599111720174, -977.8648743519813, -984.2866100380812, -996.3127237843099, -997.6893551290485, -997.6893551290485, -997.6893551290485, -999.2613160607971, -999.5354951524893, -999.5354951524893, -999.5354951524893, -999.5668079293266, -999.8679830175226, -999.8679830175226, -999.8679830175226], 
[-254.85007144142128, -263.74469700775876, -974.0499754349959, -983.0363818449161, -992.3273609817152, -992.684576846345, -994.2714131194277, -994.4733776963003, -997.6143032630173, -998.4304684822215, -998.4304684822215, -998.8763348481881, -998.9905833417243, -999.2111289308423, -999.2111289308423, -999.8001746802145, -999.8001746802145, -999.8001746802145, -999.8046958978375, -999.8185642560059], 
[46.11338828949147, 46.11338828949147, -917.1180103223924, -917.1180103223924, -957.5156163515331, -958.4998464816716, -977.0750692817622, -981.2945656785447, -991.6862421033134, -995.7509699131473, -996.6849112101071, -998.7145331800142, -998.7430863450093, -998.9339972125404, -998.9985695190034, -999.5086939466404, -999.5086939466404, -999.6394655830948, -999.6394655830948, -999.6394655830948], 
[-355.0219412225264, -355.0219412225264, -940.5233306002164, -940.5233306002164, -940.5233306002164, -961.9221697613345, -967.9476189423508, -984.7337086360517, -994.6621510077807, -995.984968200014, -998.6162642267132, -998.6162642267132, -998.6162642267132, -998.6162642267132, -998.9259445020053, -998.9732496472095, -999.2714365533258, -999.7054242282484, -999.7054242282484, -999.7054242282484], 
[-351.05184887206633, -351.05184887206633, -864.4523463086964, -942.1488769046891, -969.0147434475961, -985.0814271094881, -985.0814271094881, -992.4989265430996, -995.7013778762984, -995.8851507103773, -999.4627757250355, -999.4627757250355, -999.4627757250355, -999.4627757250355, -999.4627757250355, -999.4627757250355, -999.7864054708897, -999.7864054708897, -999.7864054708897, -999.8343644562568], 
