[-117.48892276001288, -153.76735471355892, -625.6111300243027, -829.0274998807898, -937.5445943868427, -937.5445943868427, -963.5720367661787, -982.7323022011223, -996.432559938716, -996.432559938716, -996.432559938716, -996.4996829621301, -997.4393546199622, -997.8926434485363, -999.1341074678732, -999.5325457211294, -999.5336469133741, -999.5336469133741, -999.9233332293675, -999.9233332293675], 
[-321.6937699369057, -321.6937699369057, -857.4989692122723, -975.5469406142295, -991.3574173116134, -991.3574173116134, -992.4041261814009, -992.4041261814009, -995.065386751204, -995.3882736587981, -998.5330787316144, -998.700429289236, -999.4619281387019, -999.5033158272962, -999.5033158272962, -999.5583504356359, -999.5583504356359, -999.63607137122, -999.7916453951032, -999.7916453951032], 
[309.22527558831143, -753.3281794112552, -909.0655162760127, -947.0206148258305, -956.7624832922727, -967.1236419430737, -978.162594299114, -986.1491912300352, -990.1779747058555, -994.0770020429097, -996.0059600083051, -996.1317402815326, -998.3921618564599, -998.3921618564599, -999.6240663287173, -999.6240663287173, -999.6330133035386, -999.8046416860778, -999.8046416860778, -999.8046416860778], 
[1101.9341950908429, -472.15978370032735, -830.3492646981806, -896.5748956380645, -953.8774636297381, -967.6520513187459, -978.7155465204461, -991.7476097449269, -996.7079321523287, -996.780441909518, -997.3594682029909, -999.188743111898, -999.188743111898, -999.220195403626, -999.3263100101375, -999.4868320217288, -999.4991505958142, -999.5797428382228, -999.8841903468201, -999.8841903468201], 
[445.5416767342374, -324.5277659320759, -793.5077790791867, -928.1392044343818, -953.0190649871879, -957.9867402556579, -965.27851872924, -972.7597279006179, -983.5822770170768, -991.1942170102442, -993.4754922571824, -997.7388519621048, -998.9991656963043, -998.9991656963043, -999.3414203666716, -999.7333049031074, -999.7333049031074, -999.7333049031074, -999.7626171818564, -999.7626171818564], 
[-128.00579242383435, -130.93280344514073, -905.0055205584174, -942.7293876030964, -962.0258465882762, -972.5973529271885, -986.5215034031338, -992.0553139319376, -995.1469296689278, -995.3716149718581, -997.4865059053869, -998.5195299332994, -998.7923396598716, -999.3030598039179, -999.5584759950075, -999.7651566508607, -999.7651566508607, -999.7651566508607, -999.7651566508607, -999.8214379567531], 
[-496.67022976063726, -496.67022976063726, -939.9493424008714, -969.4736568279623, -977.2568173934767, -977.2568173934767, -992.5209726819631, -992.5209726819631, -998.0748214785252, -998.0748214785252, -998.5469995968652, -998.5469995968652, -998.5469995968652, -998.5469995968652, -999.2696793829001, -999.6590111966417, -999.6754140371265, -999.6754140371265, -999.7112300107176, -999.8612255490476], 
[-581.6544557084976, -593.1435644698289, -908.5994068697544, -929.5016213823253, -950.0818339933411, -982.7995365585477, -994.3760805679025, -994.3760805679025, -994.3760805679025, -996.3957115022955, -997.8458591152154, -998.4016778864534, -998.6272112806524, -999.7866550129967, -999.7866550129967, -999.7866550129967, -999.7866550129967, -999.7866550129967, -999.7866550129967, -999.9228026030547], 
[680.8015804230872, 176.8832214597062, -934.247381206206, -980.3308530604285, -980.3308530604285, -982.9517393473565, -988.9049499049316, -994.198985178969, -997.7114809415484, -998.9499809931226, -998.9499809931226, -998.9499809931226, -999.3180478639214, -999.3180478639214, -999.3197722635624, -999.6598516078935, -999.6598516078935, -999.6598516078935, -999.6598516078935, -999.9441113594249], 
[238.9781674493072, 238.9781674493072, -899.9100136540169, -969.7312496011054, -980.7610954748774, -980.7610954748774, -989.3827560880283, -989.3827560880283, -990.4091637922098, -996.9176766634213, -996.9176766634213, -998.4672131882508, -998.4672131882508, -999.6958939312252, -999.6958939312252, -999.6958939312252, -999.6958939312252, -999.6958939312252, -999.7157531205385, -999.7529485309825], 
[445.3385899119994, -528.7471705540725, -844.336175306307, -942.5153666596983, -957.1510641062882, -959.491028871069, -966.3658534471998, -987.6830936400232, -988.1437352273541, -993.161788439111, -995.0133665556714, -997.8440515856934, -998.3395837721017, -998.4439027284596, -999.1430343629124, -999.4781752270077, -999.4781752270077, -999.4781752270077, -999.5706803698031, -999.6794412469541], 
[49.135320710258384, -415.9040039851378, -951.0831960606869, -954.7409841249108, -965.3982680467022, -982.2904951989892, -993.1050666549759, -993.1050666549759, -996.423977266902, -996.423977266902, -998.0791766757269, -999.1203274625847, -999.1203274625847, -999.3598081139064, -999.6484040926439, -999.8243777713427, -999.8243777713427, -999.9370730362069, -999.9370730362069, -999.9487180876129], 
[-209.09833579468443, -268.6393176790575, -877.7342641688203, -978.9486290970378, -978.9486290970378, -980.3285045401911, -995.745041171043, -995.745041171043, -997.080857684596, -997.5099511071948, -997.8008874865384, -997.8900576765952, -998.3124200776454, -999.6188292710041, -999.6188292710041, -999.7204893169094, -999.8816559867447, -999.8816559867447, -999.8816559867447, -999.8816559867447], 
[-682.4583943310784, -682.4583943310784, -974.4447883953221, -974.4447883953221, -974.4447883953221, -988.3701817343854, -992.6025170694534, -993.5205453027962, -999.5534889358347, -999.5534889358347, -999.8959299836444, -999.8959299836444, -999.8959299836444, -999.8959299836444, -999.8959299836444, -999.8959299836444, -999.8996123628207, -999.8996123628207, -999.8996123628207, -999.8996123628207], 
[-573.5933572655065, -576.9564315608138, -990.6979759159913, -993.2748162387751, -997.5480213634825, -997.6223712504667, -997.6223712504667, -998.0027046018977, -998.9175935950065, -998.9624755444884, -999.2264025470689, -999.4294749631774, -999.4953908991603, -999.7125242923364, -999.748302325491, -999.748302325491, -999.7659687919677, -999.7866176330401, -999.8370929260406, -999.8727703759247], 
[1241.0216839079471, -439.32167642723016, -856.4709349151361, -856.4709349151361, -968.7037673141875, -973.2114418239103, -985.2804308001525, -994.4932215193038, -995.210978337033, -997.0094025471209, -997.9353873080411, -997.9353873080411, -999.5080619443714, -999.5080619443714, -999.5080619443714, -999.7004939142857, -999.7306841863805, -999.7306841863805, -999.7306841863805, -999.8895121868734], 
[-229.11224460185713, -403.6450944367749, -493.31782520826414, -760.6644984618758, -941.8096724940846, -966.1326780475563, -990.767221141609, -997.0392567995023, -997.4485237866274, -998.5089520788539, -998.5089520788539, -998.8395333225427, -999.4301497820773, -999.5019818050101, -999.5426286628893, -999.7299468290371, -999.7299468290371, -999.7347066276222, -999.839445418877, -999.839445418877], 
[-65.22836774916323, -511.3535361422905, -881.9877528741413, -900.721125112085, -956.700914881982, -974.2657055359253, -988.9504193333786, -994.204849762733, -995.3344180044784, -997.8582891643772, -997.8582891643772, -998.5464745874048, -999.1190783305636, -999.5633339245571, -999.5633339245571, -999.6326621037931, -999.7347425466847, -999.7689634452754, -999.7689634452754, -999.7689634452754], 
[-7.828531688208159, -7.828531688208159, -740.7293131584593, -896.6661766715071, -974.879599410601, -974.879599410601, -979.4552884267595, -981.9221093282239, -994.1105978455807, -994.1105978455807, -998.4864630984794, -999.0640047757225, -999.0640047757225, -999.0640047757225, -999.2234771557879, -999.2234771557879, -999.3583004092137, -999.3583004092137, -999.5696837902267, -999.5696837902267], 
[-234.40519244933444, -496.5388811022767, -850.6253921109002, -850.6253921109002, -913.5138316336074, -944.4543955682465, -964.2483570630028, -982.8483439902249, -983.747089276709, -985.8248244266366, -991.7050430411621, -994.1191300641041, -996.6166131680936, -997.9158034460065, -998.8132159166474, -999.4108796479101, -999.4109589055084, -999.5890632030374, -999.5890632030374, -999.7234478400493], 
[-562.3494270941412, -562.3494270941412, -933.0916350025705, -937.9228259198836, -977.5931234734807, -977.5931234734807, -990.5331152312872, -993.0711558608698, -995.9315955622217, -996.9871301803823, -997.5718500411858, -999.1025504759746, -999.1027334145754, -999.3301316188441, -999.3529101007231, -999.7151276590755, -999.7151276590755, -999.7151276590755, -999.7477500140462, -999.868600238787], 
[479.75028869406015, -401.7964777930233, -855.6337046589435, -913.4892098549218, -953.3478216608074, -981.4411058542385, -981.4411058542385, -993.1375132302203, -993.4334638059336, -994.7310871496154, -998.0182542629274, -999.2391747461514, -999.2391747461514, -999.2391747461514, -999.5360833441662, -999.5360833441662, -999.580133708005, -999.580133708005, -999.8458733364592, -999.8458733364592], 
[1070.2184037733482, 1070.2184037733482, -860.5594937476653, -874.5263468506654, -960.0412279563214, -980.0437815292462, -991.0981102379923, -997.3050375698459, -997.3050375698459, -997.3050375698459, -998.8585000702036, -998.8585000702036, -998.8585000702036, -999.4291765916643, -999.7664341000434, -999.7664341000434, -999.7664341000434, -999.7664341000434, -999.8127001500372, -999.8129636566312], 
[-328.01724621653216, -694.9123729948146, -872.0925859909376, -924.286472615127, -952.0372425580811, -974.2504531213004, -974.2504531213004, -985.9441010320081, -986.9519342630977, -994.7304447166922, -997.6879875897766, -998.2575647659694, -999.4044630483486, -999.4044630483486, -999.5002438658244, -999.5002438658244, -999.6438047434617, -999.6438047434617, -999.8081677773629, -999.8081677773629], 
[-497.94925924103427, -682.1949530608363, -824.0448649972808, -892.5696658218781, -967.2780823368416, -967.2780823368416, -980.3952802441471, -981.4229959801427, -995.7777748505489, -996.5477933910447, -997.5168984835208, -997.9580075461453, -998.7214522365632, -999.3844996665123, -999.3844996665123, -999.3844996665123, -999.5190138028596, -999.5190138028596, -999.5190138028596, -999.6315067345555], 
[16.94073553855594, 16.94073553855594, -911.12352073272, -958.8382630748074, -963.7600290152686, -988.0350508608359, -993.1348556579992, -996.2218983445338, -996.2218983445338, -999.0215037196481, -999.0215037196481, -999.0215037196481, -999.0215037196481, -999.6176963144444, -999.8691604011989, -999.8691604011989, -999.8691604011989, -999.8691604011989, -999.8692259005942, -999.8692259005942], 
[-354.8497071083749, -655.3028987736061, -913.3609180087786, -973.9563129191993, -975.0974000873566, -980.9720189161459, -982.7364634453237, -995.857518948956, -995.857518948956, -996.0816767067283, -997.4504814133022, -998.8619351091914, -999.188814131748, -999.7434765432575, -999.7434765432575, -999.7434765432575, -999.7434765432575, -999.7434765432575, -999.766455086644, -999.8785717262112], 
[-179.43506020197697, -179.43506020197697, -903.4517108921528, -905.6719938866551, -961.4995790742119, -980.1638680055693, -992.0761048765368, -992.0761048765368, -994.0725837158107, -995.6405755956467, -996.5436888581082, -997.4664182959199, -998.303236924319, -999.409970812147, -999.5896985954724, -999.5896985954724, -999.5896985954724, -999.8061115806061, -999.8061115806061, -999.8061115806061], 
[-177.1106085596207, -294.0829897764469, -845.119664187874, -893.9127819479726, -907.379743877007, -983.6581594818206, -993.0467169864905, -996.0335923112965, -996.6484986014415, -997.5192854825989, -999.1519954107569, -999.416612718582, -999.416612718582, -999.416612718582, -999.449028674255, -999.449028674255, -999.6641877136738, -999.7081469400543, -999.8166744472518, -999.8166744472518], 
[1687.2076547560664, -614.6820751915757, -906.0224655759109, -944.7790496260142, -978.8422852413689, -978.8422852413689, -987.1649194673233, -989.4726986811659, -998.1051000454213, -998.1051000454213, -998.217320605362, -999.393237405992, -999.4501784396659, -999.4501784396659, -999.7120622745412, -999.8148498765928, -999.8148498765928, -999.929937856065, -999.929937856065, -999.929937856065], 
