[-459.3805301791059, -459.3805301791059, -675.6123424236584, -866.6568495015326, -873.5123060698596, -969.1261595047948, -987.4379237576417, -987.4379237576417, -990.4637871309991, -994.821283287309, -998.205115072645, -998.2561805836239, -999.0685682268098, -999.1710410972025, -999.1710410972025, -999.1710410972025, -999.1710410972025, -999.3020326922504, -999.5148775979474, -999.7920213573711], 
[763.335998974936, 193.7983170485295, -936.2333401996075, -965.876037067613, -976.2943823463974, -984.6250460715167, -984.6250460715167, -994.7097903948719, -994.7097903948719, -995.1863874344701, -996.7861559625475, -998.6116302434959, -999.0231495600498, -999.1913124639059, -999.4025591904639, -999.5007056879543, -999.5937960270633, -999.611428973591, -999.7315028321327, -999.7909161243073], 
[-777.274968747829, -777.274968747829, -947.9722776541344, -964.7583451514945, -964.7583451514945, -975.8973312996749, -996.8667772800874, -996.8667772800874, -998.9461920063358, -999.2437952665612, -999.2437952665612, -999.2437952665612, -999.2437952665612, -999.2437952665612, -999.4080202352111, -999.4080202352111, -999.7451068926847, -999.7451068926847, -999.8089739176762, -999.8089739176762], 
[-366.21947860053467, -403.67487038045647, -889.903877354761, -907.530346637432, -914.0656127685141, -941.7778719413797, -959.0583663495747, -959.0583663495747, -975.997758328455, -978.0093368470849, -982.4910463907398, -997.0999687594218, -997.0999687594218, -998.0351254209049, -998.9268259090197, -999.4451333458517, -999.4451333458517, -999.6577929894911, -999.6577929894911, -999.6577929894911], 
[931.8617447855522, 856.797518295099, -880.3621217256871, -920.9789180556699, -952.9648162119379, -969.952104049117, -969.952104049117, -989.7460616223394, -993.0895758447899, -996.5783919093742, -998.8950595455916, -998.8950595455916, -999.0243493084077, -999.3422489084705, -999.3422489084705, -999.3422489084705, -999.7730645768362, -999.7730645768362, -999.7730645768362, -999.8080479789244], 
[1634.0054250753083, 663.7950094770872, -973.0047328079958, -989.2727077108999, -989.2727077108999, -992.3806313977325, -993.2195068564864, -997.1488145724459, -997.8626667684974, -998.6661353299069, -998.9603567416203, -999.3381580919453, -999.6362998278012, -999.6362998278012, -999.90871760322, -999.90871760322, -999.90871760322, -999.90871760322, -999.90871760322, -999.9297176076196], 
[193.5961248153567, -359.11805273196796, -939.4677152175512, -977.541952108554, -977.541952108554, -977.541952108554, -989.934570437517, -992.101570486617, -992.101570486617, -996.8000097898132, -998.2466472927639, -998.999788988324, -998.999788988324, -999.3380420552612, -999.3380420552612, -999.4538444341104, -999.5333430706842, -999.5333430706842, -999.8369414754989, -999.8369414754989], 
[-709.1478519993858, -919.605589103527, -919.605589103527, -919.605589103527, -973.4760158303661, -985.4898857087239, -985.5806833285723, -990.7590312274526, -994.3840433872712, -994.3840433872712, -997.1821842335646, -998.9545557716109, -998.9545557716109, -998.9545557716109, -998.9545557716109, -999.2744142687756, -999.3141231305812, -999.7376922444467, -999.842843592389, -999.8437159912608], 
[-243.31383777711676, -243.31383777711676, -967.424758693688, -967.424758693688, -973.534977061095, -989.2368708152595, -989.2368708152595, -995.6418401609607, -995.6418401609607, -995.6418401609607, -996.3504342307164, -998.7688657917164, -999.2244315174186, -999.2244315174186, -999.3319059013107, -999.3319059013107, -999.674150578428, -999.6961099177659, -999.7201417207765, -999.7374368505824], 
[274.89579679483836, -350.0725462992531, -748.098230011989, -882.6976041349939, -921.7937725724977, -971.0920210667645, -983.3972058094427, -983.7816089529077, -986.7433564772277, -995.0273381832936, -995.0273381832936, -997.0135675486126, -998.5342405510198, -999.6278830038976, -999.6278830038976, -999.6278830038976, -999.6278830038976, -999.6278830038976, -999.6278830038976, -999.6278830038976], 
[843.1036647082365, -619.2796119567604, -899.1080887189948, -899.1080887189948, -951.3957598860861, -958.2629428911121, -964.5412238403727, -977.3429804819832, -992.7085994667107, -994.6851113269921, -994.7005169167755, -995.2089340439169, -997.7241179669327, -998.7027196083627, -998.7027196083627, -998.9711382871903, -999.4930155860235, -999.4930155860235, -999.4930155860235, -999.5539254768912], 
[156.48564088181456, -61.55025705733624, -869.5523223123141, -869.5523223123141, -883.9637622194176, -938.1147896368128, -977.0726085587501, -978.5713927356526, -989.5717337469918, -992.5456006615362, -996.6305691590147, -997.125240832115, -998.9360649549759, -999.8260432433278, -999.8260432433278, -999.8260432433278, -999.8260432433278, -999.8260432433278, -999.8260432433278, -999.8769783188002], 
[-592.6166610599987, -592.6166610599987, -855.8000766507585, -913.9299902382792, -935.9071480892298, -973.8485810825543, -983.8180345433991, -986.9476752944805, -993.6638825353004, -995.8522377429649, -996.4816809733717, -996.9424285749312, -998.6142286831235, -999.1758549651895, -999.1758549651895, -999.1758549651895, -999.3795004479716, -999.6334047387394, -999.6334047387394, -999.6755960899126], 
[1338.7893324080205, 430.39806588882334, -909.901161815632, -959.0358914855367, -959.0358914855367, -975.2990286589406, -992.7252713412196, -992.7252713412196, -996.4243076109647, -997.3264500730686, -999.0867107311656, -999.0867107311656, -999.0867107311656, -999.3303384474972, -999.3303384474972, -999.8243957539415, -999.8243957539415, -999.8243957539415, -999.8243957539415, -999.8243957539415], 
[-634.6497702332481, -634.6497702332481, -969.4172853990592, -980.6617255272516, -980.6617255272516, -990.9337980323944, -990.9337980323944, -992.208754335914, -998.7510533392476, -998.7510533392476, -999.3903237848651, -999.3903237848651, -999.3903237848651, -999.3903237848651, -999.7346896469649, -999.7419004334544, -999.9567346059765, -999.9567346059765, -999.9567346059765, -999.9567346059765], 
[833.376583174793, 148.85935243459744, -823.9291724420259, -856.1838021822091, -931.5900431105686, -948.6639298402749, -975.4881118219023, -990.0680654919047, -994.1894059943963, -994.1894059943963, -997.2221300219093, -997.2221300219093, -998.160436737429, -998.7406530743519, -998.7406530743519, -999.1460855849894, -999.3722789824106, -999.5386972908663, -999.6218402970069, -999.6867190509714], 
[-287.89165535033624, -774.4149231940648, -879.4661720533026, -935.7344064350177, -966.5261043441499, -971.5818288324884, -971.5818288324884, -977.6907788980085, -982.527419907702, -990.5099218101434, -995.2962483816531, -997.3054770181216, -998.1938361135532, -998.1938361135532, -999.4478005392143, -999.4478005392143, -999.4478005392143, -999.5074753291775, -999.6039308373246, -999.6172646924553], 
[-64.04587097065792, -285.8486188712436, -928.2852156233965, -970.5422491479818, -970.5422491479818, -979.553970277729, -987.384720780006, -994.4246871028498, -995.1868623500943, -997.2039217404136, -998.7619065118287, -999.195448577559, -999.195448577559, -999.195448577559, -999.4847068866469, -999.6078058812113, -999.6078058812113, -999.6763662234439, -999.7776325743306, -999.8734490225485], 
[-583.2144014459626, -583.2144014459626, -783.6389354594035, -951.9781061391942, -965.8337306091867, -983.9924988182091, -985.1629344957953, -985.1629344957953, -986.1017031614792, -989.148446775163, -993.8973421105302, -996.085963240821, -997.5876258520727, -999.0110005086964, -999.0110005086964, -999.0970490264617, -999.7083683578537, -999.7083683578537, -999.7083683578537, -999.7083683578537], 
[-393.92161889819624, -949.5599601124335, -949.5599601124335, -976.3438902325423, -990.1053941276176, -990.1053941276176, -996.4333051591307, -997.5355440525319, -997.5355440525319, -999.006121448253, -999.006121448253, -999.0775086035601, -999.0775086035601, -999.3830028976349, -999.3830028976349, -999.3830028976349, -999.5979231404392, -999.7271388604727, -999.7327496234661, -999.9009329054683], 
[-422.85019450134723, -787.9627012896065, -926.5147079804838, -972.6754249930126, -978.6388516308843, -992.8809805598781, -992.8809805598781, -995.9725879294648, -996.6886146843098, -996.6886146843098, -997.3666045749777, -997.5951650462798, -999.4378779898509, -999.4378779898509, -999.4866684885872, -999.4866684885872, -999.8615593926581, -999.8615593926581, -999.8615593926581, -999.8615593926581], 
[1097.2595132665233, -488.930634443647, -790.3934833757932, -809.9741164487183, -923.8318083598858, -974.6008032355832, -976.8073912739512, -986.3434467500898, -988.1356548647808, -993.6294869318463, -998.0316580214558, -998.0316580214558, -998.8000192167997, -998.8000192167997, -999.2401279335493, -999.5281899233161, -999.5281899233161, -999.7286717525137, -999.7286717525137, -999.7286717525137], 
[-435.6805372556496, -576.6531234034874, -593.3519654822087, -921.0230951917803, -952.0379528657663, -952.0379528657663, -966.8465893611718, -976.5767697795644, -988.7898061821454, -991.681631611415, -995.041988806734, -998.6865197969513, -998.6865197969513, -998.6865197969513, -999.0654089882466, -999.4317027570881, -999.4317027570881, -999.4317027570881, -999.6098325502219, -999.6652423684997], 
[1004.1171898749935, -474.995586430873, -941.2620022123592, -960.9086555614253, -984.3033212088636, -990.8863632037021, -990.8863632037021, -990.8863632037021, -992.4237635797921, -995.1558943773239, -996.1286661950938, -998.9059157773365, -998.9059157773365, -998.9059157773365, -999.0530789899045, -999.5029531665413, -999.6169262734353, -999.6169262734353, -999.7038144430541, -999.7038144430541], 
[-559.7602956481439, -802.7262175567707, -925.4122853805682, -937.4980170673438, -986.5321348910279, -986.5321348910279, -986.5321348910279, -996.3490063547562, -996.9094121467322, -996.9094121467322, -998.5145972427384, -998.8505048949324, -999.5850283304069, -999.5850283304069, -999.5885653974286, -999.5885653974286, -999.5885653974286, -999.5899789973032, -999.5899789973032, -999.8824275191369], 
[278.1139524560922, -903.6774879340522, -913.3782917681066, -913.3782917681066, -945.3318050211286, -979.3133854455173, -983.2236470629491, -997.5769727451407, -997.5769727451407, -997.5769727451407, -997.5769727451407, -997.8834704230582, -999.2969572543785, -999.433684120937, -999.6523944533294, -999.6523944533294, -999.6523944533294, -999.6523944533294, -999.8642612596129, -999.9139974200258], 
[-409.55911177533267, -641.8445750785927, -902.326063828102, -942.3794651383379, -970.966608916193, -984.712434769356, -989.3330889064451, -990.2022519051027, -993.9466708110074, -999.1598588356039, -999.1598588356039, -999.1598588356039, -999.1598588356039, -999.5591045021766, -999.7763185196717, -999.7763185196717, -999.7763185196717, -999.7763185196717, -999.8164938119861, -999.8512487937805], 
[-91.61096968134052, -91.61096968134052, -708.0268047644331, -908.8727997630563, -956.8070708174471, -959.0748757887872, -986.498663991215, -994.9471880823727, -997.3092249837986, -997.6065952295135, -997.626823445089, -999.2127528319367, -999.2127528319367, -999.2127528319367, -999.2127528319367, -999.4295658167981, -999.6200911666034, -999.8379628480693, -999.8379628480693, -999.8379628480693], 
[-752.2823056285104, -752.2823056285104, -932.4459907647955, -955.8740828592968, -971.905166503457, -971.905166503457, -989.1620323696748, -990.9981757702541, -994.4468607005813, -996.1317685453822, -998.1538224544123, -998.5387614277838, -998.539375601252, -998.5778028483758, -999.2868518981148, -999.3972866095773, -999.5074309846838, -999.7293352595167, -999.7328335827033, -999.8901168995658], 
[-61.63248347180581, -555.9867919206815, -897.7196021457785, -949.8288527758746, -949.8288527758746, -969.7437397087589, -981.4684727180479, -982.3073636299401, -991.1705439797196, -997.0034909422805, -998.0718613726419, -998.0718613726419, -998.0718613726419, -998.5507794448323, -999.5603364292821, -999.5632785831638, -999.5632785831638, -999.5632785831638, -999.588017949518, -999.8893775666706], 
