[-795.8773269227119, -795.8773269227119, -957.7327180148162, -974.8959550669259, -976.5867168563643, -989.8042479241627, -989.8113655907429, -993.4932982728088, -996.9396498233498, -997.1021907057989, -999.3919576795187, -999.3919576795187, -999.5459710472264, -999.5459710472264, -999.5860160424977, -999.8077094429981, -999.8077094429981, -999.8303749820781, -999.8303749820781, -999.856563443657], 
[506.7768689021848, -570.5306751022947, -946.1985885353877, -975.7704515750598, -982.5678253863784, -987.1487603869714, -994.1625811195532, -994.2851883121679, -998.6803221656663, -998.6803221656663, -998.6803221656663, -998.7973414719296, -999.1020146498942, -999.1020146498942, -999.181297496814, -999.3648349167661, -999.481440035533, -999.6196536751066, -999.894959684084, -999.894959684084], 
[1168.8338115182091, -64.24975527519825, -922.9836964990507, -923.2548695348264, -946.9979325887604, -965.9042607857477, -974.5510304885298, -989.0505059347514, -989.6022514368038, -995.3931845174437, -997.1192027674178, -997.1358965785921, -999.1113636889796, -999.3547338949245, -999.3547338949245, -999.4004354323686, -999.4504445391932, -999.6604275563338, -999.6604275563338, -999.6604275563338], 
[552.2582489967592, -245.41325100125152, -764.4197497207565, -804.1102481448861, -885.8716867466707, -946.4614515892181, -961.9717108587672, -977.0482003979187, -981.8394385551637, -992.0389028274033, -993.611113111015, -996.3979388447768, -999.2633132529257, -999.2633132529257, -999.2633132529257, -999.6641352007646, -999.6641352007646, -999.6641352007646, -999.6641352007646, -999.6641352007646], 
[-519.5357913051467, -538.2553534612207, -794.531887444766, -919.5994624073783, -986.3691424786792, -986.3691424786792, -986.5983719743954, -989.8915814028018, -992.3857256110425, -993.4538742188272, -997.8809769835739, -997.8809769835739, -997.8809769835739, -998.5916040259241, -999.6056281199814, -999.6056281199814, -999.7436206173849, -999.7436206173849, -999.7827067246498, -999.7827067246498], 
[-307.0663760416397, -473.24127537631875, -956.160018963634, -981.6545094213701, -987.8138739653552, -988.579877665202, -993.5225589853405, -995.9793875425493, -997.5718005233008, -997.7149289357876, -998.139400520788, -998.6190795411612, -999.683412797819, -999.683412797819, -999.8529757940283, -999.8529757940283, -999.8529757940283, -999.8529757940283, -999.8529757940283, -999.8612474453492], 
[-900.9544674178896, -900.9544674178896, -920.3615958934697, -940.7825409442025, -963.5284582983867, -987.2495560368582, -987.3884117031622, -994.8418628806131, -995.6774983988334, -998.0064109433931, -998.0064109433931, -998.6253871398981, -998.9498343422378, -999.5235210473077, -999.5235210473077, -999.7060740660194, -999.7600913341837, -999.7600913341837, -999.7600913341837, -999.8818068038389], 
[-618.827822314907, -621.2413743802979, -964.0987563462932, -979.6173401143562, -979.6173401143562, -989.3799255329578, -989.3799255329578, -993.8425002905761, -995.9219864290599, -996.869738194129, -998.3007372938257, -998.3007372938257, -999.6314589922108, -999.6314589922108, -999.6314589922108, -999.8328704999562, -999.8328704999562, -999.8328704999562, -999.8337776724002, -999.8337776724002], 
[52.73405484736554, 52.73405484736554, -819.6263849592178, -959.2286702654507, -976.0489781298775, -987.2277584963462, -988.4182424210461, -988.4190482527567, -991.0735944081641, -995.2395033459708, -996.3308013190391, -998.5316036873069, -998.8066276377175, -999.575230301448, -999.6783447333446, -999.6783447333446, -999.8221925880184, -999.8221925880184, -999.8221925880184, -999.8221925880184], 
[898.6991823436085, -562.5833411093502, -822.4662810320451, -900.2704051795348, -932.7111847559644, -941.3497059304784, -967.8258766674209, -990.3019220412566, -990.3019220412566, -995.8858820727147, -996.5974970525197, -996.6264642830959, -999.2238997960882, -999.2244171091892, -999.2244171091892, -999.5281185087451, -999.5281185087451, -999.5281185087451, -999.5999669226564, -999.6307415651389], 
[-253.88576270472447, -594.440196691979, -957.3379279463556, -965.5499027899457, -983.4538514820368, -985.7499383934771, -989.4519938207167, -992.2308882200596, -992.2308882200596, -995.7142499386892, -996.1139796611207, -996.9140390446663, -998.2870729373266, -998.2870729373266, -998.8828150902505, -999.1759007479554, -999.4606356076225, -999.5757605704694, -999.7454283074115, -999.8338337099322], 
[-464.83467655748825, -573.0594731340152, -963.6395790576272, -977.9434264770348, -981.0804268262007, -983.0165809920181, -991.1596405073254, -991.1596405073254, -996.458811446926, -996.8900878794768, -997.147571209466, -999.1517616262016, -999.1517616262016, -999.3929746351321, -999.3929746351321, -999.4608640166566, -999.4608640166566, -999.7818891619141, -999.8813541928478, -999.8813541928478], 
[71.48235321222273, -296.5674890620303, -840.9960207108384, -978.5422927173787, -978.5422927173787, -983.7067925898154, -984.954479865243, -992.3206415862483, -992.3206415862483, -996.1053347236796, -996.5840600818758, -998.8744094324288, -999.5965227636985, -999.7649817878454, -999.7649817878454, -999.7649817878454, -999.7649817878454, -999.7649817878454, -999.8452213099407, -999.8452213099407], 
[-472.17289809762235, -472.17289809762235, -952.3452751714279, -986.4883211529501, -986.4883211529501, -989.9498767728371, -991.1304238562002, -996.3517297613187, -997.2255941798413, -998.5772385893132, -998.5772385893132, -999.7041889470979, -999.7041889470979, -999.7041889470979, -999.7041889470979, -999.7041889470979, -999.7041889470979, -999.7041889470979, -999.8891741015475, -999.8891741015475], 
[-298.6817540802425, -620.8575791472759, -857.1644068119472, -979.788369900237, -987.5680471573838, -988.4030389015786, -995.8739196688504, -995.895144535522, -997.4596601437382, -997.4596601437382, -998.6789830773776, -999.5566321483961, -999.5566321483961, -999.7595116485697, -999.7827569863736, -999.7827569863736, -999.7827569863736, -999.7827569863736, -999.7827569863736, -999.783013979465], 
[172.835903601645, 172.13129260116875, -888.7544632147785, -941.1233510038969, -941.1233510038969, -946.482627424604, -957.31926262931, -973.3620689704121, -995.1846492927651, -995.1846492927651, -995.1846492927651, -996.4828328480784, -997.2624475003995, -998.9192648358273, -998.9192648358273, -999.4151456806783, -999.4151456806783, -999.5118958985306, -999.5560647236491, -999.6160619719631], 
[-244.42118776618963, -244.42118776618963, -966.3542785316203, -972.1378686084535, -985.4103913539827, -989.6314386173451, -993.7862885315265, -993.7862885315265, -996.0209710882889, -998.8547400691594, -998.8627783482365, -998.8627783482365, -999.4377438486047, -999.4377438486047, -999.4658481256047, -999.704455380894, -999.704455380894, -999.704455380894, -999.704455380894, -999.8840258403192], 
[-625.6059355615356, -625.6059355615356, -916.4111318011057, -923.591698148102, -972.7831565125001, -984.6468714959497, -988.1924330804666, -992.1953142733192, -994.193447763829, -994.9437741104372, -997.3442461296107, -997.4134445911523, -998.6083047536781, -998.8214597026973, -999.0649034687301, -999.0649034687301, -999.6584833428797, -999.6584833428797, -999.8737070817565, -999.8737070817565], 
[1605.5294571078698, -409.0211830142083, -931.1914425672013, -960.0238512068497, -960.0238512068497, -968.4270169444254, -976.7990282522344, -990.8126237274095, -990.8126237274095, -996.7101550331373, -996.7101550331373, -997.7660312206858, -999.0406292353229, -999.2528118974503, -999.2528118974503, -999.767745276739, -999.767745276739, -999.767745276739, -999.767745276739, -999.767745276739], 
[918.7085189502134, 918.7085189502134, -931.3572913758262, -979.1830513747633, -983.2752607545613, -986.6660353084905, -986.6660353084905, -990.5338221039727, -998.8946442254105, -998.8946442254105, -999.4127684581362, -999.4127684581362, -999.4127684581362, -999.699504553275, -999.699504553275, -999.8633586532369, -999.8633586532369, -999.8633586532369, -999.8832233877995, -999.8973642300404], 
[-759.2977580032435, -759.2977580032435, -848.8120147795673, -903.8721483152223, -979.7529609357817, -992.3823771955723, -992.3823771955723, -995.9018186975692, -997.6304621152424, -997.6304621152424, -998.5047527863137, -998.8017364608876, -999.2545564559656, -999.2545564559656, -999.6256091566113, -999.6975438184475, -999.6975438184475, -999.7892846462688, -999.7892846462688, -999.7892846462688], 
[371.0719113276043, -636.8505603018752, -937.9651546307348, -937.9651546307348, -955.1845241751148, -965.2280832517243, -971.1219753541932, -986.87495004346, -992.1974176200924, -994.6599969919733, -997.6472080743143, -998.5118571636033, -998.9896533180425, -999.3131314175934, -999.5464562299152, -999.5464562299152, -999.6429751916985, -999.6429751916985, -999.7199553264267, -999.826348116589], 
[772.0042758063037, -789.1405892484544, -882.3201362501004, -914.8140192893136, -928.2491020511486, -958.239527566691, -961.2742821167303, -983.0281113108746, -987.5830979385122, -995.2194691226747, -998.6478195323108, -998.6478195323108, -998.8417810782073, -998.8417810782073, -999.4803498504932, -999.4852881727686, -999.4852881727686, -999.4852881727686, -999.8020576855654, -999.8059530329044], 
[-279.9699464759949, -285.3959844333326, -854.3186234702932, -881.4466828708607, -930.2578275016565, -949.4995666592002, -968.4721682254402, -977.5234539181442, -985.257947994041, -989.8803676366282, -994.1778795883293, -998.8601489177079, -998.8601489177079, -998.8601489177079, -998.8601489177079, -998.9625588392529, -999.3537236000092, -999.5476430923397, -999.5476430923397, -999.5476430923397], 
[3427.4784660769938, 1099.142430774937, -856.4744838426833, -870.9557170035521, -936.2250653458624, -984.6039240023894, -984.6039240023894, -986.9682959251412, -990.1375386490697, -993.5397517976421, -996.3524560903793, -996.3524560903793, -997.7142645122543, -999.1076020734921, -999.4471244966812, -999.4471244966812, -999.4471244966812, -999.5616648038138, -999.5616648038138, -999.568399054227], 
[-102.41791532482625, -973.4344886770467, -973.4344886770467, -977.3310731176474, -980.7850169022269, -986.5173155089851, -988.4243625430074, -993.4969666204486, -995.7119192107403, -996.5803888036663, -997.0891695359545, -998.7397418116587, -999.2120706821362, -999.669691841727, -999.669691841727, -999.669691841727, -999.669691841727, -999.669691841727, -999.8546363766795, -999.8546363766795], 
[-476.86482729348734, -661.9125612338319, -981.0621167356483, -981.0621167356483, -992.6219969417353, -992.6219969417353, -996.1953144371266, -996.1953144371266, -996.9496538777325, -998.2515600665661, -998.8557441687944, -998.899207636412, -999.0106943471604, -999.3262764582728, -999.6022682135223, -999.6022682135223, -999.6022682135223, -999.8843987577461, -999.8843987577461, -999.9207637947164], 
[-297.19579420415937, -374.2552107121635, -937.4243642912978, -952.4368109178483, -971.905475452012, -983.8148046663081, -991.5975689425878, -992.1206372968621, -996.9241180563146, -996.9241180563146, -998.3716146863311, -998.3716146863311, -998.3716146863311, -998.5188359126372, -999.0514589056115, -999.8267599920787, -999.8331924437412, -999.8732847202186, -999.8732847202186, -999.8732847202186], 
[-644.936793085568, -644.936793085568, -909.9068098788903, -940.8009297469308, -969.4670016960401, -983.8440685830544, -988.9835050242905, -990.572429041185, -995.5042634690158, -997.6244281041737, -997.6244281041737, -999.117889912625, -999.2192458773624, -999.2192458773624, -999.2246242671645, -999.5345073226842, -999.5345073226842, -999.5345073226842, -999.7953179487705, -999.7953179487705], 
[-591.034369672271, -591.034369672271, -933.33816973526, -992.9438084449014, -992.9438084449014, -993.0167930672964, -993.0167930672964, -993.0257453692816, -995.9649862970282, -995.9919364903936, -997.3612810898293, -998.2473070316613, -998.598814348353, -998.8836146374573, -998.9713265997605, -999.5935147499272, -999.5935147499272, -999.7785520753654, -999.7785520753654, -999.7815247701429], 
