[634.1688575975545, -732.3259576186107, -881.2792944502299, -927.0867686206863, -967.8944120920927, -984.3910006388755, -987.6398709914974, -994.0839217485584, -994.5709093408569, -997.1388889766348, -998.7806038245399, -998.7806038245399, -998.7806038245399, -999.3851446290017, -999.5393017776362, -999.5393017776362, -999.834335866524, -999.834335866524, -999.8676750945158, -999.867675174074], 
[-719.1514145141167, -719.1514145141167, -980.4400305772884, -985.4115187462934, -985.4115187462934, -994.6864969804132, -998.1915382570245, -998.1915382570245, -998.1915382570245, -999.2331907745282, -999.4400067097422, -999.4400067097422, -999.4400067097422, -999.5436538354251, -999.6967619765412, -999.6967619765412, -999.7279989478044, -999.7279989478044, -999.7279989478044, -999.8459094936068], 
[-418.5616672089045, -862.3981076837026, -869.3311491154122, -877.6553685901337, -932.1646213623806, -944.1688087464424, -974.7711896788026, -979.415722065907, -997.2475814179129, -997.2475814179129, -998.2488455021812, -998.2680643980902, -998.6967599320772, -999.2376453473009, -999.2376453473009, -999.2376453473009, -999.6560172072534, -999.6560172072534, -999.6560172072534, -999.659235651465], 
[-720.251682666514, -720.2548346293249, -942.250261926888, -985.004016874871, -986.0036394009934, -986.0036394009934, -994.6025764406098, -997.2665465976195, -997.2665465976195, -997.6629881498761, -997.8411302943113, -997.8411302943113, -999.006391145063, -999.2806693608115, -999.4168517172146, -999.4168517172146, -999.4168517172146, -999.9220259653035, -999.9220259653035, -999.9220259653035], 
[576.8236964723546, -369.2625091918526, -977.4920090070615, -983.9709805640975, -996.2399950744334, -996.2399950744334, -996.2399950744334, -997.7701823462403, -997.7724240003088, -998.0295394425202, -999.1706701736027, -999.1706701736027, -999.4569413145188, -999.4901167264269, -999.4901167264269, -999.8214675777083, -999.8500427331547, -999.8578717508711, -999.8578717508711, -999.8578717508711], 
[-464.03734696988874, -851.8557366505188, -956.2667369464734, -977.6352785565933, -977.6352785565933, -977.6352785565933, -989.873969633162, -994.036811014806, -997.8849484853504, -999.3272883689135, -999.3272883689135, -999.3272883689135, -999.3272883689135, -999.6287490984499, -999.6287490984499, -999.6668400257349, -999.6668400257349, -999.6668400257349, -999.9059138151157, -999.9059138151157], 
[-670.2341732878305, -827.9468082448699, -925.4905246133293, -959.4497028677725, -959.4497028677725, -980.4359697862963, -980.4359697862963, -981.2961052896279, -985.3865804089935, -992.452495277443, -996.5285561709246, -998.5795216419775, -998.5795216419775, -998.8927277909655, -999.3068072578703, -999.5391874717661, -999.5391874717661, -999.7265195541144, -999.7265195541144, -999.7265195541144], 
[-520.1485233251049, -591.5169761642014, -952.5198248219699, -952.5198248219699, -982.3497679226144, -992.29879169548, -992.29879169548, -993.5551124605101, -995.8428863725678, -997.7475913527168, -998.3356745139622, -999.1793965716353, -999.1793965716353, -999.2620325440782, -999.4091077045144, -999.5030736364347, -999.60608220151, -999.7224614980946, -999.7878679327375, -999.7878679327375], 
[-188.71193849009285, -293.7597438650272, -857.7376489196192, -900.9039054232398, -938.208366899071, -972.9352673115411, -990.026539804628, -993.8882329549311, -994.2290115268293, -997.9888050965317, -997.9888050965317, -998.7554063197086, -998.8223672594842, -999.1999197163383, -999.383392869815, -999.6983651196251, -999.6983651196251, -999.7343631959882, -999.7343631959882, -999.7397447287195], 
[-617.9775101519901, -617.9775101519901, -881.9487754289, -928.1494097591367, -938.6206440849654, -964.726008734439, -982.9280457705738, -992.7177493958732, -996.1620857989113, -996.1620857989113, -997.0214299008558, -998.2635138435802, -998.8673127594458, -998.956825211082, -999.476251098009, -999.476251098009, -999.476251098009, -999.8882754703129, -999.8882754703129, -999.8882754703129], 
[563.7870683537467, 84.0121741246478, -936.5690204152934, -941.8775138985552, -955.4073807473428, -979.9741454423083, -982.3625741794627, -988.2315318748562, -988.4078184954277, -994.8561553665919, -996.3098335883748, -997.8816045281807, -997.8949728339757, -999.3313368954773, -999.3313368954773, -999.3880583080434, -999.622058807644, -999.7167709548768, -999.8202456526874, -999.8202456526874], 
[-7.732624785735766, -441.17150075216523, -938.1773848546471, -953.1009590802003, -976.8590235422421, -978.1127182719049, -987.427085099133, -990.4146985288161, -994.0008470164998, -996.650572004422, -998.3073786671378, -998.3073786671378, -998.6639083269719, -998.8653534673305, -998.872335696344, -999.448548080435, -999.6580809276034, -999.9294532356065, -999.9294532356065, -999.9294532356065], 
[-450.8003928030505, -450.8003928030505, -955.2524059006988, -972.3485677817896, -978.429092687578, -993.6887991337267, -996.8449867036952, -996.8449867036952, -997.8296359205863, -997.8296359205863, -997.8758056949068, -998.5548343257301, -998.8203983007633, -999.4553997226488, -999.4553997226488, -999.4553997226488, -999.6632380466835, -999.8624660550207, -999.9676515099256, -999.9676515099256], 
[-719.5747974144556, -719.5747974144556, -901.2438442155831, -915.3338558749188, -946.2251140313925, -959.8692502083511, -996.0901332545152, -996.0901332545152, -996.0901332545152, -996.3974390120953, -997.7033275508849, -999.009168340249, -999.016213440292, -999.2436890887565, -999.8388103494257, -999.8388103494257, -999.8388103494257, -999.8388103494257, -999.8809790952926, -999.8809790952926], 
[-572.0759036053926, -664.6005323846143, -728.4864885641437, -805.9193240195414, -894.7236981694206, -939.6831266572812, -974.3085220839755, -982.4856079837539, -987.2170563922142, -991.8133131790864, -994.9194156836962, -996.6818385376554, -998.0197810774529, -998.5185887230778, -998.5185887230778, -999.5354924510785, -999.5953116002053, -999.5953116002053, -999.5953116002053, -999.5953116002053], 
[-485.6966577888313, -743.1394963262121, -925.7221933470757, -991.4795982690515, -996.6701753650469, -996.6701753650469, -996.6701753650469, -996.6701753650469, -996.6701753650469, -998.4443404310765, -998.7436633347058, -998.7436633347058, -999.3368426549004, -999.4490038433179, -999.4490038433179, -999.8342542905064, -999.8344730412153, -999.8638671471393, -999.8638671471393, -999.8638671471393], 
[456.7001247603034, 6.91517672507257, -775.084060881577, -882.154704561086, -940.3201668780204, -962.3081826179757, -990.14370594343, -994.7884470271575, -994.7884470271575, -999.748075603277, -999.748075603277, -999.748075603277, -999.748075603277, -999.748075603277, -999.748075603277, -999.748075603277, -999.8412721585323, -999.8412731337369, -999.8412731337369, -999.8412731337369], 
[-172.59130122536908, -737.0835145229587, -834.1347044903065, -895.1250274096292, -933.2991336587231, -938.913388347904, -968.3843748994135, -982.7680201626849, -985.3643542187107, -993.1975340030987, -994.4179836005222, -996.9204306650429, -997.1101738406525, -997.718526229965, -998.514904419713, -999.1555312832159, -999.4363606227876, -999.4883962996958, -999.4883962996958, -999.6222299777928], 
[590.7529294746394, 590.7529294746394, -705.7921442577772, -748.5094875766872, -869.4083301586027, -903.7517398569189, -941.4027939522066, -962.7711851899666, -963.2995489310213, -969.8365453488719, -976.3409754617326, -988.8384341671958, -993.8325141148213, -995.9988521585474, -997.3553188485087, -998.7049460619771, -998.7049460619771, -998.9469289332467, -999.5190496417761, -999.7369393095004], 
[-258.04254251958525, -258.04254251958525, -943.5996350116598, -969.5070427062601, -978.7559830448164, -983.4911099209003, -990.1594021828596, -992.6625933871178, -994.6103833966378, -994.6103833966378, -996.8034930176442, -998.8294208069622, -999.6440892293426, -999.6440892293426, -999.6440892293426, -999.6440892293426, -999.7968776680553, -999.7968776680553, -999.8268712601079, -999.8268712601079], 
[-301.42070369936016, -848.0410202848494, -848.0410202848494, -968.4426865487386, -977.3857400930741, -982.2702071406181, -993.0945146676523, -997.2257372342398, -998.1753323774074, -998.7776340208362, -998.8990917270543, -999.5680210092986, -999.790557763068, -999.790557763068, -999.79132940882, -999.844028632196, -999.8963257547898, -999.8963257547898, -999.8963257547898, -999.9070396901029], 
[586.9892195605034, 586.9892195605034, -962.8593890645573, -963.4017086964477, -985.5038106919035, -985.5038106919035, -986.4418538919145, -991.9126359335115, -993.3248339142629, -996.3360309253492, -998.3059901916901, -998.4686194878826, -999.1725135517813, -999.1725135517813, -999.5777898865496, -999.5777898865496, -999.8622405593753, -999.8622405593753, -999.8622405593753, -999.8775057110868], 
[-615.9093644490001, -615.9093644490001, -928.1528781334544, -928.6334045312933, -961.5077744938919, -970.6119947422076, -975.6941538739549, -985.7176293365627, -985.7176293365627, -995.9579386513299, -996.6425812375311, -998.1615801430089, -999.214300360386, -999.214300360386, -999.7805647450278, -999.7805647450278, -999.8328006426806, -999.8328006426806, -999.8368080116697, -999.8368080116697], 
[-634.975126640245, -634.975126640245, -888.8332990818905, -942.9883333134102, -954.4139524962948, -972.0490417960607, -976.383683739798, -996.8604631754218, -996.8604631754218, -999.3286362385967, -999.3286362385967, -999.3426882231572, -999.3426882231572, -999.3426882231572, -999.3426882231572, -999.6257320890421, -999.6551499585142, -999.6551499585142, -999.6551499585142, -999.7657974779795], 
[611.6363842058934, -612.3080893633093, -945.7262510082578, -972.4447811117886, -975.9560329075985, -980.5051580396322, -990.7122382307264, -994.7023314377901, -997.5495796869267, -998.1382542007847, -998.1382542007847, -998.8378254989702, -998.8378254989702, -999.4105674678437, -999.4105674678437, -999.6014018056251, -999.6014018056251, -999.7988078511025, -999.7988078511025, -999.8859605242244], 
[-110.32700516785235, -608.3799791928082, -856.5286026754248, -896.5595089964492, -928.0759466906281, -948.4025284524416, -961.3661331231323, -968.7630456584669, -978.0228772694205, -984.3044073702613, -987.127625520555, -997.0860231236268, -997.2042946677511, -998.5335051182878, -998.6002097259749, -999.4896947074158, -999.6012596329576, -999.6012596329576, -999.6012596329576, -999.6012596329576], 
[-158.27001636738612, -479.2720640307273, -771.0589520176713, -900.820965125305, -938.3464635866812, -943.5014029729907, -954.0948791072019, -979.6016016165569, -979.6016016165569, -983.9673598808293, -997.2605190415236, -997.2605190415236, -997.4896080543905, -998.2011082787221, -999.7049894691787, -999.7049894691787, -999.7049894691787, -999.8030132652826, -999.8030132652826, -999.8030132652826], 
[69.56563448261704, -559.7322756364848, -898.7001316543822, -898.7001316543822, -923.8946430279572, -964.512897799922, -970.7480218189859, -987.2974519135236, -998.611404190878, -998.611404190878, -998.611404190878, -998.611404190878, -999.693724006031, -999.693724006031, -999.6937288405288, -999.6937288405288, -999.6937288405288, -999.7023056424114, -999.8523828073427, -999.8588868202085], 
[-515.6679033826794, -515.6679033826794, -918.2111170987571, -939.1962925144891, -977.9853514153377, -984.4933808578099, -990.633859401781, -991.7227903272676, -995.0596469636439, -997.425578054271, -998.4536973991546, -998.4536973991546, -998.4536973991546, -999.1965854703141, -999.2974554054978, -999.8272017397911, -999.8272541013301, -999.8272541013301, -999.8272541013301, -999.8272541013301], 
[603.9820613921247, -398.60340316281724, -939.0751602490822, -983.2298833753526, -986.3132688594404, -988.1774144985384, -988.9048049973026, -996.6981720346026, -997.8400955134529, -998.8463214397434, -998.8463214397434, -998.9162188981244, -999.0532050792368, -999.1051142068578, -999.6378162833479, -999.6378162833479, -999.7884739380244, -999.7884739380244, -999.7922076255725, -999.8186810761291], 
