[-182.04272432704647, -182.25961655410845, -835.770176464345, -897.1662896181572, -947.6001746331152, -968.6344050302132, -975.0879707119086, -988.1393850927531, -988.1393850927531, -996.6763182367165, -996.6763182367165, -998.509548942115, -998.509548942115, -998.509548942115, -999.1604203959753, -999.2240791917689, -999.2240817931249, -999.4552158330578, -999.4552158330578, -999.7208878576898], 
[-102.56271517081211, -102.56271517081211, -991.5251628580397, -991.5251628580397, -994.8847301844253, -995.2548324989926, -996.6627931129673, -998.9374593147371, -998.9374593147371, -998.9374593147371, -999.1224968400016, -999.1224968400016, -999.3555215253111, -999.4824569892787, -999.4824569892787, -999.6624167690428, -999.6811027739897, -999.8058303970755, -999.8353486377076, -999.882279993132], 
[603.0990445165583, 557.3700846356, -719.4137379332544, -898.8119524759227, -898.8119524759227, -948.6814084957379, -962.8766341923098, -983.0000593426993, -998.4508205490158, -998.4508205490158, -998.4508205490158, -998.4508205490158, -998.4508205490158, -999.0685495901547, -999.5982814924846, -999.5982814924846, -999.716075788147, -999.7169833680066, -999.8858728693895, -999.8858728693895], 
[-534.0195086941012, -534.0213796601852, -810.0475179958586, -885.3773286733361, -925.7239735408489, -944.311369621283, -977.241599561093, -985.19204608544, -985.19204608544, -994.7851508096652, -996.126447521629, -996.7094371776966, -998.305899681743, -998.305899681743, -999.2988407535205, -999.2988407535205, -999.2993609274068, -999.3336480278409, -999.5262344029044, -999.5262344029044], 
[320.23160057755445, -305.4270436138065, -903.4080742019017, -903.4080742019017, -903.4080742019017, -952.0169847157314, -982.1480625982098, -982.1480625982098, -987.1860996495162, -994.6873780317412, -996.599474844232, -996.599474844232, -998.0333845599891, -998.391737433675, -999.5551336078697, -999.5551336078697, -999.5910818703037, -999.7047883148676, -999.7047883148676, -999.7520012829046], 
[-240.62829757423958, -240.62829757423958, -556.1177505047447, -647.1688409258305, -785.2467633586823, -874.7270980324806, -950.4427724710363, -977.7965588822718, -981.5345217571856, -995.4769725364271, -995.9569105792584, -998.2179864286252, -999.1302729296121, -999.1302729296121, -999.3416503092338, -999.3424180613221, -999.3424180613221, -999.475072654393, -999.548421076299, -999.6550390227992], 
[-867.9470623981927, -867.9470623981927, -930.8608775168665, -936.6752610191224, -965.8219097061875, -965.8219097061875, -976.6570636678586, -983.9129657593859, -992.4717580496243, -994.4866037905858, -996.8889655693209, -997.1492814792574, -998.2988575582146, -999.3905796589794, -999.3905796589794, -999.3905796589794, -999.3906490024909, -999.7629544515645, -999.7629544515645, -999.7629544515645], 
[-193.21165369991752, -206.18824832731502, -935.4954151302762, -952.8680062021617, -952.8680062021617, -962.1912053464637, -980.603592880497, -985.3229621402226, -986.0899553690213, -992.9719005624098, -997.6380380913838, -999.2537948482458, -999.2537948482458, -999.2537948482458, -999.5515185782672, -999.728357299136, -999.728357299136, -999.728357299136, -999.8832119916087, -999.976880818397], 
[-288.43761268302853, -288.43761268302853, -902.4910807095974, -938.1943393324887, -938.1943393324887, -947.4561940812202, -961.0982836437998, -964.9663300563847, -975.5021026251245, -987.1523511211898, -995.4041081870794, -995.7075288186281, -997.5725643603803, -998.1194472512691, -999.1874901315379, -999.1874901315379, -999.3228179258188, -999.6507529230839, -999.8148094135812, -999.8148094135812], 
[718.8294450155931, 18.009760038681748, -845.2283495388865, -893.095052732008, -951.1349886517937, -951.1349886517937, -960.5203206881736, -975.2836654860675, -984.580375241908, -992.495831827704, -995.5093812534178, -998.0899560637599, -998.892999212577, -999.0488432336757, -999.0488432336757, -999.2661176518976, -999.5678105469948, -999.6900782478479, -999.6900782478479, -999.8698376665537], 
[-680.2914759509956, -680.2914759509956, -971.4491144678574, -979.927664264015, -985.2438978993473, -985.2438978993473, -991.388493453988, -997.0756228113767, -999.3094876562175, -999.3094876562175, -999.3094876562175, -999.3094876562175, -999.3094876562175, -999.3094876562175, -999.6143917954972, -999.6143917954972, -999.6143917954972, -999.6143917954972, -999.7552004053748, -999.9064772352862], 
[-284.94552973473833, -284.94552973473833, -964.653051134847, -964.653051134847, -970.5008223332143, -985.9975008410245, -988.7392570269994, -991.3419092393312, -997.2441441484106, -999.2807644890551, -999.428917358535, -999.428917358535, -999.428917358535, -999.5722696533526, -999.584227718323, -999.7463061517329, -999.7463061517329, -999.8732516239195, -999.8732516239195, -999.8732516239195], 
[-251.74631854464667, -251.74631854464667, -877.7050583354907, -988.0020465295371, -993.4757156863828, -994.8064852137255, -994.8064852137255, -996.3427305417589, -998.5593712275258, -998.5784489664975, -998.5784489664975, -998.998211692134, -999.3687553254301, -999.4283482570938, -999.5540598057138, -999.6440504036236, -999.7346713712342, -999.7346713712342, -999.7346713712342, -999.8508066165057], 
[1008.2496138552992, -800.7137074589584, -916.1376806850124, -941.9458298324282, -949.5382957532985, -966.5417308109108, -971.5944268591725, -983.0467170097725, -989.2374987244261, -992.7180140883775, -997.6743888582631, -998.542473816057, -998.7747848996697, -998.7799569250927, -998.9307639846381, -999.4204681297165, -999.4733187077175, -999.6105941736683, -999.736585989904, -999.736585989904], 
[-543.1061113773076, -543.1061113773076, -941.3757453198226, -961.933703739813, -961.933703739813, -967.1949029084784, -974.6747658889307, -979.9646932992654, -991.5055708492739, -997.5062812762177, -997.6239017403857, -997.6239017403857, -999.0877767808119, -999.5100120844071, -999.5100120844071, -999.5858237340846, -999.6799534789025, -999.8942586903637, -999.894475918987, -999.894475918987], 
[21.014648279021344, 21.014648279021344, -964.4169588420833, -976.128724704719, -987.3337769400133, -993.5151402107127, -993.5151402107127, -996.3148820959908, -996.3516561414463, -998.114515231051, -998.6925258505205, -998.9305868754191, -999.3807430055394, -999.3807430055394, -999.6845895987285, -999.8222318503929, -999.8222318503929, -999.8222318503929, -999.8222318503929, -999.8951876513374], 
[622.8229323621124, -642.456474861649, -961.6763393914758, -961.6763393914758, -969.4014359060237, -979.0381630410149, -981.3095650695127, -987.6580424905276, -995.9626504915137, -995.9626504915137, -997.0092507768464, -999.2293815314682, -999.2293815314682, -999.4421826245491, -999.4421826245491, -999.6209327862933, -999.6807827734998, -999.724748922266, -999.724748922266, -999.889162387423], 
[289.17132618875394, 197.072270394003, -919.4126394634748, -974.0180472738954, -974.0180472738954, -979.088899561375, -985.9370260469556, -987.6021519898022, -995.0787786477603, -997.4749702499392, -999.1414035494431, -999.1414035494431, -999.1414035494431, -999.1498290493263, -999.654787289788, -999.654787289788, -999.654787289788, -999.654787289788, -999.6650367964536, -999.7079773636053], 
[-41.69317401165483, -41.69317401165483, -904.1643377017299, -905.1065376100173, -953.7645992050304, -967.834491680104, -972.7459780949697, -985.9746186963893, -993.9341966281413, -993.9341966281413, -994.6330221286162, -997.6160543942777, -998.1079057828442, -998.969466899446, -998.9915014594083, -999.5282551298505, -999.5951266075779, -999.6391962346396, -999.6391962346396, -999.9713267025779], 
[-392.0089851340048, -755.8149121091685, -909.95034693208, -951.8463535893497, -969.0521268690298, -982.246091174008, -985.5041410731519, -987.1285814472033, -995.5810062611921, -996.4980181989799, -997.5174486373894, -998.9910279316293, -998.991039171697, -998.991039171697, -998.991039171697, -999.0380556153918, -999.5754346161851, -999.5754346161851, -999.702147464091, -999.7062263690592], 
[-307.73231346027137, -869.7986741775245, -937.5493873788814, -957.9639742352654, -966.5213415833588, -983.5627451507479, -984.9402390630421, -994.4575187221795, -996.269228671494, -996.4175825406032, -998.9646155184863, -998.9646155184863, -998.9646155184863, -999.1619427028862, -999.3938415960903, -999.3938415960903, -999.4152614618731, -999.7507833649862, -999.7507833649862, -999.7736059338704], 
[172.1752723906975, 172.1752723906975, -880.2612570768376, -929.509564674617, -966.1003113851787, -968.5107661968568, -978.808483329519, -986.6386933485006, -992.2240413264134, -994.7459239321091, -994.7459239321091, -997.2720385069515, -997.2720385069515, -998.5504430850473, -998.5504430850473, -999.4566177399767, -999.4573447162196, -999.6817875631131, -999.6817875631131, -999.6817875631131], 
[-62.59354821011061, -424.2057320061706, -971.959764533975, -981.3077644334593, -981.3077644334593, -984.6065037265097, -984.6065037265097, -993.4778667285253, -995.7139233277188, -997.6210739982633, -997.6210739982633, -999.3371953270814, -999.3707150422105, -999.3707150422105, -999.7490387162622, -999.7490387162622, -999.7490387162622, -999.895450432879, -999.895450432879, -999.895450432879], 
[980.1248726174433, -158.7160520837191, -909.7454377495956, -957.9291775183713, -963.4349066503613, -968.5475617231899, -985.9318618460516, -985.9318618460516, -994.9619745887752, -996.4316612913742, -997.9029106815856, -998.0431722743275, -998.0883667851983, -999.1194446369059, -999.7959021832621, -999.7959021832621, -999.7959021832621, -999.7959021832621, -999.7959021832621, -999.7959021832621], 
[94.69736625031578, -213.21197325873334, -936.5000657274941, -973.7535569931426, -977.2776124761084, -982.1721042053069, -994.5206476686984, -994.5206476686984, -995.6357893293786, -997.9815403420539, -998.2153507578305, -998.4992857694026, -999.1333635077768, -999.4377666352527, -999.4775375762787, -999.8431045052231, -999.8431045052231, -999.8431045052231, -999.8431045052231, -999.8431045052231], 
[-378.7628989415766, -502.9109893071697, -800.2868703923027, -874.6660473772622, -915.9990815206384, -943.3026766152855, -955.3004076722339, -981.5819595678756, -993.6220201351272, -993.6220201351272, -993.6220201351272, -995.0352225290931, -997.6969428181404, -998.1865141510513, -999.0519577122085, -999.0519577122085, -999.0519577122085, -999.566814032856, -999.566814032856, -999.566814032856], 
[-219.42093199048588, -219.42093199048588, -569.6378255081927, -760.8952872221325, -911.4510688340782, -962.1818028970221, -989.5008660811575, -995.8939949062551, -995.9483943833732, -996.3457783948422, -997.4042566411797, -999.5627057609321, -999.5627057609321, -999.5627057609321, -999.6199230109677, -999.6199230109677, -999.6199230109677, -999.8039330190778, -999.8043745646937, -999.8043745646937], 
[-316.265980339732, -544.2352459440161, -753.3791780891286, -844.7921888542576, -968.1168154196558, -968.1168154196558, -968.1168154196558, -981.695751418322, -994.8176204682505, -994.8176204682505, -997.6679245882901, -997.6679245882901, -997.7924599245963, -999.079810955515, -999.2058670070282, -999.4508163224782, -999.8735686712838, -999.9612491556575, -999.9612491556575, -999.9612491556575], 
[-174.12823964569907, -174.12823964569907, -983.3606042900218, -983.3606042900218, -984.523210638898, -985.8324892410195, -988.9279794458564, -996.0544754651528, -998.4681464429409, -998.4681464429409, -998.5448398611845, -998.9831647069069, -999.5584609050936, -999.5584609050936, -999.8013747799819, -999.8400471638614, -999.8536917942233, -999.8536917942233, -999.8536917942233, -999.8536917942233], 
[-203.87001626082315, -203.87001626082315, -953.5489490981334, -993.2088779601356, -993.2088779601356, -994.1681413106749, -996.3539274130063, -996.41196130368, -997.0659330600013, -997.4488342959705, -999.1317062489826, -999.1317062489826, -999.6069167401778, -999.6069167401778, -999.6200864442242, -999.7644842850817, -999.7644872479581, -999.8272924743368, -999.9535206927414, -999.9535206927414], 
