[-374.0820541578938, -374.0820541578938, -983.6839747066824, -983.6839747066824, -993.7689074982908, -993.7689074982908, -996.9447512648801, -997.4296610834173, -997.4296610834173, -998.1918075935837, -998.1918075935837, -998.6095549503085, -998.6095549503085, -999.724959752743, -999.724959752743, -999.9008870139037, -999.9008870139037, -999.9010867687886, -999.9010867687886, -999.9010867687886], 
[-172.87603950774496, -172.87603950774496, -912.6090200801598, -959.1721525777956, -979.0068607331463, -983.4356298972285, -983.7262030708806, -989.5976065872657, -991.1119449841788, -993.0043116999693, -998.976229271149, -998.976229271149, -998.976229271149, -999.2709298347924, -999.2711389584429, -999.4870494460672, -999.5834609965667, -999.5834609965667, -999.6267249136718, -999.6267249136718], 
[-313.8621779738769, -895.9990877479758, -976.8398921062842, -977.4845021523666, -992.2616902936469, -992.2616902936469, -995.4605772465484, -997.0391476461318, -997.0872087916164, -999.0305117030343, -999.0305117030343, -999.0305117030343, -999.0305117030343, -999.5374175533567, -999.5374175533567, -999.5374175533567, -999.5374175533567, -999.7468914494957, -999.970817939627, -999.970817939627], 
[35.04837902752456, 35.04837902752456, -968.9628817445529, -977.1298724261786, -993.4730964790598, -995.1002657431675, -996.7067828744164, -997.3720279069182, -998.8762588894235, -998.8762588894235, -998.97766024447, -998.97766024447, -999.0229847532571, -999.2973497545711, -999.5766600471682, -999.8781555878619, -999.8781555878619, -999.8781555878619, -999.9469194108372, -999.9469194108372], 
[453.358173259094, 159.15264858238652, -981.1042081218305, -990.7039450588867, -996.9404067084332, -996.9404067084332, -997.733433933481, -999.0999116033692, -999.0999116033692, -999.0999116033692, -999.35151130165, -999.3738984156411, -999.3757577909639, -999.5942103039824, -999.6936133658601, -999.7644157955175, -999.808663274004, -999.8714419729429, -999.9363227762781, -999.9363227762781], 
[-37.54328725335199, -468.0065830432136, -939.5724829884023, -958.664179221244, -984.6552317791243, -984.6552317791243, -995.607900457235, -995.607900457235, -998.0333512945822, -998.0333512945822, -998.5480383202216, -998.7694373325656, -998.9154926936824, -999.2452316496039, -999.7456097013019, -999.7456097013019, -999.7456097013019, -999.8075905534831, -999.8075905534831, -999.8075905534831], 
[-229.24353530898156, -393.9511507068187, -935.9653591729467, -935.9653591729467, -943.1341720499918, -972.8168310714043, -986.0900654529727, -986.0900654529727, -990.461463081458, -991.9020604082515, -997.4828765289969, -998.7791579406882, -998.7791579406882, -998.81052945735, -998.9089965514548, -999.4607953361875, -999.4877034471115, -999.4913954021816, -999.9378724043947, -999.9378724043947], 
[-214.9201991814216, -215.44461178512177, -888.7979291599322, -901.6508679074068, -969.3989853931542, -969.3989853931542, -980.1331247795557, -985.6531148862281, -990.4731430377236, -994.3018659690996, -995.1106387719976, -996.109996024572, -998.1548396010409, -998.8528188549705, -999.2804488033012, -999.3150075102785, -999.5899855750581, -999.5899855750581, -999.5909862169144, -999.6609908359787], 
[94.80332603679358, -707.0167470615543, -972.810401278462, -972.810401278462, -972.810401278462, -979.2648637713006, -992.9168640669455, -992.9168640669455, -995.2658076599799, -996.6515005613466, -999.1047818776192, -999.1047818776192, -999.1047818776192, -999.8905456088227, -999.8905456088227, -999.8905533441717, -999.8905533441717, -999.8905533441717, -999.9151507039849, -999.9151507039849], 
[-760.8172577736206, -760.8172577736206, -950.1768925619584, -972.9841155591273, -977.3149276039475, -982.7837898978962, -986.0599012045018, -995.0654019878912, -997.1813439230958, -997.1813439230958, -997.2304477235128, -999.2439227658231, -999.2439227658231, -999.5149196207568, -999.6978722654494, -999.6978722654494, -999.6978722654494, -999.8010159232014, -999.8010159232014, -999.8010159232014], 
[-157.55926087297564, -157.55926087297564, -944.1085822395819, -944.1085822395819, -985.9375348027447, -992.6999188560297, -997.2615180284695, -997.2615180284695, -997.2615180284695, -998.6309594921255, -998.8855998532237, -998.9009852863306, -999.4059947967954, -999.4059947967954, -999.5602725036109, -999.5602725036109, -999.6366334151369, -999.6844323022655, -999.6844323022655, -999.7971793657885], 
[602.1254701070668, 602.1254701070668, -797.1796424038566, -807.1956610646719, -884.6987890176839, -920.4583046929363, -946.699914691473, -955.7413564952077, -973.3353347224988, -990.4477885320783, -995.1960788412001, -997.4600582733398, -997.4600582733398, -998.7206849560704, -998.751756329442, -998.751756329442, -998.751756329442, -999.6309057031349, -999.6309057031349, -999.6416328705458], 
[-178.18110213398654, -518.8225814840123, -882.447265287279, -900.9412981252809, -902.024291099797, -946.4129279791767, -964.5698335119905, -977.8959052290422, -985.3175051383953, -989.4867804068972, -990.377286770031, -996.008800215016, -996.6273410223031, -998.4397464518435, -998.4397464518435, -999.2204535818137, -999.2204535818137, -999.2849552138266, -999.6661418536099, -999.7045482734013], 
[-64.85962284574452, -446.8128938512871, -951.0942198861169, -967.6788422351455, -977.19740237062, -991.4794958881893, -991.4794958881893, -991.6661859762793, -997.0896687218195, -997.0896687218195, -997.0896687218195, -998.7105848154262, -998.7105848154262, -999.3665526609831, -999.3665526609831, -999.5302303096261, -999.8986895072991, -999.8986895072991, -999.8986895072991, -999.8986895072991], 
[774.6323292709644, -69.3913311598966, -958.8973235677668, -988.4781710266046, -990.7662091073108, -991.982501011885, -993.8780982094572, -994.2473691109708, -996.3540721356603, -997.3152389936535, -997.9739503149677, -999.1662817732786, -999.1662817732786, -999.7871907234482, -999.7871907234482, -999.8775227905352, -999.8775227905352, -999.8775227905352, -999.8775227905352, -999.8966781928757], 
[-89.12517145068296, -89.12517145068296, -943.6336959884126, -970.4638676247831, -974.8388871476689, -985.3155053145229, -995.6231380014161, -995.6231380014161, -996.1675420603669, -998.0776128965595, -998.6742956395263, -998.6742956395263, -998.8936680536549, -999.4906271927471, -999.8305122484368, -999.8305122484368, -999.8305122484368, -999.8305122484368, -999.8305122484368, -999.8305122484368], 
[-183.6484506077121, -183.6484506077121, -913.2138979473153, -957.3778898804396, -958.3408030087605, -974.0425422226772, -979.7930192076786, -984.8425959783991, -989.7543096982336, -993.0737146394681, -995.6933272736956, -997.5143845866988, -999.2612681800649, -999.2612681800649, -999.2612681800649, -999.2612681800649, -999.5680341120612, -999.5680341120612, -999.5680341120612, -999.8498233207771], 
[493.83644142968546, 8.819450696404942, -845.4172377530274, -855.3900065365324, -945.2965396578767, -952.5226654845195, -990.6052153117515, -993.0127127062797, -994.1043377515895, -995.2618820831095, -997.3584165640556, -999.5570813942076, -999.6081150356075, -999.6081150356075, -999.6081150356075, -999.6081150356075, -999.6081150356075, -999.6081150356075, -999.8521554144066, -999.8575833099474], 
[13.559641044043587, -877.2273964921735, -931.0993527538282, -975.9185193858048, -975.9185193858048, -976.4994488852032, -990.2082841423335, -994.6244545484623, -998.9661817694571, -998.9661817694571, -998.9661817694571, -998.9661817694571, -999.7407878218448, -999.7407878218448, -999.7407878218448, -999.7407878218448, -999.7407878218448, -999.7857822724527, -999.8703233926763, -999.8703233926763], 
[-40.674060566129924, -138.47082141681028, -907.4806829291318, -923.6347032952764, -952.459097985934, -965.7510475889306, -972.6132503647499, -979.0379661607818, -992.4719824726526, -992.9045135138864, -994.0249534991677, -997.3133930737449, -999.3800314817491, -999.3811966191629, -999.6446263506554, -999.6446263506554, -999.7278591000963, -999.7278591000963, -999.7278591000963, -999.8608741877877], 
[402.2560889389331, -779.1135365454318, -779.1135365454318, -866.6788835019238, -973.8372533155407, -973.8372533155407, -975.5758018298034, -981.2157532938202, -981.2157532938202, -993.7179134190434, -993.7179134190434, -997.1510359521183, -997.4025937537867, -998.1374901025497, -998.4638721035982, -998.8462385261928, -999.0718337594368, -999.0718337594368, -999.5909972350954, -999.625033968285], 
[1115.8141713307755, -91.5400442291533, -785.1033758807408, -903.0800239697039, -935.191858780965, -972.1134317515287, -972.2378605892077, -982.721206281145, -991.447188392189, -995.4917476519184, -995.4917476519184, -997.2174369994764, -998.0953543980804, -999.0621657854564, -999.0621657854564, -999.3423530687545, -999.7213366273452, -999.7372666058143, -999.7372666058143, -999.7372666058143], 
[-283.1752112318296, -283.1752112318296, -877.5221560625887, -883.1890675317499, -961.9325907173003, -967.6979234468619, -974.4621232371906, -986.2211389493231, -993.4117478607233, -994.8360599326862, -996.6935777550252, -997.7565565188565, -998.9729808206083, -999.1321733089985, -999.5740831626262, -999.7208692064899, -999.7208692064899, -999.7380792449126, -999.7435756639161, -999.8834108832643], 
[455.4441120635654, -62.45910770290266, -882.5429240795806, -923.531033983107, -971.311189110868, -972.5623827784475, -976.64485395962, -983.9258448381496, -984.6057180617437, -987.0424794671884, -991.2448019961776, -994.9705709646553, -996.9189649862699, -999.013953124282, -999.4725335308517, -999.4725335308517, -999.5712072210553, -999.7519541341428, -999.7519541341428, -999.8298008523112], 
[-203.98750596357468, -473.468706987719, -938.8555462352746, -970.2292763872031, -970.2292763872031, -981.2960361666858, -990.131507418228, -995.3364099721028, -995.3364099721028, -996.0787793364696, -997.9608185602843, -999.126170287591, -999.3731979776164, -999.3731979776164, -999.3731979776164, -999.3731979776164, -999.4244958596856, -999.6198950120563, -999.8331195462766, -999.8331195462766], 
[667.8706864642052, 46.498296049186365, -911.7439122102134, -948.5359307523125, -968.0676645347568, -973.3508341665134, -985.9901857789624, -986.4804727945631, -994.4110750031604, -994.8746506581653, -995.7130291157398, -999.1195254929172, -999.1195254929172, -999.1195254929172, -999.15481624185, -999.15481624185, -999.8229558067062, -999.8229558067062, -999.8229558067062, -999.8229558067062], 
[-409.7560564334258, -561.4107975881586, -963.2965091300152, -979.6136282814167, -979.6136282814167, -979.6136282814167, -984.3946253629676, -993.3960659998195, -993.3960659998195, -996.2247784713716, -999.1593983802936, -999.1593983802936, -999.1593983802936, -999.1959376993767, -999.4117842273794, -999.5865094246229, -999.6399421694476, -999.6399421694476, -999.708564785289, -999.8218679785359], 
[-708.9659492936474, -708.9659492936474, -893.3467141141965, -917.8910002598348, -938.6205573906564, -980.1393853159676, -981.7031277814077, -986.8542212815014, -989.4937653132766, -995.3579427986398, -996.8585800925988, -997.3959426368358, -998.9438334643061, -998.9438334643061, -999.621054423552, -999.6472381463095, -999.6472381463095, -999.6472381463095, -999.6738850281944, -999.7892650042055], 
[9.505847934660778, -308.2798345406969, -962.8071753853816, -962.8071753853816, -963.8548803900657, -969.6146824747914, -978.3323130380228, -981.2908028094928, -992.0956935011384, -992.0956935011384, -996.0940868393687, -997.5692931642983, -999.6696368156829, -999.6696368156829, -999.6696368156829, -999.6696368156829, -999.6696368156829, -999.6696368156829, -999.6696368156829, -999.7305599266048], 
[-542.0033046189963, -542.0033046189963, -923.2289428414635, -953.9619417391104, -959.3783348718953, -982.0998529028723, -992.0629796080863, -997.2162924679666, -997.2162924679666, -997.2162924679666, -999.4483366318382, -999.4483366318382, -999.4483366318382, -999.4483366318382, -999.4660592203836, -999.4660592203836, -999.7490677393143, -999.772598666336, -999.8130799094162, -999.8797825562426], 
