[-846.9540223485631, -846.9540223485631, -957.9322763128833, -959.6956931311752, -970.2126734218389, -973.3043437449327, -977.5714967660294, -986.6564699937654, -996.9432122582222, -997.9294015085715, -997.9294015085715, -998.646336057046, -999.4762431257866, -999.4762431257866, -999.4762431257866, -999.5420770518255, -999.6927422837613, -999.7122021001422, -999.8068188570968, -999.8068188570968], 
[-339.7172357014621, -370.13577964123056, -901.4429908832459, -953.5673549404096, -970.439969018669, -974.6863239826623, -994.5019967187797, -994.5019967187797, -999.6089720939808, -999.6089720939808, -999.6089720939808, -999.6089720939808, -999.6089720939808, -999.6089720939808, -999.7850884614207, -999.7850884614207, -999.7850884614207, -999.7850884614207, -999.7850884614207, -999.9216569007283], 
[31.118285075133144, -612.923847219744, -907.2079352924115, -907.2079352924115, -972.7114497877598, -980.3518362948605, -981.5272433715536, -994.5552325575516, -994.5552325575516, -998.3840902844659, -998.3840902844659, -999.2631827863395, -999.2631827863395, -999.2631827863395, -999.3741385515503, -999.3741385515503, -999.6207742281523, -999.9749911007495, -999.9749911007495, -999.9749911007495], 
[1052.7784966956078, -288.45121559735037, -839.9645415113782, -839.9645415113782, -877.5147462462478, -950.4556669694093, -956.5460214880694, -990.0535674938549, -990.0535674938549, -990.1962201569694, -994.5088029034605, -996.5621685992905, -997.9017108854073, -998.4944340959973, -998.5991363815252, -999.1471894359945, -999.4781108932274, -999.5017618810175, -999.5942931175047, -999.8727897960686], 
[783.86461839185, 36.81716654562683, -815.0510002478871, -880.1216739354858, -915.1670734638554, -950.7378999507939, -958.1043533946619, -961.6840766435021, -993.1290764329232, -993.1290764329232, -994.3904965103923, -997.5923174919606, -997.5923174919606, -998.2950582322653, -998.9002030420513, -999.3854433574861, -999.5433400513597, -999.5944284585495, -999.5944284585495, -999.5944284585495], 
[84.13249896907837, -376.41561996194673, -810.0175438015615, -915.3531119084494, -980.0916941155614, -980.2495444996262, -983.2661414611298, -990.7711045149861, -990.7711045149861, -995.778825188534, -996.8399740520482, -998.9985854042637, -998.9992105227697, -999.1635480358209, -999.4546054792257, -999.4888700557824, -999.7681075217334, -999.8597887724412, -999.8597887724412, -999.8598321693296], 
[-276.90049190196555, -276.90049190196555, -965.9044892245773, -965.9044892245773, -965.9044892245773, -976.2297283533803, -976.2297283533803, -991.9729643804133, -992.6225127737272, -997.1814855530931, -997.1852299748832, -998.6822796414949, -998.9169257334149, -999.0601301566227, -999.2987886609889, -999.4226741928835, -999.4226741928835, -999.6527984741929, -999.6830344323727, -999.7179726086197], 
[-70.90593792351649, -518.5577073093089, -914.8769225512084, -918.1831995070735, -972.6936681929881, -979.6427246433689, -988.7829777611262, -988.7829777611262, -992.5641165623273, -995.3996662307752, -999.043376533877, -999.043376533877, -999.043376533877, -999.043376533877, -999.5163707620706, -999.5163707620706, -999.5163707620706, -999.5163707620706, -999.8278039991678, -999.9458809082198], 
[1155.249807466194, 1155.249807466194, -836.9136020073564, -970.174111731007, -970.174111731007, -981.1616867290219, -983.5494061227666, -989.0861201375493, -993.765506892284, -996.8776177909215, -998.5747800370696, -999.8870849950581, -999.8870849950581, -999.8870849950581, -999.8899198470306, -999.8899198470306, -999.8899198470306, -999.8899198470306, -999.8899198470306, -999.8937112376121], 
[-743.0518707830145, -743.0518707830145, -840.7523889680746, -869.0755502656615, -959.2400026944194, -959.2400026944194, -962.1787392493953, -985.1913137627737, -997.4383978157178, -997.4383978157178, -997.8236731566124, -997.8259163495586, -998.4604677531848, -998.7066136900025, -999.0489112536166, -999.0978563256642, -999.4017407539741, -999.6525952964962, -999.6667444892054, -999.6799875046642], 
[34.084062562721556, -955.7971128993485, -955.7971128993485, -955.7971128993485, -955.7971128993485, -969.7668128232401, -985.7584484498032, -995.1585695363985, -997.60703727007, -997.60703727007, -998.9898669126713, -998.9898669126713, -998.9937595992235, -999.141909572649, -999.539117603756, -999.539117603756, -999.7245419300104, -999.8248630752555, -999.8248630752555, -999.8248630752555], 
[472.71644642711044, -236.0461607272507, -901.8168285766376, -947.6499316189827, -948.2233172760019, -966.7895391097062, -983.3851495412924, -994.5928729922281, -995.0743745753553, -996.8162977939455, -998.8662529893337, -998.9991651879049, -999.338820827864, -999.338820827864, -999.338820827864, -999.5603987950152, -999.8076034469847, -999.86218031727, -999.86218031727, -999.8714643940328], 
[-336.4495901685211, -336.4495901685211, -818.9999617484457, -965.8805352218153, -977.2779328072669, -977.2779328072669, -987.910717182994, -995.4578736765982, -996.3220740279493, -997.2157660380433, -997.2157660380433, -999.1197521031991, -999.3585756972112, -999.3585756972112, -999.6496842222222, -999.6609339413825, -999.704435313651, -999.7385893135727, -999.7702239648129, -999.8951715019037], 
[803.9723538918001, -499.6891211445992, -868.5215304632796, -935.5555540205959, -935.6841533325546, -979.5432946733661, -982.1577713410917, -989.9287762717273, -995.0046555754728, -997.120900274687, -999.1611333503272, -999.1611333503272, -999.3947366543923, -999.5689544643858, -999.5737010067425, -999.6102670926952, -999.7562199077375, -999.7562199077375, -999.7562199077375, -999.7702976449342], 
[-293.2518864253925, -293.2518864253925, -937.2134860811193, -937.2134860811193, -942.276946642121, -968.5405459922522, -980.8288911896677, -986.231779848871, -992.2892993165519, -999.2267268481729, -999.241518807258, -999.241518807258, -999.241518807258, -999.241518807258, -999.6696434436451, -999.6696434436451, -999.744992520223, -999.744992520223, -999.744992520223, -999.744992520223], 
[46.25910016469243, 46.25910016469243, -745.2219484913059, -907.5671036223995, -907.5671036223995, -958.5892188739072, -973.4470852323095, -981.4244516732597, -984.2183178873728, -993.0581922525197, -993.5611822061786, -996.6906139573821, -997.02856144373, -998.0406827675702, -998.518010608614, -999.1260841989899, -999.2637254101834, -999.4189669807274, -999.6827626733101, -999.847258670741], 
[479.83342206811903, 273.7534322205033, -871.3753727532535, -912.0641783923471, -944.7072927581082, -958.1901289296931, -979.4939784321602, -983.5287821784375, -986.140561522229, -994.7680830976625, -996.139866776802, -996.139866776802, -998.0041744794258, -999.7996783533864, -999.7996783533864, -999.7996783533864, -999.7996783533864, -999.7996783533864, -999.7996783533864, -999.7996783533864], 
[92.88490401749505, -385.56924135467045, -890.0866593445402, -952.0495291162998, -961.6318989926347, -969.1545648678905, -970.6485809182817, -988.9318535456184, -991.7349250199945, -992.8115503040052, -994.3173079157554, -997.1808581956847, -998.050444856117, -998.4631424226392, -998.8975196850986, -999.7850677695706, -999.7850677695706, -999.7850677695706, -999.7850677695706, -999.7983960309634], 
[204.71206295697152, -144.2441439800723, -957.1235320822475, -966.6367385257677, -984.8189193799702, -984.8189193799702, -991.7857568270613, -995.4460966308657, -996.9671932100257, -997.6712489284165, -999.2988643355358, -999.2988643355358, -999.3232455514778, -999.783890610151, -999.783890610151, -999.783890610151, -999.783890610151, -999.8732569053307, -999.8732569053307, -999.9179180500623], 
[177.9153432653536, -299.4435712648541, -788.8317852891278, -914.239225441741, -972.9738693672538, -981.6468197419102, -985.0424941896486, -990.6815312406723, -998.2549192695262, -998.2549192695262, -998.2549192695262, -999.0933858924657, -999.0933858924657, -999.0933858924657, -999.0933858924657, -999.4269940239066, -999.4455441950951, -999.6337241220659, -999.8258932064795, -999.8258932064795], 
[5283.026329108031, 490.87215969791373, -877.334554932401, -919.861851365831, -937.8798418564949, -981.1874380672506, -986.1002796984849, -989.3545104737769, -996.3535357055925, -997.4269794005614, -997.7201884987591, -997.7896768031292, -998.5288725217256, -999.0371000249856, -999.3043285788943, -999.4666976772834, -999.6906108233343, -999.6906108233343, -999.6906108233343, -999.7357806252596], 
[20.887041537595337, -203.60711757692957, -969.9236961312104, -972.5670833358041, -984.4902797368865, -984.4902797368865, -986.3025296642164, -989.8937834306033, -990.6216446903469, -995.1352071129196, -997.3940170233411, -999.0001519768682, -999.2354008435942, -999.3510956544749, -999.3510956544749, -999.55028898758, -999.6812227981285, -999.6832251134443, -999.9198076790791, -999.9442865379126], 
[-460.97873598802994, -460.97873598802994, -924.5953350605013, -924.5953350605013, -940.2005100925991, -965.5348453943362, -981.1986180911539, -986.8960758402719, -990.25206852645, -995.2347263112664, -998.0491234207141, -998.0491234207141, -998.1702776061102, -998.4567126340735, -999.0935699837618, -999.3807559450655, -999.3807559450655, -999.40873300139, -999.6025699843079, -999.8246461491673], 
[-626.4675696076816, -626.4675696076816, -855.0703422616182, -855.0703422616182, -930.2693317634985, -976.4921875970142, -981.8609055950218, -996.5332700252004, -996.5332700252004, -997.7967567082957, -997.7967567082957, -998.7238237377037, -998.7238237377037, -999.1395796097684, -999.1395796097684, -999.4997136973017, -999.4997136973017, -999.4997136973017, -999.7243482554644, -999.7632484993594], 
[-401.9429543001702, -401.9429543001702, -974.167246305778, -974.167246305778, -977.3628291941507, -978.3889624299769, -984.2273076116628, -993.0003958390131, -994.4779811177758, -996.5649820418296, -999.5166386303193, -999.5166386303193, -999.5166386303193, -999.5195719819503, -999.5733844387767, -999.6499663626615, -999.6499663626615, -999.8535927379771, -999.8535927379771, -999.8535927379771], 
[-203.43023293814724, -453.5392613536088, -968.8906220982986, -980.7671872401257, -980.7671872401257, -980.8889027392746, -986.5278198403732, -986.5278198403732, -994.2379757646945, -997.0720227031941, -997.6725242926897, -997.6725242926897, -998.9371896475368, -999.1474807804086, -999.4296000621863, -999.5985683133017, -999.5985683133017, -999.5985683133017, -999.6959357989565, -999.6959357989565], 
[-589.3110815446811, -589.3110815446811, -933.3705946134336, -942.6915247560866, -965.1725805947015, -983.0623471259591, -983.7727750980579, -988.2725666102833, -993.2937324115769, -993.6668071667402, -994.7071163554347, -999.5883960236976, -999.5883960236976, -999.5883960236976, -999.5883960236976, -999.5883960236976, -999.5883960236976, -999.5883960236976, -999.7464154626336, -999.7976523569497], 
[-417.3334451747936, -417.3334451747936, -903.1185575901316, -909.2105956177711, -979.5310338608203, -992.3329379674284, -995.2332824414743, -995.4018596512901, -995.4018596512901, -995.9113871200477, -998.0584246603639, -999.3082813121752, -999.8566649848392, -999.8566649848392, -999.8566649848392, -999.8566649848392, -999.8598592618691, -999.8598592618691, -999.8598592618691, -999.8956300600763], 
[2136.4985479178254, 884.6838403284607, -832.8017336572495, -832.8017336572495, -946.4680803339706, -978.4132845764262, -979.2944133687606, -979.2944133687606, -987.8935141343293, -993.9995993458758, -994.5125471961036, -996.3750880756611, -999.2717865201615, -999.2717865201615, -999.3042446118859, -999.3042446118859, -999.3042446118859, -999.3042446118859, -999.3042446118859, -999.5237525979212], 
[6.406212717036851, -22.823746442805373, -887.8326263745698, -937.957501736757, -955.3005614627555, -966.5311721066813, -984.8041666397752, -990.4315799175708, -999.0917618736117, -999.0917618736117, -999.2971304055436, -999.2971304055436, -999.2971304055436, -999.2971304055436, -999.5048122155326, -999.5051958999957, -999.7152059161043, -999.7152059161043, -999.7152059161043, -999.7152059161043], 
