[-273.86563013748946, -273.86563013748946, -834.1212933212026, -836.8071920780801, -928.5407608205813, -938.8163562156132, -968.0919413719975, -991.4949909812443, -991.4949909812443, -993.6335790949477, -995.3511040681461, -997.460889767374, -997.460889767374, -998.9721663600693, -998.9721663600693, -999.1142436246912, -999.2041857350591, -999.668242652658, -999.668242652658, -999.825070189713], 
[-740.0953269420459, -944.3101014821564, -944.3101014821564, -944.3101014821564, -944.3101014821564, -953.1087301235434, -974.576101517633, -990.9626196057202, -992.5193558491363, -997.103552095675, -998.1734365272002, -998.5809089039085, -998.8384786446005, -998.8384786446005, -999.5495219728765, -999.5495219728765, -999.5495219728765, -999.8680293039126, -999.8680293039126, -999.8680293039126], 
[-939.458314682336, -944.5354849715801, -978.3118201164857, -992.1700356541545, -992.1700356541545, -996.3055399092924, -996.3055399092924, -996.3055399092924, -997.357624265247, -998.585653606138, -999.4020925032739, -999.4020925032739, -999.8187793647008, -999.8187793647008, -999.8187793647008, -999.8187793647008, -999.8187793647008, -999.8187793647008, -999.9600655203959, -999.9600655203959], 
[-133.16416521269355, -426.885234687962, -891.9781309180513, -935.3585005947714, -956.897464709981, -977.0392331917191, -981.4488761110559, -988.4160016141315, -993.1219245559861, -996.0003617284339, -996.4485901005908, -997.6218456545002, -998.3231769850954, -998.3231769850954, -998.9130213348641, -999.3085914586641, -999.5909937354942, -999.5909937354942, -999.6048810299278, -999.6731431139822], 
[-459.4620236971117, -459.4620236971117, -951.9788152540558, -961.6870033849939, -971.5474526291007, -982.7940955354821, -996.1570337240729, -996.1570337240729, -996.1570337240729, -996.9933774189017, -997.8433304252254, -998.7417912230493, -999.0393971211913, -999.0393971211913, -999.7426756507533, -999.7426756507533, -999.7426756507533, -999.7765945898748, -999.8087565880305, -999.9513960488406], 
[-100.87650032705733, -779.9234740320189, -779.9234740320189, -887.0416995038256, -967.2474867363505, -972.6588804693981, -985.6746140052252, -993.6344066542882, -993.8432637995054, -995.9258699757899, -997.2007258421181, -997.7897494365129, -998.7018517280858, -999.2921705284525, -999.7489151772912, -999.7527313227957, -999.79696332357, -999.79696332357, -999.79696332357, -999.79696332357], 
[-882.9143806707482, -882.9143806707482, -884.2025664059614, -931.8794436892385, -944.5174032166769, -950.2135324930973, -963.6950824428744, -968.357464280575, -982.4731237040141, -989.8597923645578, -994.0810785539765, -994.0810785539765, -995.7823279064957, -999.3318603349419, -999.3318603349419, -999.3318603349419, -999.3318603349419, -999.4096865611575, -999.4935153686357, -999.7111307993902], 
[321.54194642764423, 321.54194642764423, -814.2149126167983, -985.08956030057, -985.08956030057, -993.5643336436767, -993.5643336436767, -994.6530398705419, -997.0928389842743, -997.4556692507016, -998.6796286469531, -999.0857877407157, -999.0977471983898, -999.5500427295186, -999.5500427295186, -999.5500427295186, -999.625595087421, -999.625595087421, -999.6874731540569, -999.9112240913646], 
[695.1673910957322, 695.1673910957322, -877.6790031200493, -955.8501708014837, -965.2241870827827, -973.3702170311661, -979.5747779970342, -983.9885936004605, -988.6669872627808, -995.2145687171612, -995.3143249494511, -998.1154605161261, -998.1418127306644, -999.0308027657094, -999.3625847532956, -999.4114250082649, -999.4114250082649, -999.538634654121, -999.8143117024542, -999.8143117024542], 
[1330.9545636232506, -806.2773261416726, -848.2677183808566, -907.2454631339373, -951.3888425894905, -963.9906453714782, -974.4973912758151, -980.7983095490982, -983.4509649769209, -994.6539323827641, -997.1438161662959, -997.7560693084878, -998.7347637111837, -998.8233674669414, -998.8233674669414, -998.9636614480382, -999.9171368476609, -999.9171368476609, -999.9171368476609, -999.9171368476609], 
[38.679993611879354, 38.66809265070424, -909.962616336982, -933.9863590995784, -949.6603228603024, -964.9530641349164, -974.8251109998107, -975.9485041630401, -993.8623005459488, -996.1096572810674, -998.2660581221876, -998.2660581221876, -998.2660581221876, -999.4948862484962, -999.4957647534825, -999.7935561264543, -999.7935561264543, -999.7935561264543, -999.7935561264543, -999.7935561264543], 
[113.86833592060725, -280.6824668988738, -936.264027822816, -976.4153132025074, -976.4153132025074, -984.1143980741272, -984.3045704815402, -990.2124848496865, -994.4896201678146, -994.6154322227235, -998.587586802276, -998.587586802276, -998.9026923082452, -999.6436548160412, -999.6436548160412, -999.6625246599647, -999.6625246599647, -999.6625246599647, -999.791370896153, -999.8178004632888], 
[689.7380818941951, 562.1624259965654, -828.9173399501856, -859.3262610108422, -935.7234118924546, -955.5415102627522, -995.5011109207854, -995.5011109207854, -995.5011109207854, -995.5011109207854, -997.2032471179974, -999.3560392969275, -999.3560392969275, -999.3560392969275, -999.4253173965424, -999.5773258164782, -999.7231879610085, -999.7231879610085, -999.7231879610085, -999.7243526555918], 
[-452.5383622058391, -452.5383622058391, -873.8258335195561, -890.5272942954458, -925.8149512574154, -955.8588594160167, -987.6937750076005, -991.5425773689504, -991.7475563662251, -995.1110652486994, -997.9078066887367, -998.885008456233, -999.8264705153238, -999.8264705153238, -999.8264705153238, -999.8264705153238, -999.9185087356972, -999.9185087356972, -999.9185087356972, -999.9185087356972], 
[298.3888262421499, -672.573782789724, -672.573782789724, -902.8930412630059, -914.5594031652411, -949.3315277182248, -976.5512589072637, -986.2044967881416, -990.5012919285488, -999.4702262232522, -999.4702262232522, -999.4702262232522, -999.4702262232522, -999.4702262232522, -999.5079746907313, -999.7659905513433, -999.7659905513433, -999.7681318815304, -999.7708700684987, -999.7708700684987], 
[-349.4752722384959, -441.61762604235287, -909.9659479025017, -938.3323816679267, -968.912186212139, -996.8746477899919, -998.2799710915696, -998.2799710915696, -998.2799710915696, -998.2799710915696, -998.8629207418219, -999.1266683985334, -999.4662209231935, -999.7039494544701, -999.7952682595916, -999.7952682595916, -999.7952682595916, -999.7952682595916, -999.8802233962613, -999.8802233962613], 
[-211.94453924003312, -211.94453924003312, -984.3391918177449, -984.3391918177449, -984.3391918177449, -988.8564798906347, -996.3027747672988, -998.7641600430363, -998.7641600430363, -998.7641600430363, -999.1456569711054, -999.1681234611825, -999.1681234611825, -999.5585256141396, -999.8092295230049, -999.8092295230049, -999.8092295230049, -999.8092295230049, -999.8518773650064, -999.8744476471883], 
[-585.1672667971027, -650.8524268072422, -933.784985391907, -969.7216336673642, -969.7216336673642, -983.8136596396679, -983.8136596396679, -992.7567460345873, -997.4924069676674, -997.4924069676674, -998.6351198743203, -998.6351198743203, -998.6351198743203, -998.8924267389174, -999.0252316413056, -999.1457499470185, -999.6110853329673, -999.6981818663842, -999.8610125333576, -999.8610125333576], 
[-42.37728180483782, -603.4260685966599, -818.2595966603333, -901.5596959010425, -943.4657801069078, -973.7347112319158, -986.2988580857443, -990.0542552356336, -990.8949249641082, -993.903697189351, -995.9595468656255, -996.8537802761551, -999.3321550589286, -999.3321550589286, -999.3321550589286, -999.40241475174, -999.7451603933207, -999.7451603933207, -999.7451603933207, -999.7451603933207], 
[-338.65794405412726, -338.65794405412726, -831.3741392786588, -984.4590367462383, -990.5782176388963, -990.5782176388963, -990.5782176388963, -994.0130276240902, -997.0405326156845, -997.2647487806024, -998.609992506876, -999.1284887357591, -999.2286116983402, -999.5530816549184, -999.5530816549184, -999.5530816549184, -999.7249564007675, -999.7249564007675, -999.8150469647757, -999.8150469647757], 
[-265.0558404913154, -443.83242210486856, -929.7437549561739, -947.5150325089762, -959.457326263793, -967.9667266733118, -992.6025543814537, -992.6025543814537, -993.8570561312907, -994.4949238861462, -998.2996215073932, -999.0745508980708, -999.7347122950123, -999.7347122950123, -999.7347122950123, -999.7347122950123, -999.7347122950123, -999.7347122950123, -999.7347122950123, -999.7347122950123], 
[532.4529537557669, -560.9016859808826, -967.0237565516892, -967.0237565516892, -974.4663528746236, -981.6327201363804, -988.6418338155559, -998.5902450424453, -998.5902450424453, -998.5902450424453, -998.5902450424453, -999.097605548657, -999.1827056600616, -999.3036632552463, -999.5342017701624, -999.8656145631683, -999.8656145631683, -999.8656145631683, -999.8656145631683, -999.8870580839634], 
[621.9563563690667, -110.25972987574005, -895.1593256346393, -924.1654739140688, -928.7738649797185, -936.8138727010778, -952.9440453811504, -966.9300810199667, -983.8604684752407, -989.9327713783707, -994.7499385302237, -996.915688642152, -997.4462137233406, -998.4721668970509, -998.4721668970509, -998.4721668970509, -999.4568605180107, -999.5962602753168, -999.5962602753168, -999.7957708352499], 
[131.08716647977894, -673.9402758055419, -930.6191093131969, -967.3752933605526, -976.4988847703081, -988.9952575077356, -993.3553671538867, -993.3553671538867, -996.8849542497672, -996.8849542497672, -997.4567353253171, -998.0539831659285, -999.0012539207112, -999.0012539207112, -999.586291940639, -999.6276799154244, -999.6276799154244, -999.6822466403653, -999.69598851233, -999.7350425176817], 
[-19.234139746827623, -421.9025721395358, -866.7897280617964, -912.7197382571267, -932.6835185036897, -942.7005610284539, -991.3305738613642, -991.3305738613642, -991.3305738613642, -998.323850699015, -998.323850699015, -998.323850699015, -998.323850699015, -999.0136891813153, -999.4316010290213, -999.4882905182525, -999.6147606886736, -999.6147606886736, -999.869363529729, -999.869363529729], 
[278.5350889002423, 137.66290692910366, -981.75599790098, -981.75599790098, -992.0321164438403, -992.0321164438403, -992.9262211007294, -995.9416592121332, -998.3457122782484, -999.2496780141655, -999.5238609236558, -999.5238609236558, -999.5238609236558, -999.5238609236558, -999.751942982769, -999.751942982769, -999.751942982769, -999.751942982769, -999.75274921397, -999.8985032432859], 
[-127.47909774592108, -895.4828588554557, -969.0346218285185, -977.9072390794169, -983.5241141856133, -992.1037210664099, -993.4753106091893, -994.3011613254612, -996.1001046323809, -998.4988992392656, -999.0916353569957, -999.0916353569957, -999.5892637182683, -999.5892637182683, -999.5929506003152, -999.6362217356874, -999.8725803444868, -999.8725803444868, -999.8725803444868, -999.8725803444868], 
[526.64025470614, -577.2017621647683, -841.0244888614179, -964.6429168774694, -964.6429168774694, -964.6429168774694, -978.3509282185378, -982.336693073554, -994.2605183561732, -994.2605183561732, -998.784195778346, -998.7972844313796, -998.7972844313796, -998.7972844313796, -999.3463759062026, -999.3463759062026, -999.6876373295581, -999.6876373295581, -999.6964994635671, -999.7637055155535], 
[-227.41259107959638, -338.2946764720915, -910.8293791743044, -964.5008714348621, -964.5008714348621, -983.0344321641016, -983.0344321641016, -990.8447966822024, -994.8023702374568, -995.8712707554458, -998.3929314772195, -998.7163153267722, -998.8981429274435, -998.9088110052717, -999.0766979255726, -999.5606629315059, -999.76787517962, -999.76787517962, -999.8044546756153, -999.897364270118], 
[-150.42068211405888, -358.913544466442, -946.2895696872905, -946.2895696872905, -987.0452769429985, -988.2280414877748, -988.6857874737403, -991.2954908117453, -994.5670316217105, -997.5033953359032, -999.5066305127452, -999.5066305127452, -999.5066305127452, -999.5066305127452, -999.6404357777485, -999.8640199032084, -999.8640199032084, -999.8640199032084, -999.8640199032084, -999.8640199032084], 
