[11458.513957825748, 11458.513957825748, 5911.454696223605, 4291.233098662981, 4291.233098662981, 3765.3480662494057, 3288.675419527439, 1521.0232194192058, 1521.0232194192058, 1521.0232194192058, 1521.0232194192058, 1521.0232194192058, 1521.0232194192058, 1521.0232194192058, 1304.8983547064133, 1304.8983547064133, 695.4831732439092, 695.4831732439092, 695.4831732439092, 695.4831732439092], 
[9527.708235002787, 8113.82630637078, 7841.332775944018, 7582.091032019978, 6740.016968918674, 3748.1069658510087, 3748.1069658510087, 3748.1069658510087, 3748.1069658510087, 3748.1069658510087, 1073.2367836147334, 1073.2367836147334, 1073.2367836147334, 1073.2367836147334, 1073.2367836147334, 526.8357821886493, 526.8357821886493, 526.8357821886493, 491.67499128803314, 491.67499128803314], 
[13059.16577149707, 10831.196669143485, 10831.196669143485, 8491.107954536084, 7650.126276406709, 6117.509369808449, 5519.228169457794, 2819.4959524300525, 2819.4959524300525, 2819.4959524300525, 2819.4959524300525, 2579.5104424436786, 1810.3081610325366, 1639.9070890566768, 1574.900686960392, 1169.8780579873094, 1169.8780579873094, 955.7833509488476, 955.7833509488476, 955.7833509488476], 
[7820.838978510836, 7819.884296272858, 7819.884296272858, 5761.078656113839, 4409.910126802842, 3262.1526706544064, 3262.1526706544064, 3262.1526706544064, 2834.9933307020956, 2729.239407598049, 2659.3620333650833, 2389.2382526001397, 2375.153218439913, 1832.5510114167384, 798.3723402755176, 798.3723402755176, 798.3723402755176, 679.3878556980827, 679.3878556980827, 679.3878556980827], 
[7899.779931535901, 7370.176315237897, 3139.913904082189, 3139.913904082189, 2990.244416624353, 2990.244416624353, 2377.9436268717423, 2377.9436268717423, 2377.9436268717423, 2377.9436268717423, 2131.0864430287515, 980.9064922994374, 980.9064922994374, 936.0091240494996, 936.0091240494996, 603.2777035618432, 603.2777035618432, 380.44825248641695, 380.44825248641695, 360.9733360270417], 
[7723.408831128739, 6463.912256989179, 6328.673554875639, 4580.8575895255, 3721.166778638344, 3423.5702293603026, 2487.9147907062247, 1499.4430509622846, 1499.4430509622846, 1270.9396574626169, 1270.9396574626169, 776.5473460596186, 776.5473460596186, 776.5473460596186, 776.5473460596186, 394.46784585677864, 282.8822712203241, 282.8822712203241, 282.8822712203241, 282.8822712203241], 
[6956.065251601118, 6956.065251601118, 6956.065251601118, 6528.081147933557, 5112.2403213535545, 2805.136574335823, 2805.136574335823, 2805.136574335823, 2805.136574335823, 2503.313180604236, 2083.549550705379, 2083.549550705379, 1916.6984525293892, 1916.6984525293892, 1916.6984525293892, 1909.161171064795, 1256.1681722904386, 636.1531830850068, 636.1531830850068, 559.0212143669514], 
[5742.0729018532365, 5742.0729018532365, 5742.0729018532365, 5742.0729018532365, 5742.0729018532365, 5287.957058947211, 5287.957058947211, 2312.562668244453, 2312.562668244453, 1869.2903456873864, 1869.2903456873864, 1869.2903456873864, 1687.5725974359384, 1471.0710295853685, 1414.3081261835002, 987.4188372806213, 735.8878398171888, 735.8878398171888, 735.8878398171888, 735.8878398171888], 
[9606.656173303405, 5873.050910862404, 5873.050910862404, 5382.901329496342, 5382.901329496342, 5088.545177455747, 4519.0857433009105, 4385.752859587933, 4385.752859587933, 3386.7734564821108, 3386.7734564821108, 1076.392370637497, 1076.392370637497, 1075.1277533484117, 1075.1277533484117, 644.5412655265964, 644.5412655265964, 644.5412655265964, 605.5494555819944, 387.2139751861094], 
[6684.897419696289, 6684.897419696289, 6152.120546282735, 5510.032820036474, 5510.032820036474, 5233.77028765669, 5007.559859136068, 5007.559859136068, 3729.0628147713883, 3729.0628147713883, 3601.4858059736043, 3148.425978265523, 1772.212258411403, 1772.212258411403, 1627.251097199655, 882.2145409349381, 882.2145409349381, 830.4656350697974, 830.4656350697974, 566.9219780246153], 
[8460.136504213868, 7705.709663158619, 7705.709663158619, 3969.484003617238, 3969.484003617238, 3969.484003617238, 3969.484003617238, 3708.848102307475, 3708.848102307475, 3708.848102307475, 3320.070013910534, 2342.9026394265343, 2129.319430711893, 1679.6508500916068, 1444.265392861499, 1444.265392861499, 1186.3038647379233, 1186.3038647379233, 986.600054925693, 932.8056437285377], 
[9628.566521405715, 9628.566521405715, 9628.566521405715, 7002.190921441061, 5519.845244145283, 5519.845244145283, 3660.485708371205, 3044.509967057483, 3044.509967057483, 2703.8405524644872, 2518.624943325098, 2324.686520560842, 1646.455316735598, 1646.455316735598, 1612.1256537353356, 1464.9588957360854, 822.2801910095961, 822.2801910095961, 822.2801910095961, 603.2710059687663], 
[12494.612241208079, 9855.032995632533, 5493.435086650057, 5493.435086650057, 5493.435086650057, 5493.435086650057, 3848.3404659737334, 2690.507977841231, 2690.507977841231, 2690.507977841231, 2690.507977841231, 1695.7399818195981, 1695.7399818195981, 1280.587993822657, 1280.587993822657, 1280.587993822657, 1278.7366729762869, 1221.2841932345332, 1125.1623763618825, 1094.0361775071337], 
[7112.170159160731, 7112.170159160731, 6400.22169730819, 6206.408826476489, 4393.008273716108, 4393.008273716108, 4393.008273716108, 2750.2022564946947, 2750.2022564946947, 2598.4126525829483, 1838.191811084733, 1694.4799215963983, 1694.4799215963983, 1694.4799215963983, 1532.4353264398965, 1532.4353264398965, 1079.316638419256, 1079.316638419256, 817.464250768662, 817.464250768662], 
[12773.653781256153, 6246.982253692857, 6246.982253692857, 5056.074615907855, 3783.602239500694, 3783.602239500694, 3783.602239500694, 3783.602239500694, 3243.2900621494296, 2146.786525674718, 1278.6917394341579, 1062.1529989891392, 1062.1529989891392, 1062.1529989891392, 1062.1529989891392, 982.631449309117, 465.8222479795142, 465.8222479795142, 465.8222479795142, 465.8222479795142], 
[11786.091790200833, 9395.334963483436, 8315.761490838535, 4895.32097776458, 4895.32097776458, 4895.32097776458, 4895.32097776458, 4895.32097776458, 4508.983183161519, 1729.728940266797, 1729.728940266797, 1729.728940266797, 1729.728940266797, 641.4029609755565, 442.3044433898218, 442.3044433898218, 442.3044433898218, 442.3044433898218, 386.4014543078256, 386.4014543078256], 
[5371.878184443248, 5371.878184443248, 5371.878184443248, 5371.878184443248, 5371.878184443248, 5371.878184443248, 4561.7708684803565, 3981.6633404517356, 3981.6633404517356, 3930.859102205054, 3659.1367411996644, 2812.632874742066, 2799.7806815107974, 2799.7806815107974, 1039.8632070819974, 1039.8632070819974, 979.3569642226469, 979.3569642226469, 979.3569642226469, 785.2008003233055], 
[8783.08235434883, 7297.154521633123, 7297.154521633123, 7297.154521633123, 7297.154521633123, 6214.023777872346, 2331.7559660421184, 2331.7559660421184, 2331.7559660421184, 1935.5880596138325, 1935.5880596138325, 1935.5880596138325, 1770.0504104424804, 1770.0504104424804, 1770.0504104424804, 1414.7492011367813, 691.4966853472868, 691.4966853472868, 691.4966853472868, 689.1261877524075], 
[8776.352254017167, 7450.059056181066, 7450.059056181066, 5812.4144564724975, 5812.4144564724975, 4567.328772330405, 4567.328772330405, 3841.783502217898, 3304.0500548190334, 3294.5190792861545, 2872.6705270620264, 2674.8280942451993, 2135.680615346406, 1966.8068689093325, 1739.6048351187428, 1001.964800435763, 1001.964800435763, 899.961521517211, 899.961521517211, 863.4344537431534], 
[10821.271131142837, 9507.477311796623, 9507.477311796623, 6172.5427657903565, 5034.463717564586, 5034.463717564586, 5034.463717564586, 5034.463717564586, 4011.490819050293, 1796.4995774810673, 1796.4995774810673, 1796.4995774810673, 1535.0147437342232, 1535.0147437342232, 1535.0147437342232, 1085.2794699263443, 1085.2794699263443, 648.494746768396, 470.200736216344, 470.200736216344], 
[10333.09371515388, 9869.607494019408, 5390.904143571859, 5333.05561766917, 5333.05561766917, 5324.74016151761, 3805.5894613987894, 3805.5894613987894, 3805.5894613987894, 2607.1686411043465, 2607.1686411043465, 1990.2514565418128, 1990.2514565418128, 1724.16648578512, 1608.9882212989746, 1519.4750406419412, 1519.4750406419412, 952.458870346492, 816.4454890781822, 806.4502610013187], 
[10129.221359110818, 10129.221359110818, 5168.32753762282, 5168.32753762282, 4474.288794350439, 4474.288794350439, 4199.460304471522, 2649.5514119422237, 2649.5514119422237, 2649.5514119422237, 2649.5514119422237, 1985.9667068891526, 1898.276531367877, 1898.276531367877, 1604.880145865407, 1322.3856770073548, 1175.0001221985274, 1107.808999900829, 857.0207558481776, 637.1664801697343], 
[9256.940344071198, 6397.595245715212, 6128.823747299357, 4995.467260004556, 3579.9774338792517, 1444.8070774032742, 1444.8070774032742, 1444.8070774032742, 1444.8070774032742, 1124.121834641839, 1124.121834641839, 1124.121834641839, 1124.121834641839, 1043.7678203262446, 1043.7678203262446, 1043.7678203262446, 1043.7678203262446, 608.7843032651018, 608.7843032651018, 440.66113405344566], 
[13662.65205283041, 11370.528485392684, 11370.528485392684, 6508.730015954918, 4568.8311048467285, 4142.995158682335, 4142.995158682335, 3949.456228596153, 3949.456228596153, 3028.860852931774, 3002.064307397249, 1948.724535324323, 1916.871261074882, 1506.620448735836, 1314.7223148911824, 1093.7604733645846, 1064.9494337637598, 1017.4193448913791, 690.7400872947259, 690.7400872947259], 
[11563.34312548437, 6188.876315899121, 6188.876315899121, 6188.876315899121, 4631.7561532526615, 4631.7561532526615, 4631.7561532526615, 3413.171665593382, 2857.938751571458, 2654.7017358523526, 2225.0508299215267, 1684.1393312014527, 1684.1393312014527, 1078.8732979980564, 1078.8732979980564, 1078.8732979980564, 554.1752775737326, 554.1752775737326, 505.2290415099065, 505.2290415099065], 
[9500.794969739318, 9500.794969739318, 6055.318744256888, 6055.318744256888, 6055.318744256888, 5376.5990805601405, 5376.5990805601405, 4610.577833019076, 3429.632508634938, 2950.3550151169798, 2950.3550151169798, 2077.6668098832183, 777.273086619567, 777.273086619567, 777.273086619567, 777.273086619567, 777.273086619567, 777.273086619567, 471.8778779096646, 471.8778779096646], 
[11691.688493184336, 10072.690698984354, 10072.690698984354, 7466.868795708109, 7338.4742257563385, 6018.019205334852, 3882.4401265024126, 3227.6014423217266, 3227.6014423217266, 2510.953252654929, 1922.216631052246, 1738.9584747369772, 1738.9584747369772, 1546.8692040456574, 1120.5505962974155, 1120.5505962974155, 1120.5505962974155, 855.3722213633065, 855.3722213633065, 570.021685468856], 
[4660.697824321968, 4660.697824321968, 4660.697824321968, 4660.697824321968, 3711.8161834059983, 3711.8161834059983, 3711.8161834059983, 3691.088464594857, 2342.5942122990464, 2342.5942122990464, 2119.3411850391644, 1555.361050074176, 1534.7417665875814, 1133.7241111553267, 1133.7241111553267, 1070.003637601296, 1049.6084170661456, 746.0199372602867, 740.4138706580289, 678.2943882345971], 
[7390.804083325233, 7390.804083325233, 7100.006647815843, 4056.188400546209, 3607.8871404316183, 3443.848065613197, 3443.848065613197, 3443.848065613197, 3104.958734925366, 2519.4369573435147, 2308.613615155413, 2300.779741628434, 1789.0878020811997, 1690.713037232745, 1690.713037232745, 1397.5026544778173, 1110.5944401695858, 1110.5944401695858, 1110.5944401695858, 975.3242347182443], 
[10028.278755733418, 5727.619059236785, 5727.619059236785, 5406.09219000346, 5270.8631580354295, 4796.243951434868, 4796.243951434868, 3384.782335651045, 3384.782335651045, 3161.1083382585875, 2751.816785376104, 2729.9375754076023, 2647.856838477032, 2115.004130053654, 1542.1589652095229, 1284.143542478493, 690.7503196440854, 690.7503196440854, 521.197597208229, 511.40042081401947], 
