[1223.3480225510168, 1125.1431531307635, 773.1579600833485, 616.3333303966798, 582.725796250443, 548.5111577770118, 532.6365862186099, 502.89607127232273, 327.64552582768084, 248.23097165522174, 242.7597264574244, 242.7597264574244, 242.7597264574244, 232.28940733160928, 219.7251047943686, 219.41477747739984, 219.41477747739984, 219.41477747739984, 219.41477747739984, 205.14737309931914], 
[1452.4431739151453, 1212.4183562305868, 533.4946894094285, 533.4946894094285, 533.4946894094285, 523.5817499630034, 379.8973733786286, 379.8973733786286, 280.9055557374906, 280.9055557374906, 280.9055557374906, 250.6727841726125, 250.6727841726125, 248.18850656856094, 220.6787017857298, 218.00552223475057, 169.19322876760103, 169.19322876760103, 169.19322876760103, 109.87371010436306], 
[1537.9652693212827, 635.7035811421688, 635.7035811421688, 635.7035811421688, 597.9476133479919, 442.10317183012626, 428.6446727169302, 428.6446727169302, 280.7158274851128, 280.7158274851128, 225.90178506150474, 225.90178506150474, 225.90178506150474, 199.94458969179632, 199.94458969179632, 199.94458969179632, 156.55043497373498, 156.55043497373498, 156.55043497373498, 156.55043497373498], 
[1098.9888322328497, 1098.9888322328497, 1090.2052494359, 957.1778592425933, 776.8540858427033, 776.8540858427033, 533.4109927418657, 533.4109927418657, 290.2864782519985, 270.0668046522116, 270.0668046522116, 263.65306874946657, 263.65306874946657, 258.6865352642791, 258.6865352642791, 186.79331453421298, 186.79331453421298, 138.8169448354461, 138.8169448354461, 138.8169448354461], 
[1292.6542664264387, 1188.0486462028707, 1098.9622051194422, 1065.4446654744597, 603.7561968304638, 603.7561968304638, 603.7561968304638, 316.7219822589761, 316.7219822589761, 267.9731164875241, 267.7640414680275, 267.7640414680275, 258.15406389860783, 258.15406389860783, 258.15406389860783, 161.47685422874105, 161.47685422874105, 161.47685422874105, 161.47685422874105, 161.47685422874105], 
[1043.7576928226829, 787.9431736792463, 730.0545739326458, 555.9106765702898, 501.0080521797969, 501.0080521797969, 501.0080521797969, 338.07868444538326, 338.07868444538326, 272.34926629013086, 272.34926629013086, 272.34926629013086, 223.28367990162454, 223.28367990162454, 147.073812694149, 147.073812694149, 147.073812694149, 147.073812694149, 147.073812694149, 147.073812694149], 
[584.2260967289093, 584.2260967289093, 584.2260967289093, 561.8320013127096, 461.3445556566345, 461.3445556566345, 323.7584389164334, 323.7584389164334, 299.0712044927436, 299.0712044927436, 255.29204270893624, 174.75606949953576, 174.75606949953576, 174.75606949953576, 159.39636234206571, 159.39636234206571, 159.39636234206571, 159.39636234206571, 159.39636234206571, 159.39636234206571], 
[1284.1155838932968, 958.3397467900724, 647.3215869538345, 647.3215869538345, 646.3314788732466, 427.88354044088663, 324.25248335777553, 324.25248335777553, 315.71296998140974, 223.72767903285484, 223.72767903285484, 223.72767903285484, 223.72767903285484, 163.55055233446743, 163.55055233446743, 163.55055233446743, 163.55055233446743, 115.80877014925723, 115.80877014925723, 111.18644664508822], 
[462.2076386824439, 462.2076386824439, 249.99124914859024, 249.99124914859024, 249.99124914859024, 249.99124914859024, 249.99124914859024, 249.99124914859024, 249.99124914859024, 249.99124914859024, 249.99124914859024, 249.99124914859024, 249.99124914859024, 249.99124914859024, 230.01986500765736, 224.76695911524052, 204.54203859893298, 204.54203859893298, 204.54203859893298, 148.7897358423331], 
[1074.835988685039, 512.2591466895807, 512.2591466895807, 512.2591466895807, 512.2591466895807, 512.2591466895807, 512.2591466895807, 236.04144802020213, 236.04144802020213, 169.0485191894624, 169.0485191894624, 169.0485191894624, 154.2239329425154, 130.27963531830557, 130.27963531830557, 130.27963531830557, 105.76407948781845, 105.76407948781845, 101.42027635786557, 72.44924052370955], 
[1471.4296399319594, 590.0429382622037, 590.0429382622037, 590.0429382622037, 590.0429382622037, 590.0429382622037, 579.4771471227633, 495.84235856101344, 366.3408191770013, 366.3408191770013, 366.3408191770013, 234.99982108806046, 234.99982108806046, 234.99982108806046, 234.150954942129, 234.150954942129, 234.150954942129, 228.11039044302794, 166.87076533320126, 166.87076533320126], 
[742.2067746771233, 499.8843679680508, 358.1210299304643, 358.1210299304643, 358.1210299304643, 358.1210299304643, 358.1210299304643, 358.1210299304643, 358.1210299304643, 252.3273540775931, 252.3273540775931, 252.3273540775931, 252.3273540775931, 252.3273540775931, 203.35345694700268, 203.35345694700268, 126.7240873467326, 115.50767100710716, 115.50767100710716, 115.50767100710716], 
[1469.8574010710195, 1160.0524127263982, 611.9368883274204, 611.9368883274204, 500.68735884915435, 305.68585153596075, 305.68585153596075, 305.68585153596075, 299.5045855282461, 285.11416839615987, 206.62914498617766, 206.62914498617766, 206.62914498617766, 180.31059322665487, 180.31059322665487, 86.36889840486937, 86.36889840486937, 86.36889840486937, 86.36889840486937, 84.1905962176751], 
[1041.9134443043429, 1041.9134443043429, 1041.9134443043429, 524.1996669156943, 524.1996669156943, 524.1996669156943, 454.70384513139356, 453.2123663298882, 453.2123663298882, 453.2123663298882, 453.2123663298882, 421.9094054923828, 365.54636048947555, 341.8989679136648, 295.9355960393238, 295.9355960393238, 170.72094040166323, 170.72094040166323, 169.90756543087912, 169.90756543087912], 
[1509.1229523367172, 780.152779900475, 749.9855567574812, 599.5354035549566, 508.86867586410176, 508.86867586410176, 508.86867586410176, 385.3237169280229, 385.3237169280229, 385.3237169280229, 385.3237169280229, 163.1748667592994, 163.1748667592994, 132.18686530810314, 132.18686530810314, 132.18686530810314, 132.18686530810314, 132.18686530810314, 132.18686530810314, 132.18686530810314], 
[985.5971683049129, 928.8424288637942, 736.1246315046768, 736.1246315046768, 736.1246315046768, 736.1246315046768, 672.0242946042843, 475.0572821315859, 475.0572821315859, 437.4956195552396, 268.0508502863343, 268.0508502863343, 263.5835463113612, 205.11323404252755, 205.11323404252755, 146.36654706824123, 146.36654706824123, 146.36654706824123, 146.36654706824123, 146.36654706824123], 
[723.3336337513158, 723.3336337513158, 723.3336337513158, 578.5994640491731, 527.1623908268198, 527.1623908268198, 426.6279017570127, 426.6279017570127, 395.3331042943425, 372.76737353287825, 372.76737353287825, 278.1095418102843, 278.1095418102843, 278.1095418102843, 278.1095418102843, 234.2686881265217, 234.2686881265217, 200.55873277904217, 200.55873277904217, 200.55873277904217], 
[728.1620669724662, 728.1620669724662, 728.1620669724662, 728.1620669724662, 728.1620669724662, 697.2808822013209, 636.4515037333191, 408.0864512315024, 408.0864512315024, 408.0864512315024, 209.31500686213374, 209.31500686213374, 184.01839544072206, 184.01839544072206, 182.13462873221027, 182.13462873221027, 160.83370877277923, 160.83370877277923, 92.47877291907146, 92.47877291907146], 
[1284.8101755027476, 540.8334026617399, 540.8334026617399, 540.8334026617399, 540.8334026617399, 540.8334026617399, 373.24633106234324, 357.8095768702705, 205.87046860562177, 174.19218886991052, 174.19218886991052, 174.19218886991052, 168.24118941510807, 140.92731190865206, 140.92731190865206, 140.92731190865206, 140.92731190865206, 140.92731190865206, 139.43605939690843, 139.43605939690843], 
[975.4585599300063, 887.1004460893648, 628.6169147363296, 628.6169147363296, 628.6169147363296, 578.1788304796263, 578.1788304796263, 389.03148581664294, 389.03148581664294, 389.03148581664294, 389.03148581664294, 376.64206886942463, 276.199164644402, 257.2130760062827, 252.00074582492158, 252.00074582492158, 192.9939958369159, 192.9939958369159, 192.9939958369159, 155.46101339812117], 
[1201.3011393628076, 389.19669538032105, 389.19669538032105, 389.19669538032105, 389.19669538032105, 389.19669538032105, 389.19669538032105, 389.19669538032105, 389.19669538032105, 377.1602786779848, 266.7517464207561, 266.7517464207561, 170.8353155202008, 170.8353155202008, 155.43624964998804, 155.43624964998804, 155.43624964998804, 155.43624964998804, 155.43624964998804, 144.85944363063152], 
[1433.7589686856256, 720.6416511493834, 692.9597686679429, 692.9597686679429, 692.9597686679429, 470.90247707259425, 444.9726836467607, 444.9726836467607, 298.8322123331675, 123.13621676776688, 123.13621676776688, 123.13621676776688, 120.52107712370702, 120.52107712370702, 120.52107712370702, 120.52107712370702, 120.52107712370702, 120.52107712370702, 120.52107712370702, 120.52107712370702], 
[951.1966466868006, 695.273176368705, 695.273176368705, 657.8150798086871, 495.26308911959035, 466.3675724171472, 336.36761589783566, 336.36761589783566, 336.36761589783566, 312.96546475598336, 281.2645064277769, 281.2645064277769, 281.2645064277769, 281.2645064277769, 272.950822916948, 259.5901262003158, 244.55492285634, 244.55492285634, 231.88956233140243, 163.38237992147776], 
[1154.4904924235884, 724.6333625375931, 724.6333625375931, 516.1884007867916, 396.72444547936817, 396.72444547936817, 396.72444547936817, 396.72444547936817, 396.72444547936817, 396.72444547936817, 376.92830523062895, 315.71207482447977, 315.71207482447977, 271.1428454155105, 271.1428454155105, 271.1428454155105, 271.1428454155105, 227.29472104984475, 211.77327648232517, 211.77327648232517], 
[546.6219659657078, 546.6219659657078, 546.6219659657078, 546.6219659657078, 546.6219659657078, 400.28048114450064, 400.28048114450064, 236.34026366345026, 152.59421033715637, 152.59421033715637, 152.59421033715637, 152.59421033715637, 152.59421033715637, 138.5970393960864, 138.5970393960864, 138.5970393960864, 138.5970393960864, 138.5970393960864, 138.5970393960864, 138.5970393960864], 
[1022.5721380540432, 1022.5721380540432, 1022.5721380540432, 1022.5721380540432, 429.5848193553034, 394.80504418416007, 394.80504418416007, 394.80504418416007, 169.08995194960391, 169.08995194960391, 169.08995194960391, 169.08995194960391, 169.08995194960391, 169.08995194960391, 169.08995194960391, 80.98724527393786, 80.98724527393786, 80.98724527393786, 80.98724527393786, 80.98724527393786], 
[1068.2867451624568, 1068.2867451624568, 999.5044941538548, 912.0182675610333, 747.6321204356146, 526.5641048907808, 526.5641048907808, 526.5641048907808, 477.1719093640687, 273.4694746055936, 273.4694746055936, 227.568857098564, 227.568857098564, 227.568857098564, 187.72570936959394, 187.72570936959394, 185.55168425232122, 167.41026986707507, 117.59144727545875, 117.59144727545875], 
[1209.5088477570807, 1119.2614684156638, 1119.2614684156638, 822.4809941396264, 822.4809941396264, 533.5704081622442, 533.5704081622442, 533.5704081622442, 292.9624118334433, 292.9624118334433, 288.00316802595984, 288.00316802595984, 288.00316802595984, 288.00316802595984, 288.00316802595984, 197.93704611329315, 197.93704611329315, 197.93704611329315, 197.93704611329315, 193.64889050908792], 
[657.8689450784441, 657.8689450784441, 657.8689450784441, 490.9414696461051, 490.9414696461051, 490.9414696461051, 490.9414696461051, 376.2092325001999, 376.2092325001999, 376.2092325001999, 376.2092325001999, 371.6466573908873, 272.20829188193125, 272.20829188193125, 233.18088953427636, 233.18088953427636, 223.98047460170233, 223.98047460170233, 167.05982064667535, 167.05982064667535], 
[901.1862830747348, 901.1862830747348, 901.1862830747348, 901.1862830747348, 901.1862830747348, 809.1004160226256, 552.7282028704017, 471.4523905118159, 256.475093142434, 256.475093142434, 256.475093142434, 256.475093142434, 256.475093142434, 255.49407618697293, 255.49407618697293, 255.49407618697293, 215.15955421080847, 215.15955421080847, 139.85556115804067, 139.85556115804067], 
