[851.0874757595955, 558.6133234526178, -82.99343047592794, -82.99343047592794, -82.99343047592794, -82.99343047592794, -82.99343047592794, -96.02615270071988, -206.96462671153932, -209.05459554779225, -209.05459554779225, -209.05459554779225, -241.9790163078352, -241.9790163078352, -300.48325100363337, -300.48325100363337, -300.48325100363337, -300.48325100363337, -356.3546567798169, -368.8374997202092], 
[882.8280774325594, 559.4559633259062, 424.82811374841776, 387.5319889701824, 115.23906979067692, 115.23906979067692, -31.35849447412585, -31.35849447412585, -92.93578415074177, -309.4179799812807, -309.4179799812807, -309.4179799812807, -309.4179799812807, -309.4179799812807, -309.4179799812807, -309.4179799812807, -411.212464728389, -411.212464728389, -411.212464728389, -411.212464728389], 
[1098.5043256640163, 537.0924749640549, 458.5613454736051, 458.5613454736051, 356.87188383488467, -124.8554982153347, -124.8554982153347, -124.8554982153347, -124.8554982153347, -124.8554982153347, -124.8554982153347, -126.2082402105205, -126.2082402105205, -257.4807907391294, -257.4807907391294, -343.581060087055, -343.581060087055, -353.47815970505997, -353.47815970505997, -353.47815970505997], 
[445.0038039963076, 445.0038039963076, 144.38785073358122, 119.92571449484808, 119.92571449484808, 57.24291312939397, 42.1420647454255, -289.52871437133444, -289.52871437133444, -289.52871437133444, -289.52871437133444, -289.52871437133444, -289.52871437133444, -298.35116837239076, -404.3456913376782, -404.3456913376782, -413.7341540974721, -413.7341540974721, -413.7341540974721, -413.7341540974721], 
[861.7805027491206, 584.3983200272407, 322.9600708609328, 247.01232664727456, 40.85202893300959, 27.795409519884515, -44.30836994023775, -195.51057396266208, -195.51057396266208, -195.51057396266208, -361.88084622314204, -361.88084622314204, -361.88084622314204, -361.88084622314204, -361.88084622314204, -366.9332343180357, -366.9332343180357, -388.14017361159205, -406.57885088852595, -406.57885088852595], 
[214.68825765743304, 214.68825765743304, -62.68702493113642, -62.68702493113642, -62.68702493113642, -62.68702493113642, -62.68702493113642, -121.09884017513065, -128.02947406402313, -144.925963136451, -184.72521108913662, -218.87828035527366, -241.79695725371369, -241.79695725371369, -356.88903408597, -356.88903408597, -356.88903408597, -356.88903408597, -356.88903408597, -401.05637252648114], 
[708.2912634403754, 506.86454189676624, 199.0112956735578, -186.80703565339525, -270.20684984442596, -270.20684984442596, -270.20684984442596, -270.20684984442596, -270.20684984442596, -309.2307880566732, -309.2307880566732, -309.2307880566732, -309.2307880566732, -309.2307880566732, -354.52067244365514, -367.40027446103267, -367.40027446103267, -367.40027446103267, -367.40027446103267, -398.1793128329107], 
[820.0307433616974, 628.3369786876306, 427.6306925563971, 427.6306925563971, 15.398844010384437, 15.398844010384437, 5.492211000133352, 5.492211000133352, 5.492211000133352, -181.536029717355, -181.536029717355, -281.73865286745036, -355.27846883550217, -355.27846883550217, -355.27846883550217, -355.27846883550217, -355.27846883550217, -355.27846883550217, -393.17186920596146, -393.17186920596146], 
[134.84464946174387, 134.84464946174387, -122.26150131687382, -122.26150131687382, -233.0645342062502, -233.0645342062502, -233.0645342062502, -233.0645342062502, -233.0645342062502, -233.0645342062502, -233.0645342062502, -233.0645342062502, -303.2762742603058, -319.80592295086035, -319.80592295086035, -319.80592295086035, -319.80592295086035, -319.80592295086035, -319.80592295086035, -320.7074745648794], 
[828.235729942413, 449.0158311586961, 29.433136363199765, 29.433136363199765, 29.433136363199765, 29.433136363199765, 29.433136363199765, -201.52654650672957, -201.52654650672957, -212.24299146032553, -229.77773402767735, -229.77773402767735, -261.48615771315065, -290.6999357862558, -290.6999357862558, -290.6999357862558, -292.99488978871966, -292.99488978871966, -420.99625197569964, -420.99625197569964], 
[1070.5757691268211, 695.9067524965153, 300.10834788921306, 287.16748296352876, -100.3875379402449, -100.3875379402449, -115.35841763930006, -158.34237002233027, -202.0029860749063, -206.35494584437032, -206.35494584437032, -246.01637387372847, -310.9603260659753, -310.9603260659753, -310.9603260659753, -335.63316306474576, -335.63316306474576, -335.63316306474576, -335.63316306474576, -373.03481307492706], 
[554.3292327127085, 369.9517408380409, 369.9517408380409, 127.83779376180178, 112.99901296108715, 30.09927313386993, -224.59307549151862, -224.59307549151862, -238.58916743731163, -238.58916743731163, -238.58916743731163, -276.09223098849327, -276.09223098849327, -276.09223098849327, -278.46052128561195, -286.9946162123888, -286.9946162123888, -321.7205418676794, -338.95219117172394, -338.95219117172394], 
[881.421025265686, 274.6369823800261, 144.20655194479298, 144.20655194479298, -12.33685404542291, -12.33685404542291, -12.33685404542291, -12.33685404542291, -47.41445661194166, -335.6638188404151, -335.6638188404151, -335.6638188404151, -335.6638188404151, -357.78509777098236, -357.78509777098236, -357.78509777098236, -357.78509777098236, -357.78509777098236, -357.78509777098236, -357.78509777098236], 
[665.7022048751303, 560.3258096909324, 273.57379025770877, 273.57379025770877, 273.57379025770877, -32.24436288819061, -32.24436288819061, -247.17095857867918, -247.17095857867918, -247.17095857867918, -247.17095857867918, -263.4507490917513, -398.8346034390115, -398.8346034390115, -398.8346034390115, -398.8346034390115, -398.8346034390115, -398.8346034390115, -398.8346034390115, -398.8346034390115], 
[241.63849091362158, 241.63849091362158, 241.63849091362158, 241.63849091362158, 241.63849091362158, 241.63849091362158, -161.18530447990474, -161.18530447990474, -161.18530447990474, -161.18530447990474, -302.02172325300677, -331.42460035956003, -331.42460035956003, -360.7977158468527, -360.7977158468527, -360.7977158468527, -360.7977158468527, -400.37960978880363, -400.37960978880363, -400.37960978880363], 
[-16.052826468115825, -16.052826468115825, -16.052826468115825, -142.86412468470456, -282.5161908827988, -282.5161908827988, -282.5161908827988, -282.5161908827988, -282.5161908827988, -282.5161908827988, -282.5161908827988, -282.5161908827988, -288.6440308840684, -288.6440308840684, -351.77629230547177, -351.77629230547177, -351.77629230547177, -351.77629230547177, -351.77629230547177, -364.97192577217896], 
[531.707534279147, 531.707534279147, 516.5739482183845, 516.5739482183845, 411.74575017589984, 333.5299402474352, -88.3523301059044, -112.3013138970017, -112.3013138970017, -112.3013138970017, -162.67623964071885, -162.67623964071885, -162.67623964071885, -290.59086662102845, -290.59086662102845, -344.53352609496005, -344.53352609496005, -344.53352609496005, -344.53352609496005, -344.53352609496005], 
[689.0232058954559, 294.03157069757447, 294.03157069757447, 294.03157069757447, 78.38366094000867, 56.50111941210423, -192.5325182039967, -192.5325182039967, -192.5325182039967, -192.5325182039967, -192.5325182039967, -192.5325182039967, -275.90654332292064, -275.90654332292064, -275.90654332292064, -275.90654332292064, -313.63700649193976, -313.63700649193976, -313.63700649193976, -331.2992131684041], 
[1058.0208149484051, 759.5095145208161, 399.39156220950804, 189.24094557678518, 189.24094557678518, 59.1166773139754, 51.91993244911089, 51.91993244911089, 51.91993244911089, -276.58516944909593, -276.58516944909593, -276.58516944909593, -276.58516944909593, -276.58516944909593, -276.58516944909593, -292.53958443796995, -332.087720551058, -332.087720551058, -339.30634795272744, -339.30634795272744], 
[897.5985425843517, 796.4068262140854, 651.9051846280697, 194.076832608901, 194.076832608901, 70.9399257153184, 50.51215432351046, -14.56886976463744, -14.56886976463744, -22.603190195889283, -136.06370353143967, -221.38371847554868, -281.6116571573132, -281.6116571573132, -281.6116571573132, -330.617178953853, -330.617178953853, -330.617178953853, -330.617178953853, -330.617178953853], 
[506.4679695537096, 478.86273434528994, 478.86273434528994, 294.65108659066277, 130.94840725006236, -303.90595493672737, -303.90595493672737, -303.90595493672737, -303.90595493672737, -303.90595493672737, -303.90595493672737, -303.90595493672737, -332.65842567423726, -332.65842567423726, -332.65842567423726, -332.65842567423726, -374.4860380064145, -374.4860380064145, -374.4860380064145, -374.4860380064145], 
[779.8215268217314, 125.25418378695201, -49.36061938688425, -49.36061938688425, -176.94527255446087, -176.94527255446087, -176.94527255446087, -176.94527255446087, -225.64910682115283, -225.64910682115283, -225.64910682115283, -225.64910682115283, -234.4345983561151, -272.5210617318263, -332.969772595362, -343.5417440135126, -343.5417440135126, -343.5417440135126, -343.5417440135126, -343.5417440135126], 
[164.80732990835463, 164.80732990835463, 75.12356995052562, 75.12356995052562, 75.12356995052562, 71.68149655333912, -210.66957252120886, -210.66957252120886, -210.66957252120886, -258.4341341389219, -308.24004703103094, -308.24004703103094, -324.0499353025509, -324.0499353025509, -324.0499353025509, -324.0499353025509, -324.0499353025509, -324.0499353025509, -395.58647013082964, -395.58647013082964], 
[672.7913340726038, 506.5562788808245, 381.0041973462289, 381.0041973462289, 381.0041973462289, 303.0818903799046, 68.28142976168522, 40.40821498986497, 40.40821498986497, -85.21189411167597, -106.63096136988901, -154.58448484852374, -224.05816542317018, -257.42728544905094, -257.42728544905094, -273.76344472973096, -294.0828036676403, -322.848591692704, -322.848591692704, -341.7561776013223], 
[725.9241351323844, 725.9241351323844, 600.631878137254, 364.5601380501947, 259.6788059155683, 259.6788059155683, 125.79860910162347, 15.161033304910234, 15.161033304910234, -281.89911768987406, -281.89911768987406, -281.89911768987406, -281.89911768987406, -299.39276936035185, -299.39276936035185, -299.39276936035185, -322.935331539367, -330.99396462543564, -391.3644478338248, -391.3644478338248], 
[873.7314772793798, 582.994807971497, 582.994807971497, 543.4449653683339, 304.684128841025, 304.684128841025, -162.56496818081035, -163.17165942405086, -163.17165942405086, -164.08378074062887, -209.17876126018194, -209.17876126018194, -209.17876126018194, -228.28959696023713, -228.28959696023713, -353.3266005854215, -353.3266005854215, -409.3751856793225, -409.3751856793225, -409.3751856793225], 
[406.2345078110875, 406.2345078110875, 271.5324567983629, 271.5324567983629, 247.227272344658, -328.1947204642916, -328.1947204642916, -328.1947204642916, -328.1947204642916, -328.1947204642916, -328.1947204642916, -410.86973475816944, -410.86973475816944, -410.86973475816944, -410.86973475816944, -410.86973475816944, -410.86973475816944, -410.86973475816944, -410.86973475816944, -411.5359161223015], 
[558.057115045317, 408.3771612740218, 353.97565347717637, 12.961982401191449, -32.285270607658276, -46.498018599139414, -46.498018599139414, -155.26752280175288, -173.35463012885663, -173.35463012885663, -295.60981387548077, -295.60981387548077, -445.64286839873387, -445.64286839873387, -445.64286839873387, -445.64286839873387, -445.64286839873387, -445.64286839873387, -445.64286839873387, -445.64286839873387], 
[777.0912082667348, 777.0912082667348, 304.0521118241568, 93.12054596164876, 93.12054596164876, -109.95616255792123, -109.95616255792123, -109.95616255792123, -109.95616255792123, -289.2626502478404, -289.2626502478404, -314.8964607173377, -324.27736841913764, -324.27736841913764, -324.27736841913764, -324.27736841913764, -369.49438795433514, -369.49438795433514, -374.542047298836, -374.542047298836], 
[625.2399237335687, 305.6490072549435, 87.20246733149702, 87.20246733149702, 87.20246733149702, -87.91814182800857, -206.3648763269216, -206.3648763269216, -232.624275617578, -256.3706390259724, -256.3706390259724, -266.52330553647323, -376.9644579187209, -376.9644579187209, -376.9644579187209, -391.3966782764979, -391.3966782764979, -447.14657522661054, -447.14657522661054, -447.14657522661054], 
