[1796.0498340484874, 1796.0498340484874, 1796.0498340484874, 1796.0498340484874, 1796.0498340484874, 1796.0498340484874, 1796.0498340484874, 1796.0498340484874, 1796.0498340484874, 1796.0498340484874, 1796.0498340484874, 1796.0498340484874, 1796.0498340484874, 1796.0498340484874, 1796.0498340484874, 1796.0498340484874, 1796.0498340484874, 1796.0498340484874, 1796.0498340484874, 1796.0498340484874], 
[2345.374400362423, 2307.4097091826234, 2166.474976385679, 1652.900395451613, 1652.900395451613, 1652.900395451613, 1652.900395451613, 1652.900395451613, 1652.900395451613, 1652.900395451613, 1652.900395451613, 1652.900395451613, 1652.900395451613, 1652.900395451613, 1652.900395451613, 1652.900395451613, 1652.900395451613, 1652.900395451613, 1652.900395451613, 1652.900395451613], 
[2331.167985515255, 2331.167985515255, 2331.167985515255, 1998.8111139754842, 1998.8111139754842, 1998.8111139754842, 1998.8111139754842, 1998.8111139754842, 1998.8111139754842, 1998.8111139754842, 1998.8111139754842, 1998.8111139754842, 1998.8111139754842, 1998.8111139754842, 1998.8111139754842, 1998.8111139754842, 1998.8111139754842, 1998.8111139754842, 1998.8111139754842, 1998.8111139754842], 
[2161.373617974157, 2161.373617974157, 2161.373617974157, 1967.4932417144819, 1967.4932417144819, 1967.4932417144819, 1967.4932417144819, 1967.4932417144819, 1967.4932417144819, 1967.4932417144819, 1967.4932417144819, 1967.4932417144819, 1967.4932417144819, 1911.5179860375592, 1911.5179860375592, 1911.5179860375592, 1837.2151169100075, 1837.2151169100075, 1837.2151169100075, 1837.2151169100075], 
[2358.8864015906493, 2173.413001183476, 2173.413001183476, 2173.413001183476, 2173.413001183476, 2173.413001183476, 2173.413001183476, 1886.2349062502458, 1886.2349062502458, 1886.2349062502458, 1886.2349062502458, 1886.2349062502458, 1886.2349062502458, 1713.6508056891876, 1713.6508056891876, 1713.6508056891876, 1713.6508056891876, 1713.6508056891876, 1713.6508056891876, 1713.6508056891876], 
[2385.453284367353, 2063.9416386919524, 1907.0485631255447, 1907.0485631255447, 1907.0485631255447, 1907.0485631255447, 1907.0485631255447, 1907.0485631255447, 1881.4645935638055, 1881.4645935638055, 1816.7166791968561, 1816.7166791968561, 1816.7166791968561, 1816.7166791968561, 1816.7166791968561, 1816.7166791968561, 1816.7166791968561, 1816.7166791968561, 1816.7166791968561, 1816.7166791968561], 
[2537.94224711992, 2266.9444728142817, 2234.856097054081, 2234.856097054081, 2234.856097054081, 2004.6622658498168, 2004.6622658498168, 2004.6622658498168, 1986.6700431287327, 1986.6700431287327, 1986.6700431287327, 1986.6700431287327, 1986.6700431287327, 1986.6700431287327, 1986.6700431287327, 1986.6700431287327, 1985.889378457739, 1985.889378457739, 1985.889378457739, 1985.889378457739], 
[2318.2356744372933, 1974.6725940829424, 1974.6725940829424, 1972.4349939389085, 1972.4349939389085, 1972.4349939389085, 1972.4349939389085, 1972.4349939389085, 1972.4349939389085, 1891.0092072553698, 1891.0092072553698, 1891.0092072553698, 1891.0092072553698, 1844.1558391462322, 1844.1558391462322, 1844.1558391462322, 1844.1558391462322, 1844.1558391462322, 1844.1558391462322, 1844.1558391462322], 
[1942.529998251125, 1942.529998251125, 1942.529998251125, 1942.529998251125, 1942.529998251125, 1942.529998251125, 1942.529998251125, 1942.529998251125, 1942.529998251125, 1942.529998251125, 1904.766532911413, 1904.766532911413, 1904.766532911413, 1888.8783760191222, 1888.8783760191222, 1888.8783760191222, 1888.8783760191222, 1848.8489681465062, 1848.8489681465062, 1848.8489681465062], 
[2428.242275185945, 1947.579718246504, 1947.579718246504, 1947.579718246504, 1947.579718246504, 1947.579718246504, 1947.579718246504, 1947.579718246504, 1862.9339160936606, 1862.9339160936606, 1862.9339160936606, 1862.9339160936606, 1862.9339160936606, 1862.9339160936606, 1862.9339160936606, 1695.0253490912996, 1695.0253490912996, 1695.0253490912996, 1695.0253490912996, 1695.0253490912996], 
[2487.5094651794425, 2377.759068947147, 1912.8375044226254, 1912.8375044226254, 1912.8375044226254, 1912.8375044226254, 1912.8375044226254, 1912.8375044226254, 1912.8375044226254, 1912.8375044226254, 1912.8375044226254, 1912.8375044226254, 1912.8375044226254, 1866.1571664945918, 1866.1571664945918, 1866.1571664945918, 1866.1571664945918, 1866.1571664945918, 1866.1571664945918, 1863.0789027442288], 
[2358.9129629652025, 2045.4575295876425, 2045.4575295876425, 2045.4575295876425, 2045.4575295876425, 2045.4575295876425, 2045.4575295876425, 2045.4575295876425, 2045.4575295876425, 2045.4575295876425, 2045.4575295876425, 2045.4575295876425, 2045.4575295876425, 2045.4575295876425, 2045.4575295876425, 2045.4575295876425, 2045.4575295876425, 2045.4575295876425, 2045.4575295876425, 2045.4575295876425], 
[2160.2166451895737, 2117.601562769057, 2117.601562769057, 1876.1481681723612, 1876.1481681723612, 1876.1481681723612, 1876.1481681723612, 1876.1481681723612, 1876.1481681723612, 1876.1481681723612, 1876.1481681723612, 1876.1481681723612, 1876.1481681723612, 1876.1481681723612, 1876.1481681723612, 1876.1481681723612, 1723.2855998995014, 1723.2855998995014, 1723.2855998995014, 1723.2855998995014], 
[2438.1199375440433, 2314.8407936943595, 1967.5267256758466, 1967.5267256758466, 1760.6537840519409, 1760.6537840519409, 1760.6537840519409, 1760.6537840519409, 1760.6537840519409, 1760.6537840519409, 1760.6537840519409, 1760.6537840519409, 1760.6537840519409, 1760.6537840519409, 1760.6537840519409, 1760.6537840519409, 1760.6537840519409, 1760.6537840519409, 1760.6537840519409, 1760.6537840519409], 
[2389.5861874710613, 1941.8325174775741, 1941.8325174775741, 1941.8325174775741, 1941.8325174775741, 1941.8325174775741, 1941.8325174775741, 1941.8325174775741, 1741.5337238272318, 1741.5337238272318, 1741.5337238272318, 1741.5337238272318, 1741.5337238272318, 1741.5337238272318, 1741.5337238272318, 1741.5337238272318, 1741.5337238272318, 1741.5337238272318, 1741.5337238272318, 1741.5337238272318], 
[2126.8294411442544, 2126.8294411442544, 2126.8294411442544, 2126.8294411442544, 2126.8294411442544, 2126.8294411442544, 2126.8294411442544, 2126.8294411442544, 2126.8294411442544, 2126.8294411442544, 2126.8294411442544, 2084.2177359801685, 1604.3012985041469, 1604.3012985041469, 1604.3012985041469, 1604.3012985041469, 1604.3012985041469, 1604.3012985041469, 1604.3012985041469, 1604.3012985041469], 
[2419.6083681464233, 2081.7278320025534, 2081.7278320025534, 2081.7278320025534, 2081.7278320025534, 1848.9116812697857, 1848.9116812697857, 1848.9116812697857, 1848.9116812697857, 1848.9116812697857, 1848.9116812697857, 1839.9948984568741, 1839.9948984568741, 1839.9948984568741, 1839.9948984568741, 1839.9948984568741, 1839.9948984568741, 1839.9948984568741, 1839.9948984568741, 1839.9948984568741], 
[2193.189920061302, 2193.189920061302, 2160.1385962099143, 2160.1385962099143, 2160.1385962099143, 1599.137025431613, 1599.137025431613, 1599.137025431613, 1599.137025431613, 1599.137025431613, 1599.137025431613, 1599.137025431613, 1599.137025431613, 1599.137025431613, 1599.137025431613, 1599.137025431613, 1599.137025431613, 1599.137025431613, 1599.137025431613, 1599.137025431613], 
[2209.1839069688585, 2209.1839069688585, 2209.1839069688585, 2209.1839069688585, 2108.244242092717, 2108.244242092717, 1979.4899976675551, 1979.4899976675551, 1979.4899976675551, 1979.4899976675551, 1933.5218318037996, 1933.5218318037996, 1933.5218318037996, 1933.5218318037996, 1933.5218318037996, 1933.5218318037996, 1933.5218318037996, 1933.5218318037996, 1933.5218318037996, 1933.5218318037996], 
[2470.6243317141198, 2230.7133112677434, 2077.1921075320793, 2077.1921075320793, 2077.1921075320793, 2077.1921075320793, 2077.1921075320793, 2077.1921075320793, 2077.1921075320793, 2077.1921075320793, 2077.1921075320793, 2077.1921075320793, 2077.1921075320793, 2077.1921075320793, 2077.1921075320793, 2077.1921075320793, 2050.1551036247774, 2050.1551036247774, 2050.1551036247774, 1970.504498180067], 
[2630.4399035245265, 2243.153458453019, 2243.153458453019, 2168.915785809949, 2168.915785809949, 2072.266586328464, 1926.5734950696792, 1926.5734950696792, 1926.5734950696792, 1926.5734950696792, 1926.5734950696792, 1926.5734950696792, 1926.5734950696792, 1732.5527722234242, 1732.5527722234242, 1732.5527722234242, 1732.5527722234242, 1732.5527722234242, 1732.5527722234242, 1732.5527722234242], 
[2564.3833302983394, 2090.4959680774828, 2090.4959680774828, 2090.4959680774828, 1808.320109870781, 1808.320109870781, 1808.320109870781, 1808.320109870781, 1808.320109870781, 1808.320109870781, 1808.320109870781, 1808.320109870781, 1808.320109870781, 1808.320109870781, 1808.320109870781, 1808.320109870781, 1808.320109870781, 1808.320109870781, 1808.320109870781, 1808.320109870781], 
[1963.921567485088, 1963.921567485088, 1963.921567485088, 1963.921567485088, 1963.921567485088, 1963.921567485088, 1963.921567485088, 1963.921567485088, 1963.921567485088, 1530.978990282536, 1530.978990282536, 1530.978990282536, 1530.978990282536, 1530.978990282536, 1530.978990282536, 1530.978990282536, 1530.978990282536, 1530.978990282536, 1530.978990282536, 1530.978990282536], 
[2278.012692205551, 2056.6720043972646, 2056.6720043972646, 2056.6720043972646, 1881.919723179613, 1881.919723179613, 1881.919723179613, 1881.919723179613, 1881.919723179613, 1881.919723179613, 1881.919723179613, 1881.919723179613, 1881.919723179613, 1881.919723179613, 1881.919723179613, 1881.919723179613, 1881.919723179613, 1862.828500044755, 1862.828500044755, 1862.828500044755], 
[2028.54190956076, 2028.54190956076, 2028.54190956076, 2028.54190956076, 2028.54190956076, 2028.54190956076, 2028.54190956076, 2028.54190956076, 2028.54190956076, 2028.54190956076, 2028.54190956076, 2028.54190956076, 2010.9323840821958, 2010.9323840821958, 1984.5179831921414, 1793.3236181294765, 1793.3236181294765, 1793.3236181294765, 1793.3236181294765, 1292.4098759325475], 
[2138.789052753451, 2138.789052753451, 2138.789052753451, 2138.789052753451, 1845.1010721242683, 1839.7086076248534, 1839.7086076248534, 1839.7086076248534, 1839.7086076248534, 1839.7086076248534, 1839.7086076248534, 1839.7086076248534, 1839.7086076248534, 1839.7086076248534, 1839.7086076248534, 1738.0018795153828, 1738.0018795153828, 1738.0018795153828, 1738.0018795153828, 1738.0018795153828], 
[2600.9562357756295, 2415.209079591461, 2289.6976029158814, 2117.7809145574806, 2115.5145888883753, 2115.5145888883753, 2115.5145888883753, 2115.5145888883753, 2115.5145888883753, 2115.5145888883753, 2115.5145888883753, 2115.5145888883753, 2115.5145888883753, 2115.5145888883753, 1823.50951490931, 1823.50951490931, 1823.50951490931, 1823.50951490931, 1823.50951490931, 1823.50951490931], 
[2057.6964628895767, 1992.3629207284375, 1992.3629207284375, 1992.3629207284375, 1992.3629207284375, 1992.3629207284375, 1992.3629207284375, 1992.3629207284375, 1992.3629207284375, 1992.3629207284375, 1682.1813115724763, 1682.1813115724763, 1682.1813115724763, 1549.2593819476197, 1549.2593819476197, 1549.2593819476197, 1549.2593819476197, 1549.2593819476197, 1549.2593819476197, 1549.2593819476197], 
[2231.9046071132348, 2231.9046071132348, 2231.9046071132348, 2192.6332171581707, 2192.6332171581707, 2192.6332171581707, 2192.6332171581707, 2192.6332171581707, 1637.3040691667074, 1637.3040691667074, 1637.3040691667074, 1637.3040691667074, 1637.3040691667074, 1637.3040691667074, 1637.3040691667074, 1637.3040691667074, 1637.3040691667074, 1637.3040691667074, 1637.3040691667074, 1637.3040691667074], 
[1676.4716711238298, 1676.4716711238298, 1539.4641310238776, 1539.4641310238776, 1539.4641310238776, 1539.4641310238776, 1539.4641310238776, 1539.4641310238776, 1539.4641310238776, 1539.4641310238776, 1539.4641310238776, 1539.4641310238776, 1539.4641310238776, 1539.4641310238776, 1539.4641310238776, 1539.4641310238776, 1539.4641310238776, 1539.4641310238776, 1539.4641310238776, 1539.4641310238776], 
