[450.7195017512404, 450.7195017512404, 282.9541120399414, 282.9541120399414, 153.24559618681656, 83.87713581508831, 83.87713581508831, -57.75665946236575, -129.16236519812134, -129.16236519812134, -136.99713496487522, -136.99713496487522, -136.99713496487522, -227.55563885177162, -297.5834790389472, -301.66930890608637, -313.791228952443, -313.791228952443, -336.5389795523988, -336.5389795523988], 
[204.66373373476108, 204.66373373476108, -100.90803848437503, -100.90803848437503, -100.90803848437503, -100.90803848437503, -117.85624891808266, -117.85624891808266, -189.99485777834815, -189.99485777834815, -189.99485777834815, -189.99485777834815, -189.99485777834815, -304.92710107453354, -304.92710107453354, -304.92710107453354, -356.2886744758171, -356.2886744758171, -380.2069918505118, -380.2069918505118], 
[188.75084797308966, 188.75084797308966, 78.78601427960064, 78.78601427960064, 78.78601427960064, 78.78601427960064, -88.56047384715413, -131.20661429714295, -131.20661429714295, -131.20661429714295, -297.07034972122005, -359.5696159994101, -359.5696159994101, -359.5696159994101, -359.5696159994101, -360.56235039154075, -360.56235039154075, -360.56235039154075, -360.56235039154075, -360.56235039154075], 
[814.5553631795956, 582.4230956877786, 461.36664785540813, 0.14055236956232875, -128.34682239392436, -128.34682239392436, -128.34682239392436, -128.34682239392436, -243.54635357725266, -243.54635357725266, -243.54635357725266, -243.54635357725266, -243.54635357725266, -363.43532885319803, -363.43532885319803, -363.43532885319803, -374.3943972240926, -374.3943972240926, -374.3943972240926, -376.7979789440586], 
[248.64376749251744, 128.07895155308017, 128.07895155308017, 128.07895155308017, -112.98671568008297, -205.46320285082066, -205.46320285082066, -205.46320285082066, -205.46320285082066, -232.4091350892749, -232.4091350892749, -402.418208199001, -402.418208199001, -402.418208199001, -402.418208199001, -402.418208199001, -402.418208199001, -402.418208199001, -402.418208199001, -402.418208199001], 
[596.395485118974, 596.395485118974, 215.3041550759649, -16.791065995906592, -90.20189400789064, -90.20189400789064, -90.20189400789064, -211.64850750558264, -213.17429007638816, -213.17429007638816, -213.17429007638816, -313.8848104629275, -350.8977423625994, -350.8977423625994, -350.8977423625994, -350.8977423625994, -350.8977423625994, -350.8977423625994, -350.8977423625994, -350.8977423625994], 
[853.3780459543605, 244.8061447309576, 16.665051999327375, 16.665051999327375, 16.665051999327375, 16.665051999327375, 16.665051999327375, -93.22834983671737, -252.70266504727851, -252.70266504727851, -252.70266504727851, -252.70266504727851, -252.70266504727851, -289.0407805543334, -289.0407805543334, -289.0407805543334, -289.0407805543334, -341.2822280404031, -341.39924984522315, -341.39924984522315], 
[945.0993762807864, 945.0993762807864, 552.6167655976435, 411.69210406937395, 411.69210406937395, 411.69210406937395, 258.77272907494785, 53.33174310033314, 37.561234036643555, -93.79595602442066, -154.8058460653997, -154.8058460653997, -235.89149723181413, -235.89149723181413, -235.89149723181413, -235.89149723181413, -235.89149723181413, -342.733346608866, -342.733346608866, -378.4005443565079], 
[765.970071110871, 231.72554004312815, 231.72554004312815, 160.87291884141996, 112.69421617765147, -39.474445518857635, -39.474445518857635, -39.474445518857635, -39.474445518857635, -119.50761951603641, -285.99756106878067, -285.99756106878067, -342.5203550666017, -342.5203550666017, -342.5203550666017, -342.5203550666017, -342.5203550666017, -342.5203550666017, -342.5203550666017, -342.5203550666017], 
[952.6606527578551, 375.73833886830516, 299.617582568863, 236.79728374419597, 236.79728374419597, 236.79728374419597, 236.79728374419597, 236.79728374419597, 177.6064723189653, -33.18038671775622, -145.53948474848056, -145.53948474848056, -145.53948474848056, -145.53948474848056, -219.81021874111013, -219.81021874111013, -260.28919987143604, -260.28919987143604, -260.28919987143604, -260.28919987143604], 
[309.1347506503271, 257.8079969629006, -149.2916463909835, -243.01236905112154, -243.01236905112154, -243.01236905112154, -243.01236905112154, -243.01236905112154, -243.01236905112154, -243.01236905112154, -258.45135396458363, -331.51418472473335, -331.51418472473335, -362.25827709890325, -362.25827709890325, -371.3968568378648, -373.424240149301, -373.424240149301, -373.424240149301, -373.424240149301], 
[400.3390852883265, 400.3390852883265, 265.1187723355092, -22.47890792853275, -151.25940848411472, -151.25940848411472, -151.25940848411472, -151.25940848411472, -151.25940848411472, -151.25940848411472, -151.25940848411472, -198.0890302156505, -198.0890302156505, -323.3753968132413, -323.3753968132413, -323.3753968132413, -323.3753968132413, -323.3753968132413, -345.8307377776406, -345.8307377776406], 
[842.7644799271327, 232.1483469287973, 77.15341809647737, 1.3701312791934583, -335.28869340205324, -335.28869340205324, -335.28869340205324, -335.28869340205324, -335.28869340205324, -335.28869340205324, -335.28869340205324, -335.28869340205324, -335.28869340205324, -335.28869340205324, -335.28869340205324, -335.28869340205324, -335.28869340205324, -335.28869340205324, -335.28869340205324, -335.28869340205324], 
[153.16940780378798, 153.16940780378798, 153.16940780378798, 153.16940780378798, 153.16940780378798, -73.30407235949792, -73.30407235949792, -194.1542418780578, -194.1542418780578, -298.5260545811317, -298.5260545811317, -298.5260545811317, -367.6028140281336, -367.6028140281336, -367.6028140281336, -380.34866586462226, -380.34866586462226, -380.34866586462226, -380.34866586462226, -380.34866586462226], 
[761.2509154553763, 181.2754609069433, 181.2754609069433, -7.3849897359968395, -7.3849897359968395, -55.82963788943414, -55.82963788943414, -55.82963788943414, -205.67194600029757, -205.67194600029757, -237.31762133595225, -237.31762133595225, -258.00935616197273, -314.8596171227925, -314.8596171227925, -314.8596171227925, -325.9681469133418, -428.60130010439923, -428.60130010439923, -428.60130010439923], 
[751.381313399444, 704.3905284723658, 542.6235159075686, 343.62264286422044, 100.14855065776749, 12.943318091044603, -93.95326753046476, -117.72545067240947, -220.07030241816022, -220.07030241816022, -220.07030241816022, -220.07030241816022, -235.94487125723384, -241.03603170016942, -276.08478906094865, -276.08478906094865, -276.08478906094865, -276.08478906094865, -276.08478906094865, -276.08478906094865], 
[385.34028133488323, 385.34028133488323, 62.08708306493804, 62.08708306493804, 62.08708306493804, 62.08708306493804, 42.58260101160772, 32.19547513434975, 0.07940116152241217, -68.28730070037034, -120.20373857694108, -135.37391391540598, -176.76558707930621, -176.76558707930621, -181.18707210415238, -212.93795934461855, -212.93795934461855, -320.79094353698724, -320.79094353698724, -320.79094353698724], 
[1209.6597209757508, 423.0449071816797, 423.0449071816797, 423.0449071816797, -139.92019903591324, -139.92019903591324, -139.92019903591324, -171.06735872456812, -236.9030166213201, -236.9030166213201, -342.2690717691162, -342.2690717691162, -342.2690717691162, -342.2690717691162, -342.2690717691162, -347.9734342277975, -348.7691641951284, -348.7691641951284, -348.7691641951284, -395.46243858997485], 
[492.0147605653989, 427.1172331866943, 427.1172331866943, 284.33310346972235, 211.0673800558916, 153.7553707026068, 129.07261044549193, -71.35032721914183, -71.35032721914183, -71.35032721914183, -180.8945820486855, -220.3309304222485, -220.3309304222485, -224.23395063184256, -224.23395063184256, -267.71576031849554, -267.71576031849554, -267.71576031849554, -322.94791566459577, -322.94791566459577], 
[227.58319276000418, 227.58319276000418, 227.58319276000418, -118.12498283544699, -118.12498283544699, -118.12498283544699, -118.12498283544699, -118.12498283544699, -342.2543265253498, -342.2543265253498, -342.2543265253498, -342.2543265253498, -342.2543265253498, -342.2543265253498, -342.2543265253498, -372.5492029507254, -372.5492029507254, -372.5492029507254, -372.5492029507254, -397.06684029058715], 
[1121.3024393759938, 746.49765120747, 404.57486342081256, 213.94877321890658, 213.94877321890658, 213.94877321890658, -185.56561018301062, -185.56561018301062, -185.56561018301062, -187.57242013052985, -187.57242013052985, -187.57242013052985, -323.5050128409626, -323.5050128409626, -323.5050128409626, -338.91986101780833, -338.91986101780833, -342.14983770222796, -342.14983770222796, -342.14983770222796], 
[716.0110771937009, 375.3725340301213, 360.73227988897656, 323.71587595184155, 151.1616796107843, 151.1616796107843, 11.884623075266234, -34.831534300719284, -57.2642496402525, -57.2642496402525, -57.66162176482385, -225.14166257481497, -306.0875837363406, -306.0875837363406, -306.0875837363406, -306.0875837363406, -306.0875837363406, -347.0506791906922, -385.5599274008458, -385.5599274008458], 
[740.6997424934227, 136.3163303266308, 136.3163303266308, 13.462485558911453, 13.462485558911453, 13.462485558911453, -19.425007247308315, -66.79733447639143, -66.79733447639143, -83.64655510579394, -98.3225651521438, -245.0913934733985, -272.05496235989864, -272.05496235989864, -272.05496235989864, -272.05496235989864, -281.52163598889, -281.52163598889, -290.39047731537033, -353.2118188963349], 
[255.4826791166015, 255.4826791166015, 255.4826791166015, 254.29411043381458, -81.04337021712922, -131.97174225988755, -131.97174225988755, -131.97174225988755, -131.97174225988755, -208.13612417167764, -208.13612417167764, -208.13612417167764, -208.13612417167764, -242.8042564976438, -242.8042564976438, -399.28818720563487, -399.28818720563487, -399.28818720563487, -399.28818720563487, -399.28818720563487], 
[624.1946898935485, 594.2736640166181, 76.49356891201558, -10.510770866654752, -103.42388853944675, -103.42388853944675, -103.42388853944675, -112.17132158919514, -112.17132158919514, -168.16972207180976, -189.5556462280868, -189.5556462280868, -190.89361605050897, -296.3502788461637, -346.81177849000835, -346.81177849000835, -346.81177849000835, -346.81177849000835, -381.2892359249731, -381.2892359249731], 
[16.265780920500106, 16.265780920500106, 16.265780920500106, 16.265780920500106, -1.5689591058481938, -1.5689591058481938, -1.5689591058481938, -84.04878545373049, -299.21811262985375, -335.5708775638893, -353.619868196277, -353.619868196277, -353.619868196277, -353.619868196277, -353.619868196277, -353.619868196277, -353.619868196277, -353.619868196277, -353.619868196277, -353.619868196277], 
[424.6547513231577, 424.6547513231577, 143.5132863497763, 143.5132863497763, 68.39830223102229, -143.26401957161943, -143.26401957161943, -181.72054184867653, -214.94392165820375, -214.94392165820375, -260.30523414332083, -260.30523414332083, -260.30523414332083, -332.724640087376, -332.724640087376, -332.724640087376, -332.724640087376, -332.724640087376, -349.3605326497295, -349.3605326497295], 
[517.4248998652087, 517.4248998652087, 118.30835254487533, 118.30835254487533, 118.30835254487533, 15.142235694557826, 12.836848789513851, -98.38367381080536, -113.79080824185473, -113.79080824185473, -286.9147036404395, -286.9147036404395, -286.9147036404395, -286.9147036404395, -290.1020056121626, -290.1020056121626, -292.6745262582576, -294.7948786372801, -294.7948786372801, -294.7948786372801], 
[343.3126164325246, 303.73953037400986, 165.56121354790992, 165.56121354790992, 165.56121354790992, 165.56121354790992, 165.56121354790992, 19.149386403984636, 19.149386403984636, 19.149386403984636, -5.140285021818386, -191.544642890484, -191.544642890484, -235.39103401751476, -235.39103401751476, -251.09470929886217, -251.09470929886217, -266.34877976774095, -357.981600865581, -357.981600865581], 
[532.9335415442022, 532.9335415442022, 238.63915787104804, 74.23435982334058, 74.23435982334058, 74.23435982334058, -93.3038103344636, -93.3038103344636, -93.3038103344636, -93.3038103344636, -93.3038103344636, -93.3038103344636, -212.88322845452097, -227.75948475915249, -312.82264033766194, -312.82264033766194, -357.34255059264694, -371.6525304875472, -371.6525304875472, -371.6525304875472], 
