[315.71679243909625, 312.4821483609942, 241.45102411943515, 241.45102411943515, 241.45102411943515, 230.2187068864549, 208.5946940853051, 169.2661849489651, 169.2661849489651, 151.0502298834646, 143.89109242722748, 143.89109242722748, 143.89109242722748, 115.848617129839, 98.12672794402386, 98.12672794402386, 98.12672794402386, 98.12672794402386, 95.4178371251146, 64.25842131620063], 
[302.76272502047345, 302.76272502047345, 209.40968539688254, 209.40968539688254, 203.68533742620232, 203.68533742620232, 203.68533742620232, 197.93646228296046, 166.41027740610696, 166.41027740610696, 128.7222013023494, 125.56409282072445, 125.56409282072445, 120.49976629731557, 120.49976629731557, 112.67213935148935, 107.98288695640409, 91.87568362825871, 91.87568362825871, 91.87568362825871], 
[281.0882928466987, 281.0882928466987, 281.0882928466987, 177.8277790829724, 177.8277790829724, 177.8277790829724, 177.8277790829724, 177.8277790829724, 177.8277790829724, 159.41802053359228, 159.41802053359228, 125.39889418045385, 125.39889418045385, 125.39889418045385, 97.7416344308419, 97.7416344308419, 97.7416344308419, 97.7416344308419, 80.13939336497462, 80.13939336497462], 
[349.3827126755258, 293.0251897670472, 290.7191338575991, 290.7191338575991, 197.03209629017522, 197.03209629017522, 162.1570983538863, 160.84004167305355, 160.84004167305355, 137.8461165795081, 124.0515806108134, 118.08006383444896, 95.72514245103137, 95.72514245103137, 95.72514245103137, 95.72514245103137, 95.72514245103137, 95.72514245103137, 94.91035129328179, 94.91035129328179], 
[368.0854384213744, 365.5851175162217, 263.0420723848914, 184.1538359288386, 184.1538359288386, 184.1538359288386, 184.1538359288386, 184.1538359288386, 181.49940322065416, 169.27377888542006, 168.55775888179454, 161.12509222171803, 155.668405561114, 129.83900449838964, 123.1092082583069, 115.74514029815883, 115.74514029815883, 109.95747244792676, 84.14038428590722, 81.00950376084276], 
[227.68215631745153, 209.5833621734122, 205.56576133429616, 205.56576133429616, 205.56576133429616, 175.0945760424975, 175.0945760424975, 165.51154944339584, 142.8842858008215, 142.8842858008215, 100.06990430289694, 78.20278565712835, 78.20278565712835, 78.20278565712835, 78.20278565712835, 75.0985249684293, 75.0985249684293, 75.0985249684293, 75.0985249684293, 75.0985249684293], 
[328.9178219882633, 247.70989270075856, 212.744187072559, 173.0605129118493, 173.0605129118493, 173.0605129118493, 159.87353588992437, 150.98379438160336, 150.98379438160336, 150.98379438160336, 150.46433516315906, 150.46433516315906, 140.59179182793434, 125.93580093680202, 125.93580093680202, 125.93580093680202, 125.93580093680202, 109.31230009808812, 106.78398217122768, 106.78398217122768], 
[355.4563052906076, 342.5417771676368, 292.08188469990205, 269.51356461426246, 248.876742810625, 239.29847062666965, 185.07132075350995, 185.07132075350995, 184.2633128546344, 161.73001689755375, 127.24986045612626, 127.24986045612626, 127.24986045612626, 119.91491393850178, 119.91491393850178, 95.13075836933172, 95.13075836933172, 95.13075836933172, 95.13075836933172, 95.13075836933172], 
[385.3742463141351, 252.54810314915613, 252.54810314915613, 252.54810314915613, 238.54814695034128, 213.28622974707224, 204.58018319143136, 204.58018319143136, 187.42393225307418, 157.92164910253547, 157.92164910253547, 124.72820127878853, 91.15319169855373, 70.52869151030231, 70.52869151030231, 70.52869151030231, 70.52869151030231, 70.52869151030231, 70.52869151030231, 70.52869151030231], 
[369.8044916695729, 331.22446661548724, 280.23808255894045, 253.11835827215134, 253.11835827215134, 229.49736212059906, 222.84571928284063, 194.9041270429176, 184.65207161188613, 184.65207161188613, 169.04652046430445, 144.10873699189693, 131.94562126908596, 131.94562126908596, 125.37053225772877, 122.19453588291343, 122.19453588291343, 110.94569058212926, 110.94569058212926, 110.94569058212926], 
[302.49314736519045, 280.4334519923232, 273.5481848863167, 216.03786837693283, 216.03786837693283, 216.03786837693283, 192.41688659224388, 179.916601814009, 179.916601814009, 145.42395776904598, 145.42395776904598, 145.42395776904598, 145.42395776904598, 145.42395776904598, 140.53701495867543, 128.5572911918097, 120.79241985651501, 104.36917132932398, 79.9196117972212, 79.9196117972212], 
[293.01552721443073, 290.90550861132283, 290.90550861132283, 288.7602426140208, 194.567715978144, 194.567715978144, 194.567715978144, 149.10500079412014, 149.10500079412014, 149.10500079412014, 135.193526925087, 135.193526925087, 135.193526925087, 135.193526925087, 119.76086567177487, 115.69707050506241, 111.25795248269861, 90.98925478241664, 90.98925478241664, 90.98925478241664], 
[363.1480694582762, 319.97811144854495, 319.97811144854495, 308.5683383983595, 163.451551119025, 163.451551119025, 163.451551119025, 163.451551119025, 158.48169566268257, 158.48169566268257, 145.50356760497155, 145.50356760497155, 117.84906521261671, 117.84906521261671, 106.1631106868108, 103.71240010834572, 103.71240010834572, 87.0469871380101, 87.0469871380101, 87.0469871380101], 
[290.16639287478813, 290.16639287478813, 290.16639287478813, 277.9522160144248, 233.4482926658756, 212.15757599948077, 212.15757599948077, 204.06892481499844, 183.3056452163369, 164.21134990343134, 154.38110155148013, 154.38110155148013, 104.25550114737783, 98.07486170428965, 98.07486170428965, 98.07486170428965, 89.6144367741224, 89.6144367741224, 89.6144367741224, 89.6144367741224], 
[408.8287881051821, 315.4754848266252, 315.4754848266252, 171.74168894629875, 171.74168894629875, 171.74168894629875, 171.74168894629875, 162.9541904379206, 162.9541904379206, 148.18706090305218, 119.65664738170136, 119.65664738170136, 119.65664738170136, 119.65664738170136, 112.88837545174022, 112.35286866273132, 86.69591227259909, 86.69591227259909, 81.45000350389901, 81.45000350389901], 
[351.240379295161, 278.66128023123304, 278.66128023123304, 278.66128023123304, 260.74100757419393, 238.8770591564706, 196.89201354464552, 167.37399597309232, 167.37399597309232, 167.37399597309232, 142.13405007333938, 142.13405007333938, 118.82678288777296, 118.82678288777296, 118.82678288777296, 112.18904871156118, 94.44490920359618, 94.44490920359618, 79.05681430271903, 79.05681430271903], 
[288.7860130014056, 288.7860130014056, 269.1706165351841, 269.1706165351841, 225.93022507435768, 225.93022507435768, 191.22565719443634, 184.52090386271465, 183.2799591754159, 126.76751097153786, 126.76751097153786, 126.76751097153786, 107.12476077280897, 107.12476077280897, 99.85773078922172, 99.18280909885544, 99.18280909885544, 99.18280909885544, 99.18280909885544, 87.35663324981189], 
[336.60626792338826, 332.80947195276843, 274.9267531568641, 266.19617209599176, 264.7008179449486, 191.1103835070316, 183.32177022410798, 168.66798506132398, 152.29786433592764, 152.29786433592764, 139.6541456381563, 114.17285537181805, 114.17285537181805, 95.46822659715768, 95.46822659715768, 95.46822659715768, 72.62644157610657, 72.62644157610657, 72.62644157610657, 65.00634456753829], 
[330.8947312490102, 330.8947312490102, 299.1057907968222, 289.81832046864224, 282.7200002631099, 238.9182433577377, 184.35706455605714, 184.35706455605714, 182.94387957389495, 160.50982295384728, 160.50982295384728, 160.50982295384728, 155.37597082929818, 128.79337159376186, 116.93003345189003, 116.93003345189003, 81.40652604169887, 81.40652604169887, 81.40652604169887, 81.40652604169887], 
[326.7715822991407, 286.42933362673205, 278.11634796031444, 243.3541906248379, 205.4085883808907, 205.4085883808907, 172.55225625846708, 172.55225625846708, 172.55225625846708, 172.55225625846708, 172.55225625846708, 154.47164202976273, 146.7760082722142, 127.96204720492699, 127.96204720492699, 124.68373320606449, 113.58221548623973, 100.29202848885595, 87.90203503983653, 87.90203503983653], 
[280.36234042446927, 278.28159517722077, 241.53906440319253, 217.9481052127996, 207.615827341969, 207.615827341969, 207.615827341969, 184.05732614992314, 184.05732614992314, 155.868448207107, 155.868448207107, 132.3557393771458, 132.3557393771458, 132.3557393771458, 132.3557393771458, 125.87308785331682, 118.3285101326787, 88.35038058437637, 88.35038058437637, 70.53364827654345], 
[337.708415120376, 246.39863805970072, 213.71636398008462, 199.190740608204, 199.190740608204, 199.190740608204, 199.190740608204, 176.55180412275982, 176.55180412275982, 130.89395835155022, 130.89395835155022, 130.89395835155022, 130.89395835155022, 130.89395835155022, 113.8557794133395, 108.93695090822722, 104.91386838828609, 104.21583126112259, 104.21583126112259, 93.76184303056108], 
[333.04373629441574, 333.04373629441574, 196.21929612414897, 196.21929612414897, 192.79825899871878, 188.26131543267658, 175.71604472070493, 175.71604472070493, 138.4432142667115, 138.4432142667115, 135.9899417145517, 135.9899417145517, 133.5633257446241, 133.5633257446241, 120.86920167252154, 109.26253632077025, 109.26253632077025, 101.12064237068718, 93.97604208023105, 93.97604208023105], 
[321.87046482940934, 295.3717519485537, 295.3717519485537, 295.3717519485537, 252.71761897182296, 220.23112958084755, 195.7301602367119, 174.62377322957244, 126.67635809250606, 126.67635809250606, 107.40040400209924, 107.40040400209924, 107.40040400209924, 107.40040400209924, 107.40040400209924, 107.40040400209924, 107.40040400209924, 96.24404242579593, 96.24404242579593, 96.24404242579593], 
[321.95646388241914, 253.11078507635872, 224.13196351859455, 224.13196351859455, 224.13196351859455, 205.6767621724767, 198.41516623385877, 174.56382201434448, 167.8501230610974, 162.7468097621489, 149.74661632148707, 139.58354956532614, 113.61034109461932, 113.61034109461932, 113.61034109461932, 113.61034109461932, 103.35818721847511, 103.35818721847511, 95.17193025932768, 90.80494287023184], 
[326.323462071776, 316.038708044567, 269.0275087649355, 269.0275087649355, 200.9150320200147, 200.9150320200147, 200.9150320200147, 200.9150320200147, 200.9150320200147, 170.01427547995758, 139.80778477262297, 139.80778477262297, 125.63957646919381, 125.63957646919381, 111.72339085213284, 111.72339085213284, 111.72339085213284, 108.80542645207841, 103.99502663465034, 102.42154324001088], 
[425.1543659894907, 358.2082455009794, 275.684794033313, 197.54699541209393, 197.54699541209393, 197.54699541209393, 197.54699541209393, 197.54699541209393, 158.89617575039608, 157.86506364499107, 157.86506364499107, 148.17495869654377, 123.95948748791464, 123.95948748791464, 111.3261920278336, 111.3261920278336, 111.3261920278336, 111.3261920278336, 111.3261920278336, 101.13147176179095], 
[367.98854555185596, 312.5333193480824, 312.5333193480824, 312.5333193480824, 244.22131450166125, 244.22131450166125, 201.71292678981982, 201.71292678981982, 201.71292678981982, 201.71292678981982, 159.92902932901254, 154.4482099658735, 138.0650188827346, 131.57202341443394, 104.21461767796659, 88.69534104765009, 88.69534104765009, 88.69534104765009, 88.69534104765009, 88.69534104765009], 
[342.8710350422885, 342.8710350422885, 283.3287009121068, 276.10395946237, 264.2340440374569, 119.34119767602223, 119.34119767602223, 119.34119767602223, 119.34119767602223, 119.34119767602223, 119.34119767602223, 97.11482182501149, 97.11482182501149, 97.11482182501149, 97.11482182501149, 97.11482182501149, 80.93334370570604, 67.98788906961518, 67.98788906961518, 67.98788906961518], 
[428.40512099952394, 342.08525076275384, 297.4900236092486, 242.6161504610862, 204.953320215485, 204.953320215485, 204.953320215485, 204.953320215485, 180.1761240284032, 180.1761240284032, 180.1761240284032, 164.5717869482487, 148.46771393653012, 148.46771393653012, 138.66823476176955, 138.66823476176955, 104.02150674010433, 104.02150674010433, 104.02150674010433, 99.42246916148198], 
