[485.93801264383126, 252.32099714893968, 252.32099714893968, 44.481139935309784, 44.481139935309784, 28.453913976061017, 28.453913976061017, 28.453913976061017, 28.453913976061017, -134.2924044767841, -184.63617408296932, -184.63617408296932, -184.63617408296932, -184.63617408296932, -209.82862596361474, -209.82862596361474, -265.643960347661, -335.2510753185086, -404.9135539789561, -404.9135539789561], 
[1060.7942289813718, 271.74365274573415, 271.74365274573415, 271.74365274573415, 96.8592651545207, 96.8592651545207, 58.1508550770111, -67.58165294009837, -67.58165294009837, -171.60396411136242, -171.60396411136242, -283.02213080765756, -283.02213080765756, -283.02213080765756, -372.7595253432084, -372.7595253432084, -372.7595253432084, -372.7595253432084, -372.7595253432084, -372.7595253432084], 
[700.9370759870346, 508.93608721702196, 110.6008880030148, 110.6008880030148, 110.6008880030148, 110.6008880030148, 18.303560563182828, 18.303560563182828, 14.66687725668703, -198.85912860477998, -198.85912860477998, -198.85912860477998, -296.959540709199, -296.959540709199, -296.959540709199, -296.959540709199, -296.959540709199, -306.97060288973336, -354.0485698142802, -359.4302110116709], 
[730.4333379508878, 730.4333379508878, 582.3226991197605, 80.21586400439844, 72.58660948212116, 72.58660948212116, -51.339470263389785, -51.339470263389785, -110.97179779124389, -110.97179779124389, -110.97179779124389, -126.35772525891747, -320.42336546598005, -320.42336546598005, -362.6469119659782, -362.6469119659782, -382.8760315538832, -407.38052443574685, -407.38052443574685, -407.38052443574685], 
[60.78474052818228, 60.78474052818228, 60.78474052818228, 60.78474052818228, -181.6142907818748, -200.68980396617258, -200.68980396617258, -200.68980396617258, -200.68980396617258, -240.1856278051926, -240.1856278051926, -240.1856278051926, -240.1856278051926, -240.1856278051926, -306.4159347882487, -306.4159347882487, -321.35099946418484, -321.35099946418484, -334.66179304607283, -334.66179304607283], 
[1158.8037600982161, 1015.0780989568277, 681.27778455099, 596.7533808635087, 112.37221701230169, 112.37221701230169, 70.8523386810806, -27.833262826979762, -176.48372861664006, -176.48372861664006, -236.56871199438183, -236.56871199438183, -278.89439216011976, -337.09941795777297, -337.09941795777297, -337.09941795777297, -337.09941795777297, -337.09941795777297, -351.7829894052845, -351.7829894052845], 
[733.1232659666732, 416.9655139428372, 267.70833942093293, 43.54038727741511, 43.54038727741511, -49.97783271172216, -135.69179426616148, -135.69179426616148, -135.69179426616148, -135.69179426616148, -139.11771789025687, -148.30004948462567, -148.30004948462567, -148.30004948462567, -161.2068197477751, -314.09790370708663, -314.09790370708663, -314.09790370708663, -358.9998222664283, -373.42780017255507], 
[749.3973694355202, 749.3973694355202, 592.9379157948363, 407.29474808587486, 235.62090382937845, 235.62090382937845, -24.279251475551064, -66.11716840768082, -148.02329243866558, -148.02329243866558, -148.02329243866558, -148.02329243866558, -148.02329243866558, -333.55605376405435, -333.55605376405435, -333.55605376405435, -333.55605376405435, -333.55605376405435, -364.59253470573714, -364.59253470573714], 
[670.2939154680721, 332.2956011417318, 202.70592999630514, 202.70592999630514, 202.70592999630514, 202.70592999630514, 202.70592999630514, 128.49823285503282, -75.58933531072233, -100.12319277677574, -206.59877973440018, -231.99106839558533, -273.23099502251955, -273.23099502251955, -298.2839300385661, -298.2839300385661, -298.2839300385661, -336.12328272136006, -336.12328272136006, -380.68537856948194], 
[552.937816875022, 151.31344944523062, -60.361694097668305, -60.361694097668305, -60.361694097668305, -60.361694097668305, -60.361694097668305, -60.361694097668305, -60.361694097668305, -192.71076764502004, -221.57233801487382, -221.57233801487382, -221.57233801487382, -221.57233801487382, -398.66130080086333, -398.66130080086333, -398.66130080086333, -408.95037147150344, -408.95037147150344, -408.95037147150344], 
[941.398183699002, -104.58346250867686, -131.1034492099289, -131.1034492099289, -131.1034492099289, -138.3661692235181, -138.3661692235181, -138.3661692235181, -138.3661692235181, -278.26469656257956, -278.26469656257956, -312.5890836148759, -312.5890836148759, -312.5890836148759, -312.5890836148759, -327.1684234511812, -327.1684234511812, -327.1684234511812, -327.1684234511812, -327.1684234511812], 
[453.8098720671759, 161.91586862354177, 161.91586862354177, 45.09386852057935, 45.09386852057935, 19.1450040926552, -4.543005179158172, -72.18329155416092, -334.55299646092146, -334.55299646092146, -334.55299646092146, -334.55299646092146, -334.55299646092146, -358.9759560398976, -375.45120660457053, -375.45120660457053, -375.45120660457053, -375.45120660457053, -375.45120660457053, -375.45120660457053], 
[958.026484094258, 796.579536953913, 688.1043873530548, 538.422193797338, 307.99031986545447, 81.74725555463931, -175.37419080858945, -175.37419080858945, -175.37419080858945, -175.37419080858945, -175.37419080858945, -175.37419080858945, -236.5133394048371, -324.1166871917123, -324.1166871917123, -326.9208992994302, -357.6534177765888, -384.1891301551359, -395.1568357781633, -395.1568357781633], 
[854.0338355333404, 126.51687475573647, 126.51687475573647, 59.57654248415599, -43.04926875572431, -43.04926875572431, -43.04926875572431, -132.02200560081917, -132.02200560081917, -132.02200560081917, -132.02200560081917, -132.02200560081917, -143.61970176553427, -212.19283869686853, -212.19283869686853, -232.93931629305916, -241.84335765689826, -309.97916890166135, -316.3302511774073, -316.3302511774073], 
[747.2094445266425, 747.2094445266425, 624.4516222520363, 300.03415327930577, 300.03415327930577, 124.5413360306701, 124.5413360306701, 20.789437214021632, 5.7105329786432435, -83.97028893378553, -83.97028893378553, -183.68105292451946, -233.781674141138, -248.60573922880653, -248.60573922880653, -248.60573922880653, -248.60573922880653, -248.60573922880653, -299.875294854004, -299.875294854004], 
[1211.8315474716624, 927.0687518402492, 681.4964691328705, 412.21057663008946, 412.21057663008946, 231.23794303419652, 111.5226219153393, 96.32179342480458, -1.390266129392728, -87.5625327099583, -87.5625327099583, -250.82218944612384, -250.82218944612384, -250.82218944612384, -250.82218944612384, -250.82218944612384, -264.7407505386967, -264.7407505386967, -264.7407505386967, -320.60596326264294], 
[767.0412528843794, 767.0412528843794, 723.9613467880322, 185.746215621445, 185.746215621445, -155.3216894837139, -196.25337525001686, -204.24154056980592, -229.75657817334326, -295.4815810421622, -295.4815810421622, -295.4815810421622, -295.4815810421622, -310.5211357591086, -310.5211357591086, -310.5211357591086, -310.5211357591086, -357.60119417120757, -368.3110071223711, -386.2601520972214], 
[546.6609059409693, 9.52915556139044, 9.52915556139044, 9.52915556139044, 9.52915556139044, 9.52915556139044, 9.52915556139044, 9.52915556139044, 9.52915556139044, -94.44832996955489, -134.63857017158205, -300.87071330945815, -300.87071330945815, -300.87071330945815, -300.87071330945815, -300.87071330945815, -301.5178836622293, -301.5178836622293, -304.1183318337662, -357.8633433691123], 
[870.6188942512883, 640.0113748072872, 502.47067729128764, 245.32949486033021, -13.86821023840838, -13.86821023840838, -181.56355545228382, -181.56355545228382, -266.2286901413878, -272.3968976611962, -272.3968976611962, -274.8620912583, -274.8620912583, -283.23835537704963, -290.59798554243537, -290.59798554243537, -290.59798554243537, -348.18408465034804, -348.18408465034804, -348.18408465034804], 
[551.1438355962218, 551.1438355962218, -49.59005467754412, -49.59005467754412, -58.57376454743326, -58.57376454743326, -63.27925703901178, -63.27925703901178, -63.27925703901178, -97.96195015592974, -182.85034097369885, -226.71942243033226, -235.02878953857265, -317.75666011436067, -317.75666011436067, -317.75666011436067, -317.75666011436067, -317.75666011436067, -317.75666011436067, -317.75666011436067], 
[1448.0585413104286, 525.2576152993088, 151.0700124332468, 151.0700124332468, 151.0700124332468, -208.04012235511442, -208.04012235511442, -208.04012235511442, -208.04012235511442, -208.04012235511442, -208.32589425701542, -208.32589425701542, -335.14661824668633, -335.17955099536766, -335.17955099536766, -440.514839439684, -440.514839439684, -450.01882764228566, -450.01882764228566, -450.01882764228566], 
[416.75124097665605, 416.75124097665605, 177.5493652288967, 151.9219327849214, -58.29028297532636, -58.29028297532636, -58.29028297532636, -82.70739879077564, -156.61629765007945, -241.2995155785198, -241.2995155785198, -241.2995155785198, -261.5712974881088, -287.0700242777624, -287.0700242777624, -287.0700242777624, -296.8673552135713, -296.8673552135713, -296.8673552135713, -350.0364313443747], 
[1492.6473437625584, 741.090960876119, 543.5250908239314, 410.0276236400998, -131.10973878202253, -131.10973878202253, -132.4251813693221, -164.66275292280744, -164.66275292280744, -164.66275292280744, -164.66275292280744, -164.66275292280744, -215.3472630005869, -215.3472630005869, -222.48011424017227, -222.48011424017227, -263.1251183164718, -295.46366109698386, -304.65941002682416, -304.65941002682416], 
[-128.1468424645135, -128.1468424645135, -128.1468424645135, -128.1468424645135, -128.1468424645135, -137.9362018362072, -227.128206822548, -227.128206822548, -227.128206822548, -227.128206822548, -227.128206822548, -249.1992905781451, -285.5906508104225, -360.67677561774815, -360.67677561774815, -360.67677561774815, -368.4242658547911, -368.4242658547911, -405.0892468637401, -405.0892468637401], 
[672.6013047207114, 382.67303457800745, 25.36451110577798, 25.36451110577798, 25.36451110577798, -38.160692860762765, -259.30124020941264, -259.30124020941264, -259.30124020941264, -259.30124020941264, -259.30124020941264, -259.30124020941264, -259.30124020941264, -259.30124020941264, -259.30124020941264, -259.30124020941264, -284.5849153874997, -284.5849153874997, -346.41740239849025, -380.9176213559338], 
[-46.91905331873136, -46.91905331873136, -46.91905331873136, -46.91905331873136, -46.91905331873136, -46.91905331873136, -164.9471860387714, -198.6297628181443, -198.6297628181443, -198.6297628181443, -357.87898347232897, -369.9867339045661, -369.9867339045661, -369.9867339045661, -375.9740358518047, -375.9740358518047, -397.51739761848467, -397.51739761848467, -397.51739761848467, -397.51739761848467], 
[513.816825860555, 513.816825860555, 165.97649425207328, 165.97649425207328, 165.97649425207328, 165.97649425207328, -14.167294369464798, -14.167294369464798, -245.00844008231246, -245.00844008231246, -245.77108943177004, -245.77108943177004, -245.77108943177004, -245.77108943177004, -306.7640647511113, -306.7640647511113, -306.7640647511113, -306.7640647511113, -330.7924079777788, -330.7924079777788], 
[603.3005369204175, 603.3005369204175, 244.1629975146052, -22.65137135668516, -68.55013758377277, -285.8296350392786, -285.8296350392786, -285.8296350392786, -328.6580569170127, -328.6580569170127, -363.5042692848475, -363.5042692848475, -363.5042692848475, -363.5042692848475, -363.5042692848475, -363.5042692848475, -363.5042692848475, -363.5042692848475, -368.4415442408176, -380.8374300498867], 
[-185.73024719731393, -185.73024719731393, -185.73024719731393, -185.73024719731393, -185.73024719731393, -185.73024719731393, -185.73024719731393, -211.55529149648282, -211.55529149648282, -211.55529149648282, -211.55529149648282, -237.7103577983063, -237.7103577983063, -237.7103577983063, -302.515939561433, -303.6662491059442, -303.6662491059442, -340.918020640795, -340.918020640795, -340.918020640795], 
[211.84781914887913, 211.84781914887913, 211.84781914887913, 192.2135233095347, -100.55311297754281, -116.23705487126227, -215.64238477886727, -258.34279182362786, -258.34279182362786, -258.34279182362786, -258.34279182362786, -258.34279182362786, -258.34279182362786, -273.8358779816733, -273.8358779816733, -358.75667311418863, -409.39434969575126, -409.39434969575126, -409.39434969575126, -409.39434969575126], 
