[289.60554099067735, 271.1537044578258, 87.38493654349463, 87.38493654349463, 87.38493654349463, 87.38493654349463, 87.38493654349463, -113.55623917591578, -324.52560168012116, -324.52560168012116, -324.52560168012116, -324.52560168012116, -373.04392622749003, -373.04392622749003, -373.04392622749003, -373.04392622749003, -373.04392622749003, -373.04392622749003, -373.04392622749003, -373.04392622749003], 
[1001.7687214529483, 915.824019512384, 681.7339118588072, 616.6400344703695, 68.10743807877225, 58.946744623520544, -68.311677386366, -400.47813736159526, -400.47813736159526, -400.47813736159526, -400.47813736159526, -400.47813736159526, -400.47813736159526, -400.47813736159526, -400.47813736159526, -400.47813736159526, -400.47813736159526, -400.47813736159526, -400.47813736159526, -416.169689447153], 
[637.1336483512541, 637.1336483512541, 346.50976089857375, 253.21423409443275, 182.45031816838832, 123.09184470906644, 17.90076619426293, 17.90076619426293, -20.721101795613265, -20.721101795613265, -20.721101795613265, -65.69541211868983, -150.03888964050248, -159.92002063118315, -179.88590942976663, -301.28449479097816, -301.28449479097816, -301.28449479097816, -301.28449479097816, -301.28449479097816], 
[776.2547421516938, 560.903958148582, 492.7510340080969, -9.755676162873897, -174.36195158762064, -174.36195158762064, -174.36195158762064, -174.36195158762064, -244.63501846808916, -245.61622978587667, -254.20145027348406, -254.20145027348406, -254.20145027348406, -276.93869241356947, -336.57701210655125, -336.57701210655125, -358.1989439016327, -358.1989439016327, -358.1989439016327, -359.08418907240195], 
[353.9393920549254, 353.9393920549254, 109.22811207473796, -26.042106915440286, -27.88542093488593, -54.11128615770161, -54.11128615770161, -56.793315421046714, -224.93893686420563, -224.93893686420563, -270.3823350125733, -285.2000575867778, -311.07447295962066, -311.07447295962066, -311.07447295962066, -311.07447295962066, -346.4747958075318, -346.4747958075318, -362.21339490080777, -378.4270448138975], 
[1022.1636239198588, 698.2722352211649, 391.6173881019879, 391.6173881019879, 271.0153252859094, -119.69118023360102, -219.5444144530016, -262.9046094772582, -262.9046094772582, -262.9046094772582, -345.37368301995696, -345.37368301995696, -345.37368301995696, -345.37368301995696, -345.37368301995696, -390.4728790154263, -390.4728790154263, -390.4728790154263, -390.4728790154263, -390.4728790154263], 
[483.6422376412405, 294.5432674734843, 214.7253657376142, 145.76869362581544, 145.76869362581544, 86.02437813982908, 86.02437813982908, 53.20354599015093, -14.81025486138202, -175.41042080281375, -175.41042080281375, -175.41042080281375, -175.41042080281375, -175.41042080281375, -216.50905614891155, -216.50905614891155, -232.9004577351676, -232.9004577351676, -249.7165572959205, -249.7165572959205], 
[315.3867639203155, 315.3867639203155, 210.37674529261574, 49.205815093315096, 49.205815093315096, -31.702316795027457, -255.03527413890097, -255.03527413890097, -255.03527413890097, -255.03527413890097, -274.1547950747289, -274.1547950747289, -274.1547950747289, -274.1547950747289, -274.1547950747289, -347.81789768295914, -347.81789768295914, -347.81789768295914, -347.81789768295914, -347.81789768295914], 
[273.0232806466886, 143.15168219398015, 143.15168219398015, 37.86687221350792, -70.56587141122787, -70.56587141122787, -76.46230493437213, -76.46230493437213, -121.36231416279514, -121.36231416279514, -121.36231416279514, -121.36231416279514, -254.69584692108594, -254.69584692108594, -259.2112340003581, -259.2112340003581, -300.7597130970371, -303.4656959992801, -305.3556392007606, -310.20058882687476], 
[756.8440849922922, 362.6805622155538, 148.82176885232104, -12.809991031515153, -12.809991031515153, -26.416353348566304, -76.05756338351597, -76.05756338351597, -226.6813368554793, -226.6813368554793, -226.6813368554793, -226.6813368554793, -265.1044159234319, -265.1044159234319, -315.69471793725245, -328.1688642700468, -328.1688642700468, -328.1688642700468, -328.1688642700468, -386.7329341616195], 
[953.1071744916126, -170.54601346585537, -195.59594001217073, -195.59594001217073, -195.59594001217073, -195.59594001217073, -195.59594001217073, -195.59594001217073, -195.59594001217073, -196.9370006662009, -355.79004410021844, -362.18136773298033, -362.18136773298033, -386.25225567231035, -386.73128495894656, -386.73128495894656, -386.73128495894656, -386.73128495894656, -386.73128495894656, -406.12844054717937], 
[914.770446473231, 839.2731044662269, 663.9203406374913, 539.7631419798936, 320.43804669672045, 175.03936082098744, 166.60710257690891, -66.69434235355982, -66.69434235355982, -240.7490407663604, -240.7490407663604, -267.75473441921605, -315.1727401300322, -315.1727401300322, -315.1727401300322, -376.1914921419957, -376.1914921419957, -376.1914921419957, -381.1712473783983, -387.5944907645842], 
[880.6610702224602, 624.7241733584012, 252.2341334336552, 240.10224105597263, 198.4916902299475, 157.4589913825073, 31.750672252665254, -207.93213384307876, -207.93213384307876, -207.93213384307876, -207.93213384307876, -309.75495802072044, -309.75495802072044, -309.75495802072044, -309.75495802072044, -337.55171527568496, -337.55171527568496, -337.55171527568496, -337.55171527568496, -366.2172969719133], 
[684.3084866182351, 94.27928913022663, 90.445803699581, 90.445803699581, -20.53022956780586, -20.53022956780586, -48.277906474309475, -48.277906474309475, -48.277906474309475, -149.96066709238863, -255.40404392621738, -255.40404392621738, -255.40404392621738, -283.40248555801213, -284.7359512394498, -390.32369997013734, -390.32369997013734, -390.32369997013734, -390.32369997013734, -390.32369997013734], 
[661.5446376942402, 629.7545074625605, 399.71444835929003, 377.2291621491663, -151.81880883615042, -151.81880883615042, -151.81880883615042, -151.81880883615042, -151.81880883615042, -257.3440256731234, -257.3440256731234, -273.18059843468586, -273.18059843468586, -273.18059843468586, -359.28382123585095, -367.22826930151166, -367.22826930151166, -367.22826930151166, -398.07950458397204, -398.07950458397204], 
[138.65632600556398, 138.65632600556398, 138.65632600556398, 138.65632600556398, 82.22424263362132, -166.41804839818764, -166.41804839818764, -220.94689988830305, -220.94689988830305, -220.94689988830305, -220.94689988830305, -220.94689988830305, -260.9490616984325, -312.93250838076074, -312.93250838076074, -312.93250838076074, -440.8419736227271, -440.8419736227271, -440.8419736227271, -440.8419736227271], 
[656.0676480738584, 369.4094898560138, 369.4094898560138, 369.4094898560138, 57.356460374163476, -216.88562489701474, -216.88562489701474, -216.88562489701474, -216.88562489701474, -216.88562489701474, -216.88562489701474, -272.0887519641817, -272.0887519641817, -272.0887519641817, -272.0887519641817, -272.0887519641817, -309.3220726439416, -309.3220726439416, -351.25807821308683, -400.92965762268045], 
[283.5978847751252, 283.5978847751252, 283.5978847751252, 53.92601533142317, 0.7913084477827965, 0.7913084477827965, -61.19406647380168, -61.19406647380168, -61.19406647380168, -171.4170168076309, -171.4170168076309, -171.4170168076309, -319.32390738575737, -319.32390738575737, -319.32390738575737, -319.32390738575737, -319.32390738575737, -356.9131009076921, -356.9131009076921, -356.9131009076921], 
[68.4369318058466, 68.4369318058466, -125.78300101015822, -125.78300101015822, -125.78300101015822, -229.2638514702174, -229.2638514702174, -229.2638514702174, -229.2638514702174, -229.2638514702174, -229.2638514702174, -229.2638514702174, -306.8768666795904, -306.8768666795904, -306.8768666795904, -306.8768666795904, -355.39300457339726, -355.39300457339726, -355.39300457339726, -358.5155749215658], 
[277.84070582359607, 277.84070582359607, 277.84070582359607, -118.27163426178788, -309.9862818409182, -309.9862818409182, -309.9862818409182, -309.9862818409182, -309.9862818409182, -309.9862818409182, -309.9862818409182, -309.9862818409182, -313.54116458159035, -313.54116458159035, -313.54116458159035, -313.54116458159035, -370.4912283104992, -370.4912283104992, -370.4912283104992, -370.4912283104992], 
[547.2693910811054, 547.2693910811054, 121.3226023894805, 121.3226023894805, -8.6871295226602, -8.6871295226602, -15.205849424255803, -15.205849424255803, -128.2005618919673, -312.8416327484126, -312.8416327484126, -312.8416327484126, -312.8416327484126, -319.1674373297859, -319.1674373297859, -319.1674373297859, -319.1674373297859, -328.7513288483219, -334.5141132600336, -334.5141132600336], 
[272.05036378341504, 222.38938663732108, 222.38938663732108, 202.056785203637, -130.2192092893443, -152.22387190483425, -152.22387190483425, -152.22387190483425, -218.82099157574578, -218.82099157574578, -225.48838272514388, -225.48838272514388, -246.4439068770912, -381.4498102988857, -381.4498102988857, -381.4498102988857, -381.4498102988857, -381.4498102988857, -381.4498102988857, -381.4498102988857], 
[427.7733470719346, 427.7733470719346, 362.55770536128125, 268.4144314571839, 160.7458874738229, -50.348091698765074, -62.22010193939883, -78.92130332404605, -235.9213333477873, -235.9213333477873, -235.9213333477873, -235.9213333477873, -235.9213333477873, -293.23850703072077, -293.23850703072077, -293.23850703072077, -293.23850703072077, -417.7217976921112, -417.7217976921112, -417.7217976921112], 
[592.7240097681452, 592.7240097681452, 288.96816886587396, 288.96816886587396, 288.96816886587396, 133.97784789278535, 119.80025679002631, -26.45302256001196, -171.69252343119854, -198.1373190290368, -214.65527131269232, -214.65527131269232, -312.99237145973916, -393.11632312994703, -393.11632312994703, -393.11632312994703, -393.11632312994703, -393.11632312994703, -393.11632312994703, -393.11632312994703], 
[656.4096676273739, 656.4096676273739, 656.4096676273739, 340.2009066086806, 284.156270861498, 284.156270861498, 53.21885416656005, 53.21885416656005, 26.54421753648728, -200.80774559348572, -200.80774559348572, -252.0594714410675, -275.4765191521849, -333.04570476563583, -333.04570476563583, -333.04570476563583, -341.0528173997526, -409.8066240812734, -409.8066240812734, -409.8066240812734], 
[512.2625897451028, 512.2625897451028, 512.2625897451028, 211.6940209159403, 146.29727782461578, 146.29727782461578, -20.166022837053617, -20.166022837053617, -20.166022837053617, -108.88372448492368, -152.76176822186136, -152.76176822186136, -160.5055748776577, -169.82437810745103, -182.09807057753432, -317.36013806984704, -381.7717525119921, -381.7717525119921, -381.7717525119921, -381.7717525119921], 
[388.46778863339887, 388.46778863339887, 284.49122177420884, 141.4619531041692, 141.4619531041692, 141.4619531041692, 5.611454321870383, 5.611454321870383, -23.370617992901145, -40.27196403682001, -178.71968741300435, -178.71968741300435, -218.95418375071097, -218.95418375071097, -300.6025507315419, -321.70930872494716, -332.9369126646576, -332.9369126646576, -332.9369126646576, -340.184116437309], 
[1107.055328282029, 1035.0031023203298, 453.49226976012505, 235.77127339251092, 235.77127339251092, 166.43445354603182, -61.226190605642444, -86.9163118127907, -237.56312328494914, -294.01214213050105, -294.01214213050105, -334.87911856930003, -334.87911856930003, -334.87911856930003, -358.88917680724165, -358.88917680724165, -361.1822136698188, -361.1822136698188, -361.1822136698188, -361.1822136698188], 
[179.42313906728452, 179.42313906728452, 179.42313906728452, 173.6529966311814, -213.2123796854861, -213.2123796854861, -213.2123796854861, -279.8733389818697, -279.8733389818697, -279.8733389818697, -279.8733389818697, -342.9360949187935, -342.9360949187935, -342.9360949187935, -342.9360949187935, -342.9360949187935, -342.9360949187935, -366.14902549155954, -412.5415469481753, -412.5415469481753], 
[561.2933595305608, 561.2933595305608, 392.71184279033696, 160.44219590482749, 160.44219590482749, -71.64015655141549, -71.64015655141549, -71.64015655141549, -83.22281562176886, -83.22281562176886, -83.22281562176886, -295.5030698916446, -354.400423747952, -354.400423747952, -354.400423747952, -354.400423747952, -354.400423747952, -354.400423747952, -354.400423747952, -375.31455078364513], 
