[231.40127896896917, 231.40127896896917, 219.51137514153365, 219.51137514153365, 219.51137514153365, 219.51137514153365, 219.51137514153365, 219.51137514153365, 203.51104698571004, 203.51104698571004, 203.51104698571004, 203.51104698571004, 190.57404135947195, 190.57404135947195, 190.57404135947195, 190.57404135947195, 190.57404135947195, 190.57404135947195, 190.57404135947195, 190.57404135947195], 
[240.61646057280385, 239.37700336040902, 237.3046155187653, 237.3046155187653, 237.3046155187653, 234.90102994930814, 231.67206332112667, 230.7958848110211, 230.7958848110211, 226.53072209649346, 226.53072209649346, 226.53072209649346, 226.53072209649346, 226.53072209649346, 226.53072209649346, 226.53072209649346, 226.53072209649346, 226.53072209649346, 226.53072209649346, 226.53072209649346], 
[241.3945615813034, 240.3282453745239, 240.3282453745239, 239.1567735055466, 235.03985086952403, 235.03985086952403, 235.03985086952403, 233.6804588458454, 232.43874835070022, 232.43874835070022, 229.24256849437774, 229.24256849437774, 229.24256849437774, 229.02470811894094, 227.912472921877, 227.912472921877, 227.912472921877, 227.912472921877, 225.31925790978568, 225.31925790978568], 
[240.6076201720015, 240.6076201720015, 240.6076201720015, 240.6076201720015, 223.39922360642964, 223.39922360642964, 223.39922360642964, 223.39922360642964, 223.39922360642964, 223.39922360642964, 223.39922360642964, 223.39922360642964, 223.39922360642964, 223.39922360642964, 210.50400084351108, 210.50400084351108, 210.50400084351108, 210.50400084351108, 210.50400084351108, 210.50400084351108], 
[242.56005551460748, 242.56005551460748, 241.48353166233255, 241.48353166233255, 233.33880371118937, 232.95320352168574, 232.95320352168574, 232.95320352168574, 232.95320352168574, 232.13623052549343, 232.12354873766154, 225.03880597931388, 225.03880597931388, 225.03880597931388, 225.03880597931388, 225.03880597931388, 225.03880597931388, 225.03880597931388, 225.03880597931388, 225.03880597931388], 
[240.49758307865898, 238.66007600750035, 236.91795871486332, 236.91795871486332, 236.91795871486332, 229.09525066717296, 229.09525066717296, 229.09525066717296, 228.60466508328966, 228.60466508328966, 228.60466508328966, 227.697984513608, 227.697984513608, 227.697984513608, 227.697984513608, 226.6401230470641, 226.6401230470641, 226.6401230470641, 226.6401230470641, 226.6401230470641], 
[240.35091412428562, 239.0801784396064, 237.12586509455565, 237.12586509455565, 237.12586509455565, 237.12586509455565, 233.6654622520235, 233.6654622520235, 233.6654622520235, 233.1172939423406, 233.1172939423406, 232.31309841006362, 232.31309841006362, 227.93183066231202, 227.93183066231202, 227.93183066231202, 227.93183066231202, 227.93183066231202, 227.93183066231202, 227.01342763160247], 
[243.15000849335817, 239.11302008625904, 236.6530161933916, 236.6530161933916, 234.44346599452228, 234.44346599452228, 234.44346599452228, 234.44346599452228, 226.86959807842783, 226.86959807842783, 226.86959807842783, 226.86959807842783, 226.86959807842783, 226.86959807842783, 226.86959807842783, 226.86959807842783, 210.06277252255776, 210.06277252255776, 210.06277252255776, 210.06277252255776], 
[244.30808310177758, 240.4932544083099, 238.4741022019514, 238.4741022019514, 235.14222667473123, 235.14222667473123, 235.14222667473123, 234.9109183639787, 234.56189256806616, 233.47420395410347, 227.6272493207554, 227.6272493207554, 227.6272493207554, 227.6272493207554, 227.6272493207554, 227.6272493207554, 227.6272493207554, 226.5818302197374, 226.5818302197374, 226.5818302197374], 
[239.5155221341134, 233.33206874544595, 232.44263990980906, 231.77448547331426, 230.11315616404056, 230.11315616404056, 230.11315616404056, 230.11315616404056, 230.11315616404056, 230.11315616404056, 230.11315616404056, 230.11315616404056, 227.22202493520578, 227.22202493520578, 227.22202493520578, 227.22202493520578, 227.22202493520578, 226.3844638284306, 226.3844638284306, 226.3844638284306], 
[240.22276970766916, 240.22276970766916, 237.50892580893387, 235.65558441701677, 235.65558441701677, 235.65558441701677, 235.65558441701677, 234.0608268988442, 234.0608268988442, 234.0608268988442, 234.0608268988442, 232.6960248288793, 232.18033406926602, 232.18033406926602, 232.18033406926602, 228.02819067627792, 228.02819067627792, 228.02819067627792, 228.02819067627792, 228.02819067627792], 
[245.7170826012231, 241.57256762293795, 241.57256762293795, 240.37153732881802, 240.37153732881802, 238.71422131890924, 236.93902116583936, 227.72172938936603, 227.72172938936603, 227.72172938936603, 227.72172938936603, 227.72172938936603, 227.72172938936603, 227.72172938936603, 227.72172938936603, 227.72172938936603, 227.09143062533997, 227.09143062533997, 222.23181600583908, 222.23181600583908], 
[242.3488241122978, 241.6107931060673, 235.7319638784393, 232.74606897542026, 232.74606897542026, 230.87214896549878, 230.87214896549878, 230.87214896549878, 230.87214896549878, 230.87214896549878, 230.87214896549878, 230.012105087444, 230.012105087444, 230.012105087444, 229.59140450653646, 229.59140450653646, 229.59140450653646, 227.33641878834706, 227.33641878834706, 227.33641878834706], 
[241.1646085638617, 238.62115602353197, 238.62115602353197, 237.16615418551496, 236.95487031328602, 233.597463287621, 233.5966612131602, 233.5966612131602, 231.49411194413108, 231.49411194413108, 227.06241046850855, 227.06241046850855, 227.06241046850855, 227.06241046850855, 227.06241046850855, 227.06241046850855, 226.17949315180718, 222.24601623026564, 204.16287734108622, 204.16287734108622], 
[230.92527903350216, 230.92527903350216, 230.92527903350216, 230.92527903350216, 230.92527903350216, 230.92527903350216, 230.92527903350216, 230.92527903350216, 230.37350156062018, 230.37350156062018, 230.37350156062018, 230.37350156062018, 230.37350156062018, 228.6854536776771, 228.6854536776771, 228.6854536776771, 225.63198699802058, 225.63198699802058, 225.63198699802058, 225.63198699802058], 
[234.0227586334925, 232.32834130262194, 232.32834130262194, 232.32834130262194, 232.32834130262194, 232.32834130262194, 232.22689449127145, 231.65162708740343, 231.65162708740343, 231.65162708740343, 230.5250957221013, 230.5250957221013, 226.63213642690255, 226.63213642690255, 226.63213642690255, 226.63213642690255, 226.63213642690255, 226.63213642690255, 226.63213642690255, 226.63213642690255], 
[240.64097796559057, 236.07673017170293, 236.07673017170293, 235.25557746379894, 234.62668356747957, 234.62668356747957, 234.56585275660495, 234.56585275660495, 234.56585275660495, 233.01326884629813, 231.7440638428464, 230.869551779422, 230.869551779422, 230.54941901027553, 226.6768320735573, 226.6768320735573, 226.6768320735573, 226.6768320735573, 226.6768320735573, 226.6768320735573], 
[243.61386335463612, 234.3909458954097, 234.3909458954097, 234.3909458954097, 234.3909458954097, 234.3909458954097, 234.3909458954097, 232.13628294297132, 232.13628294297132, 232.13628294297132, 232.13628294297132, 232.13628294297132, 232.13628294297132, 229.26898420493976, 229.26898420493976, 228.98957107327894, 227.33431082587106, 224.57322396642888, 224.57322396642888, 224.57322396642888], 
[238.81386321094513, 236.76649218425368, 236.76649218425368, 236.76649218425368, 232.64122525950134, 232.2282762672347, 232.2282762672347, 232.2282762672347, 230.6256408752012, 230.6256408752012, 227.2060631083766, 227.2060631083766, 227.2060631083766, 227.2060631083766, 227.2060631083766, 227.2060631083766, 224.84849278588322, 223.07716509336504, 223.07716509336504, 223.07716509336504], 
[238.2003871535978, 238.2003871535978, 235.75658560058278, 234.1462633416809, 234.1462633416809, 234.1462633416809, 234.1462633416809, 232.22639660128254, 232.22639660128254, 232.22639660128254, 228.66084748836386, 226.398568876076, 225.86719775234997, 225.86719775234997, 225.86719775234997, 225.86719775234997, 225.86719775234997, 225.4050884968479, 225.4050884968479, 225.1048261921793], 
[242.0483466478072, 241.0533214389378, 237.36252149135922, 237.27662353241826, 237.27662353241826, 237.27662353241826, 232.90441202224375, 232.90441202224375, 232.90441202224375, 232.90441202224375, 232.90441202224375, 232.90441202224375, 232.90441202224375, 232.7692186909285, 230.29452559940802, 230.29452559940802, 230.29452559940802, 230.29452559940802, 230.29452559940802, 228.24263708428055], 
[242.9387487039253, 242.3307614942094, 241.05481815464475, 237.84684507597441, 235.85560229164847, 234.26308169932116, 234.26308169932116, 230.63290581940274, 230.63290581940274, 230.63290581940274, 229.1773614998137, 229.1773614998137, 229.1773614998137, 229.1773614998137, 229.1773614998137, 229.1773614998137, 229.1773614998137, 229.1773614998137, 229.1773614998137, 229.1773614998137], 
[241.19239786909245, 239.59961541524507, 239.59961541524507, 232.45184457514083, 232.45184457514083, 232.16882723130496, 232.16882723130496, 230.07043735537192, 230.07043735537192, 229.22090843869285, 229.22090843869285, 229.22090843869285, 229.22090843869285, 229.22090843869285, 229.22090843869285, 229.22090843869285, 229.22090843869285, 229.22090843869285, 228.9699577989413, 228.9699577989413], 
[244.61513206555122, 242.39469265101326, 239.72577435073453, 238.5411007724815, 238.5411007724815, 234.1966855882538, 234.1966855882538, 234.1966855882538, 234.1966855882538, 233.7964591764399, 232.28962348628122, 232.28962348628122, 231.512950915274, 231.512950915274, 230.41161584329998, 230.41161584329998, 230.41161584329998, 230.41161584329998, 229.8128883918626, 220.09988615450075], 
[207.25153863530892, 207.25153863530892, 207.25153863530892, 207.25153863530892, 207.25153863530892, 207.25153863530892, 207.25153863530892, 207.25153863530892, 207.25153863530892, 207.25153863530892, 207.25153863530892, 207.25153863530892, 207.25153863530892, 207.25153863530892, 207.25153863530892, 207.25153863530892, 207.25153863530892, 207.25153863530892, 207.25153863530892, 207.25153863530892], 
[238.14950479095072, 236.96729020962857, 236.96729020962857, 236.16386715247648, 229.2658653927117, 179.46033921777638, 179.46033921777638, 179.46033921777638, 179.46033921777638, 179.46033921777638, 179.46033921777638, 179.46033921777638, 179.46033921777638, 179.46033921777638, 179.46033921777638, 179.46033921777638, 179.46033921777638, 179.46033921777638, 179.46033921777638, 179.46033921777638], 
[241.21732198900807, 239.64894934852913, 237.1473776066376, 230.17671922686495, 230.17671922686495, 230.17671922686495, 230.17671922686495, 230.17671922686495, 230.17671922686495, 230.17671922686495, 230.17671922686495, 229.802858184139, 229.802858184139, 229.802858184139, 229.10441907013694, 215.31819909139082, 215.31819909139082, 215.31819909139082, 215.31819909139082, 215.31819909139082], 
[239.79302762695175, 216.39165493098778, 216.39165493098778, 216.39165493098778, 216.39165493098778, 216.39165493098778, 216.39165493098778, 216.39165493098778, 216.39165493098778, 216.39165493098778, 198.7063089802705, 198.7063089802705, 198.7063089802705, 198.7063089802705, 198.7063089802705, 198.7063089802705, 198.7063089802705, 198.7063089802705, 198.7063089802705, 198.7063089802705], 
[241.21985901572498, 236.67348127353614, 236.20410528974486, 235.07403662556158, 235.07403662556158, 231.31024744034335, 231.31024744034335, 231.31024744034335, 231.31024744034335, 231.31024744034335, 230.79668183471824, 230.79668183471824, 229.8044349125377, 229.8044349125377, 229.41368904574009, 229.41368904574009, 229.41368904574009, 229.41368904574009, 228.1263653288779, 228.1263653288779], 
[241.64474219802665, 235.77752606151364, 234.66469716582486, 234.66469716582486, 233.38440800367476, 233.38440800367476, 232.60555243841068, 232.60555243841068, 224.30475781463832, 224.30475781463832, 224.30475781463832, 224.30475781463832, 224.30475781463832, 224.30475781463832, 224.30475781463832, 224.30475781463832, 224.30475781463832, 224.30475781463832, 224.30475781463832, 224.30475781463832], 
