[336.53997596115755, 256.5435473223056, 238.43790301724522, 227.27177097713673, 226.79100441674063, 212.11302425738347, 206.49954526581578, 203.13834060945237, 202.58567554156224, 202.58567554156224, 202.58567554156224, 201.29339818695615, 201.29339818695615, 201.29339818695615, 201.29339818695615, 200.6619675140402, 200.6619675140402, 200.6619675140402, 200.6619675140402, 200.6619675140402], 
[238.43076747011895, 238.43076747011895, 231.35105626013353, 230.48631643224667, 230.48631643224667, 211.20140269010707, 211.20140269010707, 208.59001303956032, 208.59001303956032, 208.59001303956032, 208.59001303956032, 208.59001303956032, 202.9646137563407, 202.42945513696435, 202.42945513696435, 201.6508153221714, 201.26905142354386, 201.26905142354386, 201.26905142354386, 201.26905142354386], 
[212.16921055908446, 212.16921055908446, 212.16921055908446, 212.16921055908446, 203.6283384517179, 203.6283384517179, 201.62431306797131, 201.62431306797131, 201.62431306797131, 201.62431306797131, 201.62431306797131, 201.61997605955597, 201.61997605955597, 201.61997605955597, 201.61997605955597, 201.61997605955597, 201.61997605955597, 201.60100366168288, 201.60100366168288, 201.60100366168288], 
[240.19393065155444, 208.645082672104, 208.645082672104, 208.645082672104, 208.645082672104, 208.645082672104, 208.645082672104, 208.645082672104, 199.07848820749174, 199.07848820749174, 199.07848820749174, 199.07848820749174, 199.07848820749174, 199.07848820749174, 199.07848820749174, 193.5066019765016, 193.5066019765016, 193.5066019765016, 192.09495359597236, 163.4122775243094], 
[283.9174866439402, 208.54966740369636, 208.54966740369636, 208.54966740369636, 208.54966740369636, 208.54966740369636, 206.05037716548014, 206.05037716548014, 206.05037716548014, 202.74590854290204, 202.74590854290204, 202.74590854290204, 201.896883300526, 201.896883300526, 201.896883300526, 201.02987204387915, 201.02987204387915, 201.02987204387915, 201.02987204387915, 201.02987204387915], 
[274.62391078304506, 241.92155303530217, 223.98856795497187, 223.98856795497187, 211.47367131953914, 211.47367131953914, 207.00735401079444, 206.01529004044872, 206.01529004044872, 204.67623898781983, 204.67623898781983, 204.67623898781983, 204.62911230318113, 202.92425364549334, 202.92425364549334, 202.92425364549334, 202.92425364549334, 200.83572846248154, 200.83572846248154, 200.83572846248154], 
[234.12245770033212, 234.12245770033212, 234.12245770033212, 233.2571344543855, 216.26351973387284, 205.77000163869081, 204.86391843765227, 204.86391843765227, 204.86391843765227, 204.1550717688752, 201.939581118417, 201.939581118417, 201.939581118417, 201.939581118417, 201.939581118417, 201.939581118417, 201.939581118417, 201.92009711286673, 201.92009711286673, 201.92009711286673], 
[249.13997253964115, 245.6638056190475, 243.85288383591265, 211.04983094271563, 210.1162732830856, 210.1162732830856, 206.09833344148453, 205.39545081400968, 204.39784558081175, 204.39784558081175, 204.06056649744318, 202.99204852281352, 202.7447060939606, 202.7447060939606, 202.7447060939606, 201.6140682879287, 201.6140682879287, 201.6036975045056, 201.6036975045056, 201.6036975045056], 
[261.68166999391104, 261.68166999391104, 228.29753076188598, 228.29753076188598, 221.71120429794297, 221.71120429794297, 221.71120429794297, 221.71120429794297, 220.30874836559158, 212.13560344339407, 212.13560344339407, 202.4484654172578, 198.2130337758081, 189.71419477431073, 184.62131452546862, 184.62131452546862, 184.62131452546862, 184.62131452546862, 184.62131452546862, 184.62131452546862], 
[227.55063463530465, 227.55063463530465, 214.54082093355024, 214.54082093355024, 214.54082093355024, 214.54082093355024, 205.87422927060024, 202.142782094817, 202.142782094817, 202.0678629439254, 202.0678629439254, 202.0678629439254, 202.0678629439254, 201.2581218787934, 201.2581218787934, 201.2581218787934, 201.2581218787934, 201.2581218787934, 201.2581218787934, 201.2581218787934], 
[280.6531786395209, 244.14936137741822, 240.42734097071124, 240.42734097071124, 232.69312216248213, 225.73567580135085, 213.6906606273276, 207.9285708435136, 205.7961583812033, 205.7961583812033, 205.7961583812033, 205.7961583812033, 205.7961583812033, 205.7961583812033, 203.88322345594636, 203.88322345594636, 203.40811708739844, 202.66982400695935, 202.39385111176134, 202.39385111176134], 
[233.48708785886234, 233.48708785886234, 233.48708785886234, 219.27763991151008, 219.27763991151008, 217.13478483596174, 197.08278572109754, 197.08278572109754, 197.08278572109754, 197.08278572109754, 192.7858926545095, 192.7858926545095, 192.7858926545095, 192.7858926545095, 192.7858926545095, 192.7858926545095, 192.7858926545095, 192.7858926545095, 189.50216889116413, 189.50216889116413], 
[258.5660036826594, 258.5660036826594, 258.5660036826594, 223.02861152806034, 213.01868531644507, 213.01868531644507, 211.04189809714472, 211.04189809714472, 209.4897455363717, 209.4897455363717, 203.3162859700878, 203.3162859700878, 203.3162859700878, 202.12691817973243, 201.98054477742187, 201.98054477742187, 201.8258500716266, 201.4115930119362, 201.16832650227636, 201.16832650227636], 
[278.2434843720709, 278.2434843720709, 213.81757495079168, 213.81757495079168, 213.81757495079168, 207.2101181046182, 207.2101181046182, 203.2545887900236, 203.2545887900236, 203.2545887900236, 203.2545887900236, 203.20350338932684, 203.20350338932684, 203.20350338932684, 200.96202741965772, 200.96202741965772, 200.8283742691106, 200.8283742691106, 200.8283742691106, 200.8283742691106], 
[205.0112052069237, 205.0112052069237, 205.0112052069237, 205.0112052069237, 202.63079453009487, 202.3989339362474, 202.3989339362474, 202.00337275327263, 202.00337275327263, 202.00337275327263, 201.90123285654613, 201.90123285654613, 201.90123285654613, 201.90123285654613, 201.90123285654613, 201.90123285654613, 201.90123285654613, 201.90123285654613, 201.90123285654613, 201.90123285654613], 
[286.0272634626511, 236.15026574946756, 236.15026574946756, 229.02120054435022, 229.02120054435022, 209.3231725469471, 209.3231725469471, 209.3231725469471, 203.5467306904485, 203.5467306904485, 203.5467306904485, 203.5467306904485, 203.5467306904485, 203.5467306904485, 203.5467306904485, 202.81107047424894, 201.45753908002845, 201.45753908002845, 201.45753908002845, 201.45753908002845], 
[250.94482954861775, 240.32826641174077, 239.10286007910054, 234.2022110349905, 210.15554441540726, 210.15554441540726, 201.80601654400607, 201.80601654400607, 201.80601654400607, 201.80601654400607, 201.4331280092904, 201.4331280092904, 201.4331280092904, 201.4331280092904, 201.4331280092904, 201.4331280092904, 201.4331280092904, 201.4331280092904, 201.4331280092904, 201.4331280092904], 
[333.1099122628689, 297.0380263574128, 234.35147698992645, 231.5299948400045, 228.97133208525543, 213.19165757051533, 213.19165757051533, 190.6768286728519, 190.6768286728519, 188.90208125952526, 188.90208125952526, 188.90208125952526, 188.90208125952526, 188.90208125952526, 179.51214111284085, 179.51214111284085, 179.51214111284085, 179.51214111284085, 179.51214111284085, 179.51214111284085], 
[257.8337616182843, 227.51954256028236, 227.51954256028236, 227.51954256028236, 212.0422388547554, 212.0422388547554, 212.0422388547554, 206.33232649521287, 206.33232649521287, 201.79470489977146, 201.79470489977146, 201.79470489977146, 200.9095626823204, 200.9095626823204, 200.9095626823204, 200.9095626823204, 200.9095626823204, 200.9095626823204, 200.9060576559834, 200.9060576559834], 
[255.011645527401, 255.011645527401, 255.011645527401, 229.1618590387853, 182.18708558869267, 182.18708558869267, 182.18708558869267, 168.66881790586248, 168.66881790586248, 168.66881790586248, 160.00452604021666, 160.00452604021666, 160.00452604021666, 160.00452604021666, 160.00452604021666, 160.00452604021666, 160.00452604021666, 160.00452604021666, 160.00452604021666, 160.00452604021666], 
[237.52564256214148, 227.722916375636, 211.4740707051478, 208.50475189628662, 208.50475189628662, 203.88326249347259, 203.88326249347259, 203.88326249347259, 203.88326249347259, 203.88326249347259, 203.88326249347259, 202.49627341702197, 202.49627341702197, 202.49627341702197, 201.1499611328363, 201.01711737909397, 201.01711737909397, 201.01711737909397, 201.01711737909397, 201.01711737909397], 
[243.8697758434484, 243.8697758434484, 243.8697758434484, 243.8697758434484, 239.3025413480516, 220.32416456924642, 212.06376474063208, 212.06376474063208, 206.91574980739423, 206.91574980739423, 206.91574980739423, 198.76625680949215, 198.76625680949215, 198.16641552890397, 198.16641552890397, 198.16641552890397, 198.16641552890397, 198.16641552890397, 191.59013856353195, 191.59013856353195], 
[222.63162562287155, 222.63162562287155, 222.63162562287155, 215.9223578026864, 211.36786346602787, 211.36786346602787, 211.36786346602787, 211.36786346602787, 210.55565353750887, 203.06054068815973, 203.06054068815973, 203.06054068815973, 203.06054068815973, 203.06054068815973, 202.22859522534955, 202.22543623568592, 201.9181685031575, 201.9181685031575, 201.9181685031575, 201.89338120575027], 
[304.7758047075941, 304.7758047075941, 215.0248977316395, 215.0248977316395, 214.20426395717183, 213.639912395911, 213.639912395911, 205.96338053411125, 205.96338053411125, 205.96338053411125, 205.96338053411125, 205.96338053411125, 202.9216392663762, 202.9216392663762, 202.9216392663762, 202.9216392663762, 202.9216392663762, 202.9216392663762, 202.9216392663762, 201.7904178007298], 
[274.3165974802151, 274.3165974802151, 232.68165972725603, 232.68165972725603, 232.68165972725603, 232.17086503310767, 214.21087812398878, 207.4422296027485, 204.64615997326231, 204.64615997326231, 204.64615997326231, 204.24604726252542, 197.28321991492174, 197.28321991492174, 197.28321991492174, 167.55031289116855, 167.55031289116855, 167.55031289116855, 167.55031289116855, 167.55031289116855], 
[236.85700634165838, 236.85700634165838, 236.85700634165838, 236.85700634165838, 236.85700634165838, 236.85700634165838, 236.85700634165838, 234.61574743414505, 214.48027785477768, 214.48027785477768, 209.2916520470343, 207.16833253406745, 207.16833253406745, 204.85182443199696, 204.85182443199696, 189.0543292610607, 181.8659750789688, 174.58237255338227, 174.58237255338227, 174.58237255338227], 
[287.351209256489, 287.351209256489, 256.39731630715295, 212.31226774478185, 212.31226774478185, 212.31226774478185, 208.3954275867333, 208.3954275867333, 208.3954275867333, 208.3954275867333, 208.3954275867333, 208.3954275867333, 208.3954275867333, 206.3949581143683, 204.22332239214958, 204.22332239214958, 201.02551304504868, 201.02551304504868, 201.02551304504868, 201.02551304504868], 
[292.2993012597582, 193.65518519614122, 193.65518519614122, 193.65518519614122, 193.65518519614122, 193.65518519614122, 185.44287107052577, 185.44287107052577, 185.44287107052577, 185.44287107052577, 185.44287107052577, 185.44287107052577, 185.44287107052577, 185.44287107052577, 185.44287107052577, 185.44287107052577, 185.44287107052577, 185.44287107052577, 185.44287107052577, 185.44287107052577], 
[300.6702958368589, 300.6702958368589, 300.6702958368589, 277.92752882282605, 230.0437464095649, 230.0437464095649, 198.7743883695105, 189.7803123075024, 189.7803123075024, 189.7803123075024, 189.7803123075024, 189.7803123075024, 189.7803123075024, 189.7803123075024, 189.7803123075024, 189.7803123075024, 189.7803123075024, 186.72875506074175, 186.72875506074175, 186.72875506074175], 
[290.3845282538821, 275.1055891605591, 269.21785721307117, 267.3781997768178, 219.99301227891362, 219.99301227891362, 219.99301227891362, 219.99301227891362, 178.34742883938046, 178.34742883938046, 178.34742883938046, 178.34742883938046, 178.34742883938046, 178.34742883938046, 178.34742883938046, 178.34742883938046, 178.34742883938046, 178.34742883938046, 178.34742883938046, 178.34742883938046], 
