[569.8181983792949, 569.8181983792949, 569.8181983792949, 3.50844281941653, 3.50844281941653, 3.50844281941653, 3.50844281941653, -219.76156511311018, -219.76156511311018, -219.76156511311018, -219.76156511311018, -219.76156511311018, -219.76156511311018, -312.65298443999455, -312.65298443999455, -354.1200508659461, -396.8340128959033, -396.8340128959033, -407.445317756866, -407.445317756866], 
[135.3429214240756, 44.3946076621088, -74.19221791558749, -74.19221791558749, -74.19221791558749, -74.19221791558749, -95.87038801755199, -95.87038801755199, -95.87038801755199, -95.87038801755199, -95.87038801755199, -280.8577435560565, -280.8577435560565, -302.181186648428, -302.181186648428, -302.181186648428, -302.181186648428, -302.181186648428, -302.181186648428, -319.9662644580568], 
[3.305454018882301, 3.305454018882301, 3.305454018882301, -86.69194719398837, -86.69194719398837, -86.69194719398837, -109.37568108363314, -116.15450891218762, -116.15450891218762, -291.24621031180857, -291.24621031180857, -291.24621031180857, -291.24621031180857, -291.24621031180857, -291.24621031180857, -360.32204203244373, -364.58988342566454, -364.58988342566454, -364.58988342566454, -377.21372530385753], 
[341.15009094521986, 211.64464411590438, -195.37106960728767, -195.37106960728767, -195.37106960728767, -195.37106960728767, -195.37106960728767, -195.37106960728767, -195.37106960728767, -195.37106960728767, -195.37106960728767, -215.4502590822857, -316.2773026517616, -316.2773026517616, -316.2773026517616, -327.5786137551715, -372.9315367925047, -401.9148133503479, -401.9148133503479, -406.464137062645], 
[1016.8420563895947, 493.34756809034013, -49.20662286347789, -49.20662286347789, -49.20662286347789, -49.20662286347789, -122.9166051592303, -129.7317364336921, -129.7317364336921, -129.7317364336921, -129.7317364336921, -129.7317364336921, -154.08577776171944, -182.66973259727013, -242.84155859871277, -264.1108726546491, -282.8982964207447, -282.8982964207447, -355.1829416679734, -413.9723005606893], 
[1055.1294807484062, 443.91050964021485, 281.06838423494605, 281.06838423494605, 54.51428986997564, 2.8427169630052163, -272.10857062220987, -272.10857062220987, -272.10857062220987, -300.0878770314704, -300.0878770314704, -322.49195815448303, -322.49195815448303, -322.49195815448303, -322.49195815448303, -322.49195815448303, -322.49195815448303, -323.8020606772423, -339.3417908421252, -367.8017519753963], 
[770.150078617062, 663.1985646542255, 22.13737360182381, -136.28009549970488, -136.28009549970488, -164.77985422544742, -164.77985422544742, -164.77985422544742, -164.77985422544742, -225.02621774287383, -225.7778383593083, -260.88015533199234, -287.50811732778715, -312.32279534521126, -392.65980099910877, -392.65980099910877, -392.65980099910877, -392.65980099910877, -392.65980099910877, -392.65980099910877], 
[605.7236143268055, 605.7236143268055, 158.78202390667036, 158.78202390667036, 130.10199455498537, -28.560938651346646, -28.560938651346646, -92.56137725811482, -92.56137725811482, -98.37482823658553, -103.09639315973658, -114.53390848837489, -224.90378383972904, -285.0836763693302, -285.0836763693302, -285.0836763693302, -298.920123202777, -336.2495364853961, -365.0563616979022, -365.0563616979022], 
[889.5616858752705, 854.7760453259168, 464.0214061831023, 29.409339930943815, 8.479119601869115, -69.27537879280084, -69.27537879280084, -69.27537879280084, -177.21200933788873, -177.21200933788873, -177.21200933788873, -190.49305454047504, -288.79346528701177, -288.79346528701177, -297.1993645092275, -320.5361666974295, -403.93009195754775, -403.93009195754775, -403.93009195754775, -403.93009195754775], 
[634.290578220937, 561.2099054389591, 249.26689454507925, 245.67762142737013, 223.5099796991101, 157.70614151765812, 34.18442607571285, 34.18442607571285, 34.18442607571285, 34.18442607571285, 34.18442607571285, -245.45848033233247, -290.6917009033938, -290.6917009033938, -335.51625198909755, -335.51625198909755, -367.1018860536084, -367.1018860536084, -367.1018860536084, -367.1018860536084], 
[1466.0015552391226, 1248.8719881067861, 341.09544563094903, 341.09544563094903, -45.5683015496254, -45.5683015496254, -158.42093979857123, -158.42093979857123, -158.42093979857123, -204.79881951210388, -204.79881951210388, -259.17897551794624, -317.551686578645, -317.551686578645, -317.551686578645, -340.10339356734687, -340.10339356734687, -340.10339356734687, -340.10339356734687, -345.893672606967], 
[463.29371670637704, 463.29371670637704, 402.89049445355977, 379.8024769671855, -6.749794173937062, -34.90149567980541, -34.90149567980541, -34.90149567980541, -136.53259931817183, -215.93883524911246, -215.93883524911246, -215.93883524911246, -224.46124232331744, -305.3946460641466, -305.3946460641466, -305.3946460641466, -305.3946460641466, -305.3946460641466, -330.3293590130442, -347.2016433017137], 
[-178.01427492434567, -178.01427492434567, -178.01427492434567, -207.70273809420667, -207.70273809420667, -207.70273809420667, -207.70273809420667, -221.43582137951444, -240.0500809763351, -240.0500809763351, -240.0500809763351, -249.00998854088166, -249.00998854088166, -287.65160958968954, -287.65160958968954, -287.65160958968954, -297.11596130251377, -297.11596130251377, -333.4074198492649, -333.4074198492649], 
[177.75933903869782, 174.71676764609288, 174.71676764609288, 174.71676764609288, -131.89573371066376, -131.89573371066376, -147.18337657825327, -291.18008053130023, -291.18008053130023, -291.18008053130023, -291.18008053130023, -291.18008053130023, -291.18008053130023, -295.0635652360344, -295.0635652360344, -295.0635652360344, -350.16690610695355, -350.16690610695355, -350.16690610695355, -350.16690610695355], 
[728.3530385187132, 410.7147918463311, 367.5954227769764, -45.260410941467796, -45.260410941467796, -72.14881800853476, -72.14881800853476, -72.14881800853476, -120.7825583865922, -126.5590633163423, -126.5590633163423, -199.1133126727529, -323.7868895143205, -323.7868895143205, -323.7868895143205, -323.7868895143205, -323.7868895143205, -323.7868895143205, -323.7868895143205, -340.9744703617648], 
[657.7795592547195, 657.7795592547195, 617.8341596234859, 495.6602331020596, 400.8884291817807, 166.5215919687738, 166.5215919687738, 166.5215919687738, 123.69772405391359, 28.79257048516115, 28.79257048516115, -142.6883068012133, -164.25721309942872, -293.8831947851769, -293.8831947851769, -293.8831947851769, -299.1877830318469, -361.78192752274794, -361.78192752274794, -361.78192752274794], 
[246.0551541623878, 246.0551541623878, 246.0551541623878, 129.0717131751104, 129.0717131751104, 79.90805533783202, 17.94816220541395, -4.621234804437961, -246.64842438940303, -312.7002503236401, -312.7002503236401, -312.7002503236401, -312.7002503236401, -312.7002503236401, -358.5097213346721, -358.5097213346721, -358.5097213346721, -358.5097213346721, -358.5097213346721, -358.5097213346721], 
[1671.4068271257843, 651.7029764455474, 103.36976177820623, 83.68667634657618, 83.68667634657618, 83.68667634657618, 75.27297463794685, -81.49955000306238, -81.49955000306238, -163.92217784423804, -171.14415132600703, -171.14415132600703, -247.23620650573, -247.23620650573, -259.41668315589027, -264.0141937694609, -267.3346559041669, -267.3346559041669, -353.6999172433409, -353.6999172433409], 
[739.850251728765, 739.850251728765, 184.8877326114491, 184.8877326114491, 35.292152642511496, -100.41413182678696, -100.41413182678696, -102.59171769094127, -135.64758574448308, -159.59296991252245, -182.01943576273862, -382.92596394860936, -382.92596394860936, -382.92596394860936, -382.92596394860936, -382.92596394860936, -400.8834430930908, -400.8834430930908, -400.8834430930908, -400.8834430930908], 
[592.9894652889413, -25.36761364893863, -135.68176985932166, -135.68176985932166, -135.68176985932166, -352.739068522623, -352.739068522623, -352.739068522623, -352.739068522623, -352.739068522623, -352.739068522623, -432.97050554296834, -432.97050554296834, -432.97050554296834, -432.97050554296834, -432.97050554296834, -432.97050554296834, -432.97050554296834, -432.97050554296834, -432.97050554296834], 
[1040.3960009556672, 557.9453723277909, 271.2850610105777, 134.63947440804338, 134.63947440804338, 62.06594224429648, 44.052471575092, -72.9934230965788, -72.9934230965788, -89.24470818844702, -147.22695935305273, -221.36232288345627, -254.13357810765382, -275.8615405419008, -275.8615405419008, -280.41937297153277, -280.41937297153277, -355.51753825128736, -355.51753825128736, -373.43916951324525], 
[571.1223833411107, 64.31723227694783, 64.31723227694783, 25.668180200127722, 25.668180200127722, 25.668180200127722, 25.668180200127722, -65.43108076782096, -68.20453783428809, -68.20453783428809, -71.13207932229284, -148.57371517537234, -148.57371517537234, -173.30359938084746, -189.5275312472907, -215.7653475617572, -301.05520772651687, -301.05520772651687, -301.05520772651687, -301.05520772651687], 
[758.0235377038036, 569.1380113976975, 159.19477149557986, 159.19477149557986, 119.22332823133831, 16.612658467343977, 9.649049540685894, -186.23844823063592, -186.23844823063592, -186.23844823063592, -190.96088470163187, -190.96088470163187, -194.04104677139043, -203.27951766784344, -264.5371032998571, -321.9278060555745, -321.9278060555745, -321.9278060555745, -321.9278060555745, -321.9278060555745], 
[605.344272262922, 74.24862658654399, 74.24862658654399, 74.24862658654399, 37.796384386315935, 17.318176356488607, -28.39967900033696, -28.39967900033696, -28.39967900033696, -70.26106602857482, -197.17695027057727, -197.17695027057727, -197.17695027057727, -246.28834730073578, -289.15698256229496, -289.15698256229496, -289.15698256229496, -289.15698256229496, -415.14444430160836, -415.14444430160836], 
[471.1805478095449, 471.1805478095449, 257.2296845939941, 131.80354323550148, 131.80354323550148, 2.64486418760481, -374.1682667233008, -374.1682667233008, -374.1682667233008, -374.1682667233008, -374.1682667233008, -374.1682667233008, -374.1682667233008, -399.41297297939445, -399.41297297939445, -399.41297297939445, -399.41297297939445, -399.41297297939445, -413.05642368220566, -413.05642368220566], 
[725.7251615549224, 192.67848360106757, 192.67848360106757, 192.67848360106757, 103.2984666287175, 7.489094197454335, 7.489094197454335, 7.489094197454335, 7.489094197454335, -297.40757330132925, -297.40757330132925, -297.40757330132925, -309.61796783145076, -309.61796783145076, -309.61796783145076, -309.61796783145076, -309.61796783145076, -408.32095759314893, -408.32095759314893, -408.32095759314893], 
[687.7905448658448, 687.7905448658448, 687.7905448658448, 556.5340980044275, 272.796443504123, 272.796443504123, 75.1905108485829, 75.1905108485829, -150.5436314736923, -150.5436314736923, -202.05825443893343, -202.05825443893343, -269.23307843029227, -269.23307843029227, -269.23307843029227, -269.23307843029227, -269.23307843029227, -281.2937977135141, -281.2937977135141, -281.2937977135141], 
[273.8798314691692, 269.8756595981588, 137.43587431372794, -223.02494906586526, -223.02494906586526, -223.02494906586526, -223.02494906586526, -223.02494906586526, -223.02494906586526, -256.45074657017346, -300.4749500714379, -300.4749500714379, -300.4749500714379, -317.36274230851706, -362.6000191490073, -362.6000191490073, -370.95768890212594, -385.46623116221264, -393.1070097281887, -426.40633330137746], 
[865.3518507748345, 708.2721442892453, -103.75737769505577, -103.75737769505577, -103.75737769505577, -103.75737769505577, -103.75737769505577, -103.75737769505577, -103.75737769505577, -254.1367128005448, -254.1367128005448, -326.1679064604596, -326.1679064604596, -326.1679064604596, -326.1679064604596, -326.1679064604596, -326.1679064604596, -326.1679064604596, -362.3010962909553, -381.3808325595013], 
[229.30206797215988, 229.30206797215988, 229.30206797215988, 98.54364550063815, 98.54364550063815, 23.548172704441868, -47.33374446342202, -94.23634567692875, -200.18035161624954, -244.57700937507767, -244.57700937507767, -244.57700937507767, -244.57700937507767, -244.57700937507767, -244.57700937507767, -244.57700937507767, -244.57700937507767, -375.91191699324827, -375.91191699324827, -375.91191699324827], 
