[67398023424.078285, 67398023424.078285, 67398023424.078285, 58914854777.06243, 36558986031.71207, 22766128831.680027, 22766128831.680027, 22766128831.680027, 22766128831.680027, 22766128831.680027, 22766128831.680027, 22766128831.680027, 22766128831.680027, 10703398574.704922, 10703398574.704922, 8407185900.4085, 6426977601.811555, 6426977601.811555, 6426977601.811555, 6426977601.811555], 
[6674317618.893085, 6290874857.943751, 6290874857.943751, 6290874857.943751, 6290874857.943751, 6290874857.943751, 6290874857.943751, 5072121070.480491, 5072121070.480491, 5072121070.480491, 4993975159.542022, 4993975159.542022, 4993975159.542022, 4993975159.542022, 4117377093.1520467, 4117377093.1520467, 4117377093.1520467, 4117377093.1520467, 4117377093.1520467, 4117377093.1520467], 
[101061719729.84767, 88460066489.19775, 83216060597.54408, 83216060597.54408, 44824657017.07204, 44824657017.07204, 12343683826.68528, 12343683826.68528, 12343683826.68528, 12343683826.68528, 12343683826.68528, 12343683826.68528, 12343683826.68528, 12343683826.68528, 12343683826.68528, 12343683826.68528, 9801722126.281857, 9801722126.281857, 9801722126.281857, 9801722126.281857], 
[49661197751.08924, 36621501364.91332, 36621501364.91332, 36621501364.91332, 16840409789.50508, 16840409789.50508, 16840409789.50508, 16840409789.50508, 16840409789.50508, 16741455476.081871, 16741455476.081871, 16741455476.081871, 16741455476.081871, 16741455476.081871, 16741455476.081871, 16741455476.081871, 16741455476.081871, 16741455476.081871, 16430253475.248241, 5268344649.600914], 
[52775755859.03928, 52775755859.03928, 52775755859.03928, 14561253760.878082, 14561253760.878082, 14561253760.878082, 14561253760.878082, 14561253760.878082, 14561253760.878082, 14561253760.878082, 14561253760.878082, 14561253760.878082, 14561253760.878082, 14561253760.878082, 14561253760.878082, 9773357150.645191, 9773357150.645191, 9773357150.645191, 9063963208.446365, 9063963208.446365], 
[9932259732.600838, 9932259732.600838, 9932259732.600838, 9932259732.600838, 9932259732.600838, 9932259732.600838, 9932259732.600838, 9932259732.600838, 9932259732.600838, 9932259732.600838, 9932259732.600838, 9932259732.600838, 9932259732.600838, 9932259732.600838, 9932259732.600838, 9932259732.600838, 9932259732.600838, 9932259732.600838, 9932259732.600838, 9932259732.600838], 
[217105410051.03568, 204292394729.42972, 22652673604.63413, 22652673604.63413, 19106104834.960644, 19106104834.960644, 19106104834.960644, 19106104834.960644, 16608844737.407648, 16608844737.407648, 16608844737.407648, 16608844737.407648, 16608844737.407648, 16608844737.407648, 16608844737.407648, 16608844737.407648, 16608844737.407648, 16608844737.407648, 16608844737.407648, 16608844737.407648], 
[174140039463.163, 74632434136.72418, 31239874427.998512, 31239874427.998512, 13555000672.001396, 13555000672.001396, 11338387437.85572, 11338387437.85572, 11338387437.85572, 11338387437.85572, 11338387437.85572, 11338387437.85572, 11338387437.85572, 11338387437.85572, 11338387437.85572, 11338387437.85572, 11338387437.85572, 11338387437.85572, 11338387437.85572, 11338387437.85572], 
[193005480642.0068, 23848760864.9944, 23848760864.9944, 23848760864.9944, 23848760864.9944, 23848760864.9944, 23848760864.9944, 23848760864.9944, 23848760864.9944, 23848760864.9944, 23848760864.9944, 23848760864.9944, 15172834182.119549, 15172834182.119549, 15172834182.119549, 15172834182.119549, 15172834182.119549, 15172834182.119549, 15172834182.119549, 10281444549.844248], 
[65296316295.898056, 64745385977.99363, 64745385977.99363, 37856280697.01432, 37856280697.01432, 13689585566.221767, 13689585566.221767, 13689585566.221767, 13689585566.221767, 13689585566.221767, 13689585566.221767, 13689585566.221767, 13689585566.221767, 7746964651.818977, 7746964651.818977, 7746964651.818977, 7746964651.818977, 7746964651.818977, 7746964651.818977, 7746964651.818977], 
[133925449282.24341, 18056695106.52103, 18056695106.52103, 18056695106.52103, 18056695106.52103, 18056695106.52103, 18056695106.52103, 18056695106.52103, 18056695106.52103, 18056695106.52103, 18056695106.52103, 18056695106.52103, 18056695106.52103, 18056695106.52103, 10962249935.8649, 6590798191.979256, 3878439264.1126103, 3878439264.1126103, 3878439264.1126103, 3878439264.1126103], 
[48534522707.251495, 41876554954.96163, 41876554954.96163, 41876554954.96163, 36193475570.2718, 36193475570.2718, 36193475570.2718, 36193475570.2718, 36193475570.2718, 36193475570.2718, 36193475570.2718, 36193475570.2718, 26885852388.949272, 24888231334.2812, 24888231334.2812, 24888231334.2812, 24888231334.2812, 24888231334.2812, 20394627126.32244, 8847552808.887016], 
[532526836177.2367, 532526836177.2367, 44061609884.9215, 25561653460.73029, 25561653460.73029, 25561653460.73029, 20024924161.364826, 20024924161.364826, 20024924161.364826, 10703646153.586378, 10703646153.586378, 10703646153.586378, 10703646153.586378, 9904225617.791882, 9904225617.791882, 8893727597.508703, 8779927231.217186, 8779927231.217186, 5373390647.557355, 5373390647.557355], 
[22777197474.555565, 22777197474.555565, 22777197474.555565, 22777197474.555565, 22777197474.555565, 22777197474.555565, 11941507551.709229, 11941507551.709229, 11941507551.709229, 11941507551.709229, 11941507551.709229, 11941507551.709229, 11941507551.709229, 11941507551.709229, 11941507551.709229, 11941507551.709229, 11941507551.709229, 11941507551.709229, 11941507551.709229, 11941507551.709229], 
[103117159673.68604, 80356897516.31215, 80356897516.31215, 50776471195.46202, 50776471195.46202, 19541186846.90077, 19443908075.478516, 19443908075.478516, 19443908075.478516, 14257626065.200163, 14257626065.200163, 14257626065.200163, 14257626065.200163, 14257626065.200163, 9984153556.891062, 9984153556.891062, 9984153556.891062, 9984153556.891062, 9984153556.891062, 9984153556.891062], 
[33846759120.174973, 33846759120.174973, 33846759120.174973, 33846759120.174973, 33770620107.431168, 32754244683.382538, 32754244683.382538, 24132126278.22791, 24132126278.22791, 13701435127.277267, 13701435127.277267, 13701435127.277267, 13701435127.277267, 13701435127.277267, 13701435127.277267, 10574273434.21882, 10574273434.21882, 10574273434.21882, 10574273434.21882, 10574273434.21882], 
[6844191018.296593, 6844191018.296593, 6844191018.296593, 6844191018.296593, 6486525064.8109, 6486525064.8109, 6486525064.8109, 6486525064.8109, 6486525064.8109, 6486525064.8109, 6486525064.8109, 6486525064.8109, 6486525064.8109, 6098433282.882791, 6098433282.882791, 6098433282.882791, 6098433282.882791, 6098433282.882791, 4215435862.2523465, 4215435862.2523465], 
[49391268983.48231, 49391268983.48231, 42553586562.22128, 32031387929.513878, 32031387929.513878, 15109864545.986538, 15109864545.986538, 15109864545.986538, 15109864545.986538, 15109864545.986538, 15109864545.986538, 15109864545.986538, 15109864545.986538, 15109864545.986538, 15109864545.986538, 15109864545.986538, 15109864545.986538, 13531236293.956543, 13531236293.956543, 13531236293.956543], 
[30059058055.944157, 30059058055.944157, 30059058055.944157, 28438824601.664387, 28438824601.664387, 27314398161.777885, 23277811691.26412, 23277811691.26412, 23277811691.26412, 23277811691.26412, 23036401420.57624, 19225260878.401466, 13291491749.17048, 13291491749.17048, 13291491749.17048, 13291491749.17048, 10170447054.949524, 10170447054.949524, 10170447054.949524, 9072691130.343885], 
[37700675943.15572, 8941122892.79458, 8941122892.79458, 8941122892.79458, 8941122892.79458, 8941122892.79458, 8941122892.79458, 8941122892.79458, 8941122892.79458, 8941122892.79458, 8941122892.79458, 8941122892.79458, 8941122892.79458, 8941122892.79458, 8941122892.79458, 8941122892.79458, 8941122892.79458, 8941122892.79458, 8941122892.79458, 8941122892.79458], 
[37206223208.989914, 37206223208.989914, 37206223208.989914, 34750585643.77165, 34750585643.77165, 34750585643.77165, 16636322901.11428, 16636322901.11428, 16636322901.11428, 16636322901.11428, 16636322901.11428, 16636322901.11428, 15627744323.267265, 15627744323.267265, 9203889468.094744, 7007521702.070749, 7007521702.070749, 7007521702.070749, 7007521702.070749, 7007521702.070749], 
[397576498871.5916, 131225082944.51505, 50776838148.35451, 41581137237.193756, 41581137237.193756, 41581137237.193756, 41581137237.193756, 41581137237.193756, 41581137237.193756, 41581137237.193756, 41581137237.193756, 25406603387.573654, 17720680401.207172, 17720680401.207172, 17720680401.207172, 17720680401.207172, 17720680401.207172, 17720680401.207172, 9478019512.6981, 9478019512.6981], 
[71961935383.0513, 71961935383.0513, 33292700825.86475, 26256124606.56567, 26256124606.56567, 26256124606.56567, 26256124606.56567, 26256124606.56567, 26256124606.56567, 26256124606.56567, 26256124606.56567, 26256124606.56567, 15837129297.213913, 15837129297.213913, 15837129297.213913, 15837129297.213913, 15837129297.213913, 10063581754.624191, 7334251084.587491, 5749604469.173836], 
[24225055703.906914, 19072556785.38218, 19072556785.38218, 19072556785.38218, 19072556785.38218, 17112879183.086191, 17112879183.086191, 16120738740.076029, 16120738740.076029, 16120738740.076029, 11252906804.766228, 11252906804.766228, 11252906804.766228, 11252906804.766228, 11252906804.766228, 11252906804.766228, 5061250206.633398, 5061250206.633398, 5061250206.633398, 5061250206.633398], 
[19168663559.771782, 12054546731.899729, 12054546731.899729, 12054546731.899729, 7979520041.536339, 7979520041.536339, 7979520041.536339, 7979520041.536339, 7979520041.536339, 7979520041.536339, 7979520041.536339, 7979520041.536339, 7979520041.536339, 7979520041.536339, 7979520041.536339, 7979520041.536339, 7979520041.536339, 5537365272.625824, 5537365272.625824, 5537365272.625824], 
[29702678320.27563, 25223254855.18499, 25223254855.18499, 25223254855.18499, 25223254855.18499, 17566123800.36846, 17566123800.36846, 17566123800.36846, 17307797178.410328, 17307797178.410328, 17307797178.410328, 17307797178.410328, 17307797178.410328, 17307797178.410328, 17307797178.410328, 17307797178.410328, 16124725523.076078, 16124725523.076078, 16124725523.076078, 12007724406.500864], 
[18960387140.417587, 18960387140.417587, 18960387140.417587, 18960387140.417587, 18960387140.417587, 18960387140.417587, 18960387140.417587, 18960387140.417587, 18960387140.417587, 18960387140.417587, 18960387140.417587, 18960387140.417587, 18960387140.417587, 18960387140.417587, 18960387140.417587, 18960387140.417587, 18960387140.417587, 18960387140.417587, 18960387140.417587, 16624241283.7634], 
[122888696697.98718, 24361710520.4054, 24361710520.4054, 14090883636.229763, 14090883636.229763, 14090883636.229763, 14090883636.229763, 13981936213.904488, 13981936213.904488, 13981936213.904488, 13981936213.904488, 13981936213.904488, 13981936213.904488, 13981936213.904488, 13981936213.904488, 13981936213.904488, 10617394522.787653, 4468266838.282701, 4468266838.282701, 4468266838.282701], 
[24523049195.2476, 21631079018.944866, 21631079018.944866, 21631079018.944866, 21631079018.944866, 21631079018.944866, 21631079018.944866, 21631079018.944866, 21631079018.944866, 21631079018.944866, 21631079018.944866, 10810296092.410559, 9463779238.699028, 9463779238.699028, 9463779238.699028, 9463779238.699028, 9463779238.699028, 9463779238.699028, 8028593130.043622, 8028593130.043622], 
[32186559944.595253, 32186559944.595253, 28534475955.443726, 28534475955.443726, 15521439292.913778, 15521439292.913778, 15521439292.913778, 12964364157.749767, 12964364157.749767, 12964364157.749767, 12044986896.502993, 12044986896.502993, 10488087232.730965, 10488087232.730965, 10488087232.730965, 10488087232.730965, 10488087232.730965, 10488087232.730965, 10488087232.730965, 10488087232.730965], 
[26520566024.64789, 26520566024.64789, 25911571504.573578, 25147554019.332375, 25147554019.332375, 25025491597.34436, 25025491597.34436, 25025491597.34436, 25025491597.34436, 25025491597.34436, 21786178908.59937, 21786178908.59937, 21786178908.59937, 21786178908.59937, 6130633625.013127, 6130633625.013127, 6130633625.013127, 6130633625.013127, 6130633625.013127, 6130633625.013127], 
[27445346155.127243, 27445346155.127243, 27445346155.127243, 19290848643.226425, 11370278652.425274, 11370278652.425274, 11370278652.425274, 11370278652.425274, 11370278652.425274, 11370278652.425274, 11370278652.425274, 11370278652.425274, 11370278652.425274, 11370278652.425274, 11370278652.425274, 11370278652.425274, 11370278652.425274, 11370278652.425274, 11370278652.425274, 8836808732.237457], 
[107968976993.05733, 67074958100.260765, 67074958100.260765, 46961009011.19821, 35466654890.70068, 35466654890.70068, 35466654890.70068, 14052716571.759043, 14052716571.759043, 14052716571.759043, 14052716571.759043, 14052716571.759043, 9817758380.83661, 9817758380.83661, 9817758380.83661, 9817758380.83661, 9817758380.83661, 6507983462.093651, 6507983462.093651, 6507983462.093651], 
[27692916785.83606, 27692916785.83606, 26071752691.57291, 9063788951.567354, 9063788951.567354, 9063788951.567354, 9063788951.567354, 9063788951.567354, 9063788951.567354, 9063788951.567354, 9063788951.567354, 9063788951.567354, 9063788951.567354, 9063788951.567354, 5016166443.307054, 5016166443.307054, 5016166443.307054, 5016166443.307054, 5016166443.307054, 5016166443.307054], 
[23247441296.70474, 23236661811.726387, 23236661811.726387, 23236661811.726387, 23236661811.726387, 17526631681.865536, 17526631681.865536, 17526631681.865536, 17526631681.865536, 17526631681.865536, 17526631681.865536, 17526631681.865536, 17526631681.865536, 17526631681.865536, 14165553161.601517, 12969039648.81213, 9137321268.731047, 6764839752.4381895, 3398887220.1908875, 3398887220.1908875], 
[25929344725.834705, 25929344725.834705, 25929344725.834705, 25929344725.834705, 25929344725.834705, 25929344725.834705, 20045133689.935974, 20045133689.935974, 20045133689.935974, 20045133689.935974, 20045133689.935974, 6517036901.506138, 6517036901.506138, 6517036901.506138, 6517036901.506138, 6517036901.506138, 6517036901.506138, 6517036901.506138, 6517036901.506138, 6517036901.506138], 
[11207844265.092966, 11207844265.092966, 11207844265.092966, 11207844265.092966, 11207844265.092966, 11207844265.092966, 11207844265.092966, 11119320996.187117, 11119320996.187117, 7366371229.930475, 7366371229.930475, 7366371229.930475, 7366371229.930475, 7366371229.930475, 7366371229.930475, 7366371229.930475, 7366371229.930475, 6202309271.479946, 6202309271.479946, 5101130728.2664175], 
[37094773736.989975, 37094773736.989975, 31588332438.675785, 29906820564.266006, 29374048311.136944, 20226875314.612392, 20226875314.612392, 20226875314.612392, 20226875314.612392, 20226875314.612392, 20226875314.612392, 20226875314.612392, 13991545286.077417, 13991545286.077417, 13991545286.077417, 10812805534.94986, 9872496130.28486, 9872496130.28486, 9872496130.28486, 9872496130.28486], 
[15867436523.57011, 15867436523.57011, 15867436523.57011, 15867436523.57011, 15793015922.296005, 15793015922.296005, 14273323001.232464, 14273323001.232464, 14273323001.232464, 14273323001.232464, 14273323001.232464, 14273323001.232464, 6685974008.402129, 6685974008.402129, 6685974008.402129, 6685974008.402129, 3301970308.2223787, 3301970308.2223787, 3301970308.2223787, 3301970308.2223787], 
[22308325462.21302, 22308325462.21302, 14875856558.907211, 14875856558.907211, 14875856558.907211, 7590470487.428914, 7590470487.428914, 7590470487.428914, 7590470487.428914, 7590470487.428914, 7590470487.428914, 7590470487.428914, 7590470487.428914, 7590470487.428914, 7590470487.428914, 7590470487.428914, 7590470487.428914, 7590470487.428914, 7590470487.428914, 7590470487.428914], 
[25585515311.167576, 25585515311.167576, 22877589253.634403, 22877589253.634403, 22877589253.634403, 22877589253.634403, 22877589253.634403, 22877589253.634403, 22877589253.634403, 21805257025.21995, 21805257025.21995, 21805257025.21995, 17642704252.375027, 15238047490.895473, 13628014509.286179, 13628014509.286179, 13628014509.286179, 13628014509.286179, 13628014509.286179, 13628014509.286179], 
[17759511757.12299, 17759511757.12299, 13598044553.654884, 13598044553.654884, 13598044553.654884, 13598044553.654884, 13598044553.654884, 13598044553.654884, 13598044553.654884, 13598044553.654884, 13598044553.654884, 13598044553.654884, 13598044553.654884, 13598044553.654884, 13598044553.654884, 13598044553.654884, 13598044553.654884, 13245058866.072334, 13245058866.072334, 13245058866.072334], 
[468507668579.4377, 43801610864.84382, 31322070005.456074, 31322070005.456074, 31322070005.456074, 31322070005.456074, 18780634300.03194, 18780634300.03194, 18780634300.03194, 14934955027.99279, 14934955027.99279, 14934955027.99279, 14934955027.99279, 14934955027.99279, 13365017537.995312, 13365017537.995312, 13365017537.995312, 10595414056.10279, 9284562249.327349, 9232508401.119347], 
[50081356401.05522, 49866682396.85088, 18560606735.98358, 18560606735.98358, 18560606735.98358, 18560606735.98358, 18560606735.98358, 17031283761.260311, 17031283761.260311, 17031283761.260311, 13941857900.217804, 13941857900.217804, 13941857900.217804, 13941857900.217804, 13941857900.217804, 13941857900.217804, 13941857900.217804, 13941857900.217804, 5607186339.498471, 5607186339.498471], 
[55165519852.07653, 43087879591.293686, 35587949592.71858, 35587949592.71858, 30695625030.709373, 27343125397.874603, 27343125397.874603, 27343125397.874603, 27343125397.874603, 27343125397.874603, 21279514821.87998, 21279514821.87998, 21279514821.87998, 21279514821.87998, 19998361907.675125, 19998361907.675125, 19998361907.675125, 17370617023.127857, 17370617023.127857, 12720756875.887978], 
[32330309052.30771, 32330309052.30771, 32330309052.30771, 24794922685.888866, 24794922685.888866, 24794922685.888866, 24794922685.888866, 24794922685.888866, 24794922685.888866, 24794922685.888866, 13089529467.280346, 13089529467.280346, 9111624928.871355, 9111624928.871355, 9111624928.871355, 9111624928.871355, 9111624928.871355, 9111624928.871355, 9111624928.871355, 9111624928.871355], 
[32304094760.42762, 14454652850.46608, 14454652850.46608, 14454652850.46608, 14454652850.46608, 14454652850.46608, 14454652850.46608, 14454652850.46608, 14454652850.46608, 14454652850.46608, 14454652850.46608, 7699777757.815593, 7699777757.815593, 7699777757.815593, 7699777757.815593, 7699777757.815593, 7699777757.815593, 7699777757.815593, 7699777757.815593, 7699777757.815593], 
[51140442019.468414, 51140442019.468414, 21696608591.3104, 16032494226.738977, 15209652827.450836, 15209652827.450836, 15209652827.450836, 15209652827.450836, 15209652827.450836, 10979254915.496881, 10979254915.496881, 10979254915.496881, 10979254915.496881, 10979254915.496881, 10979254915.496881, 10979254915.496881, 9723424339.528986, 9723424339.528986, 9723424339.528986, 7899346305.736092], 
[107595144435.90504, 33817006349.219772, 33817006349.219772, 33817006349.219772, 33817006349.219772, 33817006349.219772, 33079400138.59676, 33079400138.59676, 33079400138.59676, 3390647930.1047697, 3390647930.1047697, 3390647930.1047697, 3390647930.1047697, 3390647930.1047697, 3390647930.1047697, 3390647930.1047697, 3390647930.1047697, 3390647930.1047697, 3390647930.1047697, 3390647930.1047697], 
[36012724231.13399, 9625008388.687569, 9625008388.687569, 9625008388.687569, 9625008388.687569, 9625008388.687569, 9625008388.687569, 9625008388.687569, 9625008388.687569, 9625008388.687569, 9625008388.687569, 9625008388.687569, 9625008388.687569, 9625008388.687569, 9625008388.687569, 9625008388.687569, 8413423004.947603, 5352538156.239385, 5352538156.239385, 5352538156.239385], 
[53356846775.3168, 48980009640.19145, 42319363585.80867, 27861638128.11129, 27861638128.11129, 27861638128.11129, 27861638128.11129, 27861638128.11129, 27861638128.11129, 27861638128.11129, 27861638128.11129, 27861638128.11129, 27861638128.11129, 27861638128.11129, 12735182015.478117, 12735182015.478117, 12735182015.478117, 12735182015.478117, 11432669033.446499, 11432669033.446499], 
[142086413522.50064, 110972289294.38867, 30326052063.264317, 26100023776.39968, 19697816920.809902, 19697816920.809902, 19697816920.809902, 19697816920.809902, 19697816920.809902, 19697816920.809902, 19697816920.809902, 19697816920.809902, 11448456665.408611, 11448456665.408611, 11448456665.408611, 11448456665.408611, 11448456665.408611, 11448456665.408611, 11448456665.408611, 7086538540.790251], 
[40707140905.83539, 28826681157.112865, 19316627879.910587, 19316627879.910587, 19316627879.910587, 19316627879.910587, 19316627879.910587, 19316627879.910587, 19316627879.910587, 19316627879.910587, 19316627879.910587, 19316627879.910587, 19316627879.910587, 19316627879.910587, 4759874977.699805, 4759874977.699805, 4759874977.699805, 4759874977.699805, 4759874977.699805, 4759874977.699805], 
[27821719138.466694, 27821719138.466694, 27821719138.466694, 27252257973.632507, 15123963375.437664, 15123963375.437664, 15123963375.437664, 15123963375.437664, 15123963375.437664, 15123963375.437664, 15123963375.437664, 9854652047.39733, 9854652047.39733, 9854652047.39733, 9854652047.39733, 9739584864.01225, 4753035951.395558, 4753035951.395558, 4753035951.395558, 4753035951.395558], 
[63213305806.75737, 22000072252.073624, 22000072252.073624, 22000072252.073624, 22000072252.073624, 22000072252.073624, 22000072252.073624, 22000072252.073624, 22000072252.073624, 22000072252.073624, 22000072252.073624, 22000072252.073624, 22000072252.073624, 22000072252.073624, 22000072252.073624, 13571599649.570974, 13191167425.31144, 13191167425.31144, 13191167425.31144, 13191167425.31144], 
[42852668566.65294, 13241526210.020456, 13241526210.020456, 13241526210.020456, 13241526210.020456, 13241526210.020456, 13241526210.020456, 13241526210.020456, 13241526210.020456, 8148087932.420481, 8148087932.420481, 8148087932.420481, 8055010364.570517, 8055010364.570517, 8055010364.570517, 8055010364.570517, 8055010364.570517, 8055010364.570517, 8055010364.570517, 8055010364.570517], 
[105035516458.71608, 64313087781.714966, 37354592075.77592, 12921083179.349743, 12921083179.349743, 12921083179.349743, 12921083179.349743, 12921083179.349743, 12921083179.349743, 12921083179.349743, 12921083179.349743, 12921083179.349743, 10983724447.616312, 10983724447.616312, 10983724447.616312, 10983724447.616312, 10983724447.616312, 10983724447.616312, 10983724447.616312, 10983724447.616312], 
[34950279596.29705, 24486795132.533394, 24401583994.952362, 24401583994.952362, 18847959350.18407, 14879329728.829933, 14879329728.829933, 14879329728.829933, 14879329728.829933, 14879329728.829933, 14879329728.829933, 14191604827.005056, 13632564903.76378, 13632564903.76378, 13632564903.76378, 10776205030.771484, 9383701793.925287, 9383701793.925287, 6858563214.656017, 6858563214.656017], 
[442299707164.7335, 22647086930.961075, 22647086930.961075, 18459391746.858944, 18459391746.858944, 18459391746.858944, 18459391746.858944, 18459391746.858944, 18459391746.858944, 18459391746.858944, 18459391746.858944, 18459391746.858944, 18459391746.858944, 18459391746.858944, 12882116219.31727, 12713419623.941439, 12713419623.941439, 12713419623.941439, 12713419623.941439, 12713419623.941439], 
[39370400206.40925, 39370400206.40925, 39370400206.40925, 10768954228.253191, 10768954228.253191, 10768954228.253191, 10768954228.253191, 10768954228.253191, 10768954228.253191, 10768954228.253191, 10768954228.253191, 10768954228.253191, 10768954228.253191, 10768954228.253191, 10768954228.253191, 10768954228.253191, 10768954228.253191, 10768954228.253191, 9259847893.361916, 9259847893.361916], 
