[216.03841677933337, 216.03841677933337, 216.03841677933337, -111.78064472901497, -111.78064472901497, -145.13389768152445, -145.13389768152445, -145.13389768152445, -180.30305526324594, -195.02084446291047, -195.02084446291047, -195.02084446291047, -197.7097209413863, -254.6535390785656, -254.6535390785656, -259.1984832726562, -346.55889997541203, -346.55889997541203, -346.55889997541203, -353.5819755932359], 
[437.7264011865951, 437.7264011865951, 437.7264011865951, 385.33068274341065, 203.63717181763525, 203.63717181763525, 153.55474225772025, -140.53368936584712, -140.53368936584712, -158.88099055318634, -159.41693245861796, -273.83757047316, -273.83757047316, -273.83757047316, -273.83757047316, -273.83757047316, -273.83757047316, -273.83757047316, -404.05305054638535, -404.05305054638535], 
[1010.5532883126309, 743.9735821626052, 497.8602197366879, 123.62644823912478, 119.75135585299086, 67.29240365013561, 67.29240365013561, 16.329144728955043, 16.329144728955043, -102.75713428654598, -356.0063099364753, -356.0063099364753, -356.0063099364753, -356.0063099364753, -356.0063099364753, -356.0063099364753, -356.0063099364753, -356.0063099364753, -356.0063099364753, -356.0063099364753], 
[506.7637933548398, 506.7637933548398, 500.7400231391929, 318.3569775846453, 318.3569775846453, 181.48132192296657, 86.98217858062287, 70.28533327409207, 3.685129683781554, -94.31101189846805, -94.31101189846805, -99.39906327420607, -194.8141172783341, -205.854572001856, -279.9486047946167, -335.8190442732037, -335.8190442732037, -335.8190442732037, -335.8190442732037, -335.8190442732037], 
[923.691881498961, 911.9528836647576, 655.3987635329995, 5.965853592937663, -0.08613057847441041, -0.08613057847441041, -0.08613057847441041, -0.08613057847441041, -219.69129667441092, -219.69129667441092, -219.69129667441092, -219.69129667441092, -219.69129667441092, -219.69129667441092, -344.40407948006225, -344.40407948006225, -344.40624080078595, -344.40624080078595, -344.40624080078595, -346.03950218647924], 
[863.9762798500069, 863.9762798500069, 863.9762798500069, 299.237068378839, 295.50364275623065, 283.47803436222955, 283.47803436222955, 150.02833444581438, -3.3447661264896738, -318.77668901721063, -318.77668901721063, -324.21507021763296, -324.21507021763296, -350.91114745916957, -350.91114745916957, -350.91114745916957, -350.91114745916957, -350.91114745916957, -379.41579636470993, -410.5872920472716], 
[1186.8131325805807, 978.407988507412, 335.10061039437426, 335.10061039437426, -188.446563357301, -443.01568521888794, -443.01568521888794, -443.01568521888794, -443.01568521888794, -443.01568521888794, -443.01568521888794, -443.01568521888794, -443.01568521888794, -443.01568521888794, -443.01568521888794, -443.01568521888794, -443.01568521888794, -443.01568521888794, -447.29065844022557, -447.29065844022557], 
[1027.262027827775, 994.7557415799645, 334.89995135597985, -255.59830055795777, -255.59830055795777, -255.59830055795777, -255.59830055795777, -255.59830055795777, -255.59830055795777, -255.59830055795777, -370.85872880179124, -370.85872880179124, -370.85872880179124, -370.85872880179124, -370.85872880179124, -370.85872880179124, -370.85872880179124, -370.85872880179124, -370.85872880179124, -370.85872880179124], 
[822.9223210784248, 473.45990305520934, 131.33998568104812, 93.46562643002721, 93.46562643002721, -156.84692293489286, -156.84692293489286, -156.84692293489286, -156.84692293489286, -191.2367880346742, -191.2367880346742, -295.1982867768532, -295.1982867768532, -311.2470746445213, -311.2470746445213, -371.05049120354795, -371.05049120354795, -427.2945109107318, -427.2945109107318, -427.2945109107318], 
[522.1726216288372, 522.1726216288372, 167.24996310028632, 167.24996310028632, 167.24996310028632, -34.51232781392844, -34.51232781392844, -139.1684679839717, -139.1684679839717, -139.1684679839717, -139.1684679839717, -232.8569404575568, -308.23178355659303, -308.23178355659303, -308.23178355659303, -308.23178355659303, -308.23178355659303, -315.0777274455338, -330.74804666485784, -331.4777464479855], 
[552.15075345172, 552.15075345172, 447.7586590897281, 444.2676776118018, -26.551074836905173, -26.551074836905173, -26.551074836905173, -47.86292289721979, -70.08368385574602, -108.82650578288639, -282.5702583331205, -282.5702583331205, -282.5702583331205, -337.2781144234795, -337.2781144234795, -337.2781144234795, -353.9900805896683, -353.9900805896683, -375.3718306421283, -375.3718306421283], 
[861.6784851694108, 710.3640665684854, 490.186630822049, 370.6896519104432, 370.6896519104432, -52.071248949964115, -52.071248949964115, -134.7700475200047, -134.7700475200047, -134.7700475200047, -376.78176781368813, -376.78176781368813, -376.78176781368813, -376.78176781368813, -376.78176781368813, -376.78176781368813, -413.8734756480045, -413.8734756480045, -413.8734756480045, -413.8734756480045], 
[489.56034971295287, 489.56034971295287, 428.2671219400813, 320.887940596818, 220.72996427943542, 220.72996427943542, -207.28922330332296, -249.91483609329651, -249.91483609329651, -249.91483609329651, -249.91483609329651, -249.91483609329651, -249.91483609329651, -249.91483609329651, -252.44190697670382, -252.44190697670382, -331.20073077661925, -331.20073077661925, -331.20073077661925, -346.423133977362], 
[623.634059914185, 536.5539456934819, 413.94244952995655, 249.04843307150304, 55.0678257087111, -9.694149534320616, -144.0446376353408, -210.12649815839177, -255.87140707996528, -255.87140707996528, -255.87140707996528, -255.87140707996528, -255.87140707996528, -255.87140707996528, -359.8912835062567, -359.8912835062567, -359.8912835062567, -359.8912835062567, -359.8912835062567, -360.31599919813385], 
[231.73741303199438, 231.73741303199438, -147.04488802609052, -147.04488802609052, -186.50794910118066, -186.50794910118066, -186.50794910118066, -215.8474273017324, -240.2803518639929, -304.23707260247465, -304.23707260247465, -304.23707260247465, -338.8861773390369, -359.66182056087223, -359.66182056087223, -359.66182056087223, -382.30303539178095, -382.30303539178095, -382.30303539178095, -390.10415441807584], 
[710.0029041266862, 158.76643077344318, 158.76643077344318, 158.76643077344318, 44.14944188165248, -194.9864478594676, -194.9864478594676, -194.9864478594676, -194.9864478594676, -194.9864478594676, -220.73106869231378, -220.73106869231378, -243.92228060756963, -270.8886417780949, -327.4644688820413, -327.4644688820413, -327.4644688820413, -371.3201482981316, -371.3201482981316, -377.9573000247075], 
[893.6162360769401, 599.1900800896201, 399.83158157683465, 135.08045031161942, 101.6400459655357, 62.83514049889436, -15.260602093445698, -15.260602093445698, -15.260602093445698, -177.2213848310107, -177.2213848310107, -320.51971776999204, -320.51971776999204, -320.51971776999204, -320.51971776999204, -359.43239471551027, -359.43239471551027, -368.5523422175497, -368.5523422175497, -368.5523422175497], 
[219.72993032359466, 219.72993032359466, 14.897611353856632, -115.10285903075174, -115.10285903075174, -139.56975190275915, -147.866988295971, -188.60379751461574, -188.60379751461574, -188.60379751461574, -188.60379751461574, -188.60379751461574, -237.12308505722882, -237.12308505722882, -295.34730180105385, -343.2073634498523, -343.2073634498523, -416.6115044163818, -416.6115044163818, -416.6115044163818], 
[903.4180327568549, 103.55986295563787, 103.55986295563787, 103.55986295563787, 50.31914546633095, -65.53295600557459, -66.42366733432783, -66.42366733432783, -242.22113205980025, -242.22113205980025, -242.22113205980025, -242.22113205980025, -242.22113205980025, -242.22113205980025, -242.22113205980025, -399.0502740265623, -399.0502740265623, -399.0502740265623, -399.0502740265623, -409.532028853372], 
[-122.09585023709383, -122.09585023709383, -122.09585023709383, -145.67165013404878, -145.67165013404878, -167.2973066898448, -215.27101226305882, -247.52995669332657, -247.52995669332657, -247.52995669332657, -342.24221289376794, -342.24221289376794, -342.24221289376794, -342.24221289376794, -342.24221289376794, -342.24221289376794, -342.24221289376794, -342.24221289376794, -386.40920118846674, -389.4474705896456], 
[167.85544828716695, 149.1408165199921, -261.4057764859042, -261.4057764859042, -261.4057764859042, -261.4057764859042, -261.4057764859042, -261.4057764859042, -261.4057764859042, -261.4057764859042, -261.4057764859042, -261.4057764859042, -298.8077504873061, -310.7046414405839, -310.7046414405839, -310.7046414405839, -310.7046414405839, -310.7046414405839, -314.9487894528713, -331.76516818856805], 
[153.669460403372, 54.87439199772257, 54.87439199772257, 54.87439199772257, -16.115051538231512, -92.03532645921194, -210.03817356160482, -290.29441779317494, -290.29441779317494, -290.29441779317494, -325.95872690452666, -325.95872690452666, -325.95872690452666, -325.95872690452666, -325.95872690452666, -325.95872690452666, -325.95872690452666, -334.6441421579382, -334.6441421579382, -334.6441421579382], 
[1077.9319920608293, 697.5707564287998, 682.0439873635407, 162.3661409659121, 151.44866572762498, -144.51786648478645, -144.51786648478645, -176.97430244280582, -176.97430244280582, -193.88637432051382, -262.2377808972287, -286.00924403292345, -286.00924403292345, -310.62186673305393, -310.62186673305393, -328.56962084716724, -328.56962084716724, -362.52614646655996, -374.07860084015516, -374.07860084015516], 
[194.03406428005792, 190.02669212304977, 188.01628476757708, -9.976223800130015, -9.976223800130015, -181.63672727706273, -181.63672727706273, -181.63672727706273, -181.63672727706273, -181.63672727706273, -196.2846514311778, -292.70655623387415, -336.5257618002862, -336.5257618002862, -408.50127574876524, -408.50127574876524, -408.50127574876524, -422.23580847076175, -422.23580847076175, -422.23580847076175], 
[1226.1327138080544, 524.8878615889034, 391.1392025691008, 264.12393156436417, -162.61511943798905, -221.58887817854048, -221.58887817854048, -221.58887817854048, -221.58887817854048, -354.2610842223248, -354.2610842223248, -354.2610842223248, -354.2610842223248, -355.68994777580644, -355.68994777580644, -355.68994777580644, -355.68994777580644, -355.68994777580644, -355.68994777580644, -355.68994777580644], 
[727.4307948536775, 455.30013906139664, 87.72052649620161, 73.33431765623016, 73.33431765623016, -127.44681507864271, -127.44681507864271, -248.34870042685358, -248.34870042685358, -248.34870042685358, -248.34870042685358, -265.42439293362577, -310.2508462165748, -310.2508462165748, -331.9561134506314, -331.9561134506314, -347.30128395804, -347.30128395804, -347.30128395804, -373.65186050065415], 
[336.41252752040134, 336.41252752040134, 336.41252752040134, 336.41252752040134, -141.96916476516725, -167.3737038754561, -273.6496451536078, -368.7378552421751, -368.7378552421751, -397.5942106464171, -397.5942106464171, -397.5942106464171, -397.5942106464171, -397.5942106464171, -397.5942106464171, -404.22621783069036, -404.22621783069036, -404.22621783069036, -404.22621783069036, -404.22621783069036], 
[848.163487829846, 162.0545601288901, 123.77347033616797, 123.77347033616797, 123.77347033616797, -22.205283609063542, -22.205283609063542, -22.205283609063542, -22.205283609063542, -95.6175779707238, -148.3326513119335, -193.42964928235597, -239.17500499852986, -276.6302329078329, -302.07645005841437, -302.07645005841437, -302.07645005841437, -330.45294619062634, -330.45294619062634, -330.45294619062634], 
[261.0879768771962, -56.95065805589633, -56.95065805589633, -358.34670074997587, -358.34670074997587, -358.34670074997587, -358.34670074997587, -358.34670074997587, -358.34670074997587, -358.34670074997587, -366.20840045586715, -380.9401704074674, -380.9401704074674, -380.9401704074674, -380.9401704074674, -380.9401704074674, -409.8327662176687, -409.8327662176687, -410.2770943963626, -436.5752883604453], 
[169.5565542436658, 169.5565542436658, 169.5565542436658, -171.97736610398636, -171.97736610398636, -171.97736610398636, -171.97736610398636, -171.97736610398636, -171.97736610398636, -171.97736610398636, -171.97736610398636, -254.03877985333872, -345.59274863340306, -345.59274863340306, -380.71079269376924, -380.71079269376924, -470.12211355417344, -470.12211355417344, -470.12211355417344, -470.12211355417344], 
