[2357.5622960454084, 2357.5136350836883, 2357.5136350836883, 2357.5136350836883, 1581.1942943514834, 1431.5185549267744, 1061.5572857058394, 1047.3740637658095, 712.5182681010034, 549.0453689625539, 549.0453689625539, 549.0453689625539, 455.10663883406767, 326.09187392658106, 326.09187392658106, 315.8495760905553, 267.46812307872415, 267.46812307872415, 199.7210084731441, 199.7210084731441], 
[2931.5676997629002, 2897.250114053655, 1569.5522224939693, 1569.5522224939693, 1569.5522224939693, 1553.299699208267, 1515.9187118812354, 968.7018881842313, 775.3994961271463, 775.3994961271463, 552.7731555156612, 426.31078099050654, 426.31078099050654, 400.09000630321424, 400.09000630321424, 324.14880449995303, 324.14880449995303, 324.14880449995303, 138.13285090800306, 138.13285090800306], 
[1634.96188341217, 1634.96188341217, 1031.1101422154547, 1031.1101422154547, 1031.1101422154547, 919.8194168306643, 919.8194168306643, 919.8194168306643, 919.8194168306643, 919.8194168306643, 716.4917325060202, 716.4917325060202, 716.4917325060202, 420.60391352883937, 420.60391352883937, 312.928791236774, 312.928791236774, 153.61714214715417, 153.61714214715417, 153.61714214715417], 
[4863.1575310715325, 3509.2150862902126, 2855.8830934182984, 2855.8830934182984, 1473.6277202283584, 1473.6277202283584, 1314.1211983640492, 555.6268760565882, 534.5576733351922, 534.5576733351922, 534.5576733351922, 534.5576733351922, 534.5576733351922, 534.5576733351922, 111.680230515632, 111.680230515632, 111.680230515632, 111.680230515632, 111.680230515632, 111.680230515632], 
[2144.598208171736, 2144.598208171736, 2144.598208171736, 1340.7816178866153, 1298.572590008387, 1298.572590008387, 1298.572590008387, 1205.121918834169, 329.66278340034506, 329.66278340034506, 327.1642363585299, 327.1642363585299, 125.94144383383842, 125.94144383383842, 125.94144383383842, 125.94144383383842, 125.94144383383842, 125.94144383383842, 125.94144383383842, 125.94144383383842], 
[3221.220733304836, 2629.5647443947146, 1427.0666187103889, 1427.0666187103889, 569.6840922640706, 569.6840922640706, 567.4258991485548, 567.4258991485548, 567.4258991485548, 567.4258991485548, 567.4258991485548, 526.231629249156, 526.231629249156, 291.0131180586889, 291.0131180586889, 213.71411514931046, 208.1446687272468, 199.23740006389227, 178.70760223859213, 160.01735811391146], 
[5274.11979335436, 2856.9327046044714, 2856.9327046044714, 2856.9327046044714, 2856.9327046044714, 2856.9327046044714, 1779.5453986051277, 1463.7674618803567, 1457.0327701114034, 670.2238383861888, 383.7985614380525, 383.7985614380525, 345.7839776470548, 343.86805847231295, 305.11765532951614, 305.11765532951614, 241.07290621082663, 238.18857940257138, 238.18857940257138, 238.18857940257138], 
[2475.6254666936497, 2475.6254666936497, 2475.6254666936497, 2407.3320475687324, 2407.3320475687324, 1868.7948205436417, 1868.7948205436417, 1732.3009864170972, 1732.3009864170972, 1150.1017478906085, 892.1110603211581, 499.52519280985223, 486.7362210218861, 440.9527716642639, 440.9527716642639, 263.1479832408059, 263.1479832408059, 254.58766806668905, 253.23698398934985, 253.23698398934985], 
[4114.673758794303, 4113.794160876556, 895.2444591227447, 895.2444591227447, 895.2444591227447, 895.2444591227447, 888.4935938637324, 888.4935938637324, 446.8729454212576, 446.8729454212576, 446.8729454212576, 446.8729454212576, 192.51800453325967, 192.51800453325967, 192.51800453325967, 192.51800453325967, 192.51800453325967, 192.51800453325967, 185.89708672501487, 182.47746453985067], 
[3003.4131504302163, 1947.2632734166284, 1947.2632734166284, 1947.2632734166284, 1947.2632734166284, 1947.2632734166284, 838.549000977379, 838.549000977379, 838.549000977379, 838.549000977379, 838.549000977379, 769.6823330059276, 769.6823330059276, 511.35717398352006, 474.17367001768014, 474.17367001768014, 474.17367001768014, 325.92777086385973, 325.92777086385973, 315.92671785873335], 
[4385.133880332845, 4384.2082218679825, 3871.6511175875767, 2692.047700640503, 2432.1266030905426, 2216.646196247686, 1689.7738381181127, 1043.6844493609472, 855.9726017985424, 661.4328659089078, 504.0710354314041, 504.0710354314041, 482.35848952926625, 464.991017816072, 464.991017816072, 390.0009238743233, 390.0009238743233, 192.07651832261797, 192.07651832261797, 192.07651832261797], 
[6580.054067021972, 4631.476178990176, 4179.701009879131, 2077.5041706278885, 1047.5820921882498, 1014.7696984620413, 891.7389248873961, 739.4696536951903, 739.4696536951903, 683.3666448974897, 683.3666448974897, 316.3035193393343, 314.68764443563197, 314.68764443563197, 314.68764443563197, 314.68764443563197, 295.5473551495374, 187.09451474646127, 175.20049597630816, 175.20049597630816], 
[892.7711893455134, 892.7711893455134, 892.7711893455134, 892.7711893455134, 892.7711893455134, 892.7711893455134, 683.0613002688494, 683.0613002688494, 683.0613002688494, 447.83808198895923, 257.04593842249807, 170.92318838627972, 170.82661733557595, 170.82661733557595, 169.99674621590935, 169.99674621590935, 163.6760900804362, 163.6760900804362, 163.6760900804362, 163.6760900804362], 
[3501.846289285512, 3086.25964663655, 3039.3360745048803, 2006.8771671391419, 886.6423238904587, 886.6423238904587, 808.1069071940299, 808.1069071940299, 807.00937805981, 681.7310364530053, 654.544818592584, 619.3389729373165, 575.055976166029, 236.40567460494802, 236.40567460494802, 236.40567460494802, 135.0022316714137, 128.84170227616102, 128.84170227616102, 128.84170227616102], 
[6761.417080139767, 2530.0569794010858, 2530.0569794010858, 2530.0569794010858, 2530.0569794010858, 1437.5374685097083, 1437.5374685097083, 787.5729338642286, 787.5729338642286, 705.8079894293211, 705.8079894293211, 705.4805825289326, 451.6695694319003, 283.947710605528, 283.947710605528, 283.947710605528, 255.68118370918836, 209.7135791507786, 203.12127021451772, 68.24113926660839], 
[3198.3603692835386, 1210.9937741591423, 1179.6308734631157, 1179.6308734631157, 1179.6308734631157, 1179.6308734631157, 1179.6308734631157, 562.9033889006168, 562.9033889006168, 562.9033889006168, 562.9033889006168, 562.9033889006168, 468.75097393623713, 465.6610767399904, 465.6610767399904, 465.6610767399904, 465.137102390574, 465.137102390574, 338.8799683085659, 336.88567746629184], 
[4507.985910583463, 3273.9579322059926, 3273.663869407107, 2513.487569810547, 2048.044806048373, 1978.100079638554, 1978.100079638554, 1423.7194630062374, 1421.9513279575165, 813.6797048800296, 813.6797048800296, 551.2014137809304, 469.3125500669999, 469.3125500669999, 406.67490501454864, 240.476994422085, 240.476994422085, 240.476994422085, 187.23517532629404, 185.38628035098463], 
[1606.5843912566954, 1606.5843912566954, 1606.5843912566954, 1606.5843912566954, 1606.5843912566954, 1606.5843912566954, 1606.5843912566954, 1604.277591410441, 1372.3577745788066, 1372.3577745788066, 1362.1086570907678, 831.1708486581135, 370.6526588173508, 370.6526588173508, 364.57162015545146, 364.57162015545146, 364.5614181257452, 326.14283264381277, 230.85767270172104, 193.51371788823462], 
[1198.0437933177557, 1197.4172517340833, 1197.4172517340833, 1197.4172517340833, 1197.4172517340833, 1197.4172517340833, 295.70811506852704, 295.70811506852704, 295.70811506852704, 295.70811506852704, 286.25106108462046, 286.25106108462046, 285.1912433012112, 285.1912433012112, 147.05809393136852, 139.14747984751364, 139.14747984751364, 139.14747984751364, 139.14747984751364, 136.99573758082386], 
[1732.7163292758812, 1732.7163292758812, 1731.2468557921343, 1059.7742972357723, 1059.7742972357723, 1059.7742972357723, 1054.118093570602, 1054.118093570602, 1045.7069952655963, 591.3459293276962, 470.034092321048, 463.56577122190856, 389.05404682948097, 352.41423443685284, 215.0872864204713, 215.0872864204713, 183.55038043286095, 183.55038043286095, 183.55038043286095, 145.4387830845249], 
[2803.658790928195, 2803.658790928195, 2803.658790928195, 2378.172847852544, 2036.2544310595595, 2036.2544310595595, 2036.2544310595595, 1920.531405797982, 1460.153919904884, 1245.746632796464, 598.233140835032, 598.233140835032, 598.233140835032, 598.233140835032, 598.233140835032, 363.9101729843373, 363.9101729843373, 332.9487900202235, 332.9487900202235, 253.72905054024216], 
[2824.3505264268174, 2338.163823229186, 2338.163823229186, 293.78611274389635, 293.78611274389635, 293.78611274389635, 293.78611274389635, 293.78611274389635, 293.78611274389635, 293.78611274389635, 293.78611274389635, 293.78611274389635, 281.08613613155427, 244.9850801111726, 244.9850801111726, 244.9850801111726, 193.1084617201674, 193.1084617201674, 120.21040809645582, 120.21040809645582], 
[3035.829680294963, 1254.0578491995273, 1254.0578491995273, 1251.1973867289173, 1251.1973867289173, 1057.3563923724198, 1002.5203608696979, 727.7328933968578, 673.888609821213, 514.6509366123021, 477.24609640367606, 362.09600423745997, 362.09600423745997, 362.09600423745997, 362.09600423745997, 362.09600423745997, 362.09600423745997, 259.7817883599617, 148.90710194329282, 148.90710194329282], 
[7041.326400577082, 5013.791715839009, 2588.3155467622105, 2588.2519414720746, 2588.2519414720746, 1856.2240163456556, 1856.2240163456556, 1855.7565278300558, 1855.7565278300558, 1469.8397359551373, 1304.3960903810748, 1212.4343364576603, 1212.3705891212928, 838.2175804948048, 637.9838905464137, 637.9838905464137, 610.6091529878134, 138.08664323954306, 138.08664323954306, 138.08664323954306], 
[1505.1650565485531, 1505.1650565485531, 1181.9439755530288, 1181.9439755530288, 1181.9439755530288, 1181.9439755530288, 1007.5924200951649, 1007.5924200951649, 1005.3185006705842, 508.88312063529463, 508.88312063529463, 508.88312063529463, 163.29969513678705, 163.29969513678705, 163.29969513678705, 163.29969513678705, 163.29969513678705, 163.29969513678705, 163.29969513678705, 163.29969513678705], 
[1969.3202971354265, 1969.3202971354265, 1543.5084523479588, 1529.8756356482536, 1171.8553870618389, 1171.8553870618389, 1171.7474596218624, 1170.6070358723766, 893.785678708239, 420.3995237264433, 420.3995237264433, 420.3995237264433, 420.3995237264433, 420.3995237264433, 420.3995237264433, 214.09233989735762, 214.05781710923958, 214.05781710923958, 208.67490381109116, 208.1075957993354], 
[9012.448954776406, 4718.198087527303, 3383.8637581876596, 3383.8637581876596, 3383.8637581876596, 1158.2396739676167, 1158.2396739676167, 1158.2396739676167, 615.0580296116399, 503.66797857044475, 503.66797857044475, 502.0559364560009, 502.0559364560009, 502.0559364560009, 502.0559364560009, 502.0559364560009, 337.4152292892854, 337.4152292892854, 332.1488860696935, 202.8205206354398], 
[3259.838999512437, 3259.838999512437, 3259.838999512437, 2701.713756661766, 997.4206857182936, 968.97453516049, 428.4664764105947, 428.4664764105947, 428.4664764105947, 428.4664764105947, 375.1479025654429, 200.41947045134683, 200.41947045134683, 200.41947045134683, 200.41947045134683, 200.41947045134683, 200.41947045134683, 197.90815599156056, 82.57735796865427, 82.57735796865427], 
[5352.7241487267975, 4389.955536289146, 2471.6789644556943, 1531.8989018819036, 1531.8989018819036, 1230.2807542025487, 1230.2807542025487, 729.3371056886559, 729.0485805479041, 561.7179475968453, 561.7179475968453, 545.2241030471213, 545.2241030471213, 413.7457742750182, 383.9712650400366, 202.3152924558889, 202.3152924558889, 202.3152924558889, 202.3152924558889, 198.75250115887286], 
[1738.5140801640923, 1729.7417128812895, 881.4439438559554, 881.4439438559554, 881.4439438559554, 857.6420680157477, 857.6420680157477, 857.6420680157477, 673.0052729978537, 634.6421745053232, 564.0565353612227, 564.0565353612227, 564.0565353612227, 485.3523756965248, 440.3970009013571, 180.06030454261838, 180.06030454261838, 180.06030454261838, 180.06030454261838, 162.0067830587488], 
