[394.95649874839216, 275.5829402690248, 135.42141602834886, 11.009751023065576, 11.009751023065576, 11.009751023065576, 11.009751023065576, -121.20174248481703, -121.20174248481703, -121.20174248481703, -242.0164121792863, -349.03296658269227, -370.8310765310531, -384.1647493961185, -384.1647493961185, -384.1647493961185, -384.1647493961185, -384.1647493961185, -384.1647493961185, -384.1647493961185], 
[617.6727786071722, 617.6727786071722, 600.8004190345507, 349.4368549165075, 152.2671300988544, 152.2671300988544, 152.2671300988544, 8.305374265109151, -1.3444795488950376, -174.77298028316255, -174.77298028316255, -174.77298028316255, -201.53108649087784, -201.53108649087784, -201.53108649087784, -233.9787965786282, -253.6609408473648, -281.3026646520094, -384.84502017069684, -384.84502017069684], 
[724.4728305427077, 653.461762319999, 549.8837348881245, 229.61676790330478, 197.76811092993796, -65.08247541918718, -65.08247541918718, -200.46617465064259, -200.46617465064259, -224.4136448276966, -254.51722815516294, -283.79900908470006, -283.79900908470006, -283.79900908470006, -284.12204020878926, -287.58604843191574, -287.58604843191574, -318.7660489787306, -318.7660489787306, -318.7660489787306], 
[519.1276421202094, 519.1276421202094, 519.1276421202094, 390.9546664094711, -50.78932358208948, -70.86505724499483, -91.45569616768518, -91.45569616768518, -91.45569616768518, -91.45569616768518, -163.90060214022202, -210.38892962130706, -243.17013099524576, -243.17013099524576, -243.17013099524576, -368.5542080542843, -372.57257081436234, -376.0997280175631, -376.0997280175631, -376.0997280175631], 
[424.5120102459541, 424.5120102459541, 424.5120102459541, 414.36660218649524, 414.36660218649524, 414.36660218649524, 140.48336717970005, -237.1774496227668, -237.1774496227668, -237.1774496227668, -253.08485773444565, -253.08485773444565, -261.31107774912766, -261.31107774912766, -261.31107774912766, -261.31107774912766, -335.28929183932064, -335.28929183932064, -335.28929183932064, -335.28929183932064], 
[834.1546699487269, 355.15558194155983, 114.42822814891531, 114.42822814891531, 114.42822814891531, 114.42822814891531, 114.42822814891531, 114.42822814891531, -15.95361798241504, -15.95361798241504, -15.95361798241504, -233.26206179311606, -233.26206179311606, -234.71755838847452, -234.71755838847452, -241.5530208994365, -264.5049822981608, -264.5049822981608, -274.6219786859249, -313.13049345037115], 
[102.71667556805482, 102.71667556805482, -107.84219124548201, -107.84219124548201, -107.84219124548201, -204.06114034176193, -204.06114034176193, -204.06114034176193, -302.78920093325, -302.78920093325, -304.0240564126296, -304.0240564126296, -379.47319417998983, -422.8446994397551, -422.8446994397551, -431.0939090881286, -431.0939090881286, -431.0939090881286, -431.0939090881286, -431.0939090881286], 
[576.9530866571954, 272.3489526494244, 272.3489526494244, 272.3489526494244, 141.6895614361042, 141.6895614361042, -19.77780217573229, -92.88244363715006, -173.65081982722467, -173.65081982722467, -247.8129096858582, -247.8129096858582, -247.8129096858582, -247.8129096858582, -321.35474906751, -328.45158380925955, -328.45158380925955, -366.5706631506041, -366.5706631506041, -366.5706631506041], 
[568.4617050741781, 568.4617050741781, 568.4617050741781, 23.94233618050623, 23.94233618050623, 23.94233618050623, -156.78315323058285, -156.78315323058285, -156.78315323058285, -237.8388678953612, -237.8388678953612, -249.74788312294734, -249.74788312294734, -249.74788312294734, -249.74788312294734, -324.1347254962394, -324.1347254962394, -366.52763663623784, -390.5716609042838, -390.5716609042838], 
[281.1517337938544, 238.84218149866695, 238.84218149866695, 237.39700572854417, 237.39700572854417, 237.39700572854417, 120.18846673024507, 57.21841660109408, 57.21841660109408, 28.5786046582499, 28.5786046582499, -225.1770987885953, -328.390632543705, -328.390632543705, -335.6538550885331, -376.90277562095474, -376.90277562095474, -376.90277562095474, -376.90277562095474, -376.90277562095474], 
[1015.6385474603833, 608.2237506365079, 571.8887183229185, 528.377799443836, 528.377799443836, 143.16187522472023, 143.16187522472023, -146.61410923893368, -146.61410923893368, -159.1658170775384, -159.1658170775384, -209.82586242545852, -215.13612212413034, -290.40318344317984, -334.5012408851674, -334.5012408851674, -334.5012408851674, -334.5012408851674, -334.5012408851674, -354.727710408654], 
[613.3202100582992, 543.0555133292603, 543.0555133292603, 128.52653365135052, 109.39578777849852, -238.716280488719, -238.716280488719, -238.716280488719, -282.66795962082574, -282.66795962082574, -282.66795962082574, -400.7250092402789, -400.7250092402789, -442.96124172440943, -442.96124172440943, -442.96124172440943, -442.96124172440943, -442.96124172440943, -442.96124172440943, -442.96124172440943], 
[185.70955774834113, -101.87063792012634, -101.87063792012634, -101.87063792012634, -102.05254513482276, -102.05254513482276, -102.05254513482276, -232.50218191182694, -232.50218191182694, -232.50218191182694, -262.32218786199553, -262.32218786199553, -262.32218786199553, -278.31091639887006, -304.99673294585733, -358.5821669476059, -358.5821669476059, -358.5821669476059, -358.5821669476059, -358.5821669476059], 
[390.3599027764126, 323.6755663087657, 323.6755663087657, 323.6755663087657, -23.614033490338215, -23.614033490338215, -74.78792711403031, -162.53637362473364, -255.92671741557507, -257.8184439402473, -257.8184439402473, -257.8184439402473, -257.8184439402473, -284.7749353251778, -284.7749353251778, -284.7749353251778, -284.7749353251778, -350.1433931220127, -368.04278488324906, -368.04278488324906], 
[778.0321276581444, 532.7799404210316, 503.9474900696616, 447.6975776580714, 301.3603875182156, 48.11936899867851, 48.11936899867851, -19.575543556692708, -93.42613838328828, -93.42613838328828, -93.42613838328828, -198.08709838326962, -198.08709838326962, -215.4799645259842, -215.4799645259842, -233.81319744727642, -233.81319744727642, -233.81319744727642, -250.5840129661143, -349.1595988584524], 
[1213.3334925963238, 633.1993113301653, 249.21231429809222, 249.21231429809222, 142.3674567586047, -6.425904777677431, -6.425904777677431, -6.425904777677431, -14.526557686077297, -101.45467182269033, -101.45467182269033, -167.28736939570507, -273.6941075484851, -273.6941075484851, -273.6941075484851, -335.6872860969438, -335.6872860969438, -335.6872860969438, -340.77057415303386, -395.1268692288971], 
[926.3460206491711, 153.4385586410939, 153.4385586410939, 153.4385586410939, 130.3636637139772, 108.7462976574609, 60.970445337132446, 60.970445337132446, 33.76074631295512, 26.106282656368762, -110.17823997690277, -266.1059420381765, -266.1059420381765, -266.1059420381765, -266.1059420381765, -266.1059420381765, -355.1031061729478, -355.1031061729478, -355.1031061729478, -355.1031061729478], 
[226.96078433795662, 226.96078433795662, 226.96078433795662, 96.40959430115868, -161.73923049204524, -161.73923049204524, -161.73923049204524, -194.1972380511757, -265.56098767150297, -265.56098767150297, -265.56098767150297, -265.56098767150297, -265.56098767150297, -294.964305987506, -294.964305987506, -313.647265063118, -313.647265063118, -351.4361772942889, -351.4361772942889, -351.4475306944776], 
[868.7924320301775, 276.19022661895906, 276.19022661895906, 276.19022661895906, 276.19022661895906, 130.78004294412983, 130.78004294412983, 130.78004294412983, 80.84512195657794, -144.88274645332217, -213.17037064462443, -290.47240333579197, -290.47240333579197, -375.93892948622374, -375.93892948622374, -375.93892948622374, -375.93892948622374, -376.7928691934913, -376.7928691934913, -432.2281019135364], 
[-36.566109051378874, -36.566109051378874, -36.566109051378874, -36.566109051378874, -36.566109051378874, -185.87886884742653, -185.87886884742653, -185.87886884742653, -185.87886884742653, -185.87886884742653, -185.87886884742653, -185.87886884742653, -185.87886884742653, -185.87886884742653, -191.42311874468237, -250.000052435384, -250.000052435384, -251.69961712259843, -287.5205584245771, -387.573830046786], 
[-224.6189295765355, -224.6189295765355, -224.6189295765355, -224.6189295765355, -224.6189295765355, -224.6189295765355, -224.6189295765355, -224.6189295765355, -224.6189295765355, -224.6189295765355, -224.6189295765355, -224.6189295765355, -224.6189295765355, -259.07836226173913, -259.07836226173913, -260.8827933405418, -260.8827933405418, -260.8827933405418, -365.01489485927357, -396.52390803589776], 
[902.1604537247094, 390.4957259293483, 390.4957259293483, 100.61736425950642, -196.37520643836336, -196.37520643836336, -196.37520643836336, -196.37520643836336, -196.37520643836336, -196.37520643836336, -196.37520643836336, -297.2699569343942, -297.2699569343942, -297.2699569343942, -297.2699569343942, -315.44369496656805, -319.2109119360415, -374.8306317449395, -374.8306317449395, -374.8306317449395], 
[923.4843962041423, 479.8870908115664, 189.51046415293854, 189.51046415293854, 189.51046415293854, 189.51046415293854, 41.84384704104059, -3.0424197859490505, -61.19481932202467, -90.73424534383815, -139.83151164831224, -254.49553384462172, -286.2385756460069, -286.2385756460069, -330.0625109593899, -333.0296540752593, -349.2486891723024, -349.2486891723024, -353.81338082995114, -353.81338082995114], 
[214.60040386860624, 214.60040386860624, 214.60040386860624, 8.746070050520018, 8.746070050520018, -55.78453184040836, -105.78894319962689, -179.45154114436986, -411.40908443887423, -411.40908443887423, -411.40908443887423, -411.40908443887423, -411.40908443887423, -411.40908443887423, -411.40908443887423, -411.40908443887423, -411.40908443887423, -411.40908443887423, -411.40908443887423, -411.40908443887423], 
[629.3041788697551, 418.0299674166182, 248.55967512738687, 229.37978129936494, 202.05764599120766, 10.87612387481073, -151.49031413649794, -172.88335259401617, -173.24699269983654, -197.64906698292953, -281.9480920008943, -281.9480920008943, -333.96198287617403, -333.96198287617403, -333.96198287617403, -333.96198287617403, -333.96198287617403, -341.39569451508305, -341.39569451508305, -341.39569451508305], 
[371.6692812986479, 371.6692812986479, 371.6692812986479, 100.19312449125061, -77.39581168619492, -77.39581168619492, -77.39581168619492, -118.59543260273131, -118.59543260273131, -184.5056240369417, -283.3581780756854, -283.3581780756854, -283.3581780756854, -308.4704040393886, -326.61299997428375, -326.61299997428375, -391.2603446984572, -411.18338507445446, -431.17756204260814, -431.17756204260814], 
[885.4532464632878, 885.4532464632878, 608.4505675821233, 563.7178900885581, 413.38976226886416, 8.748590264739676, 8.748590264739676, -144.62656418210526, -226.66348288053575, -226.66348288053575, -226.66348288053575, -226.66348288053575, -249.05116057989974, -264.1006203477506, -316.933334558595, -385.66805880752514, -385.66805880752514, -385.66805880752514, -385.66805880752514, -385.66805880752514], 
[219.84868093697276, 219.84868093697276, 163.3971708659402, -99.4859870704945, -142.31058144210277, -142.31058144210277, -142.31058144210277, -216.14310082954165, -216.14310082954165, -216.14310082954165, -219.62600067717318, -394.16766213317067, -394.16766213317067, -394.16766213317067, -394.16766213317067, -394.16766213317067, -394.16766213317067, -394.16766213317067, -394.16766213317067, -441.0927875253684], 
[174.23651103270527, 174.23651103270527, 174.23651103270527, 174.23651103270527, -112.7799173603538, -112.7799173603538, -112.7799173603538, -147.84648493987567, -147.84648493987567, -324.54585264465925, -324.54585264465925, -324.54585264465925, -324.54585264465925, -352.5991276354531, -352.5991276354531, -352.5991276354531, -375.0442972475817, -375.0442972475817, -375.0442972475817, -375.0442972475817], 
[192.19554697327408, 192.19554697327408, 192.19554697327408, 192.19554697327408, -77.16624571281108, -77.16624571281108, -77.16624571281108, -77.16624571281108, -77.16624571281108, -169.22434709197438, -169.22434709197438, -169.9181971491867, -286.49624456519933, -286.49624456519933, -286.49624456519933, -311.2117405601481, -311.2117405601481, -311.2117405601481, -311.2117405601481, -311.2117405601481], 
