[20.953247358542757, 20.953247358542757, 20.665475475686407, 20.665475475686407, 20.665475475686407, 20.60998854788408, 20.60998854788408, 20.60998854788408, 20.60998854788408, 20.60998854788408, 20.60998854788408, 20.60998854788408, 20.60998854788408, 20.60998854788408, 20.60998854788408, 20.60998854788408, 20.575381436349115, 20.575381436349115, 20.575381436349115, 20.575381436349115], 
[20.818655544281146, 20.788712227314512, 20.722975307868623, 20.722975307868623, 20.64302367246003, 20.64302367246003, 20.64302367246003, 20.64302367246003, 20.64302367246003, 20.64302367246003, 20.61882995486732, 20.61882995486732, 20.61882995486732, 20.61882995486732, 20.61882995486732, 20.61882995486732, 20.61882995486732, 20.61882995486732, 20.39893255552446, 20.39893255552446], 
[20.728008912695717, 20.578845337923955, 20.578845337923955, 20.578845337923955, 20.578845337923955, 20.578845337923955, 20.578845337923955, 20.578845337923955, 20.578845337923955, 20.578845337923955, 20.578845337923955, 20.578845337923955, 20.578845337923955, 20.578845337923955, 20.578845337923955, 20.578845337923955, 20.578845337923955, 20.578845337923955, 20.578845337923955, 20.49352973316793], 
[20.738029998531186, 20.738029998531186, 20.738029998531186, 20.738029998531186, 20.716284010823486, 20.716284010823486, 20.716284010823486, 20.716284010823486, 20.716284010823486, 20.716284010823486, 20.716284010823486, 20.716284010823486, 20.716284010823486, 20.646890967577843, 20.646890967577843, 20.646890967577843, 20.646890967577843, 20.646890967577843, 20.646890967577843, 20.646890967577843], 
[20.708115328486482, 20.708115328486482, 20.708115328486482, 20.708115328486482, 20.708115328486482, 20.708115328486482, 20.59446823986625, 20.59446823986625, 20.59446823986625, 20.59446823986625, 20.59446823986625, 20.59446823986625, 20.59446823986625, 20.59446823986625, 20.59446823986625, 20.59446823986625, 20.59446823986625, 20.59446823986625, 20.59446823986625, 20.59446823986625], 
[20.79874962158555, 20.65206799515402, 20.65206799515402, 20.65206799515402, 20.65206799515402, 20.651377289576192, 20.651377289576192, 20.585174648252735, 20.585174648252735, 20.585174648252735, 20.585174648252735, 20.585174648252735, 20.585174648252735, 20.473029649826547, 20.473029649826547, 20.473029649826547, 20.473029649826547, 20.473029649826547, 20.473029649826547, 20.473029649826547], 
[20.844039367110593, 20.717637445477642, 20.717637445477642, 20.622676928518246, 20.622676928518246, 20.568625274138927, 20.568625274138927, 20.568625274138927, 20.568625274138927, 20.511231420064313, 20.511231420064313, 20.511231420064313, 20.506493706019366, 20.506493706019366, 20.506493706019366, 20.506493706019366, 20.506493706019366, 20.506493706019366, 20.506493706019366, 20.506493706019366], 
[20.856713548607516, 20.83730971360138, 20.65107714867326, 20.65107714867326, 20.65107714867326, 20.65107714867326, 20.65107714867326, 20.65107714867326, 20.65107714867326, 20.65107714867326, 20.65107714867326, 20.65107714867326, 20.65107714867326, 20.65107714867326, 20.65107714867326, 20.65107714867326, 20.65107714867326, 20.65107714867326, 20.65107714867326, 20.65107714867326], 
[20.81509694721123, 20.81509694721123, 20.81509694721123, 20.81509694721123, 20.81509694721123, 20.81509694721123, 20.81509694721123, 20.76226286197663, 20.76226286197663, 20.76226286197663, 20.67193712279062, 20.67193712279062, 20.67193712279062, 20.67193712279062, 20.67193712279062, 20.67193712279062, 20.62464455716157, 20.355471857371587, 20.355471857371587, 20.355471857371587], 
[20.615262048708978, 20.615262048708978, 20.615262048708978, 20.615262048708978, 20.615262048708978, 20.615262048708978, 20.4941287915741, 20.4941287915741, 20.4941287915741, 20.4941287915741, 20.4941287915741, 20.4941287915741, 20.4941287915741, 20.4941287915741, 20.4941287915741, 20.47192350541159, 20.47192350541159, 20.47192350541159, 20.47192350541159, 20.47192350541159], 
[20.94903891651098, 20.877897621408568, 20.877897621408568, 20.815561388816626, 20.74897607128246, 20.74897607128246, 20.74897607128246, 20.74897607128246, 20.68764240304049, 20.571131032079283, 20.571131032079283, 20.571131032079283, 20.55880244007458, 20.55880244007458, 20.55880244007458, 20.55880244007458, 20.55880244007458, 20.55880244007458, 20.55880244007458, 20.55880244007458], 
[20.786370624027256, 20.786370624027256, 20.74698930908905, 20.74698930908905, 20.74698930908905, 20.74698930908905, 20.605585523440908, 20.605585523440908, 20.605585523440908, 20.605585523440908, 20.605585523440908, 20.605585523440908, 20.605585523440908, 20.605585523440908, 20.605585523440908, 20.605585523440908, 20.605585523440908, 20.605585523440908, 20.605585523440908, 20.605585523440908], 
[20.61844655902421, 20.61844655902421, 20.59841033407617, 20.59841033407617, 20.59841033407617, 20.59841033407617, 20.59841033407617, 20.59841033407617, 20.59841033407617, 20.59841033407617, 20.59841033407617, 20.59841033407617, 20.59841033407617, 20.27401910285509, 20.27401910285509, 20.27401910285509, 20.27401910285509, 20.27401910285509, 20.27401910285509, 20.27401910285509], 
[20.9263545794934, 20.860917870016213, 20.80422940546443, 20.772612470305187, 20.580561252013343, 20.580561252013343, 20.580561252013343, 20.580561252013343, 20.580561252013343, 20.580561252013343, 20.580561252013343, 20.580561252013343, 20.580561252013343, 20.580561252013343, 20.580561252013343, 20.580561252013343, 20.580561252013343, 20.580561252013343, 20.580561252013343, 20.580561252013343], 
[20.70838276547587, 20.61003171554736, 20.61003171554736, 20.61003171554736, 20.61003171554736, 20.61003171554736, 20.61003171554736, 20.61003171554736, 20.61003171554736, 20.61003171554736, 20.61003171554736, 20.59540242742748, 20.59540242742748, 20.59540242742748, 20.59540242742748, 20.59540242742748, 20.59540242742748, 20.59540242742748, 20.49753755429042, 20.49753755429042], 
[20.804264230225044, 20.804264230225044, 20.701221613451217, 20.701221613451217, 20.701221613451217, 20.683076014103502, 20.683076014103502, 20.683076014103502, 20.594515869710126, 20.594515869710126, 20.594515869710126, 20.594515869710126, 20.594515869710126, 20.594515869710126, 20.594515869710126, 20.594515869710126, 20.594515869710126, 20.594515869710126, 20.594515869710126, 20.594515869710126], 
[20.814536700094067, 20.732988008009837, 20.732988008009837, 20.732988008009837, 20.732988008009837, 20.685971416346582, 20.685971416346582, 20.685971416346582, 20.685971416346582, 20.685971416346582, 20.685971416346582, 20.685971416346582, 20.685971416346582, 20.685971416346582, 20.685971416346582, 20.685971416346582, 20.685971416346582, 20.685971416346582, 20.685971416346582, 20.685971416346582], 
[20.806364612444483, 20.62751897666449, 20.62751897666449, 20.62751897666449, 20.62751897666449, 20.62751897666449, 20.582139176774064, 20.582139176774064, 20.582139176774064, 20.582139176774064, 20.582139176774064, 20.582139176774064, 20.582139176774064, 20.582139176774064, 20.582139176774064, 20.582139176774064, 20.582139176774064, 20.582139176774064, 20.582139176774064, 20.582139176774064], 
[20.469398256062888, 20.469398256062888, 20.469398256062888, 20.469398256062888, 20.469398256062888, 20.469398256062888, 20.469398256062888, 20.469398256062888, 20.469398256062888, 20.469398256062888, 20.469398256062888, 20.469398256062888, 20.469398256062888, 20.469398256062888, 20.469398256062888, 20.469398256062888, 20.469398256062888, 20.469398256062888, 20.469398256062888, 20.469398256062888], 
[20.754870201740534, 20.635570277639218, 20.635570277639218, 20.431681788744584, 20.431681788744584, 20.431681788744584, 20.431681788744584, 20.431681788744584, 20.431681788744584, 20.431681788744584, 20.431681788744584, 20.431681788744584, 20.431681788744584, 20.431681788744584, 20.431681788744584, 20.431681788744584, 20.431681788744584, 20.431681788744584, 20.431681788744584, 20.431681788744584], 
[20.72644516549781, 20.69729174077353, 20.69729174077353, 20.69729174077353, 20.69729174077353, 20.69729174077353, 20.69729174077353, 20.66115879762404, 20.66115879762404, 20.66115879762404, 20.66115879762404, 20.66115879762404, 20.66115879762404, 20.66115879762404, 20.66115879762404, 20.66115879762404, 20.66115879762404, 20.57826596293035, 20.57826596293035, 20.57826596293035], 
[20.38132503484906, 20.38132503484906, 20.38132503484906, 20.38132503484906, 20.38132503484906, 20.38132503484906, 20.38132503484906, 20.38132503484906, 20.38132503484906, 20.38132503484906, 20.38132503484906, 20.38132503484906, 20.38132503484906, 20.38132503484906, 20.38132503484906, 20.38132503484906, 20.38132503484906, 20.38132503484906, 20.38132503484906, 20.38132503484906], 
[20.892064092548186, 20.656487554643718, 20.656487554643718, 20.656487554643718, 20.656487554643718, 20.656487554643718, 20.656487554643718, 20.656487554643718, 20.656487554643718, 20.656487554643718, 20.656487554643718, 20.656487554643718, 20.656487554643718, 20.656487554643718, 20.569177891216434, 20.569177891216434, 20.569177891216434, 20.569177891216434, 20.569177891216434, 20.569177891216434], 
[20.924914636916927, 20.924914636916927, 20.876245668150478, 20.824681019991292, 20.824681019991292, 20.824681019991292, 20.824681019991292, 20.824681019991292, 20.824681019991292, 20.603382644215518, 20.603382644215518, 20.603382644215518, 20.603382644215518, 20.603382644215518, 20.603382644215518, 20.603382644215518, 20.603382644215518, 20.603382644215518, 20.603382644215518, 20.603382644215518], 
