[11.894237634177516, 11.894237634177516, 10.90916942927129, 10.90916942927129, 10.90916942927129, 10.90916942927129, 10.90916942927129, 10.645536049388983, 9.889684217516056, 9.889684217516056, 9.425954241863085, 9.425954241863085, 9.425954241863085, 9.425954241863085, 9.425954241863085, 9.425954241863085, 9.425954241863085, 9.425954241863085, 9.425954241863085, 9.425954241863085], 
[10.734272130141564, 10.734272130141564, 10.734272130141564, 9.886933424580022, 9.886933424580022, 9.886933424580022, 9.777612530194425, 9.777612530194425, 9.777612530194425, 9.777612530194425, 9.777612530194425, 9.777612530194425, 9.777612530194425, 9.777612530194425, 9.777612530194425, 9.539384663381375, 9.539384663381375, 9.539384663381375, 9.539384663381375, 9.539384663381375], 
[11.134753481640493, 10.683571345641703, 10.683571345641703, 10.683571345641703, 10.683571345641703, 10.602063692303531, 10.602063692303531, 10.602063692303531, 10.602063692303531, 10.602063692303531, 10.602063692303531, 10.602063692303531, 10.602063692303531, 9.631273840662622, 9.631273840662622, 9.631273840662622, 9.631273840662622, 9.631273840662622, 9.631273840662622, 9.631273840662622], 
[11.854578577255761, 11.854578577255761, 11.854578577255761, 10.562863280828235, 10.562863280828235, 10.562863280828235, 10.562863280828235, 10.562863280828235, 10.562863280828235, 10.20273789217977, 10.20273789217977, 9.824164239145002, 9.824164239145002, 9.824164239145002, 9.824164239145002, 9.514671289482038, 8.639379737931819, 8.639379737931819, 8.639379737931819, 8.639379737931819], 
[12.292578345443882, 12.292578345443882, 11.807655363694831, 11.807655363694831, 11.420477871228856, 11.420477871228856, 10.717633152884066, 10.717633152884066, 10.717633152884066, 10.717633152884066, 10.717633152884066, 9.930570216679135, 9.930570216679135, 9.930570216679135, 9.930570216679135, 9.930570216679135, 9.930570216679135, 9.930570216679135, 9.930570216679135, 9.930570216679135], 
[12.834079033398996, 11.371836983584636, 10.334642452693778, 10.334642452693778, 10.334642452693778, 10.334642452693778, 10.334642452693778, 10.145332731226112, 10.145332731226112, 10.145332731226112, 9.035710547996779, 9.035710547996779, 8.05259955782293, 8.05259955782293, 8.05259955782293, 8.05259955782293, 8.05259955782293, 8.05259955782293, 8.05259955782293, 8.05259955782293], 
[12.95389157110954, 10.600611436045517, 10.600611436045517, 9.938786995204495, 9.938786995204495, 9.938786995204495, 9.938786995204495, 9.938786995204495, 9.938786995204495, 9.938786995204495, 9.938786995204495, 9.938786995204495, 9.83571815564773, 9.83571815564773, 9.83571815564773, 9.83571815564773, 9.83571815564773, 9.83571815564773, 9.76226973904493, 9.76226973904493], 
[13.059336110438426, 11.748908961367912, 11.241039198917719, 11.241039198917719, 11.241039198917719, 10.805468520638458, 10.805468520638458, 10.159875208488616, 10.159875208488616, 8.70097709117185, 8.70097709117185, 8.70097709117185, 8.70097709117185, 8.70097709117185, 8.70097709117185, 8.70097709117185, 8.70097709117185, 8.70097709117185, 8.70097709117185, 8.70097709117185], 
[11.744271644124538, 11.346386819486552, 11.346386819486552, 11.346386819486552, 11.346386819486552, 11.346386819486552, 11.346386819486552, 11.346386819486552, 9.777019683648414, 9.777019683648414, 9.777019683648414, 9.672586267269658, 9.672586267269658, 9.672586267269658, 9.62386411518403, 9.62386411518403, 9.62386411518403, 9.62386411518403, 9.62386411518403, 9.62386411518403], 
[10.462189223644291, 10.462189223644291, 10.462189223644291, 10.462189223644291, 10.462189223644291, 10.462189223644291, 10.462189223644291, 10.462189223644291, 10.462189223644291, 10.462189223644291, 10.462189223644291, 10.462189223644291, 10.462189223644291, 10.105026219479608, 10.105026219479608, 10.105026219479608, 10.105026219479608, 10.105026219479608, 9.828583682800137, 9.502418725611932], 
[10.989479581965922, 10.989479581965922, 10.062858508430185, 10.062858508430185, 10.062858508430185, 10.062858508430185, 10.062858508430185, 9.33937542495799, 9.33937542495799, 9.33937542495799, 9.33937542495799, 9.33937542495799, 9.33937542495799, 9.33937542495799, 9.33937542495799, 9.33937542495799, 9.33937542495799, 9.33937542495799, 9.33937542495799, 9.33937542495799], 
[12.8092753413473, 12.097281125852243, 11.721556036651172, 11.721556036651172, 11.335340577752842, 11.335340577752842, 11.335340577752842, 11.335340577752842, 11.187436035244898, 11.187436035244898, 11.187436035244898, 8.55288875859842, 8.55288875859842, 8.55288875859842, 8.55288875859842, 8.55288875859842, 8.55288875859842, 8.55288875859842, 8.55288875859842, 8.55288875859842], 
[12.146228385769156, 12.146228385769156, 12.146228385769156, 11.877216160362675, 11.877216160362675, 8.242789800108557, 8.242789800108557, 8.242789800108557, 8.242789800108557, 8.242789800108557, 8.242789800108557, 8.242789800108557, 8.242789800108557, 8.242789800108557, 8.242789800108557, 8.242789800108557, 8.242789800108557, 8.242789800108557, 8.242789800108557, 8.242789800108557], 
[11.762533543179456, 9.96131251620961, 9.96131251620961, 9.96131251620961, 9.96131251620961, 9.96131251620961, 9.96131251620961, 9.96131251620961, 9.96131251620961, 9.96131251620961, 9.96131251620961, 9.96131251620961, 9.96131251620961, 9.96131251620961, 9.96131251620961, 9.96131251620961, 9.96131251620961, 9.96131251620961, 9.96131251620961, 9.96131251620961], 
[12.574347108810167, 11.227517355997426, 11.227517355997426, 11.227517355997426, 11.227517355997426, 11.227517355997426, 11.227517355997426, 11.227517355997426, 11.227517355997426, 10.892245118633442, 10.892245118633442, 10.892245118633442, 10.293240504873811, 10.293240504873811, 10.293240504873811, 9.56661228310807, 9.56661228310807, 9.56661228310807, 8.053360323580847, 8.053360323580847], 
[12.218265611727968, 11.806778030564569, 11.806778030564569, 11.441849109660756, 11.219563471978041, 11.219563471978041, 11.219563471978041, 11.091004542531962, 10.663105963296601, 10.071860719454378, 10.03515160480245, 10.03515160480245, 9.81164135534334, 9.81164135534334, 9.765789801951948, 9.765789801951948, 9.765789801951948, 9.765789801951948, 9.765789801951948, 9.765789801951948], 
[13.019866645563896, 13.019866645563896, 13.019866645563896, 12.144622297591486, 9.686697098384103, 9.686697098384103, 9.686697098384103, 9.686697098384103, 9.203448706927654, 9.203448706927654, 9.203448706927654, 9.203448706927654, 9.203448706927654, 9.203448706927654, 9.203448706927654, 9.203448706927654, 9.203448706927654, 9.052914253113373, 9.052914253113373, 9.052914253113373], 
[12.042674847977217, 11.739894451265855, 11.739894451265855, 11.739894451265855, 10.783889914143652, 10.783889914143652, 10.783889914143652, 10.783889914143652, 10.783889914143652, 10.783889914143652, 10.783889914143652, 10.783889914143652, 10.751817039598201, 10.751817039598201, 9.232407129023793, 9.232407129023793, 9.232407129023793, 9.232407129023793, 9.232407129023793, 9.232407129023793], 
[12.387587189574006, 12.387587189574006, 9.33274171414096, 9.33274171414096, 9.33274171414096, 9.33274171414096, 9.33274171414096, 9.33274171414096, 9.33274171414096, 9.206382342036983, 8.85504230698219, 8.85504230698219, 8.85504230698219, 8.85504230698219, 8.85504230698219, 8.85504230698219, 8.653913026506942, 8.653913026506942, 8.653913026506942, 8.653913026506942], 
[11.680674407132752, 11.680674407132752, 11.58748875208544, 11.58748875208544, 11.533821907790344, 11.533821907790344, 10.235404778827208, 10.235404778827208, 10.235404778827208, 10.235404778827208, 10.235404778827208, 10.235404778827208, 10.235404778827208, 9.483190803415786, 9.483190803415786, 9.483190803415786, 9.483190803415786, 9.483190803415786, 9.483190803415786, 9.483190803415786], 
[12.940428698837053, 12.421478822694029, 11.662472278050954, 10.042786373909625, 10.042786373909625, 10.02926474533486, 10.02926474533486, 10.02926474533486, 9.781888954374022, 9.781888954374022, 9.781888954374022, 9.781888954374022, 9.781888954374022, 9.781888954374022, 9.781888954374022, 9.781888954374022, 9.781888954374022, 9.781888954374022, 9.781888954374022, 9.781888954374022], 
[11.87310511264212, 11.87310511264212, 11.577302652621567, 10.085059703130934, 10.085059703130934, 10.085059703130934, 10.085059703130934, 10.085059703130934, 10.085059703130934, 10.085059703130934, 10.085059703130934, 7.2651100449096635, 7.2651100449096635, 7.2651100449096635, 7.2651100449096635, 7.2651100449096635, 7.2651100449096635, 7.2651100449096635, 7.230016472209453, 7.230016472209453], 
[13.083161878012419, 13.083161878012419, 12.208910633828161, 11.91308810040302, 11.91308810040302, 11.013504106519708, 11.013504106519708, 10.80549356458348, 10.80549356458348, 10.80549356458348, 10.80549356458348, 10.80549356458348, 9.907383721950714, 9.907383721950714, 9.907383721950714, 9.907383721950714, 9.907383721950714, 9.907383721950714, 9.89307411078231, 9.89307411078231], 
[11.264221125789105, 11.264221125789105, 11.264221125789105, 11.264221125789105, 11.264221125789105, 11.264221125789105, 11.264221125789105, 11.263870412415542, 11.263870412415542, 9.484487492951287, 9.484487492951287, 9.345123334942127, 9.345123334942127, 9.345123334942127, 9.345123334942127, 9.345123334942127, 9.345123334942127, 9.345123334942127, 9.345123334942127, 9.345123334942127], 
[12.30073064700274, 12.30073064700274, 12.30073064700274, 10.872184005201845, 10.872184005201845, 10.078504832348306, 10.078504832348306, 10.078504832348306, 10.078504832348306, 10.078504832348306, 10.078504832348306, 10.078504832348306, 10.078504832348306, 10.078504832348306, 9.760540706205829, 9.760540706205829, 9.760540706205829, 9.760540706205829, 8.842030107194207, 8.842030107194207], 
[13.455878497113396, 10.291819395353983, 10.291819395353983, 10.291819395353983, 10.291819395353983, 10.291819395353983, 10.291819395353983, 10.291819395353983, 10.135463952778121, 10.135463952778121, 10.135463952778121, 10.135463952778121, 10.135463952778121, 10.135463952778121, 10.135463952778121, 10.135463952778121, 10.135463952778121, 10.135463952778121, 10.135463952778121, 9.623208610112508], 
[12.709598551439761, 12.709598551439761, 11.655866610973044, 11.139061170253544, 11.139061170253544, 11.139061170253544, 11.139061170253544, 11.139061170253544, 10.882944942643158, 10.86193353457779, 10.845044006500096, 10.845044006500096, 10.334901557024093, 10.334901557024093, 10.334901557024093, 10.056359619363224, 9.878146262638749, 9.878146262638749, 9.878146262638749, 9.878146262638749], 
[11.516791886045608, 11.516791886045608, 11.177734529776197, 11.177734529776197, 11.177734529776197, 10.988544184801624, 10.823686259705138, 10.292494779135074, 10.292494779135074, 9.840183752173738, 9.840183752173738, 9.840183752173738, 9.840183752173738, 9.840183752173738, 9.840183752173738, 9.840183752173738, 9.840183752173738, 9.840183752173738, 9.840183752173738, 9.840183752173738], 
[11.174158980305068, 11.174158980305068, 11.174158980305068, 11.174158980305068, 11.174158980305068, 10.646566020029555, 10.646566020029555, 10.646566020029555, 10.646566020029555, 10.646566020029555, 10.646566020029555, 10.646566020029555, 10.646566020029555, 10.646566020029555, 10.646566020029555, 10.341666600339192, 8.585563432012105, 8.585563432012105, 8.585563432012105, 8.585563432012105], 
[11.926544958130032, 11.590100473045686, 11.590100473045686, 11.590100473045686, 11.590100473045686, 9.650162628739023, 9.650162628739023, 9.56606370399341, 9.56606370399341, 9.56606370399341, 9.56606370399341, 9.56606370399341, 9.56606370399341, 9.56606370399341, 9.56606370399341, 9.56606370399341, 9.56606370399341, 9.56606370399341, 9.56606370399341, 9.274729337553769], 
