[82726.69512781597, 75952.57881246717, 22070.566098452677, 19183.900340431046, 19075.418610156637, 17387.238876780575, 15747.054913580247, 14458.122079204782, 13045.76324613059, 12215.525051258377, 11806.062015912541, 11044.111878953108, 10471.227501059391, 9773.317881530262, 9709.91121563521, 8897.469426304478, 8551.298279781126, 8394.429584136315, 7717.766577965584, 7298.308343732655], 
[71749.36236581823, 71749.36236581823, 21505.33691642315, 20911.68647207826, 18606.85153277114, 16947.398728634606, 16090.809044906036, 14674.40053387431, 13461.438930784498, 12777.532708677447, 12025.393611335496, 11288.4492132936, 10804.788368621153, 10367.518259829483, 10101.433705564108, 9384.056411508062, 9026.795116367362, 8549.183224209297, 8329.612569252618, 7836.5009483241265], 
[59720.92110696993, 59720.92110696993, 23229.447905856265, 21994.045357149356, 18861.859614242294, 16163.289128216702, 16095.230334436501, 14211.818918944728, 13449.292900053551, 12196.494373461897, 11783.609030854259, 11435.658187470794, 10848.777480893286, 10436.21445425811, 9902.724788989983, 9640.408588688191, 8639.035852506975, 8526.668669760827, 7954.061863874215, 7507.471137541629], 
[60704.34511668641, 60704.34511668641, 22599.922894750096, 19939.720399399182, 19367.451662045998, 16621.913085571916, 15233.574942571298, 14801.674715972538, 13815.901442036713, 12018.42733323087, 11205.86819910721, 10913.067832191511, 10729.041096630644, 10098.517868477014, 9624.947529761917, 8897.437676451587, 8532.377588140766, 8073.69499241034, 7761.585861441687, 7263.508823883338], 
[71145.1946207584, 71145.1946207584, 22477.035633985717, 22374.760742080394, 20012.425384281047, 18502.477254408037, 17334.891938075827, 15477.20347282857, 14542.047989441493, 14013.831286814122, 12783.5433509756, 12175.63848011979, 11940.298551745365, 11405.658961546658, 10804.348116830943, 10357.292869365247, 9718.216115587973, 9553.098762896348, 8815.85426200493, 8691.487068837774], 
[64770.87212392045, 59090.24902476755, 24010.06885684083, 23159.059806636207, 20452.56967591757, 19922.449449713837, 17325.029352845555, 15460.4628049423, 15144.590571532837, 14244.11112431205, 13126.299137253312, 12474.570960871371, 11888.78066654236, 11285.059241273451, 10799.195215564032, 10394.288724138753, 9798.543820954985, 9008.036085941256, 8283.099046715837, 8183.4928736865195], 
[80051.24905908888, 80051.24905908888, 24023.90104185315, 21743.089980358738, 20054.272294732316, 19390.49266739739, 17769.471268983372, 16337.638027192263, 15588.763579257955, 14322.991424145144, 13734.94986604944, 13056.523521928377, 12126.014055701991, 11689.55684020381, 11054.43734775904, 10587.475869421069, 10363.496580644833, 9791.879644500787, 9135.22471837011, 8462.243290350305], 
[74384.97584373766, 74384.97584373766, 23891.04314000251, 21226.683001263136, 17908.832231891694, 17908.832231891694, 16325.357970826084, 14448.412370753773, 12651.480801093454, 12651.480801093454, 12018.256347781195, 11418.628364981387, 11137.871317606594, 10443.089966587802, 9639.900299752988, 9332.923879011209, 9007.973609832396, 8576.855037129588, 8287.479022759364, 7855.468444867374], 
[45747.952337472656, 37888.3538695307, 21759.206459845136, 21449.478148894297, 19220.99605530635, 17828.270410561057, 15252.095939857265, 14498.0248352356, 13785.717773695398, 12975.949600716915, 12069.95057685303, 11416.836817621617, 10858.18304932487, 10365.130067491336, 9998.977958186264, 9363.91908633949, 9223.519726788896, 8608.426309996612, 7983.176735901112, 7783.134039934594], 
[73393.82555263895, 73393.82555263895, 21057.177520700097, 19403.365911302906, 18112.40284581749, 16487.195719856485, 15628.666054043631, 13856.106895015495, 12581.855777261428, 12051.08867908031, 11797.39958551366, 11382.41554546936, 10526.13305419715, 10282.842169044048, 9559.184640683057, 9064.625896651522, 8863.477827729115, 8382.984505645838, 8187.019904791749, 7760.788259236756], 
[44880.59276299559, 44752.00151458562, 21367.644307883354, 19275.899667933183, 18234.831693926717, 16941.429244881416, 15747.988825220305, 14878.659186636341, 13812.688385674033, 12310.323040505895, 11105.916403533498, 10852.811526232379, 10758.461822317453, 10175.602977548897, 9467.428428373554, 9334.488310049359, 8449.303933287489, 8250.392558976571, 8196.679094428098, 7523.799515573411], 
[61042.11127799307, 61042.11127799307, 21457.867696536618, 20864.83456109888, 19492.06927826322, 17151.470710268684, 14681.6595121611, 14482.904696777561, 12685.110711105288, 12635.311359661117, 11573.381316232595, 11476.016021896503, 10027.82969218484, 10015.713031315401, 9614.013292257005, 8671.593237114954, 8671.593237114954, 8076.763763980581, 7739.457755926404, 7465.566413325531], 
[69570.52003442672, 68959.85597863256, 21535.873490302234, 21535.873490302234, 19944.72247189991, 17723.43591149804, 16925.392095921557, 15012.647730468296, 14636.989553906507, 13963.57902711091, 13075.176162007505, 12132.463170080422, 11160.610323765803, 10904.4101405172, 10486.768172977256, 9204.661319653233, 9204.661319653233, 8884.178707286443, 8454.321459341316, 7930.434401765335], 
[75813.61368760161, 75813.61368760161, 23045.168368020837, 22188.7037675042, 20533.26044162942, 17954.749893309003, 16277.860129204062, 14369.517350463897, 14369.517350463897, 13328.707001408298, 12771.36204808626, 11551.489569986763, 11498.691952811112, 10846.185692957793, 10491.528089937512, 9777.944616711931, 9442.325029995633, 9191.367986311114, 8430.531916451378, 8303.706270366549], 
[75640.11652340043, 65729.50790372337, 21282.58984798839, 17065.83595951788, 14949.503179994583, 14722.38606190431, 14722.38606190431, 12618.9239854468, 12295.164249751682, 10859.109825971436, 10566.792750046521, 10130.823569120224, 9404.848253315373, 9034.757983784042, 8416.433256355425, 8187.453628341759, 7699.126407843419, 7173.341028984047, 7034.372966526795, 6519.913727711244], 
[68809.62505638388, 68809.62505638388, 23838.710268184812, 21714.554947718887, 20240.04991671273, 19149.63845044909, 18020.048708583763, 15898.625961623853, 15533.414713926504, 14313.178043080581, 14012.990794323825, 13039.29684003497, 12162.916163120244, 11630.502605434003, 11165.363091855423, 10946.868036059841, 10429.91088750773, 9701.014041887818, 9359.630390878188, 8921.96366970443], 
[70324.95451905625, 70324.95451905625, 24182.15231950354, 23789.167894164915, 22475.814631373843, 19958.35359081915, 18471.244396778326, 17317.342272998496, 16151.294675643352, 14907.62318818924, 14382.05581874888, 13458.29539004867, 12914.806369439795, 12373.478866668971, 11668.50136499284, 11358.329522919656, 10536.511723137299, 10192.537030158855, 9886.839226766682, 9498.737272526472], 
[81198.30180992701, 64970.1183223573, 21777.72406339342, 20012.381919897136, 17703.85698340043, 17320.241779735414, 16152.179817614473, 14900.12962195347, 14009.116650026259, 11900.702999244955, 11756.677116864388, 10431.897726896595, 10431.897726896595, 10154.16848469111, 9731.27564858533, 8746.796123640528, 8741.84705806518, 7968.040533617049, 7663.675687992216, 7544.044621051869], 
[50534.89382670855, 50534.89382670855, 23181.86445720584, 22418.346550739498, 20974.203915485698, 18472.66199050184, 15785.962953636448, 15749.700011237754, 14901.067210750818, 14262.69214894019, 13252.72683141999, 12835.047078837482, 12384.721782608403, 11852.014881855126, 11247.980740329549, 10526.564182559334, 10333.98965306674, 9681.425462798652, 9130.665347400145, 8907.748209453124], 
[78836.25228824286, 74803.5007194888, 25673.246883179294, 23930.633641703167, 21504.178084394178, 19649.727329645615, 18727.073860984252, 16958.76322375654, 16317.699272267995, 15032.061091750453, 14586.461841367225, 14042.52624352963, 13081.200315726772, 12911.928417691657, 12368.264201029531, 11581.520598528305, 11320.739352225397, 10948.95463013998, 10246.117405710613, 9942.291379169625], 
[70909.81173006534, 70909.81173006534, 22835.009257660407, 21710.61460732162, 20186.753415796986, 18964.212042418465, 17488.762462742554, 15944.852292232636, 14968.394725745013, 14138.70531647805, 13159.934666549369, 11955.711518231868, 11931.252658622263, 11597.646260659947, 10506.124424144431, 10147.75355546867, 9640.379823105106, 9213.519706327525, 8927.493483606262, 8581.96206360509], 
[72592.68341502882, 72592.68341502882, 20449.204018395565, 20449.204018395565, 19199.180531263064, 17300.5966694426, 15185.671695718873, 14575.421730514832, 13003.797496783003, 11828.87596007843, 10610.513739700293, 10556.037938664344, 9857.417630563066, 9577.865202882549, 9216.425105815038, 9038.619858684924, 8208.376501710845, 7740.9407313051815, 7298.213644931786, 7133.52264849437], 
[71575.53601449144, 71575.53601449144, 21138.229712696222, 19666.77158059603, 16940.83956523802, 16649.44779908788, 15092.29320530791, 14277.815735011362, 13079.66976812686, 12116.738338875839, 11644.220836676279, 10042.691341935655, 10030.007679621582, 9784.260617322656, 8672.765761778637, 8657.116877066828, 8290.708738635132, 8117.000884235582, 7636.645887827105, 7358.777754557317], 
[72968.66137569315, 66847.30316929324, 21033.692080809287, 19089.05025056994, 17284.878598990876, 16950.618453549985, 15023.706811804088, 14003.279408676648, 13006.37917341341, 12182.744251452354, 10510.51050971757, 10498.91503594881, 9608.4961985465, 9225.453621220855, 8966.197289698985, 8599.532485340984, 8030.437627051795, 7529.300108469745, 7409.667874265696, 7081.363627494386], 
[75438.05369522604, 63938.74255225162, 22515.72252270792, 20518.702037890514, 18432.199524489984, 16962.85570349566, 15929.798750902657, 14696.292606944762, 13880.33910517277, 13019.621456883022, 12715.971696434963, 11902.031851121586, 11089.486470166199, 10937.918567891273, 10452.967362584484, 9661.9204230039, 9467.356849013191, 9068.245941645102, 8734.099338529573, 8192.246162045512], 
[45342.15007843308, 45342.15007843308, 21198.3771852571, 18169.37569103333, 17786.486811652612, 16420.545024711777, 14634.794499146103, 13859.72711142693, 11673.225764561608, 11193.551973769137, 10952.850103822318, 10256.572849969503, 9817.883807604845, 9162.117291230443, 7939.324714347323, 7939.324714347323, 7220.541179769598, 7213.019864881902, 6831.100975950668, 6372.745788158731], 
[67074.00946419188, 67074.00946419188, 22517.369540932752, 19860.970290394256, 16210.637487824491, 16210.637487824491, 15296.311637621473, 13340.635975841962, 12802.937775092063, 12021.853678255817, 10932.579256317196, 9968.588317730857, 9687.010930288283, 9491.93551834555, 8938.550408846677, 8556.992895125002, 8116.796632622252, 7663.330988440584, 7230.189627762494, 6833.283473921999], 
[68471.68230023271, 68471.68230023271, 22770.4552152348, 22120.590146576204, 19634.041821573974, 19348.127363995023, 17410.3773683568, 16651.088060116235, 15369.552344660788, 14672.100982601654, 13890.634931858962, 13153.182674459049, 12805.18442233422, 11970.796449438541, 11667.234631066965, 11291.791265693744, 10390.173246200542, 10002.870665374221, 9253.185197511282, 9170.256237733878], 
[71636.53792226921, 69910.04568161168, 22485.314820235366, 20858.582790110475, 19301.58958499252, 17819.17692937066, 15593.285309638144, 14651.727778425831, 14239.005982856539, 13338.733690473007, 12018.043604319268, 11492.243526337323, 10684.33417395012, 10684.33417395012, 10218.963082861781, 9404.670152326988, 8760.536519275513, 8236.663165755383, 8003.823916773498, 7633.405137321271], 
[76429.03227870051, 75643.23432913555, 23786.219613852445, 22567.910495384698, 19130.14148857895, 19019.864049926593, 16244.382724292207, 15136.539682358612, 14506.695027071028, 13635.333919426059, 12785.333281264373, 12575.680574409365, 12026.748640801665, 11374.804691121471, 10636.091828735447, 10007.457910107967, 9673.916817873678, 9582.096758833692, 9025.107664368397, 8547.384218701218], 
