[10422.392872963013, 9815.38311001255, 4078.8106580407516, 3371.330661324935, 3017.760627325819, 2868.8995021620644, 2687.3694333875483, 2638.26818070466, 2510.1405251303404, 2379.7773378010265, 2240.1016098386553, 2180.3450818389165, 2062.645402775821, 2045.2442391475108, 1950.6700454309873, 1863.950112811902, 1812.6909807849722, 1751.79370269649, 1644.5646813382612, 1633.8598421816118], 
[10059.629779532437, 9905.064084212041, 4101.564513653068, 3666.624448814683, 3445.9033816439605, 3280.6107781079468, 2685.564413777441, 2668.0781101718435, 2430.319652317492, 2430.319652317492, 2332.2299989546223, 2261.9255940656763, 2144.301181160246, 2121.13131051969, 2020.45532542924, 1896.36797591513, 1841.2246924815565, 1767.9814986988029, 1738.7000530222613, 1652.3080802214613], 
[7139.709258204529, 7139.709258204529, 3439.901046744017, 3107.507468335862, 2853.8803383074255, 2647.5832561943325, 2366.491800536264, 2074.005883718934, 2058.167837060895, 1892.9834900548517, 1885.3550321656473, 1720.7319961654794, 1701.6330503993736, 1625.361073315706, 1578.633833709888, 1470.2341773298178, 1427.6683257753857, 1411.9178222223313, 1333.955378940204, 1272.9419086653018], 
[8660.364809465413, 8660.364809465413, 3660.898374200205, 3131.45221140302, 2781.8587939200884, 2581.8907520491443, 2575.990939493228, 2348.33774289386, 2192.3152548474363, 2053.2244757429753, 1909.517570752185, 1867.1506483675341, 1688.0829276303666, 1677.0281036478939, 1558.9472754255003, 1493.2947717499915, 1446.6738718315073, 1378.013751061879, 1272.5284650637066, 1261.348089919592], 
[9971.318947980562, 9027.360726962257, 3714.7064021466717, 3380.7784637075442, 3077.597912345952, 2794.0089618885695, 2658.376835441724, 2442.4106760837267, 2362.5765082389553, 2206.3189653973036, 2125.0039500428957, 2002.5259147288664, 1962.3944226523924, 1905.1177903667244, 1823.190423509958, 1745.7317531010976, 1703.3723043748275, 1653.2794053367547, 1589.5825396186658, 1525.3112540014656], 
[8703.7911646151, 8703.7911646151, 3507.7836414872986, 3178.685131640944, 2701.210812420794, 2521.016154821674, 2456.1305027269345, 2344.7919502617597, 2221.271472937229, 2110.07750553285, 2011.4527780776548, 1903.2696748589108, 1874.8404619885157, 1713.3312624821576, 1679.5089141153887, 1656.2413010191715, 1570.992936590258, 1535.4817620364518, 1494.8141520344573, 1406.7496339839624], 
[9821.954914150007, 7959.168489652484, 3729.785667491646, 3310.191644390157, 2770.6719740636217, 2700.8094802792384, 2564.234837413995, 2469.9916504982575, 2245.174071887782, 2175.8391263513777, 2030.1613177747415, 1988.8330900786975, 1911.3541273518251, 1759.1353757992638, 1741.5140642355818, 1642.9283517263132, 1594.6844739978762, 1539.807542574859, 1466.6653620049265, 1455.351519436328], 
[8556.377064089878, 8556.377064089878, 3674.7692113111116, 3599.603946753306, 3262.0652899335755, 2898.2385159915557, 2888.540288205189, 2648.9084378675766, 2455.9823045774187, 2279.905593932988, 2261.639151970508, 2149.136844844447, 2090.0102852179502, 1987.797391733492, 1959.648328411553, 1884.6201793610655, 1793.5810207066393, 1715.6887259438063, 1636.0661454384897, 1599.7036470778544], 
[7487.0459587089945, 7422.666965661204, 3996.7661870154843, 3503.6718351395134, 3329.398488844344, 3099.020328421481, 2868.1840117266743, 2702.8529533821998, 2618.8268863418525, 2376.1681733334813, 2214.4517280521654, 2187.4751743032957, 2104.5523684013497, 2042.2920835200516, 1915.626991228541, 1787.71756220764, 1759.9332974662568, 1721.7926178952882, 1661.4929258882005, 1611.6011816874059], 
[10204.288449828662, 10204.288449828662, 3905.277173361909, 3474.9940974659553, 3200.623433528999, 3054.2126006154967, 2851.326260398851, 2412.7152007942277, 2371.112012315486, 2205.253118083711, 2065.1332414397516, 2034.9830656039992, 2012.0772502893383, 1916.5107762704142, 1757.9508912741926, 1738.5189339075089, 1724.0876389707091, 1574.9212994980608, 1559.3058125991308, 1510.4346001062893], 
[7617.451405464026, 7617.451405464026, 3044.598810434564, 3029.380473188241, 2756.369549426197, 2646.1041214757547, 2331.6460137573717, 2227.7634054195037, 2171.437903131207, 1965.0878488652327, 1902.014522125606, 1814.2637253712103, 1764.4140646972287, 1670.6324938737998, 1616.6732900042336, 1538.38674778692, 1472.188621620236, 1427.327441024228, 1358.7971780313685, 1305.5019014656536], 
[9370.188639281221, 9326.29828106022, 3682.328281395112, 3035.029907135357, 3035.029907135357, 2875.035863487714, 2785.0249581709786, 2394.765311352135, 2218.5100103274026, 2192.5938473626966, 2098.699860442843, 1980.5442535466652, 1883.9484135242687, 1819.6289454213816, 1723.543498547, 1705.3435468917894, 1655.9287417515195, 1542.9982492019549, 1458.4851339259615, 1412.968406786449], 
[6188.850107642616, 6188.850107642616, 3544.7151225868624, 3370.874884204739, 3108.912495228782, 2677.8514434883764, 2597.3813533040707, 2422.2467399168077, 2161.233830988886, 2127.8929982424597, 1992.6529969387354, 1799.9468712219139, 1757.57417373626, 1725.4485040390825, 1628.2675221006082, 1578.3365819220326, 1531.388853271415, 1464.3672751221904, 1416.3996282644696, 1369.2459416281358], 
[10413.45081623039, 10266.305110513062, 3615.4366129183672, 3332.061006100508, 2730.962169868422, 2730.962169868422, 2439.1483923381566, 2375.9769638696202, 2020.6532305217536, 2020.6532305217536, 1954.2192058257226, 1880.5330847093367, 1774.1146530537756, 1655.9277599006523, 1643.0007501956745, 1596.7189185056575, 1525.3112747504094, 1461.0991286052156, 1417.9872538104705, 1383.624532715865], 
[10545.702382482912, 10437.866242861779, 4089.089940129038, 3396.453359858986, 3109.537774602188, 2809.2528175938487, 2635.866967829093, 2450.032571241336, 2336.559184369515, 2220.219510835725, 2117.5717513677932, 2047.8824547982708, 1912.502468314884, 1854.094386580405, 1786.5158488963323, 1762.7733990847266, 1651.589152256469, 1586.3673993248253, 1527.3827984117222, 1461.2935791485836], 
[10961.68329601507, 10961.68329601507, 3909.412792848765, 3309.933132663644, 3180.6936287283847, 2849.1771755108925, 2754.4074481225452, 2546.792348345539, 2506.908173873704, 2268.1145863668617, 2230.932037186607, 2128.6635140092467, 2050.296476837019, 1985.9070094982685, 1858.4175468368462, 1835.5114434302884, 1758.0111365192085, 1691.774960754642, 1641.8928380914383, 1589.5489908175698], 
[7276.446931634345, 7276.446931634345, 4021.7609436678295, 3606.805840651084, 2977.4219770101413, 2948.480046985592, 2680.618903447316, 2508.833674176911, 2461.1133196213887, 2188.546791296652, 2077.869443255845, 2058.0977431607303, 1907.007365807175, 1848.8602822042274, 1807.9441648328998, 1694.2561027532215, 1612.3591863665636, 1597.4530144889798, 1455.5177031703863, 1429.664995681718], 
[8996.690962439785, 8996.690962439785, 3912.894662920922, 3571.361083339013, 3309.6414527610555, 2792.2148906842554, 2792.2148906842554, 2657.5617209412594, 2462.5131269799954, 2281.5353796925665, 2212.3521450392327, 2115.6123325153035, 2055.829073082117, 1957.6828946429207, 1897.4681048615614, 1782.8404942233522, 1710.881018235696, 1694.291471150096, 1605.6943146986478, 1512.7494163476133], 
[11666.815820987915, 11243.912694019942, 4291.04686102458, 3818.5179965701072, 3662.704126978984, 3247.463293677091, 3093.943373350099, 2651.368446377511, 2584.1825702367205, 2454.8985683794067, 2372.2158773660963, 2208.185339835907, 2143.2920601846727, 2061.3566365976762, 2003.7053813605187, 1919.5140511256227, 1855.3065565013503, 1741.142284171447, 1674.6879412038147, 1650.0688643499304], 
[8140.3661860073025, 8131.571496578796, 3908.661014906486, 3553.5774911779254, 3405.3768058356154, 3077.8015433204455, 2889.6822015755165, 2714.201312027406, 2498.2749142104085, 2498.2749142104085, 2178.9551200020983, 2178.9551200020983, 2152.5680290669275, 2087.9005588507343, 1983.3912221417572, 1954.1379812641571, 1909.1368098977973, 1800.0761712848303, 1757.0119818358542, 1688.6739906554697], 
[10220.156337386767, 10220.156337386767, 4619.257519522023, 3503.2607697114245, 3286.7046466877714, 3271.2538203965646, 2971.469853963031, 2770.727400594918, 2614.258150423975, 2504.785205443358, 2480.438173158376, 2343.85854993305, 2276.64781713296, 2088.947742201941, 2031.509474244113, 1964.871298290752, 1922.4762958643862, 1839.8753966946751, 1783.6076024135214, 1736.2984889179916], 
[10553.363483452371, 10553.363483452371, 3888.865675966511, 3247.639406586723, 2892.4709445794983, 2824.692556582887, 2620.2817686450335, 2360.2644908987745, 2213.974273908158, 2150.341163759592, 1988.467941235096, 1878.9600965227205, 1878.9600965227205, 1756.798541988831, 1709.9204337728381, 1668.4672746519868, 1606.4915719891053, 1504.3254778640064, 1494.554485665495, 1423.1169098094085], 
[9979.962524477362, 9049.135278001899, 3716.730420734872, 3231.689609746191, 2696.7684407031934, 2677.4584119181814, 2516.9447376946678, 2223.8027099279097, 2038.2284128334793, 1842.5574804998628, 1821.931778709688, 1688.4544459994293, 1597.8805879247464, 1519.0288158512371, 1476.1134289607835, 1435.8109119934509, 1376.6036108988856, 1345.9320583253784, 1260.97992933295, 1231.3179513344544], 
[9948.682745974362, 9553.141192862822, 3526.0529052743927, 3516.5352566812467, 3403.7303320320984, 2947.7358916414346, 2690.5172181393996, 2433.8700880192664, 2331.595321011999, 2324.487539010825, 2176.4074527225343, 2062.4092944998365, 1967.8369525832195, 1890.9480609178229, 1795.5684113018503, 1732.3720883022759, 1676.037540507681, 1654.7573537781705, 1577.0807523622523, 1478.5681018311736], 
[6173.951316559958, 6173.951316559958, 2968.0901274000776, 2968.0901274000776, 2792.142768433235, 2455.0855261087886, 2262.007568160706, 2070.3480982479487, 2043.1083259185611, 1807.1272663658945, 1741.6589654622524, 1711.0942437974106, 1601.9734396877975, 1523.613430485111, 1410.533464694003, 1369.3517109568604, 1332.2400107309822, 1271.5778144805327, 1164.8248608409913, 1153.4817272889165], 
[9754.851127974061, 9754.851127974061, 3674.5746675696273, 3312.5603108940127, 3238.9732684488977, 3177.2355808210173, 2746.7484778593744, 2633.880572001883, 2368.8061767949753, 2339.818463000478, 2221.563333380694, 1978.7272556086323, 1978.7272556086323, 1978.3035973056337, 1878.2959363890538, 1798.1274525367346, 1746.6313330132855, 1688.6003060647352, 1588.1739847468446, 1536.8243688281239], 
[10748.342553097127, 10748.342553097127, 3563.1857897633654, 3195.99241390587, 2970.229017810827, 2759.002886766583, 2543.257256374619, 2520.404745609499, 2212.797088009056, 2188.1946080147295, 1995.953330352309, 1933.4483988169095, 1863.6137987353443, 1813.2548366194367, 1751.3734707491574, 1679.779423759241, 1605.9802125333608, 1523.27838579548, 1500.247027219725, 1414.0761958821581], 
[11093.151260798642, 11093.151260798642, 4053.041277256398, 3690.38449847631, 3456.1461849366215, 3268.8151133036154, 3140.232163039047, 2966.6791006724025, 2633.0128342191815, 2563.038733770732, 2488.1878396446527, 2367.2565589837354, 2236.2958564908567, 2218.3967598336258, 2148.640112178379, 2070.029986420414, 2007.2491535900213, 1937.8830728929713, 1823.1572513462604, 1815.3658356054757], 
[6197.223168238297, 6197.223168238297, 3626.428719438587, 3485.4100533585033, 3176.3010638030732, 3033.2119461670864, 2586.5950625874593, 2395.894873089713, 2328.950571486487, 2115.825461659944, 2056.352560312487, 1971.6743292108654, 1884.620113135803, 1803.0279019426325, 1745.717069063496, 1635.3375951498115, 1598.2486042299574, 1534.248020564719, 1472.959397383911, 1394.9793777574464], 
[10862.077319017988, 10174.27022143455, 3520.3296630601826, 3171.1617060130257, 2976.1662070513185, 2810.375800094587, 2582.4816468010695, 2582.4816468010695, 2392.247729787573, 2212.383560296335, 2201.30437659417, 2055.5795309686723, 1913.73044974842, 1896.996537888608, 1803.8130815242926, 1756.0261919822124, 1686.6045706096277, 1613.5455450735192, 1551.4946674669134, 1500.9394096782516], 
