[1141.5055971965733, 1141.5055971965733, 593.8008895572847, 578.6531725540982, 519.7776006485351, 508.5082822286372, 483.35652761408414, 470.2865759430395, 441.5219283871754, 424.8545755675705, 424.8545755675705, 424.8545755675705, 422.7427219217471, 420.33591075289183, 409.09613926892814, 403.85170021514153, 401.14569851894345, 373.91357998694315, 369.5676583446746, 362.16738311967595], 
[1048.465016661712, 977.4262902576105, 479.85653451552076, 479.85653451552076, 459.21964600721486, 436.0670295635474, 411.30648568252275, 392.46616105265673, 368.322494849091, 368.322494849091, 366.744486914411, 347.63330983425317, 343.43614030367416, 329.94999942518143, 329.3399813086697, 329.3399813086697, 329.22141775631326, 323.7742392854642, 323.7742392854642, 315.2890100763529], 
[967.6760902182889, 958.0810306462186, 532.7548121237927, 530.3460178524645, 497.2010439321533, 448.4644501199344, 448.4644501199344, 427.7969057347255, 418.3575987942344, 401.852739445777, 400.58957054963173, 381.27088587387135, 365.3219588450206, 352.65468359342645, 348.64231284347426, 348.29515689693056, 340.7594057430798, 340.7594057430798, 318.5030856545422, 313.8321179911292], 
[1109.602756927042, 1090.7560931440578, 510.244888522621, 496.62197331198354, 480.8167413139034, 445.55072040232864, 445.55072040232864, 439.4945501564956, 396.6736829306109, 382.11096615435423, 382.11096615435423, 379.57922020387673, 379.57922020387673, 365.4075415876969, 365.4075415876969, 346.39673066514115, 346.39673066514115, 346.39673066514115, 346.39673066514115, 342.82090137350275], 
[990.0498499471283, 988.1857778245557, 527.6467499216748, 488.97139421323067, 453.9338035273358, 376.6305254093747, 376.6305254093747, 376.6305254093747, 376.6305254093747, 376.6305254093747, 366.61431699076195, 346.0444761670649, 343.7564531379875, 323.07205555749954, 323.07205555749954, 323.07205555749954, 323.07205555749954, 323.07205555749954, 318.24391605511704, 317.2589737691597], 
[518.5210627841988, 510.31701350407513, 510.31701350407513, 483.3715948744619, 403.85690466241397, 382.7053363627847, 382.7053363627847, 351.756373294617, 351.756373294617, 349.89342656770214, 335.1889575787551, 335.1889575787551, 335.1889575787551, 325.8897206788487, 325.4167849150176, 323.46162822112296, 323.1333719646518, 323.1333719646518, 319.13836832748933, 317.91364231887883], 
[1054.0038326966107, 1054.0038326966107, 528.305629273569, 528.305629273569, 500.73666118713356, 493.98976046278835, 481.3326947535079, 431.3870388998075, 425.89035730025586, 403.810204107835, 403.7852842016411, 374.1887864559865, 350.79451313367997, 348.89619575149186, 345.56072956014117, 340.32307863147173, 336.73231082389884, 330.0374735045726, 328.8040351440129, 307.80886536666736], 
[904.72165375442, 903.00659942638, 527.333709428257, 498.0186220339265, 461.35565342387775, 461.35565342387775, 447.1001520968359, 424.40846344493343, 422.6214205812865, 397.339618287462, 395.5385140112352, 349.24992234824515, 349.24992234824515, 349.24992234824515, 349.24992234824515, 349.24992234824515, 332.4324181277596, 331.4591018483953, 318.22410494379005, 318.22410494379005], 
[1149.2393916644091, 1143.2473201528705, 514.2845670321843, 456.40568109338443, 440.0992558334597, 438.69891326461277, 424.2064492485849, 400.08460723956017, 351.61132527731843, 351.61132527731843, 351.61132527731843, 346.8642812673936, 346.8642812673936, 346.8642812673936, 344.10659560990615, 344.10659560990615, 341.4688896851434, 341.4688896851434, 340.5013341950405, 340.5013341950405], 
[1166.371376300277, 1149.9132571630496, 518.9925905648713, 510.8587699189598, 474.52940009473343, 472.1003531754992, 442.77939179739604, 435.2968541120271, 403.13073057407456, 403.13073057407456, 401.79753164439296, 388.1254326358886, 367.4995459906125, 360.82656832199814, 349.4404631665714, 348.59166651767003, 348.33304374240566, 337.10501712030424, 337.10501712030424, 337.10501712030424], 
[1174.747482858387, 1013.9346497484585, 534.9892431211897, 497.858380135138, 485.26809210512766, 463.55896292277333, 452.57892378235726, 424.6100178996587, 424.6100178996587, 417.7823138021462, 384.40861194549035, 375.2985861085158, 375.2985861085158, 371.44194777911287, 371.22476766441815, 370.5321044537412, 370.5321044537412, 366.21616757447833, 356.7982395371613, 347.6611283214079], 
[915.8571255368445, 915.8571255368445, 542.2278204688267, 516.0295068930716, 428.637138442173, 428.637138442173, 416.0876293986593, 412.76902644673333, 402.65974280414247, 390.84154823525006, 388.2252382431607, 376.90761176108236, 376.90761176108236, 333.46117840710804, 326.20575229586154, 324.700066493299, 324.700066493299, 324.0426249101462, 324.0426249101462, 324.0426249101462], 
[974.7372549137734, 974.1985569759552, 470.8267801026298, 458.0400775239349, 456.43272219899023, 456.4221740327921, 437.6457808210562, 401.39893898884293, 387.3280618012853, 365.4511146093724, 326.6059878817809, 326.6059878817809, 322.958960036345, 322.958960036345, 320.468635353746, 320.43260204909626, 305.3046118558556, 305.3046118558556, 305.3046118558556, 305.3046118558556], 
[972.3257926064521, 972.3257926064521, 517.7340494779774, 499.1166310357635, 497.36933138908626, 490.99425758444255, 462.2106816676401, 442.1714117859882, 395.5941637342113, 395.5941637342113, 383.41085395375535, 376.42840470918446, 375.80295131247067, 369.05088790625905, 357.91310602912876, 345.14985602843217, 345.14985602843217, 338.8708439800263, 338.8708439800263, 328.84233375742804], 
[989.2831784228804, 974.3928585929142, 494.98523488132736, 494.98523488132736, 424.6606289280167, 424.6606289280167, 406.31150836004053, 379.58754030437007, 335.9595087702847, 335.9595087702847, 334.14093169421795, 334.14093169421795, 329.480657068609, 326.27211682145486, 319.2114014809528, 319.145803428815, 315.5181305451043, 315.5181305451043, 313.7922785230363, 313.3047856930508], 
[1070.5132118485642, 1070.5132118485642, 582.0512778671053, 524.5926871890208, 512.8605555017172, 489.7466143759763, 472.4532656817306, 446.25551087725705, 424.6447725708671, 424.6447725708671, 415.6551729359618, 415.59102073939357, 402.1766230650731, 402.1766230650731, 399.2501667207521, 385.3158965976896, 385.3158965976896, 380.0783225237677, 378.4510398607403, 372.627360472222], 
[1038.3283434517646, 1036.1313825178065, 561.6551890575207, 534.7707488531945, 502.23538057911657, 467.78484464577485, 467.78484464577485, 463.9335541581187, 463.9335541581187, 419.54994014946766, 391.4875561457902, 389.98957120503746, 352.99426145208804, 352.99426145208804, 352.99426145208804, 352.99426145208804, 340.25108955090735, 340.25108955090735, 339.46114289594766, 333.85234396008104], 
[1157.9740650290873, 1157.9740650290873, 536.5881804921231, 510.85078718864224, 491.34907206167094, 462.899815719661, 432.98932409186375, 429.3535730362564, 429.3535730362564, 403.1660865342768, 403.1660865342768, 393.78085242315956, 345.2591300345292, 345.2591300345292, 344.73698778643103, 344.73698778643103, 328.4173061182901, 328.4173061182901, 327.60812679821487, 323.75748180715823], 
[1127.3214717981818, 1068.9965644378235, 520.5739768767268, 508.93392760773656, 490.07488484337074, 422.39595300551866, 411.66285928149296, 411.66285928149296, 406.99928185965547, 402.52525115855224, 402.52525115855224, 384.6438164053856, 382.3728189315987, 378.49140207878014, 375.3195817895508, 365.7071527431194, 361.2842066621655, 356.4668903354521, 356.4668903354521, 350.4633877937198], 
[940.1653861279889, 940.1653861279889, 490.69492273730367, 469.32251865519044, 402.8654696108266, 402.8654696108266, 397.55466000101796, 397.55466000101796, 397.55466000101796, 368.21697185680205, 352.6952980724493, 352.6952980724493, 338.8407665960055, 332.89186336768256, 329.4570035651452, 298.94750761727624, 294.88671004430086, 293.3205145370714, 274.541277635865, 259.48059687872734], 
[965.5022479251477, 965.5022479251477, 521.5315742499938, 478.01339293080787, 478.01339293080787, 478.01339293080787, 436.34030300080724, 436.34030300080724, 420.66100494003484, 400.8460418004678, 400.8460418004678, 388.45328936347664, 377.9246996150887, 377.07377062188755, 376.5276007546253, 367.56027298017784, 367.56027298017784, 367.56027298017784, 366.0389327222148, 360.31469828768286], 
[1148.0225124694337, 1092.8215070323006, 495.4831296661557, 465.1352205572427, 446.177598784432, 416.21835651174, 409.10525689428846, 408.3055741113497, 388.21650691726916, 369.80587954757334, 368.6619428978307, 359.33604030502244, 359.33604030502244, 359.33604030502244, 351.81791824016125, 343.3665808878534, 343.3665808878534, 336.8782639803026, 336.8782639803026, 326.4343457624329], 
[979.8226268295093, 914.89560742708, 561.4001795651377, 548.033073875231, 530.1478366514668, 500.08444943132406, 432.44841108015464, 432.39403396885234, 432.39403396885234, 421.15662469922955, 415.91858544964674, 415.91858544964674, 392.7210531555537, 392.7210531555537, 384.57445152212944, 381.2503280463006, 381.2503280463006, 370.7555150071365, 355.3656828859535, 349.36881709837996], 
[1086.4990341689436, 1086.4990341689436, 527.6556871470566, 481.7653932060491, 460.9108579513338, 439.07865222304093, 427.5285780341606, 391.19582062949235, 385.7740499191479, 369.7244898526779, 363.749833523659, 356.8403064092389, 356.8403064092389, 356.8403064092389, 347.79780258462296, 347.79780258462296, 347.79780258462296, 337.5206209599948, 336.775670777817, 328.84867947141555], 
[956.1579303061903, 956.1579303061903, 548.3026330197956, 520.7162470454863, 483.2198805178829, 479.19026704777525, 448.2441578108254, 448.2441578108254, 448.2441578108254, 435.65051307916855, 426.5748884454789, 426.5748884454789, 418.56910276661677, 399.5149340390511, 399.5149340390511, 391.92079361800614, 391.92079361800614, 391.92079361800614, 391.92079361800614, 382.1186288121065], 
[974.8434395255057, 963.437892656017, 510.03713364539294, 472.8706454450291, 455.1747991005174, 442.72555632212334, 423.2341825911149, 378.85566266858615, 378.85566266858615, 352.09733159765193, 313.0468452258235, 308.74384983742857, 308.74384983742857, 306.4670087278176, 305.9863920251098, 303.10343238614826, 300.0317179763022, 293.83555731539064, 283.58935926506075, 279.8140050462252], 
[1176.740374604162, 1144.8761929811758, 534.7360568322947, 511.92020821719694, 491.2526286249722, 485.3686493174188, 456.67590257344216, 422.46836336176824, 413.70622638848477, 403.92935610792335, 381.4006156654055, 381.4006156654055, 379.8991638514447, 372.1517118905165, 360.89719606675817, 352.0639984724968, 352.0639984724968, 352.0639984724968, 352.0639984724968, 338.4938068541313], 
[1102.523073487392, 1102.523073487392, 526.403462065406, 473.6969592934656, 465.90791579580696, 452.6298630406945, 452.6298630406945, 446.8168085968238, 441.5348086793261, 441.5348086793261, 441.5348086793261, 439.426427022103, 436.4748900250519, 414.518358744142, 414.518358744142, 414.518358744142, 414.518358744142, 409.2449589903128, 409.2449589903128, 400.7145632196724], 
[1050.0055095138162, 1036.5194905828089, 533.6955874134762, 533.6955874134762, 517.0800770838639, 500.2937423447246, 468.2350727429182, 468.2350727429182, 389.90764640680396, 389.90764640680396, 389.90764640680396, 389.90764640680396, 389.90764640680396, 386.99040455663555, 386.99040455663555, 383.3949648789841, 346.05562587985065, 346.02943678908224, 345.7776253248071, 345.7776253248071], 
[879.0537972326256, 872.2909304000581, 534.2891387207331, 501.8259179923802, 501.8259179923802, 482.0541699003269, 463.7616020603457, 425.1721917729129, 407.9817348558877, 403.39337918847787, 398.20544424760584, 380.69779489121305, 375.18675618125843, 370.841671568465, 368.3779085140364, 349.60096183023796, 343.2500015704808, 332.3226673863754, 324.7946413377601, 301.93963372116315], 
