[1200.896211935596, 1200.896211935596, 525.9245845664216, 525.9245845664216, 516.4690235624249, 494.0099694885628, 458.64645916114057, 458.64645916114057, 430.36396161946794, 430.36396161946794, 430.36396161946794, 430.36396161946794, 430.36396161946794, 430.36396161946794, 430.36396161946794, 430.36396161946794, 405.91965547840016, 405.91965547840016, 405.04983577457733, 405.04983577457733], 
[896.5623190455866, 896.5623190455866, 568.5156839878415, 540.5490851478404, 519.2444228134088, 513.245869298189, 462.0993840673058, 462.0993840673058, 462.0993840673058, 447.61247905981287, 441.26953150318167, 436.6843441027715, 436.6843441027715, 436.58821045316785, 436.58821045316785, 430.6488214031527, 429.6569882377818, 397.2695842027697, 396.6069903084025, 396.463697008998], 
[876.0939402997499, 834.0328849098863, 477.04526182745093, 477.04526182745093, 448.4739755910532, 448.4739755910532, 425.07770820012456, 425.07770820012456, 425.07770820012456, 409.3726156950073, 409.3726156950073, 408.7137220875329, 408.7137220875329, 400.43412001423104, 397.87969522735466, 397.87969522735466, 396.9425311024788, 395.7408305307998, 395.7408305307998, 395.7408305307998], 
[1156.8755352016944, 1116.948440427072, 494.62832205529264, 482.3498802516208, 445.8581014026713, 445.8581014026713, 445.8581014026713, 445.8581014026713, 441.0270840172064, 439.89407862554674, 429.79442212303354, 415.9999120826254, 415.9999120826254, 412.7562390675016, 412.604403451895, 412.604403451895, 411.54444458627404, 411.54444458627404, 411.54444458627404, 407.6379159887067], 
[1154.859778811028, 1002.2611878042001, 543.5741150897857, 491.30370446934285, 468.81163370186704, 468.81163370186704, 447.5307740879832, 447.5307740879832, 446.7176319166347, 430.7093977480564, 409.2801980047311, 408.7167383568401, 408.7167383568401, 405.48288103015216, 405.48288103015216, 404.01970252133185, 404.01970252133185, 404.01970252133185, 403.7387904548018, 391.3627786792111], 
[1189.5873045004676, 1189.5873045004676, 517.0775962151622, 487.6623204772078, 424.90975753057205, 424.90975753057205, 424.496882908844, 424.496882908844, 418.1047949093341, 418.1047949093341, 418.1047949093341, 417.34648677053934, 411.84199048046725, 411.67721991815256, 402.30208587996964, 394.48545086367176, 394.037474978409, 389.08571885623087, 385.16006974365524, 381.41108083699197], 
[988.540094446425, 988.540094446425, 460.0033117130044, 398.08948936650273, 398.08948936650273, 398.08948936650273, 397.7407929504698, 378.2665360884878, 378.2665360884878, 378.2665360884878, 378.2665360884878, 376.69260104294153, 376.69260104294153, 376.2706759762409, 370.2339883998221, 370.2339883998221, 370.2339883998221, 369.35193000489926, 369.35193000489926, 359.80166445056904], 
[1164.7178405222976, 1079.5742016993984, 522.1291490409287, 489.496206363249, 489.496206363249, 471.34746575257327, 460.14920673094156, 441.45750679192975, 419.2455835239796, 418.5929525136917, 418.5929525136917, 418.5929525136917, 418.5429178598536, 418.5429178598536, 418.5429178598536, 418.5429178598536, 418.5429178598536, 418.2335686363687, 417.24077271979144, 417.24077271979144], 
[1112.7444649859901, 1112.7444649859901, 543.81447195241, 537.2561079766776, 492.86173954458764, 453.78547863958784, 449.4685937877696, 426.5579259648916, 426.5579259648916, 422.03206083524253, 422.03206083524253, 422.03206083524253, 422.03206083524253, 420.0614475121446, 420.0614475121446, 420.0614475121446, 420.0614475121446, 415.386506560772, 415.386506560772, 409.26594379906436], 
[1120.5779488494647, 1037.1944777195781, 474.9160280910895, 474.9160280910895, 474.9160280910895, 466.58028994544884, 466.58028994544884, 449.4519859619107, 445.1068979913272, 406.05334814430864, 406.05334814430864, 406.05334814430864, 406.05334814430864, 406.05334814430864, 400.9405750832849, 400.9405750832849, 400.9405750832849, 395.92318347268406, 395.92318347268406, 395.92318347268406], 
[1021.6751416273331, 969.3663406752015, 541.2286612553856, 534.8402010448384, 492.88062526197126, 492.1227290579927, 492.1227290579927, 478.4288723745772, 478.4288723745772, 478.4288723745772, 437.08327930450446, 435.2523886778384, 435.2523886778384, 435.2523886778384, 431.8772132937801, 431.8772132937801, 431.776882346174, 431.776882346174, 419.25245150875764, 419.25245150875764], 
[1134.6592641408056, 1133.6344431071673, 485.1588034472862, 468.3114683661022, 452.0657253140444, 442.5741241119875, 442.5741241119875, 426.07026793443225, 418.91276086715493, 412.24101897116685, 408.1344258075872, 370.8704662789138, 368.33115455548426, 368.33115455548426, 368.33115455548426, 366.24159526210593, 365.49811145939924, 365.49811145939924, 365.49811145939924, 365.49811145939924], 
[1158.1837339154476, 1096.3673613231388, 484.60414014414437, 459.84014858373257, 428.8049415517138, 428.8049415517138, 428.8049415517138, 428.8049415517138, 424.19558979147996, 424.19558979147996, 424.19558979147996, 417.1273770466125, 417.1273770466125, 416.49677094075474, 394.2017528978718, 394.2017528978718, 394.2017528978718, 394.2017528978718, 393.25889856013816, 384.83878484485143], 
[1100.2670382539275, 921.665041206735, 483.3775218759418, 481.5206720096646, 461.54422435570046, 461.54422435570046, 461.54422435570046, 434.76550549024114, 419.1180862860644, 419.1180862860644, 419.1180862860644, 396.08080113226424, 396.08080113226424, 394.2325930866657, 394.2325930866657, 394.2325930866657, 359.45603138843944, 359.45603138843944, 359.45603138843944, 359.45603138843944], 
[1148.8780061428922, 1054.9977641126807, 503.3027017191983, 503.3027017191983, 503.3027017191983, 471.8977492898252, 471.8977492898252, 470.2843950203307, 453.52253264445795, 436.64187356239285, 436.64187356239285, 431.1366028659803, 431.1366028659803, 420.7631349436953, 410.65412449419756, 407.7109262101509, 402.68145915235834, 401.94834311602204, 395.832229783205, 371.2765393123457], 
[1131.5835828318059, 818.5441500678369, 535.5117450014848, 517.4142586129999, 481.9016879367954, 481.9016879367954, 481.9016879367954, 481.7256080614553, 458.22281411687715, 443.72538689435504, 439.4558855437946, 439.4558855437946, 419.2019433785837, 418.1365967033511, 415.6059199954598, 415.6059199954598, 415.6059199954598, 415.6059199954598, 415.1574506104644, 415.1574506104644], 
[1071.502318346824, 1071.502318346824, 473.4607559616386, 473.4607559616386, 447.82398059206605, 447.82398059206605, 447.82398059206605, 447.82398059206605, 443.307341015153, 419.9707139781142, 419.60196329389595, 412.77879744204927, 407.0834347244859, 405.4341375323028, 399.56659027636374, 399.56659027636374, 398.70192669245125, 388.52441556063934, 388.52441556063934, 388.52441556063934], 
[1048.089895376474, 1042.2604897781955, 517.38488347308, 495.42919680542036, 457.2011083189852, 456.8011799448797, 439.9291869778178, 439.9291869778178, 439.9291869778178, 438.9197365390717, 435.1504293103497, 435.1504293103497, 434.2670147874472, 433.56042497005217, 433.56042497005217, 433.56042497005217, 433.56042497005217, 431.2539350567103, 431.0807426966206, 426.92598777716245], 
[1102.259117834507, 1068.221362643136, 485.7347282537729, 485.7347282537729, 451.66780411750995, 451.66780411750995, 451.66780411750995, 448.75239780592915, 434.5951552371126, 430.1442772595573, 409.2562195952688, 389.21352835752754, 389.21352835752754, 389.21352835752754, 389.21352835752754, 389.21352835752754, 389.21352835752754, 389.21352835752754, 389.21352835752754, 389.21352835752754], 
[1140.0990682839442, 1047.8453227564125, 514.1451979407783, 464.78924555821015, 454.6859214921178, 454.6859214921178, 401.2524277857415, 401.2524277857415, 380.8795928216123, 380.8795928216123, 380.8795928216123, 380.8795928216123, 380.8795928216123, 380.8059840984524, 378.0666004503955, 378.0666004503955, 378.0666004503955, 378.0666004503955, 375.666487446049, 375.6565059529147], 
[1064.4368965106194, 962.929346872955, 472.0295605329247, 470.1059850772656, 470.1059850772656, 437.3645097493988, 424.51021530184903, 416.3539548161013, 416.3539548161013, 416.3539548161013, 415.3545750118204, 384.74143525048004, 384.74143525048004, 379.9568402757904, 379.9568402757904, 379.9568402757904, 378.30579973804004, 378.30579973804004, 377.2278417962695, 377.2278417962695], 
[1072.5968608807657, 970.2422957333116, 479.7606662773087, 461.8349086871099, 444.32242380346355, 441.11134210005883, 410.9690733189572, 410.9690733189572, 410.9690733189572, 399.5378409826722, 398.3044886280667, 394.5807046466672, 392.83837739074335, 386.15399236907666, 386.15399236907666, 369.07079117558425, 367.42679908097546, 367.42679908097546, 367.42679908097546, 363.0477697848015], 
[1245.292796289022, 1180.8227638538413, 508.9719094122552, 474.032020530512, 456.21909258437785, 456.21909258437785, 456.21909258437785, 455.68860742972237, 437.60712346116355, 437.60712346116355, 435.6326395127748, 418.2710210012909, 418.2710210012909, 404.5372085695358, 399.38682820098813, 399.38682820098813, 392.28511996065515, 391.55471922708784, 391.55471922708784, 391.55471922708784], 
[1096.7814606559514, 1096.7814606559514, 521.3352551390833, 442.87682743431895, 442.87682743431895, 438.0344156456732, 438.0344156456732, 436.6191216854683, 417.07223652106575, 417.07223652106575, 404.16531833353184, 404.16531833353184, 404.16531833353184, 404.16531833353184, 404.16531833353184, 396.6916190341557, 396.6916190341557, 396.6916190341557, 396.1410998064393, 395.00872787743174], 
[1219.3500593101642, 1206.2713419345343, 522.5868724853121, 507.2756590111765, 478.9027194741724, 442.6034967944891, 442.6034967944891, 442.6034967944891, 442.6034967944891, 432.0143902576116, 431.9696947730287, 431.742160097063, 431.742160097063, 424.13136156740535, 416.9254083505336, 416.9254083505336, 415.23266339674757, 407.5485393499687, 399.56328542210895, 399.56328542210895], 
[1029.8685274355103, 1029.8685274355103, 492.9907351374393, 463.56998717471157, 450.2086834575578, 450.2086834575578, 431.40999934576035, 431.40999934576035, 421.27173566408453, 421.00228872704463, 421.00228872704463, 421.00228872704463, 421.00228872704463, 404.83937351444007, 404.83937351444007, 401.5869907587792, 400.0957476433482, 400.0957476433482, 379.2978143477834, 379.2978143477834], 
[1239.6948546232843, 1137.6009160159315, 495.061331876783, 495.061331876783, 495.061331876783, 494.1065905384, 465.9306724643502, 459.41652573280896, 438.6391617551345, 436.8951295730588, 435.3227563735516, 434.1955394417592, 422.60488477086545, 405.3883638914405, 405.3883638914405, 405.23885792115294, 405.23885792115294, 405.18853301256195, 403.9740200306658, 403.9740200306658], 
[1129.5920578925368, 1129.5920578925368, 524.6022100049474, 497.52517505225893, 462.0909308039609, 461.18780687121256, 461.18780687121256, 454.3968730587088, 446.53771793051044, 396.53962071743314, 391.46874296333704, 378.9745593508071, 376.756948745596, 374.18261093410786, 372.81840184249455, 370.5054648816941, 367.92741951667, 362.7172394535944, 360.67034730650323, 354.1412117974428], 
[1117.8174352882982, 963.3127896960007, 524.6273852065693, 524.6273852065693, 512.0935607622619, 506.26097867653806, 463.4584921618855, 463.4584921618855, 442.38669754401593, 434.69712253457965, 431.83585726511666, 418.9925532975074, 418.9925532975074, 418.9925532975074, 416.9159567608465, 416.9159567608465, 406.191325318629, 406.191325318629, 406.191325318629, 404.59777168328094], 
[1065.339442914858, 924.8139658097659, 517.1082580585113, 484.6056691511792, 472.5825705372896, 462.09425880789746, 445.31568141875454, 443.34705302892314, 422.3828497622917, 419.6604564310649, 419.6604564310649, 419.6604564310649, 419.6604564310649, 399.3693813440433, 399.3693813440433, 399.3693813440433, 399.3693813440433, 399.3693813440433, 399.3693813440433, 374.928196839421], 
