[8950.61826948031, 8781.167368685561, 8510.507856215001, 8510.507856215001, 8323.612971137281, 8323.612971137281, 7854.404679207525, 7854.404679207525, 7548.3766541541645, 7548.3766541541645, 7548.3766541541645, 7548.3766541541645, 7548.3766541541645, 7413.502783553167, 7413.502783553167, 7413.502783553167, 7384.207076525052, 7374.206769151893, 7374.206769151893, 6777.753360019627], 
[8973.941373068099, 8973.941373068099, 8173.028154465612, 8173.028154465612, 8173.028154465612, 7838.108897640009, 7838.108897640009, 7754.7406671026565, 7754.7406671026565, 7754.7406671026565, 7754.7406671026565, 7729.247724961893, 7729.247724961893, 7729.247724961893, 7729.247724961893, 7729.247724961893, 7729.247724961893, 7729.247724961893, 7310.285785713995, 7310.285785713995], 
[8950.636736744105, 8950.636736744105, 8641.692009808656, 7706.449370747464, 7706.449370747464, 7706.449370747464, 7502.891972980286, 7365.846552903358, 7365.846552903358, 7365.846552903358, 7107.151012839933, 7107.151012839933, 7089.222545901272, 7089.222545901272, 7089.222545901272, 7089.222545901272, 6938.9525633561425, 6841.765574497546, 6697.489079153582, 6697.489079153582], 
[8964.144825689245, 8809.223594781583, 8582.745321362243, 8570.078850601305, 7670.525601209466, 7670.525601209466, 7670.525601209466, 7670.525601209466, 7670.525601209466, 7670.525601209466, 7670.525601209466, 7670.525601209466, 7670.525601209466, 7670.525601209466, 7670.525601209466, 7204.948979424191, 7204.948979424191, 7204.948979424191, 7204.948979424191, 7204.948979424191], 
[8946.558587565014, 8946.558587565014, 8810.362428023593, 8584.934745644712, 8584.934745644712, 8543.821786566004, 8408.988145998088, 8408.988145998088, 8408.988145998088, 8408.988145998088, 7870.0516885824545, 7870.0516885824545, 7870.0516885824545, 7845.245687447068, 7845.245687447068, 7754.602636357128, 7754.602636357128, 7553.265631777436, 7553.265631777436, 7553.265631777436], 
[8949.830575879476, 8556.422989885992, 8556.422989885992, 8374.151210265492, 7791.431286083077, 7768.354696384416, 7768.354696384416, 7609.292497650649, 7609.292497650649, 7609.292497650649, 7609.292497650649, 7609.292497650649, 7609.292497650649, 7609.292497650649, 7609.292497650649, 7554.610973240437, 7554.610973240437, 7530.579323544352, 7530.579323544352, 7315.811999546891], 
[8642.192579323295, 8620.972707400168, 8294.934362603299, 7258.477557303207, 7258.477557303207, 7258.477557303207, 7258.477557303207, 7258.477557303207, 7258.477557303207, 7258.477557303207, 7258.477557303207, 7258.477557303207, 7085.581621369825, 7085.581621369825, 7085.581621369825, 7085.581621369825, 7085.581621369825, 6938.966728495704, 6938.966728495704, 6938.966728495704], 
[8737.121353039278, 8737.121353039278, 8737.121353039278, 8465.082689245373, 8465.082689245373, 8465.082689245373, 8454.061469510212, 8360.495733075388, 8360.495733075388, 8312.79831669086, 8105.528758655893, 7918.286507348404, 7214.138474995844, 6900.753374419882, 6900.753374419882, 6900.753374419882, 6900.753374419882, 6900.753374419882, 6839.949141291903, 6839.949141291903], 
[9193.433204350064, 8584.111736592258, 7901.838434527893, 7901.838434527893, 7611.631659107535, 7611.631659107535, 7611.631659107535, 7611.631659107535, 6886.611312259724, 6886.611312259724, 6886.611312259724, 6886.611312259724, 6886.611312259724, 6646.667077319169, 6646.667077319169, 6646.667077319169, 6646.667077319169, 6646.667077319169, 6646.667077319169, 6646.667077319169], 
[9101.329551892739, 9020.89340857342, 8299.118331645466, 8185.431099906501, 8185.431099906501, 8185.431099906501, 8185.431099906501, 7912.008206299796, 7912.008206299796, 7912.008206299796, 7912.008206299796, 7912.008206299796, 7686.925696572854, 7434.633921234431, 7434.633921234431, 7346.715815447439, 7141.596584582148, 7100.879257055324, 6753.863142087281, 6708.762000866945], 
[9081.989719766525, 9081.989719766525, 8264.240136165452, 8264.240136165452, 7919.226617325818, 7919.226617325818, 7886.096093519815, 7886.096093519815, 7886.096093519815, 7527.028215069671, 7527.028215069671, 7527.028215069671, 7527.028215069671, 7527.028215069671, 7527.028215069671, 7527.028215069671, 7527.028215069671, 7527.028215069671, 7527.028215069671, 7507.577305954838], 
[9006.565406064066, 8990.192874625143, 8990.192874625143, 8398.83260110304, 8398.83260110304, 8398.83260110304, 8398.83260110304, 8309.861574023747, 8309.861574023747, 8195.410713018999, 8195.410713018999, 7704.150105437846, 7704.150105437846, 6911.116552669714, 6911.116552669714, 6911.116552669714, 6911.116552669714, 6911.116552669714, 6911.116552669714, 6911.116552669714], 
[8637.607472017817, 8637.607472017817, 8637.607472017817, 8637.607472017817, 8637.607472017817, 8468.714152101078, 8468.714152101078, 8468.714152101078, 8468.714152101078, 8468.714152101078, 8062.643836673485, 7915.385877001131, 7915.385877001131, 7915.385877001131, 7915.385877001131, 7915.385877001131, 7915.385877001131, 7875.467334264841, 7564.474556583417, 7564.474556583417], 
[8730.941286783465, 8722.009664874178, 8092.12114771279, 8080.409613602427, 8080.409613602427, 8080.409613602427, 7846.682124614232, 7846.682124614232, 7846.682124614232, 7785.4330209138425, 7785.4330209138425, 7785.4330209138425, 7638.699876264333, 7461.390223239699, 7461.390223239699, 7428.480182304024, 7321.114300330271, 7321.114300330271, 7321.114300330271, 7321.114300330271], 
[8649.963903497146, 8649.963903497146, 8175.041993243556, 8078.215420957502, 8078.215420957502, 7950.1408802281585, 7839.60135695683, 7839.60135695683, 7839.60135695683, 7839.60135695683, 7839.60135695683, 7839.60135695683, 7839.60135695683, 7839.60135695683, 7656.4903158027455, 6850.899706369611, 6850.899706369611, 6850.899706369611, 6850.899706369611, 6850.899706369611], 
[8796.027559797432, 8796.027559797432, 8796.027559797432, 7776.497621016045, 7499.065258532761, 7499.065258532761, 7499.065258532761, 7499.065258532761, 7458.735031197208, 7458.735031197208, 7370.795145022375, 7370.795145022375, 7370.795145022375, 7370.795145022375, 6951.853940778689, 6807.697273110744, 6807.697273110744, 6807.697273110744, 6294.568016271883, 5831.8954524544315], 
[8372.452872700376, 8372.452872700376, 8372.452872700376, 7807.289569622312, 7807.289569622312, 7807.289569622312, 7807.289569622312, 7807.289569622312, 7677.910992772494, 7677.910992772494, 7677.910992772494, 7677.910992772494, 7677.910992772494, 7677.910992772494, 7677.910992772494, 7677.910992772494, 7677.910992772494, 7677.910992772494, 7404.981222430867, 7404.981222430867], 
[8896.854685999322, 7868.205784835575, 7868.205784835575, 7760.958693527891, 7319.760733124301, 7319.760733124301, 7319.760733124301, 7185.603051704365, 7125.509832037358, 7080.439136547743, 7080.439136547743, 6877.9909529291135, 6877.9909529291135, 6877.9909529291135, 6853.552397556531, 6791.717241847771, 6789.194201130344, 6762.731082828384, 6495.451241349348, 6480.682799228929], 
[8771.480773649442, 8733.55917563813, 7855.678591150455, 7855.678591150455, 7855.678591150455, 7855.678591150455, 7855.678591150455, 7855.678591150455, 7713.464703752607, 7419.487724481186, 7419.487724481186, 7419.487724481186, 7419.487724481186, 7419.487724481186, 7294.73071314554, 7294.73071314554, 7083.378291206459, 7083.378291206459, 7083.378291206459, 7083.378291206459], 
[8299.99140627183, 8299.99140627183, 8299.99140627183, 8299.99140627183, 8299.99140627183, 8299.99140627183, 7938.818305568131, 7938.818305568131, 7938.818305568131, 7938.818305568131, 7938.818305568131, 7938.818305568131, 7938.818305568131, 7938.818305568131, 7822.628612042713, 7491.95296967761, 7491.95296967761, 7491.95296967761, 7491.95296967761, 7401.326809507399], 
[8494.520583634134, 8494.520583634134, 8359.923603182595, 8359.923603182595, 8025.854529381004, 8025.854529381004, 8000.122983879432, 8000.122983879432, 7703.884385615312, 7703.884385615312, 7703.884385615312, 7703.884385615312, 7520.930777564026, 7520.930777564026, 7520.930777564026, 7506.231492615444, 7506.231492615444, 7438.784655162439, 7438.784655162439, 7057.865477226753], 
[8858.087499758325, 8780.48839567147, 8474.993995877448, 8032.925404620404, 7775.192804318223, 7580.178001929842, 7580.178001929842, 7185.660819407049, 6703.297175177608, 6546.423068216158, 6546.423068216158, 6207.408578032075, 6207.408578032075, 6183.000843794164, 6178.966263049398, 5948.446827736187, 5832.872605352153, 5738.909114317582, 5738.909114317582, 5737.322994600571], 
[8839.322994936447, 8839.322994936447, 8660.805222925115, 7796.654406436074, 7530.113768888602, 7490.277022179259, 7490.277022179259, 7223.5773862705355, 6818.499929509209, 6151.4266636904995, 6151.4266636904995, 6151.4266636904995, 6151.4266636904995, 6027.107763237216, 6027.107763237216, 6027.107763237216, 5894.232892286687, 5686.184878696812, 5646.804456191145, 5638.449437446994], 
[9225.345185648523, 8674.163986474709, 8674.163986474709, 8674.163986474709, 8674.163986474709, 8674.163986474709, 8674.163986474709, 8547.199689753164, 8547.199689753164, 8385.268652010185, 7872.205307943365, 7872.205307943365, 7872.205307943365, 7872.205307943365, 7872.205307943365, 7872.205307943365, 7872.205307943365, 7872.205307943365, 7872.205307943365, 7872.205307943365], 
[9161.668418231366, 8629.75235104866, 8492.234898741197, 8473.268644153843, 8015.008726991368, 8015.008726991368, 8015.008726991368, 7444.213839194114, 7444.213839194114, 7444.213839194114, 7444.213839194114, 7444.213839194114, 7315.117386304155, 7315.117386304155, 7315.117386304155, 7315.117386304155, 7315.117386304155, 7315.117386304155, 7315.117386304155, 7130.97156807339], 
[8731.137418322032, 7630.85943470827, 7630.85943470827, 7630.85943470827, 7630.85943470827, 7630.85943470827, 7630.85943470827, 7630.85943470827, 7630.85943470827, 7630.85943470827, 7630.85943470827, 7630.85943470827, 7630.85943470827, 7630.85943470827, 7630.85943470827, 7630.85943470827, 7630.85943470827, 7344.865557699813, 7344.865557699813, 7162.476656609779], 
[9032.002009795553, 9032.002009795553, 8716.693515071274, 8716.693515071274, 8716.693515071274, 8542.433989025705, 8537.68665263254, 8500.245880180099, 8363.193863030283, 7636.983079082814, 7636.983079082814, 7636.983079082814, 7636.983079082814, 7635.731044831577, 7591.420798760355, 7563.2408812024305, 7563.2408812024305, 7561.819946643019, 7381.875291038108, 7381.875291038108], 
[8825.482828475187, 8298.289203088427, 8298.289203088427, 8080.138572348835, 8080.138572348835, 8080.138572348835, 7865.564650053952, 7865.564650053952, 7865.564650053952, 7660.733182461371, 7420.656905305332, 7307.647825285485, 7307.647825285485, 7307.647825285485, 7252.127485184532, 7252.127485184532, 7252.127485184532, 7252.127485184532, 6952.355084491786, 6783.234540878654], 
[9197.219240644074, 8917.120712049928, 8488.73094232554, 8488.73094232554, 8488.73094232554, 8404.157920795235, 8353.925895143857, 7669.456068503187, 7669.456068503187, 7669.456068503187, 7669.456068503187, 7669.456068503187, 7669.456068503187, 7669.456068503187, 7478.240042966107, 6999.492457540401, 6999.492457540401, 6999.492457540401, 6999.492457540401, 6999.492457540401], 
[8409.187415853377, 8409.187415853377, 7675.379837750346, 7675.379837750346, 7675.379837750346, 7675.379837750346, 7675.379837750346, 7636.598930273462, 7360.331546704597, 7360.331546704597, 6594.032094699872, 6400.59135412686, 6258.144787503077, 5570.501051974752, 5570.501051974752, 5100.404436734942, 5090.537355772635, 4989.41862981259, 4765.957659010921, 4596.572932291347], 
