[4.292794179022162, 3.3872879393886537, 3.3872879393886537, 3.137746661729863, 3.137746661729863, 3.137746661729863, 3.137746661729863, 3.137746661729863, 3.137746661729863, 3.137746661729863, 3.137746661729863, 3.137746661729863, 3.137746661729863, 3.137746661729863, 3.137746661729863, 3.137746661729863, 3.137746661729863, 3.137746661729863, 3.137746661729863, 3.137746661729863], 
[4.8087820694033905, 4.8087820694033905, 3.1949154724727404, 2.3371112916056656, 2.3371112916056656, 2.3371112916056656, 2.3371112916056656, 2.3371112916056656, 2.3371112916056656, 2.3371112916056656, 2.3371112916056656, 2.3371112916056656, 2.3371112916056656, 2.3371112916056656, 2.3371112916056656, 2.3371112916056656, 2.3371112916056656, 2.3371112916056656, 2.3371112916056656, 2.3371112916056656], 
[4.688899837943354, 4.314297512312234, 4.314297512312234, 4.314297512312234, 3.914831644919815, 3.914831644919815, 3.914831644919815, 3.914831644919815, 3.706504970262011, 3.706504970262011, 3.354096183021216, 3.354096183021216, 3.354096183021216, 2.9233914790900903, 2.9233914790900903, 2.9233914790900903, 2.9233914790900903, 2.9233914790900903, 2.9233914790900903, 2.9233914790900903], 
[4.099797695922776, 4.099797695922776, 4.099797695922776, 3.45751714587517, 3.45751714587517, 3.45751714587517, 3.45751714587517, 3.45751714587517, 3.45751714587517, 3.45751714587517, 3.45751714587517, 3.45751714587517, 3.45751714587517, 3.45751714587517, 3.45751714587517, 3.45751714587517, 3.45751714587517, 3.45751714587517, 3.45751714587517, 3.45751714587517], 
[3.633759230130779, 3.633759230130779, 3.2237187950500643, 3.2237187950500643, 3.2237187950500643, 3.2237187950500643, 2.6397384639474106, 2.6397384639474106, 2.6397384639474106, 2.6397384639474106, 2.6397384639474106, 2.6397384639474106, 2.6397384639474106, 2.6397384639474106, 2.6397384639474106, 2.6397384639474106, 2.6397384639474106, 2.6397384639474106, 2.6397384639474106, 2.6397384639474106], 
[3.4797762143685813, 3.4797762143685813, 3.4797762143685813, 3.4797762143685813, 3.4797762143685813, 3.4797762143685813, 3.4797762143685813, 3.4797762143685813, 3.4797762143685813, 3.4797762143685813, 3.4797762143685813, 3.4797762143685813, 3.440685038261348, 3.440685038261348, 3.440685038261348, 3.440685038261348, 2.907061166682437, 2.907061166682437, 2.907061166682437, 2.907061166682437], 
[4.73308684113248, 4.416825463967254, 4.416825463967254, 4.187730170402395, 4.060746114789577, 4.060746114789577, 4.060746114789577, 4.060746114789577, 4.030383734514345, 4.030383734514345, 4.030383734514345, 3.4733681759649184, 3.4733681759649184, 3.4733681759649184, 3.4733681759649184, 3.4733681759649184, 3.4733681759649184, 3.4733681759649184, 3.4733681759649184, 3.4733681759649184], 
[4.014621854764069, 4.014621854764069, 3.4708176879660404, 3.4708176879660404, 3.4708176879660404, 3.4708176879660404, 3.4708176879660404, 3.4708176879660404, 3.4708176879660404, 3.4708176879660404, 3.4708176879660404, 3.401081298425282, 3.401081298425282, 3.401081298425282, 3.401081298425282, 3.401081298425282, 3.401081298425282, 3.401081298425282, 3.401081298425282, 3.401081298425282], 
[4.930343928101214, 4.149749225785493, 4.149749225785493, 4.149749225785493, 3.1918779687013736, 3.1918779687013736, 3.1918779687013736, 3.1918779687013736, 3.1918779687013736, 3.1918779687013736, 3.1918779687013736, 3.1918779687013736, 3.1918779687013736, 3.1918779687013736, 3.1918779687013736, 3.1918779687013736, 3.1918779687013736, 3.1918779687013736, 3.1918779687013736, 3.1918779687013736], 
[2.957950208335377, 2.957950208335377, 2.957950208335377, 2.957950208335377, 2.957950208335377, 2.957950208335377, 2.957950208335377, 2.957950208335377, 2.957950208335377, 2.957950208335377, 2.957950208335377, 2.957950208335377, 2.957950208335377, 2.957950208335377, 2.8225435560744594, 2.8225435560744594, 2.8225435560744594, 2.8225435560744594, 2.8225435560744594, 2.8225435560744594], 
[3.8500173419217254, 3.8500173419217254, 3.8500173419217254, 3.2873692989459213, 3.2873692989459213, 3.2873692989459213, 3.2873692989459213, 3.2873692989459213, 2.636515629178778, 2.636515629178778, 2.636515629178778, 2.636515629178778, 2.636515629178778, 2.636515629178778, 2.636515629178778, 2.636515629178778, 2.636515629178778, 2.636515629178778, 2.636515629178778, 2.636515629178778], 
[3.973320931858731, 3.973320931858731, 3.973320931858731, 3.166207134797427, 3.166207134797427, 3.166207134797427, 3.166207134797427, 3.166207134797427, 3.166207134797427, 3.166207134797427, 3.166207134797427, 3.166207134797427, 3.166207134797427, 3.166207134797427, 3.166207134797427, 3.166207134797427, 3.166207134797427, 3.166207134797427, 3.166207134797427, 3.166207134797427], 
[4.7490847178144655, 4.336124300701669, 4.336124300701669, 4.336124300701669, 3.583838666819782, 3.583838666819782, 3.437306736884041, 3.437306736884041, 3.437306736884041, 3.437306736884041, 3.437306736884041, 3.437306736884041, 3.437306736884041, 3.437306736884041, 3.437306736884041, 3.437306736884041, 3.437306736884041, 3.437306736884041, 3.437306736884041, 3.437306736884041], 
[5.001124194888473, 4.0490528453677825, 4.0490528453677825, 4.0490528453677825, 4.0490528453677825, 4.0490528453677825, 4.0490528453677825, 4.0490528453677825, 4.0490528453677825, 4.0490528453677825, 2.8441617991979884, 2.8441617991979884, 2.8441617991979884, 2.8441617991979884, 2.8441617991979884, 2.8441617991979884, 2.8441617991979884, 2.8441617991979884, 2.8441617991979884, 2.8441617991979884], 
[5.280028573489354, 4.25347898380568, 4.25347898380568, 4.25347898380568, 3.9942572601959636, 3.9942572601959636, 3.5611023213572124, 3.5611023213572124, 3.5611023213572124, 3.5611023213572124, 3.3002357812800875, 3.3002357812800875, 3.3002357812800875, 3.2218226720678005, 3.2218226720678005, 3.2218226720678005, 3.2218226720678005, 3.2218226720678005, 3.2218226720678005, 3.2218226720678005], 
[2.3948659920206254, 2.3948659920206254, 2.3948659920206254, 2.3948659920206254, 2.3948659920206254, 2.3948659920206254, 2.3948659920206254, 2.3948659920206254, 2.3948659920206254, 2.3948659920206254, 2.3948659920206254, 2.3948659920206254, 2.3948659920206254, 2.3948659920206254, 2.3948659920206254, 2.3948659920206254, 2.3948659920206254, 2.3948659920206254, 2.3948659920206254, 2.3948659920206254], 
[4.20749237549976, 3.9502676321839187, 3.9502676321839187, 3.884097053619399, 3.884097053619399, 3.884097053619399, 3.4339724762993566, 3.4339724762993566, 3.4339724762993566, 3.4339724762993566, 2.811802591636004, 2.811802591636004, 2.811802591636004, 2.811802591636004, 2.811802591636004, 2.811802591636004, 2.4007871102907212, 2.4007871102907212, 2.4007871102907212, 2.4007871102907212], 
[5.593936353322789, 4.90016753309204, 2.944579556507065, 2.944579556507065, 2.944579556507065, 2.944579556507065, 2.944579556507065, 2.944579556507065, 2.944579556507065, 2.944579556507065, 2.944579556507065, 2.944579556507065, 2.944579556507065, 2.944579556507065, 2.944579556507065, 2.944579556507065, 2.944579556507065, 2.944579556507065, 2.944579556507065, 2.944579556507065], 
[4.010394048188249, 4.010394048188249, 4.010394048188249, 3.3120659030788113, 3.3120659030788113, 3.3120659030788113, 3.3120659030788113, 3.3120659030788113, 2.609478944717572, 2.609478944717572, 2.609478944717572, 2.609478944717572, 2.609478944717572, 2.609478944717572, 2.609478944717572, 2.609478944717572, 2.609478944717572, 2.609478944717572, 2.609478944717572, 2.609478944717572], 
[3.358208657538049, 3.358208657538049, 3.358208657538049, 3.358208657538049, 3.358208657538049, 3.281505630471812, 3.281505630471812, 3.281505630471812, 3.281505630471812, 3.281505630471812, 3.281505630471812, 3.281505630471812, 3.281505630471812, 3.281505630471812, 3.281505630471812, 3.281505630471812, 3.281505630471812, 3.281505630471812, 3.281505630471812, 3.281505630471812], 
[4.108003695434704, 3.343730245494478, 3.343730245494478, 3.343730245494478, 3.343730245494478, 3.343730245494478, 3.343730245494478, 3.343730245494478, 3.1379086028520953, 3.1379086028520953, 3.1379086028520953, 3.1379086028520953, 3.1379086028520953, 3.1379086028520953, 3.1379086028520953, 3.1379086028520953, 3.1379086028520953, 3.1379086028520953, 3.1379086028520953, 3.1379086028520953], 
[4.4412717494802445, 4.4412717494802445, 4.117247301417869, 4.117247301417869, 4.117247301417869, 2.518245942128904, 2.518245942128904, 2.518245942128904, 2.518245942128904, 2.518245942128904, 2.518245942128904, 2.518245942128904, 2.518245942128904, 2.518245942128904, 2.518245942128904, 2.518245942128904, 2.518245942128904, 2.518245942128904, 2.518245942128904, 2.518245942128904], 
[2.986702934640844, 2.986702934640844, 2.986702934640844, 2.986702934640844, 2.986702934640844, 2.986702934640844, 2.986702934640844, 2.986702934640844, 2.986702934640844, 2.986702934640844, 2.986702934640844, 2.986702934640844, 2.986702934640844, 2.986702934640844, 2.986702934640844, 2.986702934640844, 2.986702934640844, 2.986702934640844, 2.986702934640844, 2.986702934640844], 
[4.2372964340904575, 4.2372964340904575, 3.810096629967908, 3.810096629967908, 3.810096629967908, 3.810096629967908, 3.701100928510594, 3.701100928510594, 3.368123691961217, 3.368123691961217, 2.751751894640734, 2.751751894640734, 1.854325964040596, 1.854325964040596, 1.854325964040596, 1.854325964040596, 1.854325964040596, 1.854325964040596, 1.854325964040596, 1.854325964040596], 
[2.9330090338557886, 2.9330090338557886, 2.399428819457646, 2.399428819457646, 2.399428819457646, 2.399428819457646, 2.399428819457646, 2.399428819457646, 2.399428819457646, 2.399428819457646, 2.399428819457646, 2.399428819457646, 2.399428819457646, 2.399428819457646, 2.399428819457646, 2.399428819457646, 2.399428819457646, 2.399428819457646, 2.399428819457646, 2.399428819457646], 
[4.0079739105083645, 4.0079739105083645, 3.295240862627127, 3.295240862627127, 3.295240862627127, 3.295240862627127, 3.295240862627127, 3.295240862627127, 3.295240862627127, 3.295240862627127, 3.295240862627127, 3.295240862627127, 3.295240862627127, 3.295240862627127, 3.295240862627127, 3.295240862627127, 3.295240862627127, 3.295240862627127, 3.295240862627127, 3.295240862627127], 
[4.252049225728537, 4.252049225728537, 4.252049225728537, 4.031971371829903, 4.031971371829903, 4.031971371829903, 4.031971371829903, 4.031971371829903, 3.805148761428711, 3.725821674901457, 3.725821674901457, 3.725821674901457, 3.725821674901457, 3.725821674901457, 3.725821674901457, 3.725821674901457, 3.260107926360644, 3.260107926360644, 3.260107926360644, 3.260107926360644], 
[4.629993913895074, 3.7267290501392845, 3.7267290501392845, 3.7267290501392845, 3.7267290501392845, 3.7267290501392845, 3.7267290501392845, 3.7267290501392845, 3.7267290501392845, 3.7267290501392845, 2.6639289738284795, 2.6639289738284795, 2.6639289738284795, 2.6639289738284795, 2.6639289738284795, 2.647407285691274, 2.647407285691274, 2.647407285691274, 2.647407285691274, 2.647407285691274], 
[3.8638291422382625, 3.8638291422382625, 3.8638291422382625, 3.8638291422382625, 3.8638291422382625, 3.8638291422382625, 3.8638291422382625, 3.8638291422382625, 3.8638291422382625, 3.6151579433422194, 3.6151579433422194, 3.6151579433422194, 3.6151579433422194, 3.6151579433422194, 3.6151579433422194, 3.301432212929201, 3.301432212929201, 3.301432212929201, 3.301432212929201, 3.301432212929201], 
[4.205406820528704, 3.49425799468984, 3.49425799468984, 3.49425799468984, 3.49425799468984, 3.49425799468984, 3.49425799468984, 3.49425799468984, 3.49425799468984, 3.49425799468984, 3.49425799468984, 3.49425799468984, 3.49425799468984, 3.49425799468984, 3.49425799468984, 3.49425799468984, 3.49425799468984, 3.3200423550373044, 3.3200423550373044, 3.3200423550373044], 
