[2189.719850505828, 2126.3444989182817, 452.548328260099, 441.71646170523184, 428.20135930140384, 412.6824655917999, 412.6824655917999, 412.6824655917999, 396.69114319838854, 396.69114319838854, 394.91320257196264, 394.91320257196264, 386.5481490674481, 386.5481490674481, 373.4010803847706, 373.4010803847706, 352.07274119366133, 352.07274119366133, 348.2078644586843, 348.2078644586843], 
[2161.900898635328, 2096.375232009741, 461.26686712058495, 404.08238857188553, 379.34349302276723, 379.34349302276723, 379.34349302276723, 379.34349302276723, 368.47686968123696, 363.7788879756786, 363.7788879756786, 330.8847850930214, 330.8847850930214, 317.4810680050022, 317.4810680050022, 317.4810680050022, 317.4810680050022, 317.4810680050022, 317.36790759936116, 317.36790759936116], 
[2189.4284800928353, 2158.744095812413, 432.88510361085537, 368.19973405464617, 368.19973405464617, 368.19973405464617, 368.19973405464617, 368.19973405464617, 354.348779777016, 341.73137650659106, 341.73137650659106, 333.57955165777673, 330.2300840988601, 314.01559598176857, 314.01559598176857, 314.01559598176857, 314.01559598176857, 314.01559598176857, 298.3455177392519, 298.3455177392519], 
[2179.033160994153, 2179.033160994153, 424.0805184202988, 420.84985345836856, 414.93572447515186, 395.36694231458625, 354.8074157283507, 354.8074157283507, 354.8074157283507, 354.8074157283507, 354.8074157283507, 354.8074157283507, 341.43978098263875, 334.55942557335277, 324.69492116844924, 324.69492116844924, 322.2718259987821, 321.1542783610538, 303.08024260230684, 291.2136221794305], 
[2226.583494733808, 2202.1428502304816, 434.0095361335832, 434.0095361335832, 434.0095361335832, 424.6392495732746, 424.6392495732746, 415.33537157570584, 406.0367289410895, 387.9492091292759, 387.9492091292759, 371.5041607899118, 371.4940916518584, 364.7910403980794, 361.6850225781659, 350.5672194367352, 350.5672194367352, 350.5672194367352, 339.5725268367181, 339.5725268367181], 
[2259.26557544532, 2079.4520052588546, 410.295951492168, 410.295951492168, 410.295951492168, 391.852451167534, 391.852451167534, 365.8498375453353, 361.4304543587674, 351.71287275313074, 351.71287275313074, 351.71287275313074, 344.5595586207211, 322.53840501949173, 309.6469856758032, 309.6469856758032, 309.6469856758032, 309.6469856758032, 309.6469856758032, 309.6469856758032], 
[2209.1663521194014, 2074.7451353694796, 454.4691518802733, 412.9544280455177, 400.89451807062005, 373.4568107618851, 373.4568107618851, 372.62526201395565, 366.73821553257267, 349.29410315543333, 322.5872746239267, 321.37138003139864, 321.37138003139864, 321.37138003139864, 321.37138003139864, 314.30701445797655, 310.5057298124251, 310.5057298124251, 309.1247372675024, 295.7005116180967], 
[1749.6631186332497, 1749.6631186332497, 475.93320069110905, 439.9201237452091, 397.2520752507661, 394.5094600107851, 394.5094600107851, 392.13006248281744, 382.3279948547853, 382.3279948547853, 374.624702608388, 367.82031621762314, 364.51692049906865, 361.23736251479966, 352.2731733809064, 352.2731733809064, 351.43137192574994, 339.122947416715, 339.122947416715, 339.122947416715], 
[2286.8543684773663, 2266.8927617566455, 453.0063032119374, 401.2648374917383, 385.5660616149337, 383.52951966729086, 376.29218403127686, 376.1519806282963, 357.65704884016026, 350.3594077650696, 330.3655283123609, 330.3655283123609, 330.3655283123609, 330.3655283123609, 330.3655283123609, 327.9129930316016, 327.5678588844556, 327.1293467100368, 327.1293467100368, 313.96580433532347], 
[1575.9606995021259, 1575.9606995021259, 434.20067218260135, 428.8887277123383, 428.74114707057436, 405.8602628317359, 394.6201314134601, 379.00753756289396, 367.23271021856885, 360.70433460452386, 336.39233445879404, 336.39233445879404, 335.0588025589849, 335.0588025589849, 329.74117770562475, 329.74117770562475, 329.74117770562475, 329.74117770562475, 328.4448711855606, 328.4448711855606], 
[2272.8007119892754, 2230.016967927884, 365.3008372100113, 363.56248266043417, 356.71606075627324, 350.21626211975035, 350.21626211975035, 328.8662492679123, 328.8662492679123, 326.8795839558078, 309.6678270582428, 301.123660811841, 299.90259507317955, 299.90259507317955, 299.90259507317955, 297.62808684362074, 287.5810180552819, 277.70405201375524, 277.70405201375524, 271.12982440366284], 
[2387.9543918263453, 2119.8560249892926, 418.2480117672059, 418.2480117672059, 414.1953412703943, 414.1953412703943, 381.59545068123634, 373.69014298000957, 373.69014298000957, 365.64287051175086, 305.1471167909547, 301.845681172122, 301.845681172122, 290.9601431618885, 290.49883652816555, 290.49883652816555, 290.49883652816555, 290.49883652816555, 290.49883652816555, 272.65409647565696], 
[1983.674747912496, 1983.674747912496, 463.92073558441837, 437.98514167515054, 432.3485617106616, 402.9764218933866, 402.9764218933866, 402.65286291276675, 400.9720619409841, 374.1734788043184, 366.9199578794091, 360.82693831111067, 360.5947833882757, 360.5947833882757, 348.2951034491294, 348.2951034491294, 341.96844024218296, 333.5812862588065, 333.5812862588065, 331.8078976551249], 
[2052.569829350588, 1982.8302588442084, 426.69492185903084, 426.69492185903084, 365.9898086456909, 365.9898086456909, 362.49170805701783, 338.08368378459596, 337.2748374270528, 337.2748374270528, 335.43969649635073, 329.82298246427274, 329.82298246427274, 329.82298246427274, 312.7033888330556, 309.2456141502198, 309.2456141502198, 309.2456141502198, 309.2456141502198, 303.8386196414441], 
[2192.351017677601, 2132.3039579715823, 407.27158455317016, 404.9372541742705, 399.7618380280527, 381.01732090418784, 381.01732090418784, 380.8410074534151, 380.8410074534151, 380.8410074534151, 379.56650437929727, 369.54174157803334, 369.54174157803334, 369.54174157803334, 369.54174157803334, 361.7092716594648, 358.62096982373214, 343.51908886601376, 332.6615261933682, 332.6615261933682], 
[2089.104474626773, 2089.104474626773, 443.91893593109705, 420.9065106403764, 420.9065106403764, 418.0705659946744, 404.2536988655602, 404.2536988655602, 373.58819139851494, 365.5000031631638, 364.786395659395, 356.03764694071435, 356.03764694071435, 344.5564655856358, 344.5321000678774, 342.15348024554817, 333.93315380697356, 332.85457717742054, 332.49700634309477, 332.49700634309477], 
[2100.8768614266564, 2100.8768614266564, 447.4536986605141, 441.4000867078814, 395.7244886053295, 389.96121012117953, 389.96121012117953, 382.66081521348383, 349.23951436864263, 349.23951436864263, 349.23951436864263, 349.23951436864263, 348.8575782802055, 339.44109832251183, 339.44109832251183, 339.44109832251183, 339.44109832251183, 339.44109832251183, 339.44109832251183, 335.3506581757477], 
[1945.110893155961, 1945.110893155961, 470.8567894855013, 464.38482410009215, 444.0234296494435, 441.3648812953347, 416.90254823789905, 416.1752901747151, 406.7679804412784, 386.54070616383905, 381.7721987856211, 369.3338343715003, 369.2743764249368, 358.44273517082, 358.44273517082, 358.44273517082, 358.44273517082, 351.975593897459, 342.9221062172126, 342.9221062172126], 
[2094.4523378362032, 2094.4523378362032, 379.4252386391771, 379.4252386391771, 370.74682721943157, 370.74682721943157, 349.5871327595503, 349.5871327595503, 337.62223238958495, 337.62223238958495, 315.3103423811142, 315.3103423811142, 315.3103423811142, 315.3103423811142, 306.8404815277998, 296.52391230611534, 296.52391230611534, 296.52391230611534, 296.52391230611534, 296.52391230611534], 
[2381.1002221499252, 2260.8318232674437, 448.37169970444563, 448.37169970444563, 448.37169970444563, 396.43345881128596, 396.43345881128596, 396.43345881128596, 390.22604257464207, 390.22604257464207, 389.37026004960114, 379.04513120006953, 360.32465756773684, 360.32465756773684, 358.0759162544681, 349.51744523238824, 348.1368433363766, 348.1368433363766, 345.5257296408355, 336.7451701961187], 
[1551.6248141166568, 1527.9965525928233, 411.6360012190752, 411.49701361452946, 411.49701361452946, 361.6258014865698, 350.94091577158304, 350.94091577158304, 335.0433961902645, 335.0433961902645, 335.0433961902645, 335.0433961902645, 335.0433961902645, 335.0433961902645, 330.60224373923467, 323.8815267898769, 323.8815267898769, 318.1286086413553, 318.1286086413553, 305.2034755381491], 
[2485.8250800777823, 2425.5210855484297, 475.74048473823177, 431.7663938426855, 431.7663938426855, 394.10515296469345, 392.01109171580913, 392.01109171580913, 371.7439009423234, 371.7439009423234, 371.7439009423234, 371.7439009423234, 369.55434771462274, 358.23705422033134, 318.2803797199109, 318.2803797199109, 318.2803797199109, 318.2803797199109, 318.2803797199109, 318.2803797199109], 
[2076.9695717793006, 2012.028159680684, 356.08469050117765, 356.08469050117765, 348.0337940990131, 348.0337940990131, 342.163526016403, 342.163526016403, 342.163526016403, 342.163526016403, 325.96737062949717, 325.96737062949717, 325.96737062949717, 322.37057624756756, 322.37057624756756, 298.19672636257513, 298.19672636257513, 293.8987432391092, 286.1767331691168, 286.1767331691168], 
[2216.8944938165505, 2189.8391650378953, 479.183970505935, 475.53516921842225, 448.77171690296495, 440.80572887883085, 426.23835781094044, 416.4767037708038, 409.848931439937, 387.34863386508084, 383.8798984945179, 381.35310977416236, 380.8697041100969, 380.8697041100969, 380.8697041100969, 375.54393003928055, 374.2307081291464, 366.100785321469, 366.100785321469, 355.5475471790543], 
[2280.5031764654445, 2215.2180778475126, 456.2495880066334, 456.2495880066334, 456.2495880066334, 407.78311136925527, 388.0147579845345, 372.3679818648553, 372.3679818648553, 372.3679818648553, 369.9953923545512, 366.70533174619095, 356.57633538696615, 305.53991969859726, 305.53991969859726, 305.53991969859726, 305.53991969859726, 305.53991969859726, 302.78486655917186, 298.9363841884874], 
[1987.141428275672, 1987.141428275672, 425.60163407734, 425.60163407734, 409.738649972835, 403.74550570118515, 403.74550570118515, 402.5804704721555, 401.6411523644541, 359.1791922389516, 359.1791922389516, 359.1791922389516, 359.1791922389516, 359.1791922389516, 359.1791922389516, 339.62454506340026, 339.62454506340026, 339.62454506340026, 339.62454506340026, 339.62454506340026], 
[2108.1048334597162, 1980.542516818622, 457.4355101088752, 457.4355101088752, 456.5592357915877, 437.5953614563309, 425.7751454044694, 422.8958220628581, 371.915161890062, 371.915161890062, 371.915161890062, 370.75628954620015, 368.5919820065948, 364.7337692634894, 353.5051700606285, 353.5051700606285, 353.5051700606285, 352.0186450142985, 343.67193815060784, 335.4648960110859], 
[2295.3701398090993, 2147.779791673239, 421.54131759857296, 410.9383147930427, 386.11736157262135, 386.11736157262135, 349.151172041369, 315.81203208294187, 306.41447020075526, 306.41447020075526, 306.41447020075526, 306.41447020075526, 306.41447020075526, 301.2437571601429, 299.0875154626974, 282.2709156426329, 282.2709156426329, 282.2709156426329, 282.2709156426329, 282.2709156426329], 
[2246.583320918154, 2246.583320918154, 460.87837888340437, 437.48149991905524, 409.6868885253782, 405.76671234148887, 383.4654749773266, 383.4654749773266, 383.4654749773266, 382.2731665019972, 382.2731665019972, 378.27070369119957, 372.4401181405037, 355.5778443804786, 355.5778443804786, 355.5778443804786, 347.7376498055262, 347.7376498055262, 346.4985632110518, 339.2192673274399], 
[1992.9804254921887, 1951.482875185194, 425.01254046199904, 425.01254046199904, 398.1806619912169, 398.1806619912169, 390.94743888820705, 390.94743888820705, 390.94743888820705, 381.9861976214375, 381.9861976214375, 381.9861976214375, 376.16633031923726, 371.42148586802625, 359.9853962448509, 358.9953285454672, 355.1948111531161, 355.1948111531161, 348.7421016644564, 348.7421016644564], 
