[2162.1667741574906, 2162.1667741574906, 457.14959218213477, 426.1386600133119, 419.615356509857, 419.615356509857, 409.8369712410513, 397.03407687359544, 379.70869420562667, 379.70869420562667, 379.70869420562667, 379.70869420562667, 374.6254213907588, 363.4147839566374, 348.60746034351484, 348.60746034351484, 348.60746034351484, 345.669305371973, 345.669305371973, 345.669305371973], 
[2198.3399697105283, 2195.2789897859006, 422.09201746538486, 422.09201746538486, 392.34401043368916, 368.68401090628106, 368.68401090628106, 368.68401090628106, 344.42187273002924, 344.42187273002924, 344.42187273002924, 338.6463597408231, 338.6463597408231, 336.2063513738327, 336.2063513738327, 336.2063513738327, 332.5740435966607, 332.5740435966607, 332.5740435966607, 326.88819529231296], 
[1804.6309230836457, 1720.1864252869693, 394.8315526616809, 373.3150657451696, 373.3150657451696, 344.1183132590372, 344.1183132590372, 342.1323707838043, 342.1323707838043, 336.1275192169687, 336.1275192169687, 317.0550852460516, 317.0550852460516, 296.8532893322139, 296.8532893322139, 296.8532893322139, 296.8532893322139, 296.8532893322139, 296.8532893322139, 296.8532893322139], 
[2208.594686949523, 2208.594686949523, 478.5500911616398, 439.5178169103734, 420.71566449753965, 420.71566449753965, 394.6078110720724, 394.6078110720724, 380.15011792850726, 380.15011792850726, 380.15011792850726, 380.15011792850726, 368.09891980774313, 368.09891980774313, 368.09891980774313, 368.09891980774313, 368.09891980774313, 366.93243189262614, 365.6622322648956, 365.6622322648956], 
[2235.6065703805393, 2074.104762460179, 372.98067201726906, 372.98067201726906, 372.98067201726906, 365.57350835811576, 362.8344483206945, 360.13435390270496, 343.5035762488096, 343.5035762488096, 343.5035762488096, 341.09496206487745, 341.09496206487745, 312.7726081470461, 312.7726081470461, 312.7726081470461, 312.7726081470461, 291.203996083535, 291.203996083535, 291.203996083535], 
[2105.520999663413, 2105.520999663413, 416.5476784746368, 409.9922338486897, 392.12972458144475, 392.12972458144475, 392.12972458144475, 365.3082619048921, 365.3082619048921, 365.3082619048921, 365.3082619048921, 354.1163975047655, 341.82035140456924, 341.82035140456924, 341.82035140456924, 334.1643637266742, 328.4908511431015, 328.4908511431015, 327.28840329047614, 327.28840329047614], 
[1993.451668048355, 1955.6349065603467, 498.09079443783054, 468.25761647795315, 445.1107106880724, 411.8071102450276, 411.8071102450276, 411.8071102450276, 387.2639559976727, 387.2639559976727, 387.2639559976727, 387.2639559976727, 387.2639559976727, 387.2639559976727, 369.95074350195625, 369.95074350195625, 369.95074350195625, 369.95074350195625, 369.95074350195625, 359.1209512655189], 
[1940.6053974246204, 1940.6053974246204, 434.8591329806195, 401.3039906528472, 365.5865757433976, 365.5865757433976, 365.5865757433976, 365.5865757433976, 365.5865757433976, 365.5865757433976, 361.9630552425058, 361.9630552425058, 346.6999705564132, 346.6999705564132, 346.6999705564132, 346.6999705564132, 346.6999705564132, 346.6999705564132, 338.5741590561938, 294.8601347318039], 
[2137.4273215205376, 1979.958944964156, 468.27742671707983, 417.2384613533511, 410.40639609702197, 392.6240800956788, 392.6240800956788, 392.6240800956788, 384.5129421515778, 373.59893637522055, 369.41998722822206, 369.41998722822206, 364.92968547136024, 347.1207397506938, 331.69982663229644, 331.69982663229644, 331.69982663229644, 331.69982663229644, 331.69982663229644, 331.69982663229644], 
[2191.109071831847, 1957.5641591917347, 427.59224879160456, 408.9291341570775, 403.72150842907763, 400.2120172337102, 394.42416540979525, 386.00191250748253, 379.62194820989623, 372.7809350023348, 372.7809350023348, 325.4961578882102, 325.4961578882102, 325.4961578882102, 325.4961578882102, 325.4961578882102, 325.4961578882102, 325.4961578882102, 325.4961578882102, 325.4961578882102], 
[2221.3384002951675, 2098.638359386571, 417.03113879263276, 417.03113879263276, 403.2357783795792, 382.1505325652663, 382.1505325652663, 382.1505325652663, 362.40320367920935, 362.40320367920935, 362.40320367920935, 338.12759676399446, 332.38984828517454, 332.38984828517454, 332.38984828517454, 332.38984828517454, 329.57623285163606, 329.57623285163606, 329.57623285163606, 329.57623285163606], 
[2237.3934304975437, 2237.3934304975437, 405.2345609246006, 405.2345609246006, 405.2345609246006, 384.75526563613556, 361.8623695888846, 354.712753653218, 344.14976439072086, 344.14976439072086, 344.14976439072086, 328.4148710303027, 328.4148710303027, 328.4148710303027, 324.20917874400584, 324.20917874400584, 310.5111640273138, 310.5111640273138, 299.3740082395427, 299.3740082395427], 
[2329.9348405239434, 2240.353532357901, 462.59368776849703, 462.59368776849703, 432.80111652492855, 415.3971433051504, 415.3971433051504, 415.3971433051504, 415.3971433051504, 415.1417305421128, 415.1417305421128, 405.5589581585135, 397.8987370498891, 397.8987370498891, 397.8987370498891, 388.85908365317107, 388.85908365317107, 388.85908365317107, 368.83574047715854, 368.83574047715854], 
[2136.4748645280315, 2136.4748645280315, 413.45909969376885, 388.55622643539783, 388.55622643539783, 388.55622643539783, 376.06401059038296, 357.3922955474312, 357.3922955474312, 357.3922955474312, 328.5227710120155, 327.26628927789784, 327.26628927789784, 327.26628927789784, 327.26628927789784, 327.26628927789784, 327.26628927789784, 327.26628927789784, 308.42854768961445, 308.42854768961445], 
[1882.5457229896392, 1877.1884776646143, 427.19070464152696, 382.8018574122393, 369.6775362467509, 369.6775362467509, 369.14169021030114, 324.7604088190761, 324.7604088190761, 324.7604088190761, 324.7604088190761, 324.7604088190761, 324.7604088190761, 324.7604088190761, 324.7604088190761, 296.2468926065262, 283.16974950091094, 283.16974950091094, 283.16974950091094, 283.16974950091094], 
[2234.559819709096, 2174.7452952912126, 467.4574260797108, 443.8756550789916, 396.0059773960875, 387.02655567226964, 387.02655567226964, 375.2100013071472, 375.2100013071472, 375.2100013071472, 353.3999871504328, 353.3999871504328, 353.3999871504328, 353.3999871504328, 353.3999871504328, 353.3999871504328, 346.1148781868995, 346.1148781868995, 346.1148781868995, 346.1148781868995], 
[2232.253567674618, 2232.253567674618, 451.7057796377373, 451.7057796377373, 435.3951127232574, 427.0791053377526, 390.28519350955, 390.28519350955, 390.28519350955, 389.4030731245349, 387.1081790976125, 387.1081790976125, 372.8192475339617, 372.8192475339617, 372.8192475339617, 357.94252022861303, 357.94252022861303, 357.94252022861303, 357.3239207419308, 357.3239207419308], 
[2163.342130553588, 2055.4979512679774, 444.8030076730347, 444.8030076730347, 425.0922513744477, 368.7445491256233, 368.7445491256233, 368.7445491256233, 347.7498635767172, 347.7498635767172, 347.7498635767172, 345.6658967902338, 336.0325878928442, 336.0325878928442, 336.0325878928442, 336.0325878928442, 336.0325878928442, 336.0325878928442, 332.12636047964463, 332.12636047964463], 
[2170.9488233839284, 2081.791659152584, 465.2531470631237, 421.21825785544166, 421.21825785544166, 421.21825785544166, 409.02955879117997, 409.02955879117997, 372.7753133497394, 369.26650174691525, 369.26650174691525, 369.26650174691525, 369.26650174691525, 369.26650174691525, 369.26650174691525, 363.868532168608, 363.868532168608, 363.868532168608, 363.868532168608, 363.868532168608], 
[2291.1535536231645, 2167.429527191615, 415.2737386361471, 358.4572817279656, 358.4572817279656, 358.4572817279656, 349.4626401777381, 335.12488757184474, 335.12488757184474, 306.39706401134777, 306.39706401134777, 306.39706401134777, 296.769567726176, 296.769567726176, 296.769567726176, 296.769567726176, 296.769567726176, 296.769567726176, 296.769567726176, 296.769567726176], 
[2124.1405808906297, 1714.5793622736628, 447.76907048034445, 428.5922401654435, 404.08288385659444, 387.3845284269114, 378.5273187022614, 363.4306233892514, 363.4306233892514, 337.3874813948933, 337.3874813948933, 337.3874813948933, 336.4336958488268, 336.4336958488268, 336.4336958488268, 336.4336958488268, 336.4336958488268, 336.4336958488268, 336.4336958488268, 336.4336958488268], 
[2298.239380862391, 2001.3875098439066, 408.10485485687013, 408.10485485687013, 408.10485485687013, 384.9601609436073, 384.9601609436073, 376.62876678320356, 362.95215311371896, 362.95215311371896, 362.95215311371896, 357.1663698894369, 345.5014626077114, 345.5014626077114, 328.02208464408625, 328.02208464408625, 328.02208464408625, 326.5483564750151, 326.5483564750151, 326.5483564750151], 
[2251.2109642104883, 2251.2109642104883, 429.2605833560636, 402.5477534547965, 366.70972347143356, 317.08697052263256, 317.08697052263256, 317.08697052263256, 317.08697052263256, 317.08697052263256, 317.08697052263256, 317.08697052263256, 317.08697052263256, 317.08697052263256, 317.08697052263256, 317.08697052263256, 317.08697052263256, 317.08697052263256, 317.08697052263256, 317.08697052263256], 
[2013.622058932448, 1984.1254861897405, 467.61482811618964, 450.0486621470974, 424.7536948878603, 424.7536948878603, 414.99696434849716, 414.99696434849716, 412.25002624377265, 398.1561724134557, 380.5752018233518, 380.5752018233518, 380.5752018233518, 380.5752018233518, 380.5752018233518, 380.5752018233518, 377.63009904910456, 377.63009904910456, 377.63009904910456, 366.66153619599174], 
[2482.5134580694103, 2375.747682656806, 462.9730109002105, 448.1146233489427, 433.88731941555665, 424.23065800592343, 417.46567696750947, 387.6491422531136, 387.6491422531136, 380.64069156157063, 380.64069156157063, 380.64069156157063, 378.049068586992, 378.049068586992, 364.15621233985877, 364.15621233985877, 355.4647388045835, 355.4647388045835, 355.4647388045835, 344.3495983575025], 
[2002.6100333898771, 2002.6100333898771, 429.76654849411887, 420.5897558494182, 403.12570144727334, 374.6254031443193, 374.6254031443193, 374.6254031443193, 369.42157740531263, 364.57203547201385, 342.1692479949866, 342.1692479949866, 342.1692479949866, 342.1692479949866, 342.1692479949866, 324.5774651928479, 323.9829806591822, 323.9829806591822, 323.9829806591822, 323.9829806591822], 
[2215.116795072181, 2196.751247630974, 497.6285962653278, 449.0735572330458, 449.0735572330458, 449.0735572330458, 420.1359426444692, 405.5358816119375, 405.5358816119375, 405.5358816119375, 401.44827741482015, 393.54356754379216, 391.46785045713665, 372.0532916155931, 372.0532916155931, 364.47339827215166, 364.47339827215166, 336.26336343534626, 336.26336343534626, 336.26336343534626], 
[2162.13945177432, 2130.9308902125154, 551.2427226435075, 520.6958470235252, 489.9472755677986, 478.4323745401064, 471.2413736960058, 448.5570904309864, 448.5570904309864, 448.3982290505237, 400.59881433829173, 400.59881433829173, 400.59881433829173, 400.59881433829173, 400.59881433829173, 400.59881433829173, 375.7023700644527, 375.7023700644527, 375.7023700644527, 375.7023700644527], 
[2088.9520488349945, 2088.9520488349945, 419.7345234171491, 419.7345234171491, 389.3163741497033, 382.40761415255145, 377.3406726645554, 377.3406726645554, 363.39004219052117, 363.39004219052117, 352.9815388497457, 352.9815388497457, 341.40591436649106, 341.40591436649106, 341.40591436649106, 341.40591436649106, 341.40591436649106, 335.77586997121017, 335.77586997121017, 335.77586997121017], 
[2045.5986129384225, 2045.5986129384225, 436.10011757701807, 396.3834573897655, 367.00147030766146, 367.00147030766146, 367.00147030766146, 367.00147030766146, 367.00147030766146, 367.00147030766146, 353.8558867029678, 353.8558867029678, 352.99777654003003, 352.99777654003003, 342.5279188193348, 342.5279188193348, 342.5279188193348, 330.4997946248176, 330.4997946248176, 330.4997946248176], 
