[5088999.183496179, 4757540.467676681, 77164.80180832779, 75051.3465872176, 45580.79266712363, 37532.23880115558, 28971.10172113703, 24851.422575724187, 19161.175796143994, 13769.507518776574, 13070.538185745818, 11552.751008043608, 9015.236151815157, 7978.519069487262, 7050.522232291149, 6706.705976140405, 5600.319794032768, 4852.682008034401, 4041.4880397215284, 3672.9271188370108], 
[3455662.7427430167, 3338170.669627484, 30052.468421348538, 28123.846488563693, 21402.990250468723, 16997.134646713796, 13272.827548409738, 11106.446786690269, 8380.22098505563, 7691.376014325298, 6417.700779224198, 5390.570264009353, 4891.032213078013, 4396.7844870343, 3559.4533188027413, 3191.0634667555637, 2771.6941776977415, 2479.9836905437755, 2065.0464296641208, 2008.835618797003], 
[2720437.4603723017, 2122320.0977740358, 34209.29394273348, 22465.734445010246, 22465.734445010246, 16879.556361569077, 12541.84081571333, 9881.18133454625, 7785.571920204515, 6708.429241867171, 5426.4816328726065, 5319.912327101462, 4024.3757137856896, 3523.4499838511483, 3204.1180521337456, 2696.4795283537064, 2044.379814993523, 1891.3812670956875, 1665.328568054623, 1559.2596351731615], 
[2944475.930572038, 2936979.065636646, 66904.44633430612, 51916.70808739809, 23730.092821598908, 23730.092821598908, 23730.092821598908, 18470.1610248925, 15915.899345691902, 13264.759669438363, 12362.260240768033, 8622.219967532108, 7943.115606628306, 7311.827349748801, 6379.752403020084, 5418.752783057374, 4495.4356577461085, 4119.717342690334, 3526.7457911679785, 3131.116265234095], 
[2305075.091093391, 2305074.250292735, 35158.64413110488, 24776.283934036557, 20922.03996751016, 18283.652178443466, 15819.275554268588, 11041.443611720455, 9121.906347805556, 8314.88479140714, 7327.695172923326, 5812.515918015693, 4374.447383741133, 3776.998290937013, 3523.091708688494, 3222.9214419013083, 2675.2964793654364, 2480.7142803936626, 2080.694222438986, 1715.8012053565744], 
[3185206.090527911, 2972503.89228772, 44887.017353944575, 32428.080959030533, 25920.31965063714, 22456.667130641425, 16763.84732897173, 13333.350045868037, 10282.587514834417, 8379.53859760452, 5871.963932295376, 5489.61143002253, 4628.483970819759, 4386.930700414203, 3730.393611936388, 3108.8810934972066, 3006.685959220348, 2770.4717775378895, 2394.935847838119, 2032.3245936589528], 
[1055688.6677571891, 1038071.7521285497, 53764.37671021853, 37241.0181925873, 34390.68310115761, 29270.79886860314, 19621.5972712043, 18085.40950681352, 13299.828575908872, 11313.009393027707, 9211.183150480654, 7525.293615434576, 6355.6072531855125, 6025.389123606621, 3990.043757111041, 3981.877209474882, 3753.5836933802016, 3157.742641133739, 2619.8895644456975, 2496.7477435658247], 
[3679785.284855989, 3679785.284855989, 28567.702169556585, 21008.8069921375, 16273.50946578123, 12041.456872219364, 7892.419669274364, 7398.221566497773, 5970.992739625367, 4622.081985193699, 3964.1007174256233, 3365.337689844216, 3114.8434045980116, 2718.9261791001795, 2402.2114082270905, 2107.45998891411, 1797.4839450216573, 1669.5377078350066, 1513.8353854508384, 1281.6023982875492], 
[4719564.526278671, 1391364.3056184652, 51624.79521303428, 44021.926129213694, 29359.229962540583, 19489.396296349707, 17449.379073759213, 13456.775062339222, 10926.795970443955, 8954.434233916047, 7365.520988031219, 6406.483766527746, 5271.613613133209, 4625.754317626396, 3894.686623858439, 3600.0742443037234, 3051.354555966908, 2885.1006234117813, 2326.262757214477, 2239.6317305309904], 
[1162551.153494143, 1162551.153494143, 43898.6358834674, 31940.21888992013, 29632.043441815946, 23143.477120542717, 18070.275284304455, 13695.75614057736, 10810.18165069946, 9688.425453507365, 7356.375585993901, 7300.170484609203, 6364.696671534302, 5584.4726583298225, 4772.444102615181, 4136.057271269025, 3772.6720105600857, 3126.7623540513487, 2957.4734203823023, 2496.6966314795], 
[1096375.7509086796, 1096375.7509086796, 23047.77387638022, 22100.155781429115, 15085.862705311956, 11076.345805314633, 9161.495206417952, 8695.375886772765, 6847.71656407295, 5511.529026838353, 4751.528877879681, 4139.920743639549, 3580.086174792953, 3017.8055448566433, 2706.9304890075086, 2392.6704297052747, 1951.812175110488, 1801.578751705295, 1775.3730241252815, 1545.9816404136955], 
[2122065.0637115682, 1726310.5728909373, 49778.30681083468, 33481.16955694312, 33481.16955694312, 25314.814648638036, 18035.725897610664, 14023.633922531095, 11295.457310387319, 9317.956739670935, 8605.530681470169, 6662.131666712062, 4825.1835925647965, 4719.85509671474, 4633.339018584323, 3808.2267825903928, 3462.571180586724, 2871.000200384244, 2629.3288734568714, 2055.4239870235865], 
[2999910.5025282763, 2999910.5025282763, 50786.759424183256, 39712.29722561374, 33967.7078623796, 25584.440746813485, 19832.396997258027, 17747.18146227746, 13749.074683120412, 11039.811453413622, 10289.312549512193, 8979.796952775538, 7514.970868362318, 6508.905521258253, 5970.744000942072, 5327.198997936341, 4717.153060730557, 4345.887499388506, 3793.0283447697916, 3226.7152656755893], 
[3058429.772586669, 2901117.0027926783, 47425.87983261795, 34275.697327265276, 29858.519810272785, 25960.405294539596, 18613.988130099355, 15390.175146504129, 11956.120112108849, 9382.157566691674, 9057.098132027142, 8038.166465404071, 6403.430234118384, 5881.570283894062, 5001.680494567808, 4642.124896429704, 4195.750266867632, 3453.890661526071, 3165.274039535127, 2838.8044503617925], 
[5847172.531080845, 4544921.322933364, 54289.01583234581, 37434.713206690285, 29300.24064978535, 25307.44694765838, 19161.36839177707, 15265.049614260173, 12885.734192508577, 8296.826779872163, 7219.782453593465, 6863.036997800143, 6121.756752055372, 4888.655819137413, 4300.732365462629, 3878.367142986052, 3565.53784718528, 3238.271169673704, 2777.2988421592927, 2433.364582389423], 
[3987950.1945836563, 3987950.1945836563, 56811.0553549921, 39807.717638677655, 29308.531786049964, 26091.96126937903, 19967.819458427897, 15675.530449508993, 15495.107618416265, 9856.580156450977, 9280.301972962028, 7905.0645573391985, 6937.380318151265, 5949.092632774856, 5243.889808770621, 4640.7587581912385, 3906.2072449503653, 3560.8259758321615, 3163.030895410578, 2905.4190625570664], 
[6619194.1820844095, 1523936.1159828107, 56181.681331152395, 34559.52081904893, 31985.997812974452, 25252.311935962694, 18515.71467124938, 15574.830079776188, 12557.933663661443, 9728.67583725734, 9594.000108074675, 7451.625756193156, 6760.066700743774, 5132.390220884057, 4907.872779682577, 3657.5293475676726, 3612.6923642249517, 3474.565721297731, 2832.5643896519928, 2683.9108137071767], 
[3079560.6344598522, 3079560.6344598522, 45171.52916638817, 45171.52916638817, 29039.717345053967, 27950.710740926635, 22178.02298913738, 16731.304631606818, 13327.446092928045, 11379.60875296384, 10097.93101247454, 8299.083784411832, 7739.046964952089, 6653.023749039907, 6064.309327768196, 4851.433466310278, 4673.276317802847, 4231.867896589076, 3940.3536902688493, 3383.9495995055386], 
[5547986.292289688, 5547986.292289688, 55134.737502979, 51166.212877324484, 36982.35643191857, 33058.70014743691, 21368.025999838475, 20439.32447036979, 15328.630590325498, 13942.939782225521, 10971.41625572328, 9478.044483103478, 8837.074370266953, 7851.426655152255, 6697.658092351801, 5707.786431049426, 5086.2058247488285, 4555.309797358045, 3669.492097440403, 3484.2744912353], 
[2894544.092469043, 2894544.092469043, 38760.92854485003, 32999.26335772323, 27291.150071715725, 21620.163135039198, 16662.922076267583, 14606.629817991849, 10351.59201528281, 9155.085194115105, 7395.101438740991, 6350.724294176197, 5332.138584046331, 5149.158080195425, 4422.132182510529, 4065.8528303791213, 3728.201290044512, 3335.4598419248314, 2985.0020387642894, 2580.7882388374346], 
[2393025.680016151, 1377766.5072156573, 39631.31096526426, 38808.15383583666, 25756.50197351296, 25725.873137326227, 20092.073286574254, 15139.698604185856, 10211.493673436033, 10031.728884728056, 8763.351774588036, 6941.198010679296, 5763.910422549141, 5501.941269566941, 4995.515895507435, 3977.0621330504946, 3540.9265376258304, 2992.566264103451, 2654.400081320939, 2405.7880328772862], 
[3002939.738589741, 771402.1947654882, 36085.26148930354, 32778.139419647225, 23004.360024268095, 18560.656325108546, 12281.10083337805, 12026.790090432252, 9030.498905588665, 7608.901768148217, 5910.818605414874, 5069.589893314799, 4573.216574140654, 3829.449060304469, 2985.706829995255, 2753.2511268579087, 2737.3363893350615, 2089.7188932616227, 2026.3475875718834, 1786.3244197352894], 
[1636543.6768905811, 1636538.883989998, 42575.18281212975, 32260.12379669302, 23953.22445049287, 17919.537832403268, 14458.970120166457, 11125.951123733592, 8820.747827011146, 7227.39128349078, 5713.073299592899, 4581.1250271033705, 4231.6593228871525, 3459.542108093199, 3366.43801708844, 2773.0409389605743, 2419.306193712993, 2169.3449796892055, 1841.6054254429107, 1649.603856011562], 
[1746597.8253130957, 1746597.8253130957, 35725.363132661136, 29742.632882055357, 26521.210798948498, 21624.914801802002, 17852.921209332086, 14267.659998773372, 12607.18874345229, 10344.501769402767, 9046.511609673733, 8236.708372106494, 7390.683948889711, 6244.886190341268, 5521.931251437256, 4933.063746170517, 4382.619303818812, 3754.7126038668207, 3422.8308146183576, 2930.090510907657], 
[5295389.31926803, 4219532.545232074, 60527.149246478664, 57763.539885524806, 43068.919806094986, 27572.77613397804, 25483.349093769073, 20188.83219010022, 15983.284528087792, 12455.611084102613, 10790.040422597835, 8354.214148208172, 7453.951501681862, 5914.506392580187, 5914.506392580187, 4793.877434677672, 4773.187916718077, 4273.380100768458, 3668.0071677941287, 2953.238492367003], 
[4622415.366916232, 4077630.006069932, 55096.81703577497, 41556.28832921885, 40209.852926821266, 30621.402031912105, 23119.895735681566, 19461.855286474467, 15336.45520086817, 12797.298370806788, 10881.985902476152, 9359.295459027751, 8128.5256925355225, 7097.348012160693, 6243.161971628944, 5261.700519130677, 4249.258772772123, 4030.200414657567, 3952.596331372509, 3579.207812424964], 
[3127061.9848377127, 3127061.9848377127, 75332.93105514586, 48524.255307092, 39457.750065513814, 30148.006264670163, 27343.914425897474, 25437.954309100634, 18157.78292861223, 15330.308737416333, 13143.152449059822, 11079.017019644001, 9977.317220124829, 7947.537774540034, 7377.413049008873, 6640.047466872457, 5674.070302672383, 4642.10861990419, 4600.494446554805, 3990.8644368512623], 
[587535.7034546827, 587535.7034546827, 45958.52537526744, 31430.349581484967, 24111.37838631795, 20370.839009718744, 18357.241759504846, 12500.470941987005, 11668.594568821622, 9953.93308453453, 6908.850930210663, 6622.124159532526, 5316.247632965655, 4786.482553329425, 4513.2216225044895, 3619.2918301901937, 3473.4439884545714, 3000.1674306543505, 2389.9653098603912, 2169.389880689713], 
[3845346.1017141556, 3843657.187424249, 58907.5812631792, 45366.7656852626, 31929.340228562647, 25683.696899113394, 21614.657381354442, 13846.332781545214, 13677.5606487395, 9693.854097464604, 7011.026724562031, 6966.31545907811, 5620.305771741051, 4957.242808268579, 4640.0779221077555, 4032.1540317530776, 3518.0009564001584, 3020.7925917415682, 2744.3461685711572, 2524.8864231726366], 
[801039.1318262937, 801039.1318262937, 45567.266694854196, 28999.773714205432, 20053.05456370983, 18790.787534314662, 12907.768763311917, 9136.076620811518, 8291.506670599967, 5901.270847805395, 4910.024706478086, 4538.921280310582, 3801.1747970441725, 3019.162404625804, 2684.326864615238, 2272.828400277173, 1967.8881684960982, 1772.1112693546677, 1432.358612038825, 1233.046062039943], 
