[984646643.4385611, 674467099.7202867, 464661081.8355462, 409478559.9349267, 379374545.94653213, 350539764.82760847, 319100067.063951, 275905977.3431835, 275905977.3431835, 269700735.2305263, 244057278.632252, 232613330.86312008, 221099806.85893163, 211402714.50563735, 207368457.94810075, 197661529.5909144, 181920799.8304484, 176424320.39716962, 171650505.21736783, 159158280.71114212], 
[1326260209.0654712, 1326260209.0654712, 451919805.964252, 350662201.4424936, 266116729.5452822, 266116729.5452822, 266116729.5452822, 244977835.1219719, 244977835.1219719, 204737389.71873918, 204737389.71873918, 201302312.10402042, 192993912.1342359, 183725735.55591595, 171544469.53988066, 171544469.53988066, 162226907.8509795, 153652695.6571741, 145706435.90649092, 132376825.15543696], 
[1491836842.0814424, 1340414690.8048747, 374932290.0161154, 342603508.27747965, 299678154.0011782, 283564606.5294923, 280866568.68453586, 216702481.98678976, 213652257.73956412, 174140744.2829256, 174140744.2829256, 174140744.2829256, 172796522.89861217, 171895096.3888273, 159418804.31433457, 154218359.56546387, 144343727.00066558, 139791271.55261704, 133942104.92872763, 127059957.60258497], 
[964851673.6177123, 964851673.6177123, 355002229.0864243, 334596710.33522016, 322326730.3694364, 314592410.9366646, 266880842.54465154, 266880842.54465154, 253973360.72810426, 208602402.1163255, 208367887.76671377, 189054850.05425712, 176552001.24133265, 175240406.39646822, 170293338.277217, 165670198.779311, 155355417.93444487, 152014279.1727202, 144171743.34922463, 136028208.3289365], 
[1174779405.88313, 1161578177.101789, 410429506.0425699, 367317633.4219367, 248878617.8346302, 248878617.8346302, 237139400.29620278, 237139400.29620278, 237139400.29620278, 217706757.54935405, 210542919.7156374, 200262903.2275758, 194572461.40956113, 171959783.0855108, 170884845.51312938, 160467091.27263567, 153701509.1479687, 146130113.3743732, 136893265.12759644, 122335019.2837606], 
[1468216623.2398467, 1208818128.3538203, 392050712.53048164, 365402322.393161, 365402322.393161, 308220681.725288, 290111365.4972563, 263994965.1459037, 263994965.1459037, 241669192.22591892, 222189464.9924044, 218253640.6685749, 213012570.43987897, 200413733.48314324, 189985325.76360983, 178187393.3856399, 172387990.81725875, 163469208.35063174, 147521558.1373586, 146342962.01194042], 
[1064024387.179277, 1064024387.179277, 307320997.5145716, 253554636.94233772, 253554636.94233772, 238776293.8222536, 235723471.75116092, 197004514.46060845, 197004514.46060845, 179560062.3835314, 176786880.1838529, 171250212.0593956, 157252264.68123972, 153603697.0696033, 145781882.73231012, 134914007.95704442, 131797208.8884868, 120648924.22133504, 115986802.50960672, 114271586.11172259], 
[1296581807.8822505, 1296581807.8822505, 486375676.1483582, 342294405.34197956, 342294405.34197956, 283802249.9746771, 283802249.9746771, 283802249.9746771, 263649053.34917343, 245057212.3616526, 242947707.27172557, 200912005.0028954, 193280088.25655648, 193280088.25655648, 183440393.0923101, 172855952.1854527, 165890860.47469097, 159563254.74967393, 146040335.12857413, 146040335.12857413], 
[1545502700.569752, 1507412506.0414677, 281965908.8646372, 281965908.8646372, 281965908.8646372, 274872793.6022769, 243916800.17112252, 217673428.66989815, 216798649.6211554, 216581520.5770283, 193824743.69661996, 180952101.05043796, 164445967.6386235, 162382513.22114056, 156489021.83760878, 145523656.68857068, 140204648.17446575, 137187575.4049203, 128925063.17596447, 122167646.89257304], 
[1005379887.3155082, 1005379887.3155082, 390514164.17223793, 314472654.6984376, 258242601.02185518, 253539425.56143576, 253539425.56143576, 253539425.56143576, 245521348.9269322, 231031989.19207117, 215366746.8722889, 212487155.197049, 195803134.15150902, 190504768.487214, 176563249.97049117, 171558824.0656052, 169241974.6551621, 156767190.65830708, 155099068.0770337, 150302956.32104844], 
[1410899538.9336913, 1410899538.9336913, 413838801.16790646, 398287488.7046354, 325573781.46633947, 325573781.46633947, 281836298.6349193, 257898942.03045478, 237917674.33588535, 231652666.81550887, 231583291.5581533, 210868680.5658267, 205811313.31324813, 200107692.1418421, 185596878.0824083, 177600001.99465647, 170140345.4927309, 153074553.20935416, 152929539.0091898, 147692650.25452763], 
[868589128.323213, 868589128.323213, 382391286.3105039, 343572995.4797199, 343572995.4797199, 323305377.39536554, 262367246.1209642, 262367246.1209642, 262367246.1209642, 246147436.70270506, 231775545.9211227, 220672713.7441294, 202500779.69067752, 194981651.45749187, 185197566.51755542, 179348505.29166242, 175099498.28657153, 163339475.94833976, 146411872.69182912, 146393439.85399488], 
[1624369575.4037182, 926532666.1141946, 378068733.7357723, 340479769.51371604, 311108645.1562444, 267541210.78583533, 207207483.53035578, 206066487.3444106, 206066487.3444106, 206066487.3444106, 188661208.99244466, 185031896.85935885, 176159599.50612536, 167525569.91965058, 162129228.68025246, 156988251.59275594, 147258685.47642222, 140641167.3003767, 137316871.25481153, 128131890.12438215], 
[935514743.439687, 935514743.439687, 374521587.4932004, 332249056.78207946, 312073183.1935742, 286409496.7097038, 261054335.1780459, 248484973.10746896, 236061511.45408952, 225743720.1707646, 217257233.28120488, 206722470.3398301, 191165609.06032586, 187724859.9779938, 164973517.54751238, 161503040.76831135, 149161400.74746558, 147797750.7930047, 143310047.52885234, 138896610.41753307], 
[1257251470.1074705, 1173575909.5840805, 303232065.06151503, 283245005.4251242, 283245005.4251242, 239163677.15516695, 225629929.69838253, 204503187.0812203, 204028169.11518458, 177321705.60085645, 172351019.43015733, 161883784.2031849, 154389495.5410673, 137578723.8347631, 137130873.3518934, 131913224.61658245, 126042659.74367662, 116888293.56445985, 112167565.16736904, 107477685.06687568], 
[635895502.5394986, 635895502.5394986, 386503192.0162813, 302929169.2778386, 302929169.2778386, 302929169.2778386, 263204787.72746786, 241788735.34704876, 213336844.50356647, 211437795.15377986, 208708337.81405282, 183039038.61513567, 172103987.94271109, 167796571.0967883, 158887057.5409102, 158791692.46575528, 148340063.0013035, 141448673.9884399, 133945071.23976296, 127582159.73566824], 
[1057685664.4620649, 1026609867.6828941, 374030442.3287394, 374030442.3287394, 373078189.9562511, 353461536.8037868, 319455749.2303437, 304392124.9160173, 267089679.29695556, 267089679.29695556, 258294980.90716422, 253782575.3153269, 232658007.4318888, 228172524.5050141, 221264368.81232935, 213474822.66036502, 200124653.52753708, 186161727.67314938, 183249237.6700529, 175365104.6128758], 
[1440379199.0903974, 1185855053.3221948, 323950506.3464059, 313666714.4548637, 294919392.05899686, 294919392.05899686, 262562231.35242537, 241527293.0821004, 235189123.32046318, 217828259.4582754, 212849937.23449004, 204341779.03423354, 197178064.4869511, 185016028.31974584, 176784905.38589203, 167256977.6493905, 160762559.68821418, 151125706.6173277, 138313612.7500103, 138255177.24689496], 
[1275362422.4678655, 1275362422.4678655, 471171266.2582826, 432393915.31036866, 392392002.1705485, 377256663.70082104, 344055101.2200844, 303502440.20886683, 297819091.96835434, 273814679.1165154, 260767085.4997777, 244713347.24563712, 236696276.0624649, 220419842.34236965, 206857040.24004656, 203169560.99685544, 188453115.8080459, 185487697.2156984, 173125567.60741794, 158923483.86491615], 
[1218736730.5302553, 1218736730.5302553, 491690216.3159021, 420060080.01666474, 390116145.2652361, 369738305.18294436, 302498887.8766206, 293407679.8012653, 293407679.8012653, 270688399.3951387, 247331523.46145183, 234578248.9039507, 234578248.9039507, 223149118.56484067, 211918687.54575756, 205593884.81801498, 192962796.76381427, 185528482.8954869, 179378592.86735392, 170326709.51890737], 
[1110386692.2383447, 1110386692.2383447, 377252932.5350536, 220903940.53267232, 220903940.53267232, 220903940.53267232, 220903940.53267232, 208209273.5566415, 208209273.5566415, 202380462.423211, 187553846.7971797, 186232284.26399612, 165940135.65676454, 165940135.65676454, 163147069.15711808, 151604078.1729543, 145199183.54018557, 136074246.97481176, 131273487.04765065, 120946733.85624526], 
[1388552121.8768005, 1257757613.9468126, 435963910.8507697, 401722417.51263344, 390085090.80546665, 346465956.78760356, 317636902.92245704, 282746156.9425018, 239983522.2701916, 236822151.92652836, 232728861.9417401, 232728861.9417401, 210124028.56888774, 205272563.62645242, 194091432.3211225, 186596570.2514045, 173131812.0170301, 169608729.94005382, 164223180.69219568, 157056753.24319723], 
[1724175259.8514938, 1690018366.9823518, 378663285.64086926, 339437365.6574072, 225510059.12718445, 225510059.12718445, 225510059.12718445, 223902051.91266, 197800688.30622044, 192766082.06555223, 187548100.8395159, 180310790.41427305, 172414330.81073996, 159983823.88943648, 158980119.8023802, 148211632.67003146, 139875157.25629184, 139179836.5061913, 124882869.12180622, 122474034.40514477], 
[500651487.7904246, 500651487.7904246, 473735248.6648109, 405077166.049469, 405077166.049469, 365860865.42753035, 326162570.94328344, 302120866.10406476, 272694397.70232844, 272694397.70232844, 241440530.38855627, 234608240.7779239, 224093671.92492476, 223013956.44252244, 200797364.96569496, 200797364.96569496, 192392750.54928, 180897943.24651253, 167924540.39515907, 164835741.22238943], 
[1426790258.685757, 1331151377.671024, 381907160.59862185, 340082001.085362, 229383272.03733417, 229383272.03733417, 229383272.03733417, 223832524.73665872, 214001293.44796985, 214001293.44796985, 197680036.86275116, 195748293.63790503, 178702195.65958753, 171529856.84314293, 155517682.34653458, 153222606.31778887, 153222606.31778887, 145347238.20034403, 136457637.84225914, 132546508.87722948], 
[1487403514.3313904, 848422691.7189047, 397704875.46309966, 354700022.02727914, 279886579.1138319, 279886579.1138319, 271840893.17262036, 232169331.47093362, 202535613.27859116, 198063957.8371578, 197414649.12827957, 177736561.57084107, 174294167.66534084, 161749863.68783504, 159370884.49885586, 147782797.20057085, 142849597.30177662, 132043011.41766366, 130204731.86469078, 122943327.13149314], 
[1352396589.1679826, 1352396589.1679826, 373032893.2668273, 373032893.2668273, 337644855.52521664, 321084710.90594566, 278519127.3888963, 263463467.60840675, 258039015.9657173, 245807094.52922076, 229801360.56722718, 220405261.87561408, 212718253.74556646, 201818501.04678965, 189732479.90433642, 184991182.32335898, 174211424.89029053, 163802842.969107, 160745816.36313668, 153693955.51217175], 
[1521534477.9845529, 1026485684.4708875, 388351916.26596195, 370233648.75151306, 302731804.40992963, 301898477.1781128, 256603716.5526825, 256603716.5526825, 256603716.5526825, 256603716.5526825, 235541744.92846948, 229753553.71575013, 216449714.96084198, 209140297.498739, 197174849.2312874, 187439620.68427414, 181205732.15437752, 173806581.59033465, 167853441.25310132, 162145489.70466882], 
[941188764.7152514, 941188764.7152514, 378724628.6115484, 327988982.7523593, 303686218.10205305, 262438222.8060332, 251124797.31811604, 250293052.8999864, 230127049.59348446, 211216048.64331326, 203778180.75458202, 185976742.33954355, 185976742.33954355, 178480217.66316018, 157102926.7388384, 150809561.04154772, 146074164.69361848, 136186114.48947108, 133363393.8602707, 128934750.78691548], 
[1496156663.6497772, 1496156663.6497772, 438427534.30748343, 438427534.30748343, 429479303.0257222, 415594366.05688787, 373438520.046768, 330442722.6875319, 330442722.6875319, 296496964.3978297, 276546905.55434304, 264356514.5706346, 250964914.63963163, 239611942.1567647, 231122976.92284378, 212323308.35237557, 205080243.69877586, 203410245.63609377, 190619400.12341094, 188812949.28499192], 
