[4532.618468899245, 4532.618468899245, 2589.7727683903345, 2588.8498335496647, 2495.5176833132873, 2488.618302244708, 2330.7267634867153, 2330.7267634867153, 2321.123627296486, 2280.19507391057, 2256.9443853079283, 2225.6526358329165, 2210.635746162447, 2181.2768462935164, 2171.931471922705, 2143.169642584392, 2142.568151299868, 2124.5854850308056, 2108.23288555801, 2093.3807510175984], 
[4921.232767622812, 4490.711778175182, 2682.247049437843, 2629.5416330997414, 2491.603329868634, 2404.4853117102393, 2395.1898747553646, 2348.058794847221, 2257.8501719600176, 2254.6356884347174, 2239.694801118059, 2210.199279208372, 2188.473997200469, 2148.1597602832894, 2146.8434603542764, 2125.965255237151, 2118.0904079905104, 2093.278095534743, 2080.9510648646356, 2074.03219548664], 
[4750.31833712851, 4542.838440607085, 2737.988682962344, 2699.3389362903954, 2610.1987442392806, 2501.131568375492, 2451.106397421784, 2357.9263383964385, 2338.922955443622, 2308.156708549669, 2274.0579706444546, 2267.5727639422307, 2234.335694607709, 2211.013773604457, 2184.824305964719, 2178.03166292811, 2156.722028163493, 2139.995314609635, 2115.6315447533957, 2098.9438118409244], 
[5007.950552237757, 5007.950552237757, 2552.354594010574, 2445.0155197851386, 2433.470880531152, 2391.1525738096298, 2313.127294678227, 2272.606255119604, 2238.056800299751, 2183.1911091598386, 2161.46441047773, 2161.46441047773, 2148.289259086872, 2118.352797098945, 2109.953470452897, 2083.3274705091994, 2071.2024613636895, 2063.785183660913, 2056.327480739879, 2031.9558434136297], 
[5102.295106301601, 4713.230698668012, 2678.7125777115784, 2622.0845680236957, 2569.1248319282345, 2524.4400066796466, 2464.0999279819007, 2411.4151115373143, 2401.0762642817035, 2358.5729980399874, 2249.612817675094, 2249.612817675094, 2240.355407253623, 2225.426359306374, 2220.168656504069, 2198.7876650640906, 2183.4868202355824, 2160.7462833542513, 2140.873457885741, 2113.1356266894363], 
[4362.9288595061935, 4362.9288595061935, 2609.6397438925123, 2526.1548076525437, 2438.1584268378274, 2428.883002637865, 2362.38885811645, 2328.430650887014, 2256.1268136459753, 2235.9026385504053, 2176.950948270973, 2168.9948940157283, 2146.52560156137, 2145.8249941603435, 2121.326242838923, 2116.027722430358, 2082.958427565815, 2074.720341513544, 2063.564318827345, 2043.788133994857], 
[5116.461421563341, 4701.594167875179, 2694.0180297417523, 2568.5224734890417, 2507.8340173622064, 2477.4138058530007, 2418.729985086441, 2370.2973813933268, 2335.7343228300615, 2278.6386260584895, 2245.959511241853, 2226.1436833220837, 2194.092968695828, 2186.2221394118983, 2163.3905995986743, 2137.4059233982575, 2137.2654570086133, 2110.176247720646, 2099.0039995299385, 2091.2008472599787], 
[4528.858635708539, 4528.858635708539, 2716.772913762894, 2591.675610936367, 2524.1205083576842, 2447.9724048377884, 2376.8060026882968, 2345.406862445373, 2310.2545894670757, 2253.568226817783, 2253.568226817783, 2203.667430480917, 2201.465582198973, 2190.2839559005374, 2146.710302879343, 2125.2055316093674, 2125.0225232229245, 2117.3816838692005, 2101.001926193012, 2084.575395791442], 
[4993.292892123221, 4792.925366665606, 2760.0557507692997, 2629.9604376404113, 2532.986377535716, 2520.3649039182665, 2478.635607470582, 2422.6411548202145, 2344.600330574917, 2342.153074181874, 2272.7736926199514, 2263.108686525533, 2233.7969873063503, 2199.68795473617, 2180.5359870696075, 2176.5448319556244, 2160.422156585715, 2139.004007393942, 2125.1723386308663, 2106.438216747598], 
[4828.806951252243, 4288.415198346489, 2584.680372550016, 2514.9492123618465, 2462.0192987341984, 2385.109212439761, 2376.4999392885375, 2290.83266916694, 2276.517927421557, 2233.484290856561, 2203.4286172628917, 2194.4091275883716, 2172.827240042119, 2136.522117730417, 2130.4359039032815, 2102.895725491061, 2094.1643288234095, 2078.069938278812, 2074.1108660410982, 2056.4944150421857], 
[4915.53123098397, 3851.4657409581623, 2679.0525600099795, 2586.9757099884127, 2548.475046103616, 2406.927895046476, 2406.927895046476, 2388.97798566898, 2322.912076524136, 2280.1531448036594, 2257.894511596245, 2240.0483378203817, 2216.691933857619, 2193.773780666388, 2157.5833794969435, 2157.5833794969435, 2135.578865233014, 2120.887094080893, 2105.552026341082, 2093.4795216297643], 
[4431.627104875103, 4431.627104875103, 2935.1129448072616, 2822.4325275916385, 2638.0139461054514, 2576.9265138634546, 2526.216936409644, 2487.086864800292, 2416.058935834675, 2357.463562344465, 2328.4885935977763, 2315.7495298334775, 2273.5617674140417, 2263.745059089361, 2238.806092382066, 2208.018528792435, 2172.644368806809, 2163.0713180947287, 2154.351065063476, 2138.577201468008], 
[4680.945222903685, 4680.945222903685, 2770.7163368177053, 2642.772003086884, 2540.1328530556298, 2497.0619192176364, 2418.9759101182435, 2353.9657811022994, 2322.3157994304424, 2278.606027813439, 2221.473450165748, 2215.5013093913212, 2205.7489763878725, 2184.6789173565326, 2163.053273508793, 2147.730836289011, 2140.852492462394, 2127.3545942213955, 2102.078347560706, 2098.0991441601336], 
[5040.3830741810025, 4612.6492077011735, 2745.740011497561, 2665.5192736013482, 2564.213726270366, 2501.5049883345064, 2409.939992211114, 2348.920930943167, 2307.577056648264, 2287.3250415296307, 2258.608375029153, 2227.6979983519595, 2214.073349112905, 2190.0141043112358, 2169.706144949024, 2163.8658223470998, 2145.4855930504805, 2124.4966041515577, 2104.086117236215, 2102.240584280412], 
[4422.303610437282, 4422.303610437282, 2591.8395583750284, 2591.8395583750284, 2564.662544032385, 2521.606678981198, 2433.1204236259505, 2406.6438648070575, 2360.370550910367, 2290.9321302431304, 2278.731417857468, 2261.3713819014424, 2222.2860910445524, 2207.7339678919448, 2181.468394141308, 2174.5414396925316, 2155.9236850514053, 2130.5795416260466, 2125.8486982637846, 2110.5572158808186], 
[4641.979860653763, 4641.979860653763, 2794.5539385965, 2772.277939809333, 2706.960565039123, 2579.3382922533765, 2444.9970191569355, 2375.620308657909, 2366.5051954385544, 2299.8348188072378, 2281.3201250637335, 2260.0619152593877, 2220.6021168781863, 2187.6348073171143, 2160.2840054418652, 2159.6072748712472, 2138.1811711126193, 2133.5813436111034, 2115.9624402940517, 2111.0734793340594], 
[5171.425279300983, 4978.621548949078, 2608.4090848720352, 2543.1902189120974, 2473.5565461751753, 2442.5169248658854, 2363.648404333601, 2291.978839790454, 2270.6458486807232, 2252.1267999239262, 2224.8403926202254, 2203.818529387981, 2186.8155656294703, 2176.3081980590946, 2152.001296768986, 2139.5729686358545, 2118.743957166485, 2105.9684573601467, 2094.243677813747, 2073.6748684442523], 
[4881.469838110289, 4881.469838110289, 2606.7974718272644, 2425.5499096910294, 2403.6601798776105, 2307.489714116641, 2251.1142968724093, 2246.8486664077277, 2232.385331684948, 2182.5088038633294, 2160.1928926555693, 2140.6228523946324, 2115.8740458407556, 2103.1921432431113, 2085.521417413119, 2063.4836689153285, 2049.9767574453276, 2034.2629313947564, 2024.824063836, 2010.775918595668], 
[4374.983557096408, 4364.56154048377, 2724.938080530836, 2631.3713766898727, 2560.3158556433755, 2387.518291691981, 2387.518291691981, 2387.518291691981, 2372.5229575292396, 2317.844956520262, 2259.617640123496, 2259.617640123496, 2231.1418571774216, 2210.6659132026903, 2199.835221325064, 2191.882556075073, 2176.9642207203424, 2157.4554228500238, 2140.0466271163127, 2127.7556978525063], 
[4408.577452079994, 4408.577452079994, 2781.905690681579, 2679.440925384188, 2601.5541262308643, 2542.198251209701, 2470.9285328818028, 2398.153351515057, 2348.994679316481, 2320.4349430593306, 2319.459311085499, 2281.303730763313, 2233.562990303983, 2222.55267389362, 2206.777658557791, 2197.4418703553715, 2162.968244229878, 2152.6079020182515, 2133.1728329702673, 2127.282237732166], 
[4826.610806893761, 4826.610806893761, 2596.405832695485, 2519.411587872334, 2490.590644199332, 2458.1783547153213, 2370.7947544522012, 2350.4151697185607, 2327.5311377153034, 2268.491372284794, 2238.212521988741, 2226.6410618933555, 2210.5376484181825, 2193.0383917988042, 2173.6388713383817, 2141.5797155439736, 2133.9160803438854, 2126.0047734912605, 2096.0388341964267, 2091.58979507918], 
[4237.893667835695, 4237.893667835695, 2703.8664798565387, 2509.8044406773797, 2509.8044406773797, 2440.1883742062437, 2437.546040788072, 2338.3366280320342, 2322.63270942651, 2286.2013304457582, 2262.556007355811, 2238.791393840187, 2217.6497268053486, 2189.371353532975, 2173.7900474456133, 2158.259104473057, 2130.27528157419, 2128.5054458488517, 2102.2441643655084, 2090.201390565352], 
[3390.3710793343866, 3390.3710793343866, 2859.8016478660247, 2797.06604140309, 2715.274865696774, 2609.13659698151, 2562.9751032255126, 2494.7946260063773, 2459.780804411171, 2396.4832316505367, 2360.332998713503, 2339.8158361040046, 2315.6978352003907, 2298.9323165232972, 2289.6379092842267, 2249.13077638227, 2235.2280795141387, 2229.3969578157976, 2204.5818680033617, 2196.482477967499], 
[4342.402422573537, 4342.402422573537, 2746.9953092165106, 2596.1519658967304, 2563.7054023583482, 2459.3089046322884, 2434.124457726631, 2373.8366506854145, 2344.357853424556, 2318.82232823815, 2270.7325145955265, 2249.8323976059933, 2234.057634627233, 2208.5634049430932, 2180.47759043701, 2168.6185928680948, 2156.615600666948, 2132.624121494598, 2129.0181016438796, 2112.778611455246], 
[5065.969672231652, 4823.54081157695, 2630.7652932409715, 2549.913844376756, 2517.2303345549085, 2387.175063919995, 2352.7904805771127, 2283.7590521618845, 2263.429173002625, 2252.6810823841893, 2163.042990351823, 2163.042990351823, 2147.9390659142646, 2135.4669202907266, 2125.3282444850042, 2109.223155034994, 2086.3401759144654, 2078.4902576606223, 2059.4572180449904, 2047.862248619793], 
[5440.926723534533, 4864.578515322754, 2647.8624436107357, 2566.260844366893, 2508.266005880049, 2487.7757598830854, 2391.5694355299274, 2352.2066153369924, 2318.659347530828, 2288.2135983606986, 2266.1998230765143, 2216.426219809962, 2204.6442070782887, 2175.82957382534, 2175.6498113806465, 2150.3591767611492, 2137.0650615558175, 2111.542484299799, 2106.7741651561146, 2082.26906809077], 
[4344.343861751438, 4344.343861751438, 2809.8406967396822, 2763.542132954589, 2649.1250721933993, 2577.1472703692225, 2520.541804000183, 2494.0606280132324, 2455.3965652505917, 2414.216320346571, 2333.145589315358, 2300.5472099637145, 2281.6330399001417, 2275.067850929645, 2253.220158065786, 2232.5032584495148, 2207.0672162388423, 2164.266469858039, 2160.4701520737785, 2151.582975638594], 
[4983.788598227515, 4983.788598227515, 2514.4946132687114, 2514.4946132687114, 2448.6267401218834, 2418.1574884480374, 2364.9198397484233, 2307.2217343207944, 2272.8151487785967, 2229.662886320679, 2202.789893492008, 2176.5268866930273, 2165.3074174881, 2155.7380908718696, 2115.88655029592, 2113.798407948069, 2099.7523762028654, 2090.2050875586256, 2071.8164853777444, 2062.586448417162], 
[4387.321095748375, 4387.321095748375, 2639.3897729381993, 2577.633139783963, 2484.5208107311464, 2466.545265425626, 2413.6114094072, 2365.7020189700593, 2294.4155088487296, 2287.4552844765335, 2263.5899877193697, 2219.935435741295, 2214.070006057615, 2200.2117039353843, 2175.719872191271, 2173.7441178854215, 2147.7375810881995, 2117.0787157394625, 2117.0787157394625, 2106.2263904504434], 
[4046.280067737429, 4046.280067737429, 2775.6102744125556, 2581.2989188371153, 2547.2688266729897, 2523.8270949820685, 2453.2779833509103, 2397.235498380625, 2364.5700708969243, 2299.3823936056842, 2262.4876236526443, 2258.876777798952, 2226.004803247973, 2219.903424455018, 2194.0085305631756, 2178.2557280714054, 2165.9329076343133, 2148.5019688607445, 2134.9468898062514, 2112.1722076904657], 
