[9015.533867353444, 9015.533867353444, 9015.533867353444, 9015.533867353444, 9015.533867353444, 9015.533867353444, 9015.533867353444, 9015.533867353444, 9010.204087796144, 8681.648956412366, 8681.648956412366, 8528.96448285641, 8358.433235901563, 8358.433235901563, 8358.433235901563, 8322.427491336566, 8016.202985297657, 8016.202985297657, 8016.202985297657, 7493.883402519972], 
[9478.02584826179, 9066.744267608885, 9066.744267608885, 9066.744267608885, 9066.744267608885, 9066.744267608885, 8734.018255268826, 8734.018255268826, 8734.018255268826, 8551.038973978568, 8217.071692902779, 8217.071692902779, 8217.071692902779, 8202.835991737535, 8123.991569342617, 8123.991569342617, 8123.991569342617, 8123.991569342617, 7664.776277999309, 7626.116155059804], 
[9716.20753127365, 9716.20753127365, 9473.66329883619, 9013.704385611201, 8644.99866863624, 8644.99866863624, 8644.99866863624, 8644.99866863624, 8644.99866863624, 8505.71793237914, 8443.921000871575, 8325.498183980577, 8325.498183980577, 8234.175987461122, 8234.175987461122, 8234.175987461122, 8053.260351125787, 8008.953413426007, 8008.953413426007, 8008.953413426007], 
[9976.007449030072, 9976.007449030072, 9972.19656694069, 9356.897633648252, 9325.515889407103, 9005.856053774447, 9005.856053774447, 8936.177867914019, 8936.177867914019, 8521.030363601727, 8521.030363601727, 8521.030363601727, 8136.918437554204, 8136.918437554204, 8066.443321812291, 7811.832881908294, 7703.941790228614, 7703.941790228614, 7463.2690167295905, 7247.2049090682185], 
[8890.051457148717, 8649.971178378159, 8529.09330872895, 8529.09330872895, 8529.09330872895, 8358.698592744282, 8358.698592744282, 8358.698592744282, 8239.031154753322, 8155.320670234685, 8155.320670234685, 8013.001849421486, 8013.001849421486, 8013.001849421486, 7883.529872902543, 7424.9776551657105, 6894.995381155549, 6894.995381155549, 6878.3526227158245, 6878.3526227158245], 
[9081.299324084532, 8718.479139104576, 8718.479139104576, 8718.479139104576, 8294.418635057973, 8294.418635057973, 7839.589404311848, 7839.589404311848, 7569.765348683628, 7569.765348683628, 7569.765348683628, 7432.732870001511, 7432.732870001511, 7288.188767037125, 6798.114815300598, 6798.114815300598, 6698.778720646778, 6430.896811887258, 6430.896811887258, 6430.896811887258], 
[9484.839486751907, 9484.839486751907, 9310.415212193862, 9310.415212193862, 9310.415212193862, 9058.92992464735, 9058.92992464735, 8793.720714902336, 8714.756500615567, 8583.459245874908, 8209.297423614853, 8209.297423614853, 8209.297423614853, 8209.297423614853, 8209.297423614853, 8183.137671256145, 8183.137671256145, 8050.750185434853, 8050.750185434853, 7833.995837578948], 
[9267.620918993834, 8951.04322536429, 8951.04322536429, 8951.04322536429, 8915.1815676762, 8894.800454812523, 8727.626743720117, 8303.859503579875, 8303.859503579875, 7989.941003049724, 7989.941003049724, 7730.284189766708, 7730.284189766708, 7730.284189766708, 7730.284189766708, 7676.04499057107, 7459.859604674076, 7459.859604674076, 7459.859604674076, 7459.859604674076], 
[9505.062907082798, 9234.335300353598, 8986.925288638007, 8628.465650991617, 8055.6485728553735, 8011.459832637685, 8011.459832637685, 8011.459832637685, 8011.459832637685, 8011.459832637685, 8011.459832637685, 8011.459832637685, 8011.459832637685, 7682.793163960843, 7617.411417514642, 7617.411417514642, 7358.150061315882, 7358.150061315882, 7358.150061315882, 7358.150061315882], 
[9510.337684798877, 9510.337684798877, 9510.337684798877, 9383.989073359919, 9239.954158864939, 9025.756243685159, 8593.806318279701, 8593.806318279701, 8593.806318279701, 8593.806318279701, 8593.806318279701, 8365.11799201835, 8365.11799201835, 8146.792697850468, 8146.792697850468, 8146.792697850468, 8146.792697850468, 8146.792697850468, 8146.792697850468, 8070.491224020455], 
[9155.697888263901, 9155.697888263901, 9155.697888263901, 9155.697888263901, 9088.94027955083, 8775.124401374145, 8775.124401374145, 8775.124401374145, 8775.124401374145, 8775.124401374145, 8725.329663788796, 8020.063177694616, 8020.063177694616, 7746.380743858603, 7442.326381415547, 7442.326381415547, 7442.326381415547, 7157.553846002765, 7157.553846002765, 7157.553846002765], 
[9832.399134497758, 9503.449314156574, 9503.449314156574, 9491.639038588271, 9178.155157692629, 9178.155157692629, 9053.758291930517, 8618.304999983045, 8618.304999983045, 8618.304999983045, 8581.481034949433, 8568.013584838032, 8088.685396084999, 8088.685396084999, 8088.685396084999, 7648.9418376668145, 7037.309620357695, 7037.309620357695, 7037.309620357695, 7037.309620357695], 
[9774.7709211815, 9774.7709211815, 9553.299552839107, 9433.021117893819, 9247.815645838935, 8575.497234192799, 8279.599139595715, 8279.599139595715, 8279.599139595715, 8279.599139595715, 8197.768279747228, 8197.768279747228, 8197.768279747228, 8197.768279747228, 7955.7398715638055, 7644.630503173543, 7419.253734457127, 7265.603903499287, 7265.603903499287, 7265.603903499287], 
[9813.984402932798, 9649.09193680038, 9649.09193680038, 8983.221093621634, 8914.105392529802, 8914.105392529802, 8914.105392529802, 8712.00487146637, 8712.00487146637, 8712.00487146637, 8712.00487146637, 8568.260890438676, 8442.236297980407, 8440.77037146887, 8210.609779355056, 8184.733734576056, 8184.733734576056, 7987.7015906936485, 7299.900261782099, 7299.900261782099], 
[9567.197678667204, 9567.197678667204, 9567.197678667204, 9567.197678667204, 9567.197678667204, 9281.64509171344, 9281.64509171344, 9281.64509171344, 9040.637795453384, 9040.637795453384, 8957.7067199687, 8790.793960997173, 8143.401719896699, 8143.401719896699, 8049.592737093797, 8049.592737093797, 8049.592737093797, 8019.165142403116, 8019.165142403116, 8019.165142403116], 
[9474.386075533197, 9474.386075533197, 9474.386075533197, 9425.54186832717, 9048.896991968659, 8803.458419513017, 8602.674023372418, 8595.02188488352, 8595.02188488352, 7741.149574931394, 7741.149574931394, 7741.149574931394, 7741.149574931394, 7608.2681673369225, 7541.240298831669, 7541.240298831669, 7467.58603465351, 7467.58603465351, 7467.58603465351, 7444.867546788106], 
[9835.188953278892, 9835.188953278892, 9524.884851876417, 9373.276712560702, 9261.91291465677, 9261.91291465677, 8983.134524696998, 8983.134524696998, 8190.770465252539, 8190.770465252539, 8071.23705364962, 8023.329625995661, 7964.439903751743, 7964.439903751743, 7706.297655379198, 7089.3545425910825, 7089.3545425910825, 7089.3545425910825, 7089.3545425910825, 7089.3545425910825], 
[8987.592712372088, 8987.592712372088, 8987.592712372088, 8987.592712372088, 8987.592712372088, 8987.592712372088, 8987.592712372088, 8987.592712372088, 8620.021837000948, 8554.55337883638, 8554.55337883638, 8554.55337883638, 8554.55337883638, 8175.518683264077, 7852.318874449203, 7852.318874449203, 7852.318874449203, 7852.318874449203, 7659.249115163271, 7516.893763330537], 
[9379.486895124766, 9303.064066249786, 8924.918392890115, 8924.918392890115, 8924.918392890115, 8924.918392890115, 8444.222073127112, 8444.222073127112, 8444.222073127112, 8444.222073127112, 8444.222073127112, 8368.166496468395, 8204.927806085258, 8204.927806085258, 8006.006475744357, 7948.410162070564, 7948.410162070564, 7948.410162070564, 7948.410162070564, 7914.736592214772], 
[9675.857847491814, 9675.857847491814, 9295.112296537965, 9160.340952804376, 9035.028292038518, 9035.028292038518, 8884.720818037762, 8876.338492258496, 8767.742150439562, 8490.83115858214, 8490.83115858214, 8458.654631655963, 8033.699291826833, 7787.205470413388, 7787.205470413388, 7754.580543641671, 7748.436524695006, 7711.138885230173, 7711.138885230173, 6934.6951394718135], 
[8822.929222797635, 8822.929222797635, 8807.21273080585, 8807.21273080585, 8807.21273080585, 8807.21273080585, 8807.21273080585, 8807.21273080585, 8571.441503800488, 8512.617908911061, 8512.617908911061, 8512.617908911061, 8431.420427436418, 8042.000101193115, 8042.000101193115, 8042.000101193115, 7845.505195429018, 7726.259978733406, 7419.523027111093, 7419.523027111093], 
[9271.598648610061, 9093.492001953904, 8916.93859679343, 8874.761711052919, 8874.761711052919, 8744.489888735801, 8744.489888735801, 8744.489888735801, 8489.258599732819, 8167.852118392382, 8167.852118392382, 8167.852118392382, 8167.852118392382, 8167.852118392382, 7752.81656253743, 7435.082078499391, 7419.778161780914, 7392.590947809529, 7392.590947809529, 7392.590947809529], 
[9570.452686022496, 9570.452686022496, 9570.452686022496, 9570.452686022496, 9505.215854574297, 9164.194374143472, 9164.194374143472, 9164.194374143472, 9034.02747985101, 9010.216506204935, 8894.278948918472, 8894.278948918472, 8884.157704458885, 8770.855560300428, 8642.777346508208, 8411.453398486949, 8111.617750443622, 7415.830304426804, 7415.830304426804, 7415.830304426804], 
[9411.165906279764, 8907.677330853523, 8907.677330853523, 8907.677330853523, 8907.677330853523, 8880.206508466086, 8653.20986887845, 8653.20986887845, 8431.781896094726, 8431.781896094726, 8273.45659252148, 8273.45659252148, 8273.45659252148, 8273.45659252148, 8273.45659252148, 8273.45659252148, 8003.658078568984, 7790.108159774849, 7790.108159774849, 7790.108159774849], 
[9499.661954447049, 9499.661954447049, 9499.661954447049, 9499.661954447049, 9499.661954447049, 8567.848921247489, 8567.848921247489, 8481.037598191258, 8398.429198853615, 8329.371575362291, 8186.5664565368725, 8186.5664565368725, 7958.7273893809825, 7949.566188213105, 7369.17287695313, 7369.17287695313, 7176.576854346456, 7176.576854346456, 7103.656224484408, 7103.656224484408], 
[9770.035922987663, 9570.742983956907, 9176.69641635217, 8704.905353952545, 8704.905353952545, 8704.905353952545, 8704.905353952545, 8678.6257810743, 8678.6257810743, 8385.863410106944, 8385.863410106944, 8385.863410106944, 8385.863410106944, 8310.305351631314, 8101.564505582821, 7559.9116460979685, 7467.435515953552, 7467.435515953552, 7252.94290941951, 7252.94290941951], 
[9669.95863629955, 9190.386637361098, 9190.386637361098, 9081.55467702246, 8969.845733343238, 8897.48466921739, 8821.402060106255, 8547.619126100148, 8547.619126100148, 8547.619126100148, 8206.761639900069, 8206.761639900069, 8120.90834885773, 8120.90834885773, 8120.90834885773, 8120.90834885773, 8120.90834885773, 8120.90834885773, 8043.3291415234735, 7987.362988481279], 
[9554.800681243532, 9551.225579883503, 9154.591242718221, 9034.493767335469, 9034.493767335469, 8927.54317090475, 8909.532107149538, 8826.984033120229, 8684.226789939836, 8624.615836793091, 8226.016485183358, 7632.347209534487, 7632.347209534487, 7632.347209534487, 7632.347209534487, 7632.347209534487, 7632.347209534487, 7632.347209534487, 7632.347209534487, 7632.347209534487], 
[9441.266555110838, 9144.045604080598, 9144.045604080598, 9074.820796884052, 9074.820796884052, 8825.757586923039, 8825.757586923039, 8757.803008288887, 8757.803008288887, 8426.395936775705, 8329.891910911463, 8329.891910911463, 7927.5851337862905, 7927.5851337862905, 7927.5851337862905, 7773.3313257916425, 7773.3313257916425, 7758.84389852162, 7702.718626056014, 7702.718626056014], 
[9424.709195174868, 9398.097481805726, 9398.097481805726, 9160.477899467232, 9160.477899467232, 9160.477899467232, 9160.477899467232, 9160.477899467232, 8583.221213880062, 8583.221213880062, 8553.867097228727, 8539.39089570272, 8435.584229426362, 8421.63377334302, 8193.273644718274, 8161.487544843521, 7877.969150026438, 7684.752734689237, 7271.5251686130505, 7271.5251686130505], 
