[435.6490509668634, 411.3619508140546, 355.9266430709487, 354.9663741386598, 340.0610148278927, 333.70323882386253, 327.8835498551386, 320.5581196172363, 319.5277918483832, 313.4481050351986, 308.16881297472025, 303.82508443433875, 303.82508443433875, 303.82508443433875, 303.82508443433875, 301.819750081589, 301.819750081589, 301.7582153742955, 296.59331223300615, 295.7324556888411], 
[394.21491723421127, 393.36056365935957, 355.07993719493584, 347.0953460938845, 344.07369139434985, 334.4233405543922, 324.92812371539696, 316.75824766346386, 316.75824766346386, 315.9516457315335, 314.5724143147393, 312.7739189262516, 310.96068620577415, 308.95125373426595, 306.66100163448385, 306.66100163448385, 305.82136511641124, 302.5379861348642, 301.87234616921825, 301.50850429896843], 
[414.09281621963487, 411.42373185101593, 357.61288076092904, 350.99746473177527, 347.2505605967127, 336.9553993380474, 333.6186268478194, 326.9118255439393, 324.46417301034444, 321.3513743663266, 320.2197402812168, 315.26419198874044, 311.4154715020165, 311.4154715020165, 309.19532648223367, 302.2769659749612, 302.2769659749612, 302.2769659749612, 302.2769659749612, 301.9766761091034], 
[380.0885989527535, 377.27639845405906, 368.82951152980877, 354.6150687656157, 342.1400572094086, 330.1111970057229, 318.08613677148367, 318.08613677148367, 317.52314402235965, 315.6061027800611, 308.8373060041043, 308.8373060041043, 308.8373060041043, 307.9976624370083, 304.3674301489104, 304.3674301489104, 304.3674301489104, 303.49493679626096, 303.49493679626096, 301.19221809116175], 
[412.9838900384318, 412.9838900384318, 373.24919262682454, 352.70533695220524, 337.4191078306769, 329.2349786347351, 327.4329669130242, 316.53698312930504, 310.60001592242133, 306.8996081793839, 303.1958605787772, 300.6488920196672, 300.6488920196672, 298.68916144886725, 296.63385321621763, 295.7322199326452, 292.0418365434095, 291.68972209920184, 289.94523598921865, 289.65756993921394], 
[381.46306147494704, 381.46306147494704, 367.2820964937908, 355.2366770691663, 340.15464294053294, 329.7671705929883, 329.7671705929883, 321.4487616727634, 319.3156841495737, 312.4169226929067, 312.4169226929067, 312.4169226929067, 305.4621827033069, 305.4621827033069, 305.4621827033069, 303.04184518717085, 301.3350219822044, 301.3350219822044, 301.3350219822044, 301.3350219822044], 
[400.26291772462787, 388.56212824394333, 373.85916011897484, 351.260423435015, 340.3159807396711, 337.479153527288, 323.6564351218575, 318.57390097538166, 312.4791671923446, 307.48911096132935, 304.19703648608436, 300.40488422964256, 298.1631691363334, 298.1631691363334, 293.1769226579826, 293.1769226579826, 292.4336404839751, 292.37909545370206, 291.0576126997736, 289.2424847277436], 
[389.9881068558832, 389.9881068558832, 367.93771538057536, 345.5581144555682, 343.60306916107976, 334.81945565853624, 327.0615678724827, 314.576655468726, 314.576655468726, 309.5070441622565, 305.1529533229972, 304.81328685597856, 303.6512539998121, 300.0629518763306, 300.0629518763306, 299.1967937106432, 296.5791501257664, 295.8222400855962, 295.8222400855962, 295.8222400855962], 
[377.0143418468017, 377.0143418468017, 368.7033836617436, 364.9561338116517, 348.9541215207329, 340.7421664935112, 330.4070954248476, 323.95409188860896, 313.1883884403557, 313.1883884403557, 313.1883884403557, 313.1883884403557, 313.1883884403557, 313.1883884403557, 312.64069410333946, 310.6609041367054, 307.0938181087636, 307.0938181087636, 306.19048324426024, 303.0027867801313], 
[392.38537987373394, 392.38537987373394, 368.8033817234498, 344.89581395784876, 338.2100236411803, 328.04338735668915, 307.3344932800298, 302.7233641090323, 302.7233641090323, 298.08056689067877, 297.8051696528286, 295.4328933180066, 292.1374584975167, 292.1374584975167, 291.04514966993446, 288.65368424786607, 287.2106145915059, 286.670536325219, 284.05088725115206, 280.97933385582434], 
[426.19170502309873, 396.9675829234896, 364.5093369756301, 363.3117099775538, 341.28732467901955, 337.3875274920476, 330.90349731611934, 321.81708217284444, 319.80656636862255, 318.3084408738882, 315.833344823068, 314.8862443672712, 312.4248137938569, 309.75664100379385, 309.3070817893688, 309.1365842716547, 307.03528172695167, 305.9690261672645, 305.3315834674683, 305.3315834674683], 
[401.9675336557912, 392.6116471468092, 378.6953977720571, 351.63757560490205, 346.18875497531633, 345.25603777893303, 335.7054014476072, 332.0963378568122, 326.97633335210116, 322.1618055723466, 319.2154062667648, 316.97488742326703, 313.7248391044252, 309.39811573445445, 309.39811573445445, 307.33544806139116, 306.4427062699463, 305.154815718512, 303.39282497663544, 302.13528183026534], 
[422.8597345719134, 422.8597345719134, 379.16393317437104, 353.4135746873278, 343.7353308919189, 333.8140473243825, 329.0463844454516, 322.8019410616546, 311.23245124222393, 311.23245124222393, 310.5058879633798, 306.41100946079223, 304.40804370371836, 301.21751266077416, 301.12439151192007, 299.8839202795373, 298.5542414945575, 296.3359459604314, 293.39059190719007, 290.4020786461941], 
[430.00218799147854, 408.50297527172387, 373.82178294664305, 353.5529468780003, 346.90699656834533, 338.36666091891857, 335.3971497383986, 327.303547368833, 324.92995192970676, 324.92995192970676, 320.94156583992964, 318.0811218635835, 317.45558559945886, 313.80231921510887, 313.2434521333436, 310.211970374259, 308.3882577388981, 308.3882577388981, 307.2350849320682, 307.0865817840478], 
[425.36379516393174, 379.4450624640726, 372.15010344911127, 361.67610093192536, 340.7258990390065, 339.04613223465145, 327.97852228959647, 317.3606932385255, 316.614134881106, 313.95127378479265, 308.94200457005894, 308.4624085229606, 305.1687942766875, 300.31094180346076, 299.2893852001742, 299.2893852001742, 299.08050808166706, 299.08050808166706, 297.84348456578743, 294.5319820613377], 
[405.66543866518117, 405.66543866518117, 367.18603118942514, 351.0474402210385, 349.1190110329416, 340.7167831500154, 331.0162520304271, 324.71568291332886, 319.2174565304776, 316.07033347047053, 310.0859354424437, 310.0859354424437, 305.4322373956628, 305.4322373956628, 304.60819871969295, 301.81763699288905, 297.4785726279831, 297.4785726279831, 294.54483021807005, 294.54483021807005], 
[403.98874285391935, 376.2351093180092, 366.0983764267946, 359.3751103423728, 347.9329697918995, 337.88207809113953, 330.88858582600335, 327.1619979543106, 316.9507374381959, 314.67249643424947, 310.9112919022074, 310.9112919022074, 310.8316535132586, 310.8316535132586, 309.454534645379, 309.454534645379, 309.0081865389284, 307.02000818680233, 307.02000818680233, 306.9871045935388], 
[390.4155796485343, 383.60452427213727, 368.78874576964597, 349.37249166599236, 339.32279761620066, 328.23313639578254, 327.31025555581806, 317.2175856449618, 313.6847722923497, 305.5401085128373, 304.7211881443462, 303.6593649277572, 302.2658497222959, 302.2658497222959, 299.24201267369403, 295.55905340818674, 295.55905340818674, 292.39955853450505, 290.4095683251507, 289.80832681174564], 
[420.1255029384607, 413.20501113744615, 378.74711291400456, 360.9561488159298, 340.89358735845735, 340.89358735845735, 333.32249951144115, 325.3391963330271, 323.24304275797107, 317.39073918156936, 312.1987273898277, 312.09651026421955, 310.43627240411047, 306.5353372529643, 306.0059324133134, 301.881469607523, 301.881469607523, 301.881469607523, 298.46565714839915, 298.4052197843398], 
[378.9081510922768, 378.9081510922768, 368.1832911836732, 361.4325184335767, 345.0411652740945, 341.9133870879642, 327.7784477846272, 327.7784477846272, 315.13886955669045, 314.55768494938906, 314.42874840449815, 314.42874840449815, 310.7644754784646, 309.9433736063032, 307.8687357553606, 307.2517855601096, 306.2240026051964, 303.3732190786154, 302.8586140512599, 301.15841269104874], 
[399.2062460954743, 380.94736688233604, 378.2673366753115, 361.11415312987003, 346.66198489604716, 334.9061478951324, 330.3894581519829, 320.3982078738221, 320.3982078738221, 314.76068311086453, 313.3967046443046, 306.9619596434767, 306.81766340950344, 304.1015370964678, 301.7788084002505, 300.8164406447296, 299.73792833997754, 297.76313619510705, 296.8492567168816, 295.91034168081256], 
[405.5389149542842, 405.5389149542842, 369.31694645810364, 348.9339376741221, 340.7433844446475, 328.4314364790928, 328.4314364790928, 323.555557640169, 312.44140838429286, 312.44140838429286, 309.23472467274837, 307.70353679387597, 307.28171805175367, 303.82890519384125, 303.3913695642473, 301.86371651253535, 300.6756863044618, 299.89407444150345, 298.56282831926023, 296.5370603889126], 
[370.7491130438166, 368.4099977218554, 368.2398617905177, 362.060098989102, 343.3350754795279, 343.3350754795279, 326.49557344021986, 323.3558799944901, 322.6990482060464, 319.6737954409953, 318.4007555588827, 315.43265132322847, 315.02580378300627, 310.4918463551202, 310.4918463551202, 309.6816903663501, 307.7056520017643, 306.5494220794488, 306.5308415795158, 305.10590463147514], 
[432.8257732826216, 432.8257732826216, 377.6844150959639, 372.2691076843489, 350.17925348056116, 347.60863771776735, 331.08533733494994, 330.0949532367349, 318.454359975133, 308.13094315855045, 307.9186994697553, 306.66478303566845, 304.21289489110666, 304.21289489110666, 302.49674287905657, 300.0311318009251, 295.90205679276744, 295.90205679276744, 294.950359574773, 292.935892764984], 
[406.51367333616713, 406.12350405996966, 361.34299491704564, 345.4882980891373, 345.07805586213516, 334.8059444130135, 325.08583252849576, 318.5737388992997, 318.3827751217033, 313.5015931037395, 311.83105023239915, 311.13959876465276, 307.07218445937576, 306.3100342972822, 305.53439009623054, 302.0445999794284, 301.9277195351098, 300.204073498901, 300.204073498901, 295.7666018916964], 
[389.33491585235123, 389.33491585235123, 368.6298218550993, 360.83134024582836, 355.3969953148357, 340.2139516280199, 335.96816725791416, 325.51847017917635, 321.0526130848474, 319.58970212842627, 319.58970212842627, 312.2028971529765, 310.831577906987, 308.2203518037127, 304.01893386089074, 302.9752182334035, 298.0378348792351, 297.2697278661189, 294.75949091665814, 294.7192424275644], 
[396.53012943451705, 383.20307155798207, 378.29045260567636, 360.72372431742184, 338.5635617485839, 330.4938654704601, 330.4938654704601, 325.17124741168925, 325.0745818130129, 319.0073165778373, 315.0852265516283, 311.9183021259593, 311.4748422494535, 307.1919947122859, 307.1919947122859, 305.1617634225692, 301.7168776410225, 301.626178030778, 301.0995613439551, 298.2491164702327], 
[445.7720864020878, 408.34493092345315, 371.8887726695633, 361.67052414794694, 343.5114037714943, 334.4466570218249, 334.02332559210197, 325.40774335622524, 324.8242799035579, 319.59305825923116, 319.59305825923116, 317.5071044800127, 316.29121623672535, 316.29121623672535, 314.1975430822174, 312.1403776054522, 309.2504117009363, 309.08961334338, 309.0120449240571, 308.65093328498995], 
[457.225177806836, 428.9874496472168, 394.0365049053113, 373.5075963551055, 368.80909577677255, 353.2818433815506, 348.5790148459206, 335.0180428156111, 333.34601667124423, 325.1479710399896, 325.0775773879968, 321.28784934506126, 319.8791778513564, 317.8430497173961, 317.26074524111795, 313.39799810284063, 312.8439697457267, 311.8967489417063, 309.57423425528197, 308.035486357515], 
[426.6731077541932, 426.6731077541932, 366.39855083547695, 354.6075234769675, 349.9481532145559, 336.5801339999741, 329.49418025873683, 329.49418025873683, 320.14548481190945, 313.4494473434741, 313.4494473434741, 312.41389242809163, 310.2229316841953, 306.61229214160113, 305.5639494174194, 301.61125567282716, 299.91511732781845, 297.8070301388472, 294.58590258054426, 294.58590258054426], 
