[393.87708199409343, 393.87708199409343, 376.9540473580293, 348.5711647352048, 334.61433415279316, 309.40236195594025, 309.40236195594025, 289.11251062889426, 279.6895993255557, 277.0474521083365, 266.7365224158197, 266.7365224158197, 258.61513001054874, 241.3412881044785, 230.89733576789837, 220.7093362088083, 220.5012869647439, 216.10480608289225, 213.88620872433046, 213.30134922229183], 
[393.05667761164426, 391.3000808594615, 391.3000808594615, 369.68437015524006, 303.83618750450495, 275.0684436740127, 275.0684436740127, 272.6842327135164, 272.6842327135164, 272.6842327135164, 265.2313349975591, 265.2313349975591, 265.2313349975591, 264.9259432186613, 241.69157211132764, 237.65326878700034, 227.46630857752785, 219.89825306241693, 216.31455474598476, 213.35111482203325], 
[346.33492395800073, 304.50981636139386, 304.50981636139386, 304.50981636139386, 304.50981636139386, 304.50981636139386, 284.5245206256801, 276.22165424187006, 273.98216340754504, 273.98216340754504, 273.98216340754504, 273.73946297269606, 273.73946297269606, 264.9161455516434, 260.54502100014463, 249.04186263784794, 249.04186263784794, 236.79947766086818, 220.92687606652828, 218.77959157657918], 
[431.8860805217393, 418.15299079776446, 382.8720035235209, 382.8720035235209, 340.7857305513284, 257.6984987203147, 257.6984987203147, 257.2793973125356, 257.2793973125356, 257.25032879276336, 257.25032879276336, 257.25032879276336, 256.1990647440746, 256.00677336140336, 249.04132339985563, 248.07418055611967, 248.07418055611967, 248.07418055611967, 247.08471317810154, 247.08471317810154], 
[363.9624902963125, 323.1408562044938, 323.1408562044938, 293.64707138256193, 293.64707138256193, 293.64707138256193, 286.9904467250558, 286.9904467250558, 286.9904467250558, 286.9904467250558, 273.4471417104515, 273.4471417104515, 273.4471417104515, 250.122044255109, 249.89314771055876, 240.25290921965376, 239.61929971041167, 239.61929971041167, 238.6866072199125, 238.6866072199125], 
[431.098883938786, 425.553216119078, 396.68841003143604, 336.67064464727457, 336.67064464727457, 336.67064464727457, 327.9533118622251, 310.78970874860426, 300.38606410602426, 299.31712392918683, 280.7329170892196, 280.7329170892196, 278.53052096444304, 277.47681766709144, 277.47681766709144, 275.86756621132463, 257.1975314992115, 257.1975314992115, 257.1975314992115, 255.79767715327742], 
[417.0952467890372, 377.41365171187766, 349.0723870879087, 345.8206718570909, 332.83651359433486, 284.65313081126584, 284.65313081126584, 279.2617014346934, 279.2617014346934, 267.6603979812003, 267.6603979812003, 242.92519337597076, 232.01371180327513, 226.96290193086298, 216.94615144797436, 212.05612831942386, 211.33674627594027, 211.33674627594027, 210.7549431184091, 210.3937456252878], 
[421.3626645793193, 388.16282402418227, 373.4972646356164, 373.4972646356164, 373.4972646356164, 329.7907089640146, 318.88948190142315, 318.88948190142315, 317.43127743982, 317.43127743982, 287.80767333313474, 283.5023317266153, 268.9561106853227, 268.9561106853227, 267.07821151963765, 253.31567028594708, 236.3967322602583, 236.3967322602583, 236.3967322602583, 235.59950825553963], 
[312.40201656157103, 281.5551598118059, 281.5551598118059, 281.5551598118059, 281.5551598118059, 281.5551598118059, 281.5551598118059, 280.96938068704054, 280.6439560030571, 279.2432695454664, 279.2432695454664, 277.5108976010151, 277.5108976010151, 277.5108976010151, 276.8888359312858, 268.2335484895936, 266.94954733384446, 256.15702786138297, 249.99020843218418, 231.92996641825067], 
[423.8204290789879, 422.9288380844489, 398.36696827644323, 339.5354289192036, 309.5237417459515, 289.9061070570863, 289.9061070570863, 289.9061070570863, 266.39909598104936, 265.9367604884138, 265.9367604884138, 265.9367604884138, 256.43217907506204, 256.43217907506204, 256.1556671607532, 252.7959506787704, 249.3308543526143, 238.3205556159846, 238.3205556159846, 238.3205556159846], 
[297.827275716478, 297.827275716478, 297.827275716478, 297.827275716478, 297.70887681806107, 297.70887681806107, 297.70887681806107, 297.70887681806107, 297.70887681806107, 291.85791519472457, 283.58822683916264, 273.6059708516773, 248.64772108715297, 248.64772108715297, 248.08943076986765, 248.08943076986765, 248.06953429792446, 241.7155154993744, 232.32513250258893, 213.5301052861978], 
[405.0812511637154, 386.0722458104118, 365.23762886189706, 365.23762886189706, 326.73958006913597, 322.94030942591695, 322.94030942591695, 322.94030942591695, 250.51957446190687, 250.51957446190687, 249.39836516550886, 249.39836516550886, 230.21355539404868, 217.79630133478977, 217.79630133478977, 212.11987795433865, 211.27918079523576, 209.28737046818398, 207.10880384055486, 206.62771686697755], 
[401.7746827274592, 363.62948860956857, 363.62948860956857, 363.62948860956857, 314.3397757648746, 312.8379435146723, 312.8379435146723, 291.14872383821034, 291.14872383821034, 289.0079316754271, 262.60348399003277, 256.8651795272855, 255.8222931097386, 255.74140850192586, 253.48607062707038, 242.61345022531344, 228.41711757378215, 228.41711757378215, 228.41711757378215, 227.77009380473547], 
[377.4797128961779, 377.4797128961779, 377.4797128961779, 356.10669106479173, 291.6102181587363, 290.5072354853738, 284.7296910321647, 284.7296910321647, 284.7296910321647, 284.7296910321647, 284.7296910321647, 282.3203758727672, 279.70119435985436, 278.8827510962309, 278.1030377367313, 265.0442744317166, 258.9608622762334, 244.31126602357557, 244.31126602357557, 244.31126602357557], 
[397.7103078353045, 307.60772392169395, 307.60772392169395, 307.60772392169395, 285.2989451446401, 285.2989451446401, 285.2989451446401, 285.2989451446401, 269.39828025411794, 264.97509985241686, 236.10998449659442, 236.10998449659442, 236.10998449659442, 228.031903013073, 219.13152236992724, 214.57310674131014, 210.26336566214906, 210.26336566214906, 208.86845054057824, 207.68014878128918], 
[389.49550062369997, 310.96145033160195, 310.96145033160195, 310.96145033160195, 310.96145033160195, 304.89752933574425, 261.97419322787266, 261.97419322787266, 260.71494498950767, 251.7183503335858, 251.7183503335858, 251.7183503335858, 251.7183503335858, 230.98494721638488, 218.5780814722748, 217.98864430439806, 213.7376624316507, 212.639863114324, 207.91321255108429, 207.0814577823077], 
[333.36043377304856, 333.36043377304856, 333.36043377304856, 333.36043377304856, 333.36043377304856, 302.8053874652694, 302.8053874652694, 299.07982857108783, 296.2820522586647, 272.5174343932389, 272.2413204655707, 269.99636882248296, 266.4555592227036, 266.4555592227036, 263.9955689513124, 263.9955689513124, 255.75929376159772, 252.57441610747873, 225.17365039412485, 215.40553216859166], 
[379.014441729016, 375.73533886335764, 375.73533886335764, 308.9752177299414, 308.9752177299414, 299.95814401920165, 299.95814401920165, 296.68620567600317, 296.68620567600317, 276.92544063835015, 274.52568420393675, 263.6848968668752, 262.25218711900663, 246.21900137638113, 246.21900137638113, 239.15825601750052, 232.06253768452282, 224.49014879069094, 214.27803803464462, 214.27803803464462], 
[308.8407152485321, 308.3732946883668, 308.3732946883668, 308.3732946883668, 308.3732946883668, 308.3732946883668, 308.3732946883668, 298.324369998809, 298.324369998809, 258.85852274458296, 258.85852274458296, 258.85852274458296, 258.85852274458296, 258.85852274458296, 251.149781618758, 250.86327744247714, 250.86327744247714, 250.03528335458427, 250.03528335458427, 230.86773730727884], 
[277.8736659506059, 277.8736659506059, 277.8736659506059, 277.8736659506059, 277.8736659506059, 276.9456718177114, 276.9456718177114, 267.483796932511, 265.84427809692977, 265.84427809692977, 265.84427809692977, 265.6561792483046, 265.6561792483046, 250.34768628263063, 250.34768628263063, 236.19546597338768, 220.60860385848423, 218.3173511522538, 211.58166786684686, 209.8336584491142], 
[305.3240701550484, 305.3240701550484, 299.9174981275021, 284.95326551989524, 284.95326551989524, 283.3571382619178, 283.3571382619178, 282.2076219634473, 275.0069379698549, 274.0085876800952, 267.2297745403835, 257.1095987040831, 231.36833344778688, 215.26983723067497, 214.00822960604225, 213.3867409069096, 212.31313154398876, 210.38129928739755, 208.87272934126193, 208.5294129021882], 
[251.82196060083606, 251.82196060083606, 251.82196060083606, 251.82196060083606, 251.82196060083606, 251.82196060083606, 251.82196060083606, 249.91564629175386, 249.91564629175386, 249.91564629175386, 249.57983057996537, 249.57983057996537, 249.57983057996537, 223.51789102795712, 218.3992802381865, 216.65847998054966, 210.31776260635843, 209.4831694714032, 209.4831694714032, 207.93726288218465], 
[379.45530086110733, 360.01809888338016, 360.01809888338016, 349.31767354378, 329.6393130852419, 329.6393130852419, 329.6393130852419, 297.6964267006117, 297.6964267006117, 297.6964267006117, 295.5560954486283, 284.7959301372647, 284.59887565659807, 256.99585375024503, 240.40291441254996, 227.61139371493155, 227.61139371493155, 218.20613395333507, 209.2827239671701, 208.53332939976235], 
[340.7236526038134, 261.4151863974091, 242.9071114952269, 242.9071114952269, 242.9071114952269, 242.85557571342872, 242.48962625074083, 242.48962625074083, 241.77259921551018, 241.03168218239003, 241.03168218239003, 241.03168218239003, 241.03168218239003, 241.03168218239003, 241.03168218239003, 241.03168218239003, 241.03168218239003, 237.45076145187096, 221.85713398147786, 212.41495346924088], 
[420.8227369475623, 420.8227369475623, 397.9229487262687, 381.31662109591457, 381.31662109591457, 381.31662109591457, 297.45415670444055, 297.45415670444055, 291.9446040077162, 291.9446040077162, 288.9649346399323, 259.076304338612, 254.46264088136527, 253.99549860497893, 252.8279024153925, 252.81947667988797, 252.81947667988797, 252.81947667988797, 252.34119868260112, 232.99180027771737], 
[414.490762914288, 414.490762914288, 411.3231790940799, 399.211770069782, 393.0116204675814, 319.0689700946893, 319.0689700946893, 308.2650359380178, 306.3901311721084, 306.3901311721084, 306.3901311721084, 306.3901311721084, 306.3901311721084, 302.36507331203404, 302.36507331203404, 278.45853179317896, 278.45853179317896, 274.46344216348234, 274.46344216348234, 274.45918207760775], 
[426.43533788951663, 390.84078459115085, 390.84078459115085, 390.84078459115085, 356.4146332988654, 354.68439092833364, 334.8747209106157, 334.8747209106157, 334.8747209106157, 309.2598190824963, 309.0039001154358, 292.54126817247084, 244.3395522478939, 242.4786010320645, 242.4786010320645, 242.4786010320645, 241.09670929166077, 240.96503925418986, 240.66735391896827, 240.66735391896827], 
[323.77384375196897, 323.77384375196897, 323.77384375196897, 303.3458088142954, 272.5670788597022, 272.5670788597022, 272.5670788597022, 272.5670788597022, 272.4269950309331, 272.4269950309331, 272.4269950309331, 272.4269950309331, 272.4269950309331, 271.9129924020793, 270.85537333497456, 270.85537333497456, 270.02183979719746, 268.37689447101377, 265.30402548842846, 253.3685974558651], 
[400.22563960263835, 343.67505505855905, 308.4435689769509, 308.4435689769509, 294.57238602074824, 294.57238602074824, 288.4944729737494, 288.41114868642006, 288.41114868642006, 288.41114868642006, 263.7586739365799, 263.7586739365799, 240.02077827479312, 226.80202642334805, 215.29004449225778, 213.06424219806215, 212.9842399273974, 210.34226715461227, 209.94492408355273, 208.13315204112047], 
[428.3072129214033, 394.20724775694197, 369.5862773104078, 361.129452553526, 345.3316461969524, 339.13325204647924, 339.13325204647924, 316.7708277932533, 315.3599313552185, 298.2379703573153, 296.5393114417639, 293.19518327294173, 261.63505200460224, 261.63505200460224, 261.63505200460224, 261.63505200460224, 261.63505200460224, 261.63505200460224, 244.6321487038601, 244.6321487038601], 
