[1592.707385230467, 1592.707385230467, 1508.272204056005, 1429.568689158488, 1429.568689158488, 1381.221679429691, 1381.221679429691, 1371.2441029067406, 1342.7518604529962, 1295.4930735939179, 1295.4930735939179, 1295.0314004802854, 1295.0314004802854, 1295.0314004802854, 1294.7022923659379, 1294.7022923659379, 1294.7022923659379, 1288.9040171433862, 1288.9040171433862, 1280.2100365176698], 
[1641.2289205049642, 1641.2289205049642, 1512.2385438560996, 1430.0987461977172, 1419.523316734665, 1385.2189192868739, 1365.1317412417327, 1346.6159005853287, 1323.9337967651352, 1307.9319610098053, 1307.0891627997864, 1281.1707464751082, 1255.7763735983654, 1246.4264467254234, 1220.123959439228, 1220.123959439228, 1198.764346013111, 1198.764346013111, 1179.0072857450014, 1169.6357992379944], 
[1608.7290081452068, 1608.7290081452068, 1484.9277464884601, 1434.2239401066006, 1431.316616167473, 1356.6809381221283, 1335.7199854286832, 1315.660415162276, 1277.7339265579255, 1277.7339265579255, 1256.5334421088116, 1254.9166312897967, 1230.8566147964916, 1218.4625021116665, 1203.37384897449, 1188.7723133824963, 1188.7723133824963, 1181.2977168444854, 1158.2273217621623, 1149.7007230219422], 
[1814.8388141300659, 1785.2609959484594, 1527.7060902269993, 1473.3026597749906, 1452.8524742053924, 1438.284064702988, 1389.9407551823183, 1327.117263500904, 1327.117263500904, 1308.0697283054803, 1291.3635410849038, 1275.2700143792024, 1238.635393395364, 1228.6727235154692, 1206.8438230526563, 1193.175483980443, 1188.3431698017894, 1185.9007563155774, 1159.0133040557923, 1158.1493567965265], 
[1730.9154717312183, 1616.3684697764581, 1432.8004063405351, 1417.0892852066502, 1342.9215566845173, 1342.9215566845173, 1306.7100827305037, 1306.7100827305037, 1268.9604933479322, 1268.9604933479322, 1251.8964993120103, 1234.4432509418598, 1189.6352129501524, 1186.032070294827, 1176.1370224130344, 1168.5246955973641, 1165.954735728045, 1162.7791908564243, 1143.061421023146, 1143.061421023146], 
[1721.923517023763, 1721.923517023763, 1438.4432743731475, 1377.277102235233, 1377.277102235233, 1348.7464934767347, 1348.7464934767347, 1305.3763108695414, 1281.88959343436, 1281.88959343436, 1254.9182855637625, 1254.9182855637625, 1233.0945801209211, 1208.6338825704672, 1202.4250747937003, 1186.8725366536175, 1186.8725366536175, 1186.6476958714054, 1174.483851966999, 1171.959870271791], 
[1720.7906920218468, 1636.096051353399, 1411.4158765088043, 1323.4389133053062, 1323.4389133053062, 1323.4389133053062, 1323.4389133053062, 1305.9463143615735, 1301.152351779191, 1283.0355023045747, 1256.0244333013898, 1247.2848547161984, 1247.2848547161984, 1247.2848547161984, 1236.9626655411357, 1235.4088688640647, 1235.4088688640647, 1235.4088688640647, 1235.4088688640647, 1212.4436451944666], 
[1715.4102054591165, 1715.4102054591165, 1451.3968268776011, 1392.1940964323023, 1337.3162401573036, 1337.3162401573036, 1337.3162401573036, 1329.1591417866941, 1310.3983842549342, 1267.4827177777522, 1267.4827177777522, 1266.8856125076456, 1248.2848932309541, 1232.4434802295616, 1205.6286564186983, 1205.6286564186983, 1205.6286564186983, 1205.6286564186983, 1198.1175833514944, 1195.9279049496538], 
[1784.4316743167274, 1646.502272345053, 1471.1004557519655, 1460.2887470206826, 1454.5281613920472, 1413.5496594652236, 1365.8262070791097, 1322.4148098563649, 1317.178498609295, 1317.178498609295, 1291.3883427888259, 1258.0356551886177, 1231.5980206842996, 1207.5526297296067, 1207.5526297296067, 1201.991237352946, 1201.991237352946, 1192.8350999375502, 1186.0091361514417, 1176.5816631349578], 
[1733.6062304057343, 1733.6062304057343, 1400.3115984940098, 1400.3115984940098, 1346.8202446584608, 1346.482474625996, 1298.662672545661, 1268.771030533738, 1267.6820141500102, 1200.0939415868816, 1194.1885886921432, 1168.4217207102902, 1152.6814305141634, 1125.648262361033, 1110.7636908130014, 1091.996580917664, 1074.13615528152, 1070.092317492361, 1063.6188215456134, 1059.5978605812793], 
[1652.7095374263254, 1625.3437705895997, 1371.6746106306928, 1371.6746106306928, 1346.1137782412634, 1308.2332795345103, 1308.2332795345103, 1297.5266347638367, 1258.5649038389463, 1250.097173349953, 1249.6260344001685, 1209.9264290825256, 1205.651437726845, 1201.930562492504, 1201.8668486254037, 1188.1774693007694, 1187.1995384396946, 1169.896388661157, 1160.015146720636, 1160.015146720636], 
[1723.1643222675643, 1666.0362211545048, 1481.472189684747, 1394.9421670090917, 1377.6601841605534, 1375.4474563273252, 1283.0547032144816, 1283.0547032144816, 1256.1546787965572, 1250.299515918029, 1219.4353604419905, 1185.8304228197585, 1164.9765967480657, 1146.4635805011335, 1125.2676116422365, 1111.9385314354795, 1098.0389920627852, 1084.630069267133, 1084.630069267133, 1082.9056613346738], 
[1671.1122876094653, 1647.3342191089762, 1512.9909864064116, 1462.2396788264916, 1435.0351569083537, 1382.8472447709023, 1302.082064336286, 1302.082064336286, 1291.23870815247, 1208.80160233145, 1208.80160233145, 1198.5339723891175, 1198.5339723891175, 1187.7654312872676, 1187.5079553161454, 1184.037435358145, 1184.037435358145, 1184.037435358145, 1184.037435358145, 1173.716836398992], 
[1763.7282632619704, 1763.7282632619704, 1531.243762967218, 1424.3672911796975, 1415.9045479282008, 1415.9045479282008, 1391.2985737248027, 1307.6577866400166, 1289.8969192417053, 1268.1881457886532, 1262.4935170169615, 1244.1621603669812, 1239.5400351799685, 1213.8516105313072, 1213.8516105313072, 1193.686123893135, 1193.686123893135, 1188.4088088993715, 1188.4088088993715, 1188.141814623671], 
[1705.7481472153145, 1705.7481472153145, 1486.624068410797, 1475.6356730925052, 1475.6356730925052, 1458.4074278580608, 1442.246540113861, 1400.7418570252105, 1400.7418570252105, 1359.181789918745, 1336.7594352005672, 1332.7358093688263, 1313.9249753989473, 1312.6176757733201, 1289.4727384558607, 1272.3318821512603, 1272.3318821512603, 1272.3318821512603, 1252.554623662951, 1233.653504403223], 
[1675.254213624281, 1675.254213624281, 1492.6605109989855, 1476.9068768124066, 1413.525748955447, 1393.5174376565537, 1376.434812999651, 1376.434812999651, 1297.8086905627426, 1297.8086905627426, 1297.8086905627426, 1285.5899144868345, 1282.048192713639, 1272.311350270309, 1272.311350270309, 1272.311350270309, 1272.2128726199621, 1248.830449880234, 1227.489957669298, 1218.404559703397], 
[1733.6560712181222, 1733.6560712181222, 1469.8738242365603, 1422.2111424054315, 1334.9678399809418, 1334.9678399809418, 1317.1217908655, 1297.9718100431817, 1258.4485990802978, 1258.4485990802978, 1242.8223975910528, 1242.8223975910528, 1233.4105454475084, 1223.4220592560714, 1173.9392791586868, 1164.746772816291, 1151.0183415624206, 1151.0183415624206, 1151.0183415624206, 1132.0551278040205], 
[1772.876732927837, 1675.291735915903, 1501.6818544488485, 1488.6829180841266, 1483.8728561376176, 1461.8798614231705, 1433.0667445495587, 1392.8651518505067, 1392.8651518505067, 1365.792819147362, 1356.909050979383, 1338.0751712735982, 1292.1927841349955, 1292.1927841349955, 1292.1927841349955, 1292.1927841349955, 1292.1927841349955, 1292.1927841349955, 1282.383739773285, 1275.2638525327018], 
[1705.9802927093988, 1634.391845638969, 1487.8487835529484, 1399.6226509829798, 1355.135599130415, 1355.135599130415, 1298.2388715465183, 1260.3036664959714, 1260.3036664959714, 1255.6060728723587, 1244.753386485965, 1227.1255168571045, 1227.1255168571045, 1199.6329142890472, 1184.134707832546, 1167.0339538673206, 1142.6704516459306, 1131.210302272826, 1131.210302272826, 1131.210302272826], 
[1676.4426680212605, 1626.4961697192991, 1478.106305406665, 1403.8663788766114, 1372.159563914064, 1327.5742401939654, 1327.5742401939654, 1322.5515269932885, 1307.8201418371018, 1266.2076793227386, 1258.1500726767094, 1219.9761292369642, 1206.1387402395728, 1196.981319488646, 1153.793476744698, 1153.793476744698, 1152.695866427465, 1145.5666380279738, 1134.162799895595, 1096.4220449917314], 
[1741.6526449612657, 1686.9277985336703, 1568.0043083834673, 1425.3861098347306, 1425.3861098347306, 1425.3861098347306, 1412.2244160916423, 1357.5264881798294, 1346.6988517859077, 1318.5858729099211, 1292.0843323849444, 1281.409435928997, 1262.8313201585313, 1262.8313201585313, 1223.3266229590517, 1223.3266229590517, 1208.330802182076, 1203.707582046345, 1185.1271178645006, 1171.3213805508203], 
[1690.6722314234073, 1690.6722314234073, 1516.1125409275946, 1482.706536955278, 1402.5114074213932, 1402.5114074213932, 1394.1269470826846, 1361.48847025783, 1342.8023315510804, 1330.4749309983845, 1314.6642598735789, 1303.0539147543823, 1303.0539147543823, 1293.9936051645686, 1275.5311115737463, 1274.3959965566617, 1265.056454450819, 1260.4821143615545, 1260.4821143615545, 1260.4821143615545], 
[1786.118591223793, 1691.9703601411557, 1438.0022967791685, 1416.0232204339914, 1416.0232204339914, 1403.501442374165, 1363.107983539411, 1363.107983539411, 1345.9027431150676, 1331.0672059544352, 1276.888787397716, 1273.3573951926167, 1273.3573951926167, 1219.7340033041457, 1219.7340033041457, 1176.401393602287, 1176.401393602287, 1165.8534026722514, 1161.485566806274, 1145.5557213396996], 
[1715.224055868496, 1715.224055868496, 1444.298184122082, 1383.943341563037, 1324.1831492637816, 1263.5406692276895, 1263.5406692276895, 1253.0582642136342, 1253.0582642136342, 1247.8358163519135, 1211.8595675120926, 1211.8595675120926, 1175.151002925654, 1147.035910716702, 1147.035910716702, 1125.068652834109, 1115.2636781455387, 1100.585042273559, 1093.9681734722606, 1083.4049843429525], 
[1653.6669420171265, 1629.4235732179275, 1528.7441457686373, 1391.2416169197586, 1388.9811722307677, 1388.9811722307677, 1388.9811722307677, 1388.9811722307677, 1362.26687867479, 1343.3463845785682, 1341.1436794045264, 1302.183263046013, 1286.852858205859, 1269.3244339248877, 1269.3244339248877, 1258.4073025200582, 1243.666093277194, 1224.0538159878106, 1196.02831133119, 1193.5552356238936], 
[1698.5133159356058, 1684.5279144236758, 1538.9310581606996, 1424.2021537579976, 1424.2021537579976, 1424.2021537579976, 1420.569678097587, 1357.1171077503743, 1333.3438346670162, 1323.360233442978, 1256.8301674831541, 1256.8301674831541, 1245.2341800314205, 1234.9999845023485, 1209.0389421791492, 1209.0389421791492, 1207.5171812754757, 1207.5171812754757, 1174.5777305384493, 1174.5777305384493], 
[1727.8726960276406, 1698.3098364223001, 1439.2900994851843, 1368.6068192983362, 1333.1062864261667, 1283.7834533922658, 1283.7834533922658, 1283.7834533922658, 1250.0214820763276, 1239.6085388438082, 1239.6085388438082, 1239.6085388438082, 1216.9288443857772, 1216.9288443857772, 1207.246974019449, 1200.3579768153998, 1200.340523832835, 1200.340523832835, 1183.4241722785814, 1183.4241722785814], 
[1752.5637789500643, 1720.9336301074998, 1506.1271400311452, 1473.0172971776294, 1414.0760370503071, 1349.2081256334666, 1349.2081256334666, 1310.5936975454213, 1306.53899563963, 1239.9492087355934, 1239.9492087355934, 1239.9492087355934, 1239.9492087355934, 1226.1154417547361, 1194.6109095896247, 1184.250693297447, 1167.712222715405, 1167.712222715405, 1149.9525447841013, 1130.6436409270304], 
[1692.754699020351, 1684.5034435732368, 1383.8597440765889, 1373.8360884184763, 1328.826635497628, 1328.826635497628, 1322.0488519885619, 1287.0954962694834, 1285.47599277026, 1270.2131949988157, 1238.1494940814455, 1220.2330193527519, 1204.532113175703, 1188.3426222340206, 1174.631144745783, 1151.2610602778188, 1123.3771611360119, 1123.3771611360119, 1117.9202939848901, 1116.2406592695736], 
[1692.4361076605983, 1659.7386350992574, 1359.0765811685287, 1312.9203155939372, 1312.9203155939372, 1287.3842435211284, 1287.2483216279475, 1236.9980836045586, 1210.1404703715614, 1210.1404703715614, 1204.612003656207, 1169.7801290163825, 1145.1162139333794, 1123.7299261847106, 1123.7299261847106, 1111.8766815727197, 1111.8766815727197, 1104.2924868637708, 1100.1877807822389, 1098.1193798449585], 
