[8000.764723732645, 8000.764723732645, 4674.792693609168, 4408.262019353295, 4157.347496111652, 4152.0218818063295, 4002.401062505938, 3760.3860870385806, 3743.9403046446982, 3638.0216102484164, 3578.995480885894, 3487.2907486728063, 3487.2907486728063, 3334.6738187293295, 3334.6738187293295, 3334.6738187293295, 3262.771350535011, 3261.9301257235447, 3226.26287693426, 3153.5628625769314], 
[7670.585105731774, 6367.40163734676, 5040.369792208063, 4739.151822784045, 4417.969637315681, 4056.9367424263746, 3878.5894418162425, 3731.175854164561, 3731.175854164561, 3660.369446738733, 3570.793044054534, 3469.5065236378355, 3426.4989415528735, 3384.2730769837935, 3335.2784097460753, 3255.093691647394, 3249.48251059418, 3143.560571720325, 3143.560571720325, 3143.560571720325], 
[8163.017569323479, 8163.017569323479, 5174.092807150397, 4924.566093279702, 4602.539252495973, 4409.666856860366, 4409.666856860366, 4246.857483937665, 4136.496782035734, 4038.8902772616448, 3926.3374723182683, 3926.3374723182683, 3876.7570064649726, 3783.871233755539, 3737.4649806514785, 3737.4649806514785, 3670.6515330920924, 3670.6515330920924, 3647.9381789127037, 3573.1245531164723], 
[7193.846420321065, 7040.3783851055205, 4856.256056626718, 4426.066158233513, 4301.8198717493615, 4267.742485822908, 4069.998877658426, 4032.1307433314814, 3835.3098864309477, 3805.1110728939393, 3777.556994418267, 3764.298365293944, 3740.8446002751457, 3518.125810913996, 3518.125810913996, 3518.125810913996, 3518.125810913996, 3512.140549663643, 3485.7274763943537, 3442.6752438535827], 
[6472.327101319635, 6472.327101319635, 5108.110981470328, 5022.047012074568, 4807.503560021801, 4463.187164111673, 4463.187164111673, 4429.001257241051, 4304.291610579778, 4048.581256903938, 4048.581256903938, 4048.581256903938, 4042.091145104094, 3913.7975014658305, 3823.2694556257684, 3800.5521653466535, 3763.4456488655596, 3672.362033517746, 3581.9748046220748, 3581.9748046220748], 
[7629.586918706704, 7629.586918706704, 5259.762849138504, 4525.654515613016, 4525.654515613016, 4487.927464204735, 4105.622374019995, 3971.8489861629855, 3910.0954436278867, 3886.327209383122, 3622.9190705503624, 3561.405762442417, 3517.2212378218446, 3515.1841342354355, 3422.7586250696177, 3422.7586250696177, 3377.0940665935696, 3298.7150817906177, 3298.7150817906177, 3197.3580028178712], 
[6966.244301725924, 6966.244301725924, 4745.789503381198, 4256.147653154115, 4256.147653154115, 4029.8377161349586, 4024.0737286843296, 3866.9998876149502, 3716.0264314309807, 3703.0694835436043, 3682.7852121154983, 3682.7852121154983, 3586.3621378408607, 3540.699301334387, 3539.0756746675643, 3397.472985281743, 3363.6084961333495, 3338.218150403736, 3302.8624293393004, 3302.8624293393004], 
[7300.943989640808, 7167.65773182667, 4878.332860963545, 4721.949502502466, 4117.394125370814, 3927.869328703013, 3927.869328703013, 3779.6422378084153, 3779.6422378084153, 3633.2802994987806, 3627.848575066, 3525.23383449036, 3486.5425599667105, 3446.5790991840004, 3383.4767144029965, 3326.0492866985824, 3285.209078328675, 3217.7225429036057, 3217.7225429036057, 3175.056876195512], 
[6998.771899315465, 6998.771899315465, 4889.551978798301, 4864.317974777433, 4669.033070443042, 4380.882846882791, 4251.240567622516, 4135.598194550447, 3860.364948929475, 3860.364948929475, 3860.364948929475, 3860.364948929475, 3803.03711301097, 3752.192940863337, 3705.7152668069416, 3532.6513941360517, 3516.123137607784, 3502.6550158718833, 3407.051083547077, 3354.226507420258], 
[6115.8162885509855, 5991.27643246333, 5097.703319280241, 4785.373550106468, 4446.486777955111, 4254.948297753794, 4111.273726534545, 3833.878674638825, 3604.6913450623533, 3604.6913450623533, 3510.198358654864, 3510.198358654864, 3387.3696726710377, 3387.3696726710377, 3387.3696726710377, 3372.103924324837, 3372.103924324837, 3355.6363497491457, 3316.8258710065056, 3316.8258710065056], 
[7242.537451845194, 7242.537451845194, 4966.880138267954, 4699.072091827203, 4556.474469285558, 4473.857817453898, 4174.947103434851, 4128.865645111373, 3975.8987372838756, 3909.267043601536, 3781.852865341572, 3696.1635089088772, 3661.5424355235505, 3661.4961456688548, 3622.5485431864618, 3458.2398106786395, 3458.2398106786395, 3407.2459177751925, 3374.5773589808236, 3270.584685952248], 
[8034.101651185778, 7463.465006531697, 5245.982132964777, 5046.784823054957, 4786.96473247699, 4419.700570627614, 4331.864591028688, 4282.267135117567, 4172.7200043397925, 4172.7200043397925, 4025.749066871108, 3861.629031283871, 3843.9272260286652, 3818.565244107581, 3725.634505719325, 3705.811366727806, 3689.214503427441, 3637.1493658377653, 3521.5536861844776, 3521.5536861844776], 
[6802.936456442297, 6802.936456442297, 4676.690026971124, 4458.611652294956, 4293.019976661881, 4075.6519346501464, 3660.85295361107, 3660.85295361107, 3659.4139044934955, 3577.647232367113, 3497.4711904619394, 3483.2563072006988, 3406.7995537084043, 3406.7995537084043, 3292.983898983127, 3292.983898983127, 3186.348386249045, 3186.348386249045, 3186.348386249045, 3106.225511041144], 
[6906.629963717004, 6649.666411718848, 4746.843545830439, 4593.110721335975, 4192.217424355506, 4103.834267249318, 4019.9129036841123, 3939.8533181745747, 3939.8533181745747, 3939.8533181745747, 3920.949831658775, 3835.197105236268, 3827.6176465254093, 3655.108519867734, 3655.108519867734, 3652.7371304643834, 3652.7371304643834, 3617.5567455403652, 3617.5567455403652, 3576.510061626909], 
[7735.183802808163, 7053.568814954063, 5183.537996073481, 4379.724736759489, 4298.245308732057, 4098.263467079381, 4098.263467079381, 3872.8226629787387, 3872.8226629787387, 3624.542877961958, 3534.563358604309, 3463.6552098413595, 3459.809061856777, 3420.091594861278, 3411.2540574805826, 3373.402884073137, 3309.26416027711, 3175.6768307669035, 3018.650577204191, 3018.650577204191], 
[7714.407840396965, 5977.744868613019, 5078.225404183129, 4589.901847823941, 4589.901847823941, 4528.2454572739525, 4178.764092252381, 4178.764092252381, 3979.1260715044646, 3979.1260715044646, 3921.321713872121, 3871.73828325694, 3871.73828325694, 3842.4195844240303, 3842.4195844240303, 3796.4137289715936, 3740.0224382391757, 3740.0224382391757, 3740.0224382391757, 3694.913330813437], 
[6892.552004754525, 6892.552004754525, 4953.31273507206, 4650.77422353258, 4605.302874163188, 4412.141915449774, 3851.7904781397156, 3808.760410003887, 3808.760410003887, 3791.1420894460143, 3556.6032787082154, 3556.6032787082154, 3502.206995900664, 3483.129622591062, 3349.300627087139, 3297.853646382718, 3295.020474266416, 3252.9314761715395, 3212.701846297145, 3175.827002488548], 
[8006.799085228162, 8006.799085228162, 4835.137254117748, 4835.137254117748, 4724.827027842641, 4724.827027842641, 4479.904417947735, 4479.904417947735, 4152.805747557555, 4152.805747557555, 4140.876801967339, 4035.534898082154, 4005.358914665385, 4005.358914665385, 3878.7012131567935, 3811.718311513776, 3796.322833249498, 3789.5442438162486, 3718.080910589074, 3701.609810093216], 
[8770.354800019226, 8020.6983128256325, 4688.4533756148085, 4688.4533756148085, 4225.948745584224, 4101.263998766976, 4005.9351452298697, 3831.6375504483794, 3757.2990461786358, 3641.2766764450453, 3530.550635352168, 3523.1224036147537, 3481.660596097532, 3459.782265823886, 3281.966824831101, 3257.307021907218, 3227.3494095615815, 3192.3928298808314, 3176.4616170515874, 3176.4616170515874], 
[7097.568351688395, 6829.765936289523, 5339.504990103853, 4866.043082006587, 4690.294888488211, 4068.759883989691, 3763.9488912631177, 3763.9488912631177, 3763.9488912631177, 3763.9488912631177, 3695.974091216393, 3657.262539998154, 3649.136737506699, 3530.9338585738105, 3530.9338585738105, 3515.1488825588826, 3515.1488825588826, 3498.5809368884693, 3489.69598511965, 3474.0525203734323], 
[8369.560470453502, 8369.560470453502, 5134.692093705706, 4638.850235436041, 4638.850235436041, 4548.239886292264, 4335.42715073538, 4233.573474368935, 4079.482053825332, 4079.482053825332, 4034.9195901478765, 4034.9195901478765, 4034.9195901478765, 3991.2071829627303, 3991.2071829627303, 3991.2071829627303, 3945.8311676508056, 3941.300781544067, 3680.2340423141422, 3680.2340423141422], 
[7680.327993363984, 7680.327993363984, 4975.607732452607, 4913.547011551044, 4615.73121917183, 4422.26490498569, 4317.7327957795615, 4209.053663253657, 3994.687385462395, 3966.4073749206445, 3886.3445800305344, 3653.2173387605326, 3653.2173387605326, 3609.7739352293383, 3609.7739352293383, 3572.951587785724, 3520.4353127398576, 3413.1474881913937, 3378.8232411079416, 3341.5498600344235], 
