[4.125094526589386e+16, 4.125094526589386e+16, 4.125094526589386e+16, 8559336706443677.0, 8559336706443677.0, 3363160314302401.0, 1031034315599.9084, 1031034315599.9084, 1031034315599.9084, 729837388219.4635, 425517652539.47534, 191257689314.93658, 119224066662.47977, 107624826519.55078, 86783637290.82564, 70250253989.12581, 56328372458.762985, 51452149110.83708, 41508552463.26124, 40925093940.771614], 
[8340798424134943.0, 6238785800951611.0, 6238785800951611.0, 4016493278018619.0, 663331161786705.4, 141754995620551.03, 17918517358120.223, 3446992009611.2197, 2946450827141.16, 780031975322.4467, 518865364539.7724, 254848949989.31213, 215776774940.06277, 131366084661.58633, 112244554463.22139, 77741294491.8546, 70168751456.89291, 59644213330.268295, 48676646964.27634, 43493245117.78269], 
[6472306716765886.0, 6472306716765886.0, 2437583803600739.0, 2437583803600739.0, 550659107931110.44, 550659107931110.44, 353972947363966.94, 26849720731891.746, 18650328567690.43, 18650328567690.43, 4728938419603.607, 3168136890737.755, 2812546417555.1553, 1110839239955.9673, 1064563437694.8173, 816728221809.4568, 644577674976.2325, 537356732248.5115, 334732957217.8404, 291544149505.4011], 
[4.541545829705357e+16, 4.541545829705357e+16, 4.541545829705357e+16, 3.2173769170673224e+16, 1631479094099536.5, 330916098026493.5, 330916098026493.5, 189108165903021.47, 756785689127.6707, 734003081392.7087, 734003081392.7087, 627517775531.8059, 346146506068.55115, 332054771716.12244, 113313493487.74496, 72719518486.29164, 71967884411.3323, 68096485186.92962, 48669908661.80647, 44786746298.31237], 
[3.1761293303757523e+17, 3.1761293303757523e+17, 6.9808221059463096e+16, 1693722856513405.5, 53474777014487.22, 53474777014487.22, 7687659408326.695, 7404560816727.629, 2199335981225.941, 975816444418.7654, 326705296794.6604, 307605410793.4963, 306085507245.9219, 179061461657.1941, 141122389250.2997, 107541828979.9036, 89554093566.93167, 79357983515.54921, 56331392659.398926, 54111864295.24274], 
[5.006411855261107e+17, 3.3768889210479834e+17, 2.9172056389307776e+17, 1.4791317899762282e+16, 310619105756962.2, 71484203889933.77, 24653527429637.465, 3737777688991.36, 1993989168237.3872, 339923799911.3575, 99587853479.00832, 99587853479.00832, 99587853479.00832, 74283716259.4491, 65013748456.76752, 57210603649.76592, 46409556710.89334, 46409556710.89334, 42186511783.3312, 38867565983.227394], 
[1.5236350334496732e+16, 1.5236350334496732e+16, 6387218680922086.0, 1948426102924873.2, 1029402600587938.9, 98132507877753.03, 25145356832098.34, 2586285259888.201, 1000594238058.1074, 946783638700.4417, 470122651861.026, 271075160872.76108, 82637197320.38881, 76433045428.16248, 72634557029.41351, 64030417403.520874, 54440575944.852844, 45063998693.51188, 44882269595.049194, 42910303891.02162], 
[1.8930398163315885e+17, 4974105681127718.0, 4974105681127718.0, 1540880810831117.5, 255235286143158.3, 67378561677456.2, 30276752292622.027, 10024772346350.787, 5702202622214.957, 2548917554442.9185, 1724910949114.3574, 485594665527.5048, 441001445100.69763, 441001445100.69763, 260971884064.66348, 217868458150.68097, 180199721495.08508, 111998535012.99733, 103440793313.2305, 64272466453.97191], 
[6.48062784836388e+17, 2.0911963027403507e+17, 6.361327893706526e+16, 6.361327893706526e+16, 6201392076099763.0, 172541149354663.12, 5008413769985.324, 4906358041960.551, 923276812789.6046, 715777663113.9688, 715777663113.9688, 514361089627.1103, 274344599878.19327, 173677653232.72644, 123397514432.37665, 87392315156.67697, 55141745473.11123, 44980101774.40777, 42469058976.59445, 38992720215.2915], 
[8444036794084828.0, 8444036794084828.0, 8444036794084828.0, 787004922795132.9, 119957267575513.97, 8334235223712.658, 2794586263605.468, 2794586263605.468, 826222975944.357, 413747189212.0701, 292213708332.1832, 231042918373.8832, 122249050121.46564, 105340421530.31613, 105340421530.31613, 79578012823.865, 57311302263.16891, 55854544272.7598, 50137225233.10748, 49756487753.65116], 
[6.556445918521601e+16, 4.21724705210991e+16, 4.21724705210991e+16, 60091940683057.695, 60091940683057.695, 60091940683057.695, 4096275219127.5786, 688635423946.7947, 603429722812.935, 549126478047.94415, 229673671281.30826, 189254152622.47525, 86163359058.66354, 52632649063.893036, 52632649063.893036, 51143250308.08025, 44439715705.075615, 40719421228.56793, 39359035840.52206, 37566289306.444244], 
[1.489181748872752e+16, 1.489181748872752e+16, 1.489181748872752e+16, 87273165727977.39, 87273165727977.39, 87273165727977.39, 12689033767789.031, 4685124143118.468, 2093882447785.5164, 506481126192.3522, 506481126192.3522, 276658153498.69806, 158455888876.9116, 98031743317.07948, 98031743317.07948, 98031743317.07948, 75959472317.28711, 51892998812.84645, 42735453461.949814, 42735453461.949814], 
[340898157164519.3, 340898157164519.3, 11382135381976.72, 2023728028012.5225, 2023728028012.5225, 2023728028012.5225, 2023728028012.5225, 2023728028012.5225, 1571197223335.5557, 971579425570.0054, 252573376319.6818, 252573376319.6818, 144459956548.02512, 144459956548.02512, 111082387738.2508, 88060644384.69832, 77557058792.42386, 60870601079.97925, 50590074046.27373, 45195417337.16125], 
[9.570179044787637e+16, 2.6217299642105144e+16, 2.6217299642105144e+16, 371591942653337.1, 98826404148927.28, 14353702726058.514, 4141707018897.204, 2396338228756.7905, 730949254903.0134, 157963363856.04688, 157963363856.04688, 121115863122.13168, 112155360604.76183, 91497302124.76468, 83094386455.52321, 76704135549.04155, 63649180592.08175, 62814214192.30906, 54251571654.76667, 52789727679.41246], 
[5.529767076557251e+17, 5.529767076557251e+17, 1.8769249910888054e+17, 4.565392069755162e+16, 43173115000010.945, 43173115000010.945, 43173115000010.945, 43173115000010.945, 11602538222380.209, 11602538222380.209, 7837411932995.9375, 3464258193891.3115, 822642044081.1034, 752652841205.0397, 752652841205.0397, 556001075787.9158, 325804639054.3505, 278913476966.0535, 171953102237.31918, 127738015721.62149], 
[8.222742959895735e+17, 1.8879521609625416e+16, 1.8879521609625416e+16, 1.8879521609625416e+16, 1.7544596558526298e+16, 874853550486618.6, 874853550486618.6, 155582766814257.62, 105016416296572.6, 105016416296572.6, 105016416296572.6, 105016416296572.6, 20815946476330.984, 16562027012663.074, 8125718977282.129, 6722262503001.553, 6068210948681.762, 2661074746258.3657, 2064924226381.5535, 662424924857.3824], 
[1.8979219597230668e+16, 1.8979219597230668e+16, 1.8979219597230668e+16, 1.8979219597230668e+16, 1192353817547120.0, 621899401002298.9, 73276944880084.05, 5949525235242.149, 1191255505214.209, 1173781967117.0483, 856381059844.0265, 541867883996.56415, 474377279593.85, 149413533865.8169, 129076818591.86116, 101594008226.1201, 88042350313.57378, 66679454461.82809, 56917336053.30305, 52233332982.22575], 
[8.923426415277135e+17, 1.152822420223368e+17, 4.390084095456768e+16, 5225962217760926.0, 3601679888620845.0, 38768965260639.92, 15678901428637.914, 15678901428637.914, 547779902594.7628, 547779902594.7628, 220875154299.78598, 194812775459.54617, 194812775459.54617, 102169400787.6023, 66866146483.97642, 66729647228.97762, 55728437489.296486, 47032950824.36778, 45784043638.16997, 45102668761.725235], 
[301810172041702.9, 124778659238936.33, 124778659238936.33, 51265524855881.945, 51265524855881.945, 51265524855881.945, 5659668193477.784, 3179542993975.186, 1015313765359.6606, 667559954726.2505, 577769899534.3077, 335057004372.5346, 293188916933.2183, 219044519801.15356, 144527052002.57822, 99676192448.89967, 85230660924.16423, 60256505284.285164, 52761061191.80545, 45165222953.72394], 
[3.553067020032254e+17, 3.553067020032254e+17, 3.553067020032254e+17, 6405504007067626.0, 489947999767824.1, 489947999767824.1, 10050836685168.633, 10050836685168.633, 1949572615092.4082, 1949572615092.4082, 333251312772.603, 333251312772.603, 333251312772.603, 178728228960.065, 142986804418.67462, 115613423671.65836, 81520718863.34343, 73668575994.03664, 57610533950.61052, 50664219353.88749], 
[1464896961149493.2, 556910807193101.44, 556910807193101.44, 556910807193101.44, 76227676448484.14, 76227676448484.14, 30478243835621.64, 9584913190098.705, 9584913190098.705, 5641107068362.681, 2081818774815.6956, 1800614333654.803, 1178975095883.9023, 953471870214.6047, 760408962716.3119, 508889997847.7628, 245799009455.30234, 242358262765.24213, 222584586255.10678, 137092751250.5322], 
[4.663026179719833e+16, 1574303488701433.5, 1574303488701433.5, 1574303488701433.5, 86306471174381.81, 10569531081798.547, 10569531081798.547, 8232476500563.108, 1487302913238.1677, 941750479784.0759, 161129196197.4232, 161129196197.4232, 133596654273.72513, 104569819435.87737, 52746261717.86867, 52593594864.181915, 37673344650.830055, 37673344650.830055, 37673344650.830055, 35326040820.30109], 
[2.1595311177091316e+16, 2.1595311177091316e+16, 2.1595311177091316e+16, 2.1595311177091316e+16, 77529289714261.48, 35008283004006.85, 17519543905741.75, 763166280629.7811, 763166280629.7811, 763166280629.7811, 430650878004.6723, 430650878004.6723, 327444954210.6376, 275408247538.40186, 138878790486.2019, 100467392657.95293, 75918751576.5433, 63108900251.88767, 63108900251.88767, 51436919962.783676], 
[3353839861674642.5, 3353839861674642.5, 3353839861674642.5, 3353839861674642.5, 2645965455688509.5, 28940803174353.867, 5072611087465.362, 2800809797773.8687, 668225647284.6853, 668225647284.6853, 230107133051.39746, 190912330203.57742, 79246050555.02643, 79246050555.02643, 78140064509.48444, 66011775908.02919, 60333156429.374916, 49606447721.879, 39205719868.70388, 36248088249.454254], 
[4.2210426699681926e+17, 4.2210426699681926e+17, 459439103387864.4, 459439103387864.4, 459439103387864.4, 459439103387864.4, 100554568936420.06, 7180219275812.339, 4146454649715.505, 3099254200150.46, 778881679890.8064, 778881679890.8064, 500763355191.73834, 353843591130.7921, 327028939478.78253, 206205060492.97125, 126666864432.15984, 109248444873.59741, 102287715487.99365, 77713137506.45724], 
[1.4516087491135245e+18, 2.483341816040693e+16, 2.483341816040693e+16, 2.483341816040693e+16, 1123805575681979.6, 625754480737296.6, 42076115644368.086, 18643786101229.703, 5439922261671.051, 1571305116453.6492, 195855132069.36435, 138375534590.05267, 100488320544.97884, 100488320544.97884, 91908633573.919, 71252960293.73604, 55151754644.274605, 48067140598.60592, 46316294635.54579, 42829567447.71685], 
[3.8464681472710036e+18, 2.2350738531515072e+18, 8.07778800226711e+16, 7.49768606212018e+16, 3704388457467952.5, 983482726184059.5, 52734813811328.125, 18099916050992.867, 5982985778770.387, 752520350023.4779, 744395289904.3761, 744395289904.3761, 445425179793.99316, 395360124429.37463, 333942486292.8771, 197760766233.99225, 124851148151.02011, 104519221927.69162, 98754915592.24837, 77282761102.91739], 
[4.201633981134126e+16, 4.201633981134126e+16, 2.7640186873252164e+16, 44780427071560.86, 44780427071560.86, 44780427071560.86, 8901506962373.076, 8240194607309.034, 1217020794682.5, 451985923192.3499, 340604274297.38385, 129322337742.15321, 71982529515.48935, 52844737922.004074, 50558425960.89111, 44174144354.57879, 40726120089.09374, 37430287690.64154, 36031689529.47769, 34664069517.32334], 
[2.8771264061511664e+17, 2.6468312297757456e+17, 1.2718840270762509e+17, 1.2718840270762509e+17, 1533105133578307.8, 517937020577422.9, 280709668065490.7, 4597085926319.237, 491798559163.0254, 491798559163.0254, 466542275898.4773, 464336971379.9557, 304353723106.8458, 193028765253.8343, 83180370652.17519, 82690606018.88846, 74723649374.34016, 67336563347.861176, 53440686771.24158, 50077757652.88107], 
[2.652753142636035e+16, 2.652753142636035e+16, 1.0513446378585394e+16, 1.0513446378585394e+16, 3360478881707334.0, 2308060660267399.5, 273285699837398.66, 19521127903349.47, 4190238651918.147, 3460832240468.8276, 1045467293204.0468, 789397452058.2626, 704884734219.3358, 426881899796.0346, 356055131238.3117, 246984435503.421, 176252624174.36636, 141204192898.3607, 110173560751.92308, 82264359846.75626], 
