[119777.64027513869, 119777.64027513869, 62889.07682351561, 62889.07682351561, 62889.07682351561, 61475.300959035936, 58433.79091356005, 58433.79091356005, 57394.670474410916, 57394.670474410916, 57394.670474410916, 57394.670474410916, 57074.65286967692, 53782.752948223926, 53782.752948223926, 53782.752948223926, 53782.752948223926, 53782.752948223926, 53782.752948223926, 53782.752948223926], 
[113061.39634709065, 101831.75857400712, 67476.3727138251, 67476.3727138251, 66126.55230634386, 62775.62250705135, 61746.94010165275, 61746.94010165275, 60337.252683250095, 60337.252683250095, 60337.252683250095, 60337.252683250095, 55130.72933678401, 55130.72933678401, 55130.72933678401, 55130.72933678401, 55130.72933678401, 55130.72933678401, 55130.72933678401, 55130.72933678401], 
[147411.98215166558, 92695.1485402867, 70302.84857911461, 65940.53804192985, 63115.363132850514, 61094.05661735837, 56564.478031901905, 56564.478031901905, 56564.478031901905, 56564.478031901905, 56564.478031901905, 56564.478031901905, 55038.43404427937, 55038.43404427937, 55038.43404427937, 55038.43404427937, 55038.43404427937, 54845.79112195317, 54845.79112195317, 54640.24207714628], 
[100968.5633657936, 100968.5633657936, 71844.57997119629, 66986.93221740906, 66986.93221740906, 66986.93221740906, 65661.02086279164, 64589.388119582545, 64589.388119582545, 64194.211786311746, 63910.266430333446, 63910.266430333446, 63910.266430333446, 60767.18235946346, 60767.18235946346, 60767.18235946346, 60767.18235946346, 60767.18235946346, 60701.34506729918, 57194.746705396436], 
[119404.00195454605, 119404.00195454605, 65331.47394513992, 65331.47394513992, 64419.287800972255, 64419.287800972255, 64419.287800972255, 63915.81686401444, 63915.81686401444, 63323.34982258506, 63303.19266735762, 63182.68953728296, 61761.48476308688, 58750.567235959825, 58750.567235959825, 58750.567235959825, 58750.567235959825, 58750.567235959825, 58750.567235959825, 58750.567235959825], 
[166173.2920385765, 97514.64061330684, 76715.72239321767, 57982.157079332654, 57982.157079332654, 57982.157079332654, 57982.157079332654, 57982.157079332654, 57982.157079332654, 57982.157079332654, 57982.157079332654, 57720.484633841195, 57198.30671921038, 57198.30671921038, 57198.30671921038, 57198.30671921038, 57198.30671921038, 57198.30671921038, 56613.96211308514, 56613.96211308514], 
[151367.65323876735, 142121.43706984023, 85463.0479151942, 68441.75295952005, 68140.17275139534, 68140.17275139534, 65909.83536360589, 63317.74928406681, 62692.087238588334, 62692.087238588334, 62692.087238588334, 62692.087238588334, 62692.087238588334, 62692.087238588334, 62692.087238588334, 62692.087238588334, 62692.087238588334, 62692.087238588334, 62692.087238588334, 62692.087238588334], 
[110481.17884365068, 110481.17884365068, 69817.31750766803, 63817.795451107995, 61612.847186946674, 61612.847186946674, 61215.33235070354, 61053.68995027899, 60066.018895518406, 60066.018895518406, 58692.223829047936, 58510.92661809734, 58510.92661809734, 58510.92661809734, 58510.92661809734, 57401.47781811654, 56012.40035699758, 55719.59211506937, 55719.59211506937, 55211.151278632715], 
[127409.96749887036, 127409.96749887036, 69404.47125700404, 69404.47125700404, 64273.52957352802, 64273.52957352802, 64273.52957352802, 64273.52957352802, 62638.01915372576, 61949.4753189852, 61949.4753189852, 61949.4753189852, 61949.4753189852, 61949.4753189852, 59659.58291224377, 59659.58291224377, 59659.58291224377, 59659.58291224377, 59659.58291224377, 59514.85699942368], 
[119889.36783896491, 94723.23143203527, 78204.01832014539, 78204.01832014539, 67537.89250617794, 63594.21888085458, 63594.21888085458, 59809.25858439177, 59809.25858439177, 59809.25858439177, 59809.25858439177, 58453.097064037116, 58453.097064037116, 58345.29495882575, 56718.26126088098, 56718.26126088098, 56718.26126088098, 55564.74609671376, 52965.21385682802, 52965.21385682802], 
[140622.01259142061, 109369.22158404703, 73191.88989435065, 73191.88989435065, 69094.39865148596, 69094.39865148596, 69094.39865148596, 68052.31074893147, 65653.48011913146, 65653.48011913146, 62918.06957829181, 62918.06957829181, 62918.06957829181, 62918.06957829181, 62918.06957829181, 62918.06957829181, 59638.78830582322, 59638.78830582322, 59638.78830582322, 59638.78830582322], 
[123840.96239357101, 123840.96239357101, 76084.23173294964, 69757.42149805647, 62054.06366900944, 62054.06366900944, 62054.06366900944, 59927.762348706376, 58181.68233371452, 58181.68233371452, 58181.68233371452, 58181.68233371452, 58181.68233371452, 58157.1354524947, 58157.1354524947, 58157.1354524947, 58157.1354524947, 58157.1354524947, 58157.1354524947, 58157.1354524947], 
[116697.89262083927, 116697.89262083927, 67856.56737337606, 63727.70207797143, 61163.04613034726, 60039.41037920422, 58836.86298695377, 58836.86298695377, 58836.86298695377, 58836.86298695377, 56746.61425333875, 56746.61425333875, 56746.61425333875, 56746.61425333875, 56746.61425333875, 56746.61425333875, 56746.61425333875, 56746.61425333875, 56746.61425333875, 54724.75124354883], 
[165193.72341003537, 165193.72341003537, 74418.83202514377, 68287.00939949905, 68287.00939949905, 68287.00939949905, 68287.00939949905, 67999.72844287007, 67999.72844287007, 67999.72844287007, 67999.72844287007, 67999.72844287007, 67999.72844287007, 67999.72844287007, 67999.72844287007, 66702.22011198112, 66702.22011198112, 66702.22011198112, 66702.22011198112, 66702.22011198112], 
[147450.18670945393, 140657.63077781996, 80917.5419074024, 78691.33222085668, 74034.93124691265, 68577.21488305122, 68577.21488305122, 68577.21488305122, 68577.21488305122, 68577.21488305122, 68577.21488305122, 68577.21488305122, 68577.21488305122, 68577.21488305122, 66939.98488186116, 66939.98488186116, 66939.98488186116, 66939.98488186116, 66939.98488186116, 66939.98488186116], 
[147711.63711654436, 147711.63711654436, 72892.00632006356, 72892.00632006356, 72892.00632006356, 63124.459900538335, 63124.459900538335, 63124.459900538335, 63124.459900538335, 61858.41702243698, 61858.41702243698, 61858.41702243698, 61858.41702243698, 61858.41702243698, 61858.41702243698, 61858.41702243698, 61858.41702243698, 61858.41702243698, 61858.41702243698, 61858.41702243698], 
[131957.44652910266, 131957.44652910266, 113352.88268737071, 73633.79930063743, 68577.92216178266, 68467.06175352605, 66362.86377240426, 66362.86377240426, 66362.86377240426, 65534.75998559157, 64852.152617021355, 63416.60146807261, 60762.857194797565, 60762.857194797565, 60762.857194797565, 60762.857194797565, 60762.857194797565, 60762.857194797565, 60762.857194797565, 60762.857194797565], 
[192812.56685726563, 157084.78354342876, 82426.77649980197, 82426.77649980197, 75595.66503010123, 75595.66503010123, 70946.00299820257, 70946.00299820257, 70670.73435450323, 70670.73435450323, 70670.73435450323, 66299.80532835209, 66299.80532835209, 66299.80532835209, 66299.80532835209, 66299.80532835209, 66299.80532835209, 66299.80532835209, 66299.80532835209, 66299.75967013698], 
[151672.77329708106, 151672.77329708106, 76943.37618859275, 71492.4919532455, 71492.4919532455, 71471.71099947722, 68719.87878229255, 68719.87878229255, 68719.87878229255, 66085.15516557223, 66085.15516557223, 65280.53879127863, 65280.53879127863, 65280.53879127863, 65280.53879127863, 64045.49330170944, 61581.27774972412, 61581.27774972412, 61581.27774972412, 61581.27774972412], 
[129998.57657243797, 129998.57657243797, 82672.74411178533, 74785.78824251285, 74785.78824251285, 72189.62155763389, 72189.62155763389, 70886.76393408862, 70269.30003853572, 69224.38060576988, 66839.34385644144, 66839.34385644144, 66839.34385644144, 66839.34385644144, 66839.34385644144, 63193.1870191951, 63193.1870191951, 63193.1870191951, 63193.1870191951, 63193.1870191951], 
[186046.1925742851, 160154.9715088683, 74229.60093133488, 73327.09197414521, 73327.09197414521, 68281.76505539232, 68281.76505539232, 68281.76505539232, 68252.79859060346, 61369.980612911546, 61369.980612911546, 61369.980612911546, 61369.980612911546, 61369.980612911546, 61369.980612911546, 61369.980612911546, 61369.980612911546, 61369.980612911546, 61369.980612911546, 61369.980612911546], 
[135792.57650692703, 135792.57650692703, 73303.96617984751, 71260.30268817062, 71260.30268817062, 68248.22001922107, 68248.22001922107, 66711.04225278192, 66711.04225278192, 64183.26586540073, 64183.26586540073, 59071.819727902206, 59071.819727902206, 59071.819727902206, 59071.819727902206, 59071.819727902206, 59071.819727902206, 59071.819727902206, 59071.819727902206, 59071.819727902206], 
[180936.67125060616, 112870.84909485231, 89627.93305535775, 71185.8494805036, 66941.89680764862, 66941.89680764862, 66941.89680764862, 65393.1869630951, 65393.1869630951, 65393.1869630951, 64735.64449362558, 64735.64449362558, 64735.64449362558, 64735.64449362558, 63122.021523837655, 63122.021523837655, 63122.021523837655, 63122.021523837655, 62799.4396657978, 62452.4559086604], 
[137828.97031736866, 137828.97031736866, 78200.62295197959, 69802.89744126888, 69787.97155372982, 69787.97155372982, 69085.55103923875, 68686.66398164933, 68686.66398164933, 67873.37665962604, 66749.43612119966, 66749.43612119966, 66749.43612119966, 64774.88421739731, 64774.88421739731, 64774.88421739731, 64771.192437853955, 64771.192437853955, 64771.192437853955, 64771.192437853955], 
[131773.16068404278, 131773.16068404278, 68507.77324870681, 67597.67812901264, 63540.87623093067, 62847.02007271074, 62344.38200498867, 62344.38200498867, 62344.38200498867, 62344.38200498867, 60509.46910498653, 60509.46910498653, 60509.46910498653, 60333.01158679124, 60333.01158679124, 60093.78366596736, 60093.78366596736, 58570.84312567223, 58570.84312567223, 58570.84312567223], 
[139870.49282148585, 133033.88139053973, 69622.23946712361, 65715.64731580643, 64643.48434426986, 64382.677137337574, 64382.677137337574, 64318.600310013455, 64161.07918930587, 61500.860783827404, 57787.41497818002, 57787.41497818002, 57787.41497818002, 56985.17346875015, 56985.17346875015, 56985.17346875015, 56985.17346875015, 56985.17346875015, 53742.19716987098, 52425.03026258026], 
[181141.92592011153, 157184.5985259898, 70713.92297078083, 68478.16130760986, 68478.16130760986, 67014.09262723762, 67014.09262723762, 64875.4825763705, 64028.31544016072, 64028.31544016072, 64028.31544016072, 63998.52887290843, 63477.39787481125, 63477.39787481125, 63477.39787481125, 62473.69498814465, 62473.69498814465, 59814.35044906995, 59814.35044906995, 59814.35044906995], 
[174284.0122611468, 146585.03819299216, 83997.14011492755, 79685.60765603327, 65004.03327945199, 65004.03327945199, 65004.03327945199, 65004.03327945199, 65004.03327945199, 65004.03327945199, 65004.03327945199, 65004.03327945199, 64936.11282899666, 64936.11282899666, 64159.91153673908, 62865.53669533831, 59910.10541972683, 59910.10541972683, 59910.10541972683, 59910.10541972683], 
[128859.94125190713, 128859.94125190713, 66930.21693664546, 66930.21693664546, 62760.19164273719, 62760.19164273719, 62760.19164273719, 62218.49119890232, 62218.49119890232, 62218.49119890232, 61328.60133108096, 60288.70970810484, 60288.70970810484, 60288.70970810484, 59921.57160671757, 59055.38059540034, 59055.38059540034, 59055.38059540034, 59055.38059540034, 59055.38059540034], 
[163365.1498304185, 163365.1498304185, 71453.706644944, 71453.706644944, 67242.96237125172, 66214.12838995755, 65924.38286094753, 65924.38286094753, 65924.38286094753, 62870.54631111109, 59696.26015962078, 59696.26015962078, 59696.26015962078, 59696.26015962078, 59696.26015962078, 59696.26015962078, 59696.26015962078, 59696.26015962078, 59696.26015962078, 59696.26015962078], 
