[15257.94315869846, 15257.234449739024, 8219.327553987956, 7899.306144824089, 6716.478488594168, 4916.372337656496, 4916.372337656496, 4905.382177660868, 4385.7088516593385, 4154.648850885335, 3261.325627238133, 3095.4909847541962, 3094.6289949424636, 2322.768053907801, 2322.768053907801, 2282.548920902369, 2103.055205630909, 2047.9714031948968, 1785.940093512089, 1785.940093512089], 
[18718.721539608618, 18718.721539608618, 8087.398626682701, 6428.903893754004, 6217.587624011266, 5789.433139035823, 5248.450426976754, 4623.184290155602, 4427.079160309069, 3808.2602412737756, 2982.0553538380505, 2942.923321765007, 2414.5468228719747, 2271.032421348802, 2270.943190756307, 2152.324386360771, 1885.6389391725595, 1761.718286444694, 1499.5536456965635, 1499.4861577229012], 
[21240.046587244102, 21240.046587244102, 6692.9752629665845, 6692.9752629665845, 6207.18213021588, 5605.704687894729, 4727.7478510631845, 4262.724792147774, 3586.0048751001414, 3586.0048751001414, 3230.7710104343328, 3113.874534839997, 2995.969986433729, 2838.284586956479, 2505.720838914386, 2355.8507401959814, 2336.9343822973833, 1998.7531231735038, 1871.8205474928916, 1802.472375730972], 
[25700.952072947242, 22104.806998912776, 7505.022555603402, 6596.996239892606, 5402.851600135185, 4752.468098052705, 4217.043693030266, 3973.922348973431, 3396.731183255055, 3196.3664635649393, 2920.773822895835, 2688.911316449504, 2526.2038834203227, 2457.708876710818, 2109.6290799443245, 2023.024910513985, 1847.4407896560222, 1732.451288221373, 1687.7384018375492, 1558.134712060807], 
[26997.373105640883, 26997.373105640883, 9878.297822237368, 9844.177897659527, 8333.932670273663, 7270.8335048200115, 7211.798326087022, 5992.939222578522, 5161.489214074597, 4108.764365426633, 3461.3051215397304, 3445.0140097845915, 3335.3203858454444, 3188.824209321535, 2922.3604465987864, 2824.0707851819566, 2571.053378990787, 2350.79569002455, 2250.931316067509, 2086.30519576046], 
[31412.373181756324, 22852.16534671371, 7690.66988721294, 7477.318111056982, 6512.719659141437, 6212.102172170499, 5810.516169189359, 5030.252900384568, 4191.416567786344, 3652.557246901354, 3475.369796445914, 3011.6196166552145, 3011.618967681756, 2582.560084069314, 2539.6626138403535, 2379.167239587161, 2364.9591539695352, 2208.752602907302, 2019.7536044319056, 1941.740103574843], 
[27913.40677760313, 16078.93061628619, 10428.164395501986, 7974.38426595847, 7482.182731899474, 6682.024948227985, 5821.43594445944, 4860.0459095927445, 4860.03323124301, 4227.913765145964, 4065.07675265532, 3875.432833971146, 3654.540192237562, 3314.8026442386476, 3202.292062800653, 2857.5662489995125, 2803.071892459949, 2528.23594962271, 2470.5658258421427, 2392.9578991836775], 
[32332.65843817812, 26613.683703218303, 8628.254907693854, 7920.525224491157, 7696.733150249011, 6466.857388648097, 5910.894179465133, 5636.380166287392, 5065.790638944016, 4677.169245313371, 4272.0847399615595, 3992.0246648157204, 3864.910496434556, 3611.5314122808386, 3531.5411820220484, 3275.6714894197553, 3149.646965315254, 3023.7354138150804, 2754.159817586128, 2639.267831167386], 
[41444.287527485234, 31975.29350678156, 7891.522609240886, 6915.310972227473, 6620.167353059682, 5949.715666417783, 4891.770724839627, 3435.4917644467478, 3435.4917644467478, 3435.48127887578, 3225.716951802926, 2769.4386369871454, 2517.7999155871184, 2513.5939010389416, 2411.2758211934733, 2302.7911845727344, 2112.4031080889986, 2057.4199569259185, 1832.2931989228903, 1832.1774948948173], 
[25809.413800700986, 18334.844918658113, 8476.787613649845, 7345.230651151826, 7001.643719077628, 5683.244336151377, 4841.080871461825, 4702.462467727216, 4187.018209036941, 4065.768706777638, 3366.257825912228, 3161.678079132794, 3160.8067707753826, 2912.9332864751873, 2689.490486284055, 2434.3848045200743, 2287.686469120599, 2232.971158856008, 2094.0396322588585, 2021.2602680581545], 
[31790.49708347362, 31790.49708347362, 8033.338606468733, 7558.628811274396, 6405.426761163025, 5131.592195753972, 5131.592195753972, 4502.965836163146, 4273.4370848026765, 3881.762773984259, 3356.8146390510633, 3004.5808851127595, 2896.367871881751, 2867.754525132652, 2635.2142907488414, 2453.697914735679, 2302.6116306652684, 2041.7625212722141, 2004.8194035164947, 1830.7540626061711], 
