[90772.45443133842, 90772.45443133842, 5530.456909254018, 1697.2502136630096, 930.7748304042301, 230.5953200876151, 230.5953200876151, 210.79368159885996, 201.2085189256526, 174.89727986346858, 165.8236692510717, 161.38150103615777, 155.69717364364845, 147.42096868791646, 145.3974834535245, 140.02262774352312, 140.02262774352312, 133.13474568426278, 133.13474568426278, 133.13474568426278], 
[500636.28477863857, 500636.28477863857, 17106.12479135751, 5110.6274816005725, 5110.6274816005725, 3554.6242585401405, 1085.8427115915217, 525.3624852155638, 380.172253405342, 305.0204952710162, 305.0204952710162, 248.96660358819807, 195.71960472989312, 195.71960472989312, 190.12075051115858, 180.54717308338203, 163.7725835924726, 153.9161080135869, 153.9161080135869, 151.75482114625564], 
[340244.6404616779, 340244.6404616779, 35516.18207710836, 11463.283664609555, 3373.243298563378, 1747.9457314089298, 388.53047803707693, 272.5400443251759, 272.5400443251759, 272.5400443251759, 252.40793262836615, 219.1931038549198, 197.94259671302456, 191.80397226749386, 169.49529670761902, 169.49529670761902, 164.5597913951382, 158.27369353181123, 157.58975100707283, 157.58975100707283], 
[42008.720753907925, 42008.720753907925, 24223.71299150216, 9695.63915814436, 6053.772352766921, 2241.556218777826, 2241.556218777826, 494.504468212005, 360.02248728946876, 271.6230341177699, 227.22228579748761, 208.17917554965933, 156.48440860297666, 156.48440860297666, 155.32528313509042, 155.32528313509042, 146.36658346485308, 141.46289157110456, 127.48687630321422, 127.48687630321422], 
[221463.90988581616, 110036.48645276806, 46859.0768114565, 18955.198484385233, 6533.729449793011, 2476.797396815487, 2025.063202931794, 455.4748154162824, 436.23203405685774, 292.3147598385463, 210.30986915117336, 210.30986915117336, 179.33580873139053, 179.33580873139053, 158.03698214146758, 158.03698214146758, 158.03698214146758, 158.03698214146758, 147.03290155101516, 147.03290155101516], 
[427782.09247964254, 237853.8592128764, 19031.327786320027, 819.9959771770389, 819.9959771770389, 819.9959771770389, 496.3273599380379, 253.59639647304667, 216.26511552777504, 216.26511552777504, 199.34415926975578, 187.30402994853972, 168.2474712186534, 168.2474712186534, 164.63949839571242, 157.51501232286844, 157.51501232286844, 157.51501232286844, 151.061601068391, 146.10823647454063], 
[663234.9682657376, 125106.64593819602, 32492.544927165272, 20816.66367832108, 9272.419442319702, 2362.2721536407034, 2362.2721536407034, 1747.2304686154575, 645.820266533947, 645.820266533947, 629.3195203799318, 527.2374767347893, 381.4968785070928, 326.90583672055055, 323.4322942830718, 292.46348013231255, 265.1322268158678, 249.26179181047357, 228.98473289509064, 224.84519070999318], 
[286897.5210918916, 103606.00542292555, 11921.101480588524, 8191.360749902818, 2636.5582199672835, 1832.7062857706399, 1078.1651941457262, 1030.2114222694415, 453.62493904137426, 428.4404853273126, 365.6316541141507, 308.28821673960016, 302.25278480331775, 258.8740394020255, 227.32072335310227, 223.49023861439875, 196.10723858193907, 192.5056237122075, 174.0265871258262, 155.5211020948354], 
[228429.2607551424, 228429.2607551424, 101053.54817250215, 9169.628502960804, 1876.941200993524, 1418.0179575118216, 458.6270182064406, 313.134510904216, 291.6226598454198, 162.82694196704858, 162.82694196704858, 162.82694196704858, 154.98512142960277, 154.98512142960277, 147.748553116929, 137.36939596620746, 137.36939596620746, 137.36939596620746, 137.36939596620746, 137.36939596620746], 
[290273.0831211078, 163080.61607108824, 30572.155679585718, 5920.18050993581, 4162.240701454822, 2472.2119748358223, 2442.3673865215715, 1144.0876680302317, 649.9451088431048, 358.865306776825, 351.4975934654316, 295.36438902570626, 261.1881126223485, 261.1881126223485, 236.32542309144506, 211.2173365420786, 211.2173365420786, 198.3659432756865, 190.36679061670173, 181.23689523835483], 
