[45.18052202210177, 45.06153491341067, 45.06153491341067, 45.06153491341067, 45.06153491341067, 44.252610331604984, 43.12701902064072, 42.150146198405935, 42.150146198405935, 42.150146198405935, 41.774019100686175, 38.3169729071024, 38.3169729071024, 38.3169729071024, 38.3169729071024, 38.3169729071024, 38.3169729071024, 38.3169729071024, 38.3169729071024, 38.3169729071024], 
[44.374742632777675, 44.374742632777675, 44.374742632777675, 44.374742632777675, 44.374742632777675, 43.942745910966266, 43.426541786319646, 42.582360928934065, 42.582360928934065, 42.582360928934065, 42.582360928934065, 41.46958863701174, 41.46958863701174, 41.46958863701174, 41.46958863701174, 41.46958863701174, 41.1387365610742, 41.1387365610742, 40.226624507746365, 40.226624507746365], 
[44.875618951562956, 44.875618951562956, 44.06909655261209, 43.634312357789966, 42.23285422098803, 42.23285422098803, 42.23285422098803, 42.23285422098803, 42.23285422098803, 42.219627206500974, 42.219627206500974, 42.219627206500974, 42.219627206500974, 41.93346077642659, 41.93346077642659, 41.93346077642659, 41.93346077642659, 41.93346077642659, 41.93346077642659, 41.93346077642659], 
[45.066334064851276, 44.1097066610678, 42.821108137706005, 42.821108137706005, 41.53149071025204, 41.53149071025204, 41.53149071025204, 41.53149071025204, 39.45296759091889, 39.45296759091889, 39.45296759091889, 39.45296759091889, 39.45296759091889, 39.45296759091889, 39.45296759091889, 39.45296759091889, 39.45296759091889, 39.45296759091889, 39.45296759091889, 39.45296759091889], 
[47.24513772294469, 45.523322267767284, 45.523322267767284, 44.14015994546957, 43.343879285629605, 43.343879285629605, 43.343879285629605, 43.343879285629605, 43.343879285629605, 41.43832655035392, 41.43832655035392, 41.43832655035392, 41.43832655035392, 41.43832655035392, 41.3865148657938, 40.825605056669005, 40.786099418464616, 38.84621314624686, 38.84621314624686, 38.84621314624686], 
[45.408337093323105, 45.408337093323105, 45.408337093323105, 44.294505090578696, 44.12561466172076, 43.651448957435015, 43.20431041719249, 41.959478870923704, 41.959478870923704, 41.959478870923704, 41.21822326400523, 41.21822326400523, 41.21822326400523, 41.21822326400523, 40.905624708554186, 40.905624708554186, 40.905624708554186, 40.7344925573685, 40.7344925573685, 40.7344925573685], 
[44.200721618270315, 40.676722247843074, 40.676722247843074, 40.676722247843074, 37.4777528994633, 37.4777528994633, 37.4777528994633, 37.4777528994633, 37.4777528994633, 37.4777528994633, 37.4777528994633, 37.4777528994633, 37.4777528994633, 37.4777528994633, 37.4777528994633, 37.4777528994633, 37.4777528994633, 37.4777528994633, 37.4777528994633, 37.4777528994633], 
[39.920589228741065, 39.920589228741065, 39.920589228741065, 39.920589228741065, 39.920589228741065, 39.920589228741065, 39.920589228741065, 39.920589228741065, 39.920589228741065, 39.920589228741065, 39.920589228741065, 39.45706572509671, 39.45706572509671, 39.45706572509671, 39.45706572509671, 39.45706572509671, 39.45706572509671, 39.45706572509671, 39.45706572509671, 39.45706572509671], 
[42.8836623400125, 42.8836623400125, 42.8836623400125, 42.8836623400125, 42.8836623400125, 42.8836623400125, 42.8836623400125, 42.79454592686045, 42.79454592686045, 42.79454592686045, 42.622877752050286, 42.256155428733955, 42.256155428733955, 42.256155428733955, 40.72464952936995, 39.2761694975418, 39.2761694975418, 39.2761694975418, 39.2761694975418, 39.2761694975418], 
[43.98888163827432, 43.61003284201303, 43.61003284201303, 43.61003284201303, 43.55798973869729, 42.73156765745051, 42.67138153991894, 42.67138153991894, 36.86038827309844, 36.86038827309844, 36.86038827309844, 36.86038827309844, 36.86038827309844, 36.51005326969739, 36.51005326969739, 36.51005326969739, 36.51005326969739, 36.51005326969739, 36.51005326969739, 36.51005326969739], 
[47.02801756779325, 43.677996775935014, 43.677996775935014, 43.677996775935014, 43.677996775935014, 41.607193280395045, 41.607193280395045, 41.607193280395045, 41.607193280395045, 41.607193280395045, 41.607193280395045, 41.607193280395045, 41.607193280395045, 41.607193280395045, 41.607193280395045, 41.33198811083639, 41.33198811083639, 41.33198811083639, 41.33198811083639, 40.756591409940285], 
[43.828470382536544, 43.828470382536544, 43.828470382536544, 43.828470382536544, 43.828470382536544, 43.828470382536544, 43.828470382536544, 42.3741388051654, 40.632809886573625, 40.632809886573625, 40.632809886573625, 40.632809886573625, 40.632809886573625, 40.632809886573625, 37.01358618708072, 37.01358618708072, 37.01358618708072, 37.01358618708072, 37.01358618708072, 37.01358618708072], 
[46.30061106439102, 45.22138515860887, 44.13649699286655, 44.13649699286655, 41.02218095399566, 41.02218095399566, 39.89132989035731, 39.89132989035731, 39.89132989035731, 39.89132989035731, 39.89132989035731, 39.89132989035731, 39.89132989035731, 39.89132989035731, 38.82286468416373, 38.82286468416373, 38.82286468416373, 38.63674885125773, 38.63674885125773, 38.63674885125773], 
[44.31451084981802, 40.23966950335578, 40.23966950335578, 40.23966950335578, 40.23966950335578, 40.23966950335578, 40.23966950335578, 40.23966950335578, 40.23966950335578, 40.23966950335578, 40.23966950335578, 40.23966950335578, 40.23966950335578, 40.23966950335578, 40.23966950335578, 40.23966950335578, 40.23966950335578, 39.783656784078126, 39.783656784078126, 39.783656784078126], 
[42.462235341975784, 42.462235341975784, 42.462235341975784, 42.462235341975784, 41.69364283048972, 41.69364283048972, 41.69364283048972, 41.69364283048972, 41.69364283048972, 41.69364283048972, 41.69364283048972, 41.69364283048972, 37.495251418479235, 37.495251418479235, 37.495251418479235, 37.495251418479235, 37.495251418479235, 37.495251418479235, 37.495251418479235, 37.495251418479235], 
[46.29052687932609, 44.67560126671913, 44.67560126671913, 42.66968278078046, 42.66968278078046, 42.66968278078046, 42.34812290343459, 41.01685009192009, 40.9622942062992, 40.9622942062992, 40.85900024018639, 40.85900024018639, 40.85900024018639, 40.85900024018639, 40.85900024018639, 38.81296565933032, 38.81296565933032, 38.81296565933032, 38.81296565933032, 38.81296565933032], 
[46.617942502685175, 46.617942502685175, 44.77073982047531, 44.40799033865111, 43.65535060869552, 43.65535060869552, 43.65535060869552, 41.56153991249069, 41.56153991249069, 41.56153991249069, 41.56153991249069, 41.56153991249069, 41.56153991249069, 41.56153991249069, 41.56153991249069, 41.516312106523415, 41.516312106523415, 41.430810845141956, 41.430810845141956, 41.430810845141956], 
[46.23926571365442, 46.23926571365442, 45.231728140078495, 45.231728140078495, 45.231728140078495, 38.61004446516637, 38.61004446516637, 38.61004446516637, 38.61004446516637, 38.61004446516637, 38.61004446516637, 38.61004446516637, 38.61004446516637, 38.61004446516637, 38.61004446516637, 38.61004446516637, 38.61004446516637, 38.61004446516637, 38.61004446516637, 38.61004446516637], 
[44.72977831247506, 44.72977831247506, 42.23455933938225, 42.23455933938225, 42.23455933938225, 42.23455933938225, 42.23455933938225, 42.23455933938225, 42.23455933938225, 42.23455933938225, 42.17052828830178, 42.17052828830178, 41.035641148552486, 41.035641148552486, 41.035641148552486, 41.035641148552486, 40.85170123174815, 40.85170123174815, 40.85170123174815, 40.85170123174815], 
[45.87086505478945, 44.96499898136436, 44.34370462448349, 44.34370462448349, 44.34370462448349, 44.34370462448349, 43.34487566212789, 42.948424227988255, 42.146118619974835, 42.146118619974835, 42.146118619974835, 42.146118619974835, 42.146118619974835, 41.532598062006954, 41.532598062006954, 41.532598062006954, 41.532598062006954, 41.532598062006954, 41.532598062006954, 41.532598062006954], 
[44.6803972678311, 44.445921521188524, 43.52677896530401, 43.291141400791936, 41.57104721686689, 41.57104721686689, 40.876634630333825, 40.876634630333825, 40.876634630333825, 40.876634630333825, 40.876634630333825, 40.16143473567641, 40.16143473567641, 40.16143473567641, 39.63728304014029, 39.63728304014029, 39.63728304014029, 39.63728304014029, 39.63728304014029, 39.63728304014029], 
[42.94665490391225, 42.94665490391225, 42.94665490391225, 42.94665490391225, 42.887470565240136, 42.887470565240136, 42.887470565240136, 42.887470565240136, 42.887470565240136, 42.887470565240136, 42.887470565240136, 42.887470565240136, 41.83662372793192, 41.83662372793192, 41.23269379972082, 41.23269379972082, 41.23269379972082, 41.23269379972082, 41.23269379972082, 40.45191126665489], 
[43.46551210233859, 41.235279359074674, 41.235279359074674, 41.235279359074674, 41.235279359074674, 41.235279359074674, 41.235279359074674, 40.27426322701071, 40.27426322701071, 39.65648943434718, 39.65648943434718, 39.65648943434718, 39.65648943434718, 39.57753079955626, 39.57753079955626, 39.57753079955626, 39.57753079955626, 39.570361403274504, 39.570361403274504, 39.570361403274504], 
[45.94248914736389, 44.357444752331816, 44.25337161416596, 43.22963333538644, 41.808349233425375, 41.70410828648732, 41.70410828648732, 41.70410828648732, 41.70410828648732, 41.70410828648732, 41.70410828648732, 41.70410828648732, 41.70410828648732, 41.016492943136306, 41.016492943136306, 41.016492943136306, 40.38310506379412, 40.38310506379412, 40.38310506379412, 40.38310506379412], 
[45.013225535821064, 44.233371289638455, 44.233371289638455, 44.233371289638455, 44.233371289638455, 44.233371289638455, 41.70524451823778, 41.70524451823778, 41.70524451823778, 41.70524451823778, 41.70524451823778, 41.70524451823778, 41.70524451823778, 41.70524451823778, 41.70524451823778, 40.07535562682766, 40.07535562682766, 40.07535562682766, 40.07535562682766, 40.07535562682766], 
[44.3236861561061, 44.3236861561061, 44.3236861561061, 44.165709602853035, 42.85619433672505, 42.85619433672505, 39.91032555298746, 39.91032555298746, 39.91032555298746, 39.91032555298746, 39.91032555298746, 39.91032555298746, 39.91032555298746, 39.91032555298746, 39.91032555298746, 39.91032555298746, 39.91032555298746, 39.64090896586417, 39.64090896586417, 39.64090896586417], 
[45.617655219649095, 45.617655219649095, 44.806235132868686, 44.806235132868686, 44.75710812658649, 41.86041712614831, 41.86041712614831, 41.86041712614831, 41.86041712614831, 41.86041712614831, 41.86041712614831, 41.86041712614831, 41.86041712614831, 41.86041712614831, 41.26096392712304, 41.26096392712304, 40.95290775339804, 40.95290775339804, 40.95290775339804, 39.22613764437902], 
[46.477237156580024, 46.4422677945373, 44.20010175966051, 44.20010175966051, 44.06453319723347, 44.06453319723347, 44.06453319723347, 44.06453319723347, 44.06453319723347, 41.3139754372166, 41.3139754372166, 40.70110980568518, 40.70110980568518, 40.70110980568518, 40.45328219753634, 40.45328219753634, 40.45328219753634, 40.45328219753634, 40.45328219753634, 40.45328219753634], 
[45.89918677022573, 45.89918677022573, 43.27138904972391, 43.27138904972391, 43.27138904972391, 43.27138904972391, 41.82707764752848, 41.82707764752848, 41.611535036793214, 41.611535036793214, 41.611535036793214, 41.410076024008276, 41.410076024008276, 39.92830103764909, 39.92830103764909, 39.92830103764909, 39.92830103764909, 39.92830103764909, 39.92830103764909, 39.92830103764909], 
[44.00318020486517, 43.528773130962506, 43.528773130962506, 42.874313143419826, 42.874313143419826, 42.874313143419826, 42.85377176656176, 42.33736101076333, 42.06039866819064, 41.656471161273174, 41.656471161273174, 41.656471161273174, 41.5675484055198, 41.5675484055198, 41.5675484055198, 41.5675484055198, 41.5675484055198, 39.788420109731476, 39.788420109731476, 39.139448116363724], 
