[7325.470570277966, 7325.470570277966, 7325.470570277966, 7325.470570277966, 6334.235527600241, 6334.235527600241, 6334.235527600241, 6334.235527600241, 6334.235527600241, 6334.235527600241, 6334.235527600241, 6334.235527600241, 6334.235527600241, 6173.991175063633, 6173.991175063633, 5522.137965705614, 5246.701890702754, 5246.701890702754, 5119.0912427231615, 5119.0912427231615], 
[11744.907989531968, 10944.655864026377, 8948.686775987773, 8948.686775987773, 8948.686775987773, 6498.610534051131, 6083.14753840239, 5772.186540664298, 5772.186540664298, 5772.186540664298, 5723.967205215695, 5723.967205215695, 5723.967205215695, 5723.967205215695, 5468.135388280339, 5468.135388280339, 5468.135388280339, 5468.135388280339, 5468.135388280339, 5468.135388280339], 
[8537.758559646218, 8537.758559646218, 8537.758559646218, 8537.758559646218, 8537.758559646218, 8537.758559646218, 8038.82673917131, 8038.82673917131, 6882.416884318899, 6882.416884318899, 4629.399224633602, 3773.8415286624727, 3466.76623062678, 3466.76623062678, 3466.76623062678, 3466.76623062678, 3466.76623062678, 3466.76623062678, 3466.76623062678, 2962.2835400393355], 
[9482.806848338241, 9482.806848338241, 9482.806848338241, 8828.069464427297, 8183.37617481171, 8054.934118030901, 8054.934118030901, 8054.934118030901, 7565.697167495885, 7565.697167495885, 7565.697167495885, 7504.191062148541, 6911.8326889100545, 6911.8326889100545, 6911.8326889100545, 6381.66688520102, 6381.66688520102, 6050.7736363136455, 6050.7736363136455, 6050.7736363136455], 
[9838.643712749401, 9838.643712749401, 9801.82316833632, 9801.82316833632, 9801.82316833632, 9437.291020159324, 7569.602924786309, 6314.6052393818945, 6314.6052393818945, 6314.6052393818945, 6314.6052393818945, 6314.6052393818945, 6314.6052393818945, 5872.090411639731, 5727.797454111392, 4504.192962779245, 4504.192962779245, 4504.192962779245, 4504.192962779245, 4504.192962779245], 
[9615.513671904773, 9615.513671904773, 9189.50950210831, 9189.50950210831, 9189.50950210831, 8498.685131597698, 8498.685131597698, 7253.873811302771, 7253.873811302771, 7253.873811302771, 7253.873811302771, 6278.282477439312, 6208.435138990247, 6208.435138990247, 6208.435138990247, 6155.724292353119, 6155.724292353119, 5836.425926443228, 5488.343270279061, 5488.343270279061], 
[8411.300486067825, 8411.300486067825, 8083.736466279813, 7388.4211465373855, 7388.4211465373855, 7388.4211465373855, 5862.061210710696, 4251.7312266017325, 4251.7312266017325, 4251.7312266017325, 4093.8625467800653, 4093.8625467800653, 4093.8625467800653, 4093.8625467800653, 4093.8625467800653, 3499.212947698653, 3499.212947698653, 3499.212947698653, 3499.212947698653, 3499.212947698653], 
[9767.65419517558, 9767.65419517558, 9767.65419517558, 8096.2177049487045, 8096.2177049487045, 8096.2177049487045, 7974.032477243957, 7797.160052708313, 5607.825604943861, 5607.825604943861, 5607.825604943861, 5607.825604943861, 5607.825604943861, 5607.825604943861, 5571.164943069012, 5571.164943069012, 5490.49447910294, 4786.385700736868, 4786.385700736868, 4786.385700736868], 
[7832.258141668945, 7832.258141668945, 7832.258141668945, 6570.640809376017, 6570.640809376017, 6570.640809376017, 6570.640809376017, 6570.640809376017, 6570.640809376017, 6570.640809376017, 5693.857009759688, 5693.857009759688, 5693.857009759688, 5693.857009759688, 5693.857009759688, 5264.2503635552475, 5264.2503635552475, 5264.2503635552475, 5264.2503635552475, 5264.2503635552475], 
[10609.766224222774, 10609.766224222774, 10609.766224222774, 10305.128056435758, 8359.437501610684, 8359.437501610684, 7663.851342248537, 7003.472266864669, 6887.902066708314, 6887.902066708314, 6887.902066708314, 6675.780379862506, 6675.780379862506, 6675.780379862506, 6675.780379862506, 6253.444692980639, 6253.444692980639, 5984.079821964978, 5984.079821964978, 5691.21125974668], 
[9878.879738534712, 8663.63218369901, 7870.704439080449, 7870.704439080449, 5285.392281419527, 5285.392281419527, 5285.392281419527, 5285.392281419527, 5285.392281419527, 4407.643224528331, 4407.643224528331, 4407.643224528331, 4407.643224528331, 4407.643224528331, 4407.643224528331, 4407.643224528331, 3943.861084985545, 3943.861084985545, 3943.861084985545, 3943.861084985545], 
[9620.866489119077, 9620.866489119077, 9620.866489119077, 8951.476741538161, 8660.194167903197, 8605.941161711184, 8605.941161711184, 5997.844987953268, 5997.844987953268, 5822.111822132126, 5425.513201198827, 5425.513201198827, 5425.513201198827, 5425.513201198827, 5348.141671493805, 5348.141671493805, 5348.141671493805, 5324.347429861351, 5324.347429861351, 5324.347429861351], 
[9784.472712317021, 9784.472712317021, 9784.472712317021, 7614.252380266733, 7614.252380266733, 7614.252380266733, 7614.252380266733, 7614.252380266733, 5839.0906655268245, 5839.0906655268245, 5839.0906655268245, 5839.0906655268245, 5839.0906655268245, 5839.0906655268245, 5230.179389856856, 4587.779407939903, 4587.779407939903, 4587.779407939903, 3122.9983316009098, 3122.9983316009098], 
[10661.635195674167, 10661.635195674167, 8834.824516270895, 8834.824516270895, 8807.95887768445, 8807.95887768445, 8111.444837867893, 8111.444837867893, 8111.444837867893, 7896.740711726939, 7212.110878638007, 6893.28545367122, 6215.116663743712, 6215.116663743712, 6215.116663743712, 6215.116663743712, 5824.227819378154, 5722.00368429938, 5722.00368429938, 5722.00368429938], 
[10446.06028644559, 10446.06028644559, 10446.06028644559, 8070.535290914034, 8070.535290914034, 8070.535290914034, 8070.535290914034, 7555.965439876615, 7555.965439876615, 7555.965439876615, 6645.45450798965, 6645.45450798965, 6286.413548106215, 6286.413548106215, 6085.877544573455, 6085.877544573455, 6085.877544573455, 5645.462643161852, 5645.462643161852, 5148.546683045103], 
[9368.303433092437, 9368.303433092437, 9271.548843882405, 9046.670353901514, 8052.981989129527, 8052.981989129527, 7105.461268190252, 7105.461268190252, 7105.461268190252, 6596.767647321642, 6596.767647321642, 6596.767647321642, 6596.767647321642, 6118.984591377783, 5575.212363311381, 5575.212363311381, 5562.926201531924, 5241.318608027001, 5241.318608027001, 5241.318608027001], 
[10223.70692664888, 10223.70692664888, 8532.460861712645, 8532.460861712645, 8532.460861712645, 6492.840181009315, 5835.302131741336, 5835.302131741336, 5835.302131741336, 5835.302131741336, 5406.009483674287, 4467.190611104892, 4467.190611104892, 4467.190611104892, 4467.190611104892, 4467.190611104892, 4467.190611104892, 4467.190611104892, 4467.190611104892, 4282.697829623907], 
[5952.871553165308, 5952.871553165308, 5343.293509410452, 5343.293509410452, 5343.293509410452, 5343.293509410452, 4775.823691056862, 4720.871509882275, 4720.871509882275, 4489.784226517442, 4489.784226517442, 4489.784226517442, 3964.8755907633167, 3964.8755907633167, 3964.8755907633167, 3964.8755907633167, 3964.8755907633167, 3964.8755907633167, 3964.8755907633167, 3839.5658600082743], 
[9310.88475308615, 9310.88475308615, 9310.88475308615, 7604.3761231977, 7604.3761231977, 7604.3761231977, 5745.11234551741, 5745.11234551741, 5745.11234551741, 5745.11234551741, 5745.11234551741, 5535.078684410764, 4500.5760263239945, 4500.5760263239945, 4500.5760263239945, 4500.5760263239945, 4500.5760263239945, 3797.489193663005, 3797.489193663005, 3797.489193663005], 
[10383.294200638948, 10383.294200638948, 7962.230550619567, 7962.230550619567, 7962.230550619567, 7962.230550619567, 7962.230550619567, 6489.905144057461, 6489.905144057461, 6489.905144057461, 6329.4812233445455, 6329.4812233445455, 6329.4812233445455, 6092.800326027915, 5517.652312846896, 5517.652312846896, 5347.638765304752, 5293.490328877005, 5153.443014109116, 4653.513827933312], 
[6494.316808000282, 6494.316808000282, 6494.316808000282, 6494.316808000282, 6494.316808000282, 6180.359183570721, 6180.359183570721, 6180.359183570721, 6180.359183570721, 6180.359183570721, 6180.359183570721, 6180.359183570721, 6128.137947303067, 6128.137947303067, 6128.137947303067, 6047.437622063676, 5749.556901779021, 5749.556901779021, 5558.602373644274, 5393.429931041656], 
[9441.441263774148, 9365.185453310249, 9365.185453310249, 9365.185453310249, 8080.609772147911, 6619.587740492228, 6619.587740492228, 6619.587740492228, 6619.587740492228, 6619.587740492228, 6619.587740492228, 6619.587740492228, 6167.831561068714, 6167.831561068714, 6167.831561068714, 6167.831561068714, 4914.515096923155, 4427.64239791976, 4427.64239791976, 4427.64239791976], 
[10136.442667299405, 10136.442667299405, 10136.442667299405, 8705.49822574895, 8705.49822574895, 7953.5808467117595, 7953.5808467117595, 7953.5808467117595, 7953.5808467117595, 7953.5808467117595, 7122.916915260697, 6196.3721883068465, 6196.3721883068465, 6196.3721883068465, 5573.76811949232, 5530.819546025697, 5433.0001712548, 5433.0001712548, 5023.852881936124, 5023.852881936124], 
[8488.977357146101, 7448.293947168637, 6927.424827513322, 5830.883835725061, 5830.883835725061, 5830.883835725061, 5830.883835725061, 5830.883835725061, 5830.883835725061, 5830.883835725061, 5830.883835725061, 5830.883835725061, 5830.883835725061, 5830.883835725061, 4939.233508543031, 4939.233508543031, 4939.233508543031, 4939.233508543031, 4939.233508543031, 4939.233508543031], 
[8580.603635283085, 8580.603635283085, 8012.489350454005, 8012.489350454005, 8012.489350454005, 8012.489350454005, 8012.489350454005, 8012.489350454005, 7651.33473099072, 6307.316365447509, 6307.316365447509, 6307.316365447509, 6307.316365447509, 5809.752228890712, 5809.752228890712, 4928.4653528376575, 4928.4653528376575, 4257.450396029784, 4257.450396029784, 3860.6716840951153], 
[11206.896913110435, 10552.97279592778, 10133.871189704038, 10133.871189704038, 9217.03466878201, 8853.03453092142, 6451.539836088822, 6451.539836088822, 6451.539836088822, 6451.539836088822, 6451.539836088822, 6451.539836088822, 6356.634468161286, 6291.22983014396, 6291.22983014396, 5850.749239838115, 5850.749239838115, 5850.749239838115, 5421.746106590341, 5333.537263211553], 
[10317.96174639343, 9639.082203380432, 8818.92267224132, 8818.92267224132, 7914.136552518502, 7904.9058451402825, 7904.9058451402825, 7904.9058451402825, 7904.9058451402825, 7904.9058451402825, 6056.438312555347, 6056.438312555347, 6056.438312555347, 6056.438312555347, 6056.438312555347, 5808.378457581038, 5808.378457581038, 5667.442921194801, 5667.442921194801, 5487.658700232839], 
[8398.483057279047, 8398.483057279047, 8398.483057279047, 8398.483057279047, 8398.483057279047, 8398.483057279047, 8398.483057279047, 8125.280112441441, 6943.084640410998, 6943.084640410998, 5791.803922354618, 5424.192249154021, 5424.192249154021, 5319.176486917365, 5319.176486917365, 5319.176486917365, 4003.882194939645, 4003.882194939645, 3855.834184087834, 3855.834184087834], 
[9784.261977532193, 9784.261977532193, 9784.261977532193, 9784.261977532193, 9784.261977532193, 7265.03024043513, 7265.03024043513, 7265.03024043513, 7265.03024043513, 7265.03024043513, 6270.121680162822, 6270.121680162822, 6130.714857001806, 6130.714857001806, 5661.199450273563, 5661.199450273563, 5661.199450273563, 5528.27963297623, 5016.7336430543855, 5016.7336430543855], 
[8670.622941375792, 8670.622941375792, 8670.622941375792, 8670.622941375792, 8670.622941375792, 8670.622941375792, 8670.622941375792, 8670.622941375792, 7399.933796133484, 7399.933796133484, 7399.933796133484, 7399.933796133484, 7189.997887500605, 7150.493566014492, 7147.289732249031, 5834.499795816932, 5834.499795816932, 5834.499795816932, 5834.499795816932, 5295.353992652197], 
