[8558.339933033769, 8477.749033354381, 8477.749033354381, 8477.749033354381, 8477.749033354381, 8477.749033354381, 8477.749033354381, 8477.749033354381, 8477.749033354381, 8477.749033354381, 8170.551097886365, 8170.551097886365, 8170.551097886365, 8170.551097886365, 8141.540109928516, 8141.540109928516, 8129.411595346857, 7546.1616818264265, 7546.1616818264265, 7546.1616818264265], 
[8865.040157283285, 8865.040157283285, 8865.040157283285, 8865.040157283285, 8762.055201462494, 8762.055201462494, 8394.85965190215, 8394.85965190215, 8394.85965190215, 8394.85965190215, 8394.85965190215, 8394.85965190215, 7560.911877211772, 7560.911877211772, 7560.911877211772, 7560.911877211772, 7560.911877211772, 7560.911877211772, 7560.911877211772, 7560.911877211772], 
[8637.490947404644, 8541.958276709784, 8541.958276709784, 8530.902580128732, 8370.695136980929, 8370.695136980929, 8370.695136980929, 8370.695136980929, 7947.2784752408215, 7947.2784752408215, 7947.2784752408215, 7947.2784752408215, 7947.2784752408215, 7947.2784752408215, 7947.2784752408215, 7757.242944263804, 7560.058147954298, 7560.058147954298, 7560.058147954298, 7560.058147954298], 
[8306.367159321773, 8298.526795388496, 8298.526795388496, 8001.318504846575, 8001.318504846575, 8001.318504846575, 8001.318504846575, 8001.318504846575, 8001.318504846575, 8001.318504846575, 8001.318504846575, 8001.318504846575, 8001.318504846575, 8001.318504846575, 8001.318504846575, 7610.039484326304, 7610.039484326304, 7610.039484326304, 7521.049697114262, 7521.049697114262], 
[9002.175015744655, 8685.747853469842, 8150.646025013558, 8150.646025013558, 8150.646025013558, 8150.646025013558, 8150.646025013558, 8150.646025013558, 8150.646025013558, 8150.646025013558, 8150.646025013558, 8150.646025013558, 8150.646025013558, 6376.506240525646, 6376.506240525646, 6376.506240525646, 6376.506240525646, 6376.506240525646, 6376.506240525646, 6376.506240525646], 
[9230.881674930959, 9230.881674930959, 8176.286599594, 7441.0853288817925, 7441.0853288817925, 7441.0853288817925, 7441.0853288817925, 7441.0853288817925, 7441.0853288817925, 7441.0853288817925, 7441.0853288817925, 7441.0853288817925, 7441.0853288817925, 7441.0853288817925, 7441.0853288817925, 7441.0853288817925, 7441.0853288817925, 7441.0853288817925, 7379.576344460781, 7141.2705070191605], 
[9096.93455199849, 8258.645840789562, 8258.645840789562, 8258.645840789562, 8258.645840789562, 8258.645840789562, 8258.645840789562, 8258.645840789562, 8258.645840789562, 8258.645840789562, 8258.645840789562, 8258.645840789562, 8258.645840789562, 8258.645840789562, 8258.645840789562, 8018.007369850417, 8018.007369850417, 8018.007369850417, 8018.007369850417, 8018.007369850417], 
[8485.383228697567, 8485.383228697567, 8131.81816169586, 8131.81816169586, 7833.650550622874, 7833.650550622874, 7833.650550622874, 7833.650550622874, 7833.650550622874, 7833.650550622874, 7833.650550622874, 7833.650550622874, 7833.650550622874, 7833.650550622874, 7833.650550622874, 7833.650550622874, 7591.547272537573, 7591.547272537573, 7591.547272537573, 7591.547272537573], 
[8446.47105293172, 8446.47105293172, 8358.779798556166, 8358.779798556166, 8358.779798556166, 8358.779798556166, 8358.779798556166, 8358.779798556166, 8358.779798556166, 8358.779798556166, 8358.779798556166, 8358.779798556166, 8358.779798556166, 8358.779798556166, 8358.779798556166, 8254.482952161216, 8166.139949390152, 8166.139949390152, 8012.415208635598, 8012.415208635598], 
[8532.069258740261, 8532.069258740261, 8532.069258740261, 8532.069258740261, 8532.069258740261, 8515.81238272085, 8515.81238272085, 8515.81238272085, 8515.81238272085, 8515.81238272085, 8289.775300619733, 8289.775300619733, 8289.775300619733, 8289.775300619733, 8289.775300619733, 8289.775300619733, 8108.062214574533, 8108.062214574533, 7949.261994384277, 7924.688354372541], 
[8962.054513479286, 8962.054513479286, 7985.688390598005, 7985.688390598005, 7985.688390598005, 7985.688390598005, 7985.688390598005, 7985.688390598005, 7985.688390598005, 7985.688390598005, 7985.688390598005, 7985.688390598005, 7985.688390598005, 7985.688390598005, 7985.688390598005, 7985.688390598005, 7985.688390598005, 7985.688390598005, 7437.579931656234, 7437.579931656234], 
[8828.494996506237, 8828.494996506237, 8091.9413737116565, 8091.9413737116565, 8091.9413737116565, 8091.9413737116565, 8091.9413737116565, 8091.9413737116565, 8091.9413737116565, 8091.9413737116565, 8091.9413737116565, 8091.9413737116565, 8091.9413737116565, 8091.9413737116565, 8091.9413737116565, 7615.868590462611, 7615.868590462611, 7615.868590462611, 7615.868590462611, 7615.868590462611], 
[9318.351693708219, 7975.304325201983, 7975.304325201983, 7975.304325201983, 7975.304325201983, 7975.304325201983, 7975.304325201983, 7975.304325201983, 7975.304325201983, 7975.304325201983, 7975.304325201983, 7975.304325201983, 7975.304325201983, 7975.304325201983, 7975.304325201983, 7919.570356370303, 7919.570356370303, 6790.149954554144, 6790.149954554144, 6790.149954554144], 
[9009.658965531116, 8523.36552796769, 8523.36552796769, 8523.36552796769, 8365.730581163389, 8365.730581163389, 8365.730581163389, 8365.730581163389, 8365.730581163389, 8365.730581163389, 8365.730581163389, 8365.730581163389, 8365.730581163389, 8365.730581163389, 7839.768989547993, 7839.768989547993, 7678.185377729278, 7678.185377729278, 7568.190504930383, 7351.458113979228], 
[8691.543706490256, 8691.543706490256, 8455.088968832724, 8455.088968832724, 8455.088968832724, 8455.088968832724, 8455.088968832724, 8455.088968832724, 8455.088968832724, 8455.088968832724, 8455.088968832724, 8455.088968832724, 8304.310076234638, 7600.707608561033, 7600.707608561033, 7600.707608561033, 7600.707608561033, 7600.707608561033, 7600.707608561033, 7600.707608561033], 
[8362.291164190938, 7798.1621573045595, 7798.1621573045595, 7798.1621573045595, 7798.1621573045595, 7798.1621573045595, 7798.1621573045595, 7798.1621573045595, 7798.1621573045595, 7798.1621573045595, 7798.1621573045595, 7396.773738899971, 7396.773738899971, 7396.773738899971, 7396.773738899971, 7396.773738899971, 7396.773738899971, 7396.773738899971, 7396.773738899971, 7396.773738899971], 
[9108.211665237499, 9108.211665237499, 9022.481171811334, 8233.399936985388, 8233.399936985388, 8233.399936985388, 8233.399936985388, 8233.399936985388, 8233.399936985388, 8233.399936985388, 8233.399936985388, 8233.399936985388, 8233.399936985388, 8233.399936985388, 7961.201283245477, 7961.201283245477, 7926.8217822327015, 7808.032973709781, 7808.032973709781, 7655.207051056778], 
[7518.565175816163, 7518.565175816163, 7518.565175816163, 7518.565175816163, 7518.565175816163, 7518.565175816163, 7518.565175816163, 7518.565175816163, 7518.565175816163, 7518.565175816163, 7518.565175816163, 7518.565175816163, 7518.565175816163, 7518.565175816163, 7518.565175816163, 7518.565175816163, 7518.565175816163, 7518.565175816163, 7518.565175816163, 7518.565175816163], 
[8584.491656851253, 8396.10334532509, 8396.10334532509, 8396.10334532509, 8396.10334532509, 8396.10334532509, 8396.10334532509, 7981.82557224777, 7981.82557224777, 7981.82557224777, 7981.82557224777, 7981.82557224777, 7981.82557224777, 7981.82557224777, 7981.82557224777, 7981.82557224777, 7642.530006122579, 7642.530006122579, 7593.620391250087, 7593.620391250087], 
[9270.337548634723, 9183.663666710765, 7421.686458249257, 7421.686458249257, 7421.686458249257, 7421.686458249257, 7421.686458249257, 7421.686458249257, 7421.686458249257, 7421.686458249257, 7421.686458249257, 7421.686458249257, 7421.686458249257, 7421.686458249257, 7421.686458249257, 7421.686458249257, 7421.686458249257, 7421.686458249257, 7421.686458249257, 7421.686458249257], 
[8304.32077877926, 8131.331785435778, 8131.331785435778, 8131.331785435778, 8131.331785435778, 8131.331785435778, 8131.331785435778, 8131.331785435778, 8131.331785435778, 8126.752564240145, 8126.752564240145, 7910.321550233577, 7910.321550233577, 7910.321550233577, 7910.321550233577, 7910.321550233577, 7650.098667549366, 7314.845267820195, 7314.845267820195, 7175.637093947065], 
[9343.165652242431, 8517.637809119471, 8517.637809119471, 8517.637809119471, 8300.072195660327, 8300.072195660327, 8300.072195660327, 8300.072195660327, 8300.072195660327, 8300.072195660327, 8300.072195660327, 8300.072195660327, 8300.072195660327, 8300.072195660327, 8300.072195660327, 8300.072195660327, 8300.072195660327, 7814.8307182581375, 7764.236731878336, 7764.236731878336], 
[8790.32114230327, 8790.32114230327, 8246.75044897435, 8246.75044897435, 8246.75044897435, 8246.75044897435, 8246.75044897435, 8246.75044897435, 8246.75044897435, 8246.75044897435, 8246.75044897435, 8246.75044897435, 8246.75044897435, 7767.298354225211, 7767.298354225211, 7767.298354225211, 7710.748892314, 7710.748892314, 7214.7037107265205, 7214.7037107265205], 
[9210.286698453423, 9210.286698453423, 8778.431689522977, 8778.431689522977, 8778.431689522977, 8481.78178745714, 8481.78178745714, 8481.78178745714, 8481.78178745714, 8295.359997855467, 8295.359997855467, 8295.359997855467, 8295.359997855467, 8295.359997855467, 8295.359997855467, 8295.359997855467, 8131.600452581431, 8131.600452581431, 7486.352890253197, 7486.352890253197], 
[8956.460064815503, 8904.733748266832, 8904.733748266832, 8904.733748266832, 8796.249218500332, 8358.067404367339, 8358.067404367339, 7773.17828004221, 7773.17828004221, 7773.17828004221, 7773.17828004221, 7773.17828004221, 7773.17828004221, 7773.17828004221, 7766.694778287201, 7766.694778287201, 7766.694778287201, 7766.694778287201, 7766.694778287201, 7369.052626920793], 
[7757.0469838886165, 7757.0469838886165, 7757.0469838886165, 7757.0469838886165, 7757.0469838886165, 7757.0469838886165, 7757.0469838886165, 7757.0469838886165, 7757.0469838886165, 7757.0469838886165, 7757.0469838886165, 7757.0469838886165, 7757.0469838886165, 7757.0469838886165, 7757.0469838886165, 7757.0469838886165, 7757.0469838886165, 7757.0469838886165, 7757.0469838886165, 7637.494753273144], 
[8226.60501924824, 8226.60501924824, 8226.60501924824, 8226.60501924824, 8226.60501924824, 8226.60501924824, 8226.60501924824, 8226.60501924824, 8226.60501924824, 8226.60501924824, 8226.60501924824, 8226.60501924824, 8226.60501924824, 8022.928830932648, 8022.928830932648, 7845.4820314822955, 7666.871894436604, 7666.871894436604, 7666.871894436604, 7666.871894436604], 
[9366.296411646512, 8995.61096754981, 8995.61096754981, 8501.550231984433, 8501.550231984433, 8501.550231984433, 8158.766364620713, 8158.766364620713, 8158.766364620713, 8158.766364620713, 8158.766364620713, 8158.766364620713, 8158.766364620713, 8158.766364620713, 8158.766364620713, 8158.766364620713, 8158.766364620713, 8158.766364620713, 8055.424990853479, 7619.417290116657], 
[8738.911008464931, 8738.911008464931, 8738.911008464931, 8534.294519788735, 8534.294519788735, 8534.294519788735, 8534.294519788735, 8534.294519788735, 8534.294519788735, 8534.294519788735, 8457.45821999443, 8262.214103171558, 8254.31815249693, 7759.945422404141, 7759.945422404141, 7759.945422404141, 7759.945422404141, 7759.945422404141, 7666.816777271984, 7666.816777271984], 
[8743.529436938677, 8743.529436938677, 8743.529436938677, 8743.529436938677, 8743.529436938677, 8743.529436938677, 8659.415531929628, 8659.415531929628, 8466.14850878073, 8466.14850878073, 8466.14850878073, 8344.787796793342, 8344.787796793342, 8344.787796793342, 8292.57950148516, 8205.795431559907, 7964.448248024935, 7964.448248024935, 7964.448248024935, 7964.448248024935], 
