[4.719478540135685, 4.201184073725824, 4.20074742430343, 4.20074742430343, 4.20074742430343, 3.890982368312369, 3.890982368312369, 3.890982368312369, 3.890982368312369, 3.5659640090160156, 2.937204026449184, 2.937204026449184, 2.937204026449184, 2.937204026449184, 2.937204026449184, 2.937204026449184, 2.937204026449184, 2.937204026449184, 2.937204026449184, 2.937204026449184], 
[4.678132216696479, 3.483648015215692, 3.483648015215692, 3.483648015215692, 3.483648015215692, 3.483648015215692, 3.483648015215692, 3.483648015215692, 3.483648015215692, 3.483648015215692, 3.2935180073047468, 3.2935180073047468, 3.2935180073047468, 3.2935180073047468, 3.2935180073047468, 3.2090090814479826, 3.2090090814479826, 3.2090090814479826, 3.2090090814479826, 3.2090090814479826], 
[4.2377744687741155, 4.2377744687741155, 3.9732488137338833, 3.9732488137338833, 3.9732488137338833, 3.6175505661693794, 3.6175505661693794, 3.6175505661693794, 3.6175505661693794, 3.6175505661693794, 3.6175505661693794, 3.6175505661693794, 3.6175505661693794, 3.6175505661693794, 3.6175505661693794, 3.6175505661693794, 3.6175505661693794, 3.6175505661693794, 3.6024615781367966, 3.6024615781367966], 
[3.856501459858064, 3.856501459858064, 3.856501459858064, 3.856501459858064, 3.856501459858064, 3.856501459858064, 3.856501459858064, 3.8319064506012865, 3.8319064506012865, 3.549694091708207, 3.549694091708207, 3.549694091708207, 3.549694091708207, 3.549694091708207, 3.549694091708207, 3.549694091708207, 3.549694091708207, 3.549694091708207, 3.549694091708207, 3.549694091708207], 
[5.448330939280955, 5.211296844472051, 3.0649182480825474, 3.0649182480825474, 3.0649182480825474, 3.0649182480825474, 3.0649182480825474, 3.0649182480825474, 3.0649182480825474, 3.0649182480825474, 3.0649182480825474, 3.0649182480825474, 3.0649182480825474, 3.0649182480825474, 3.0649182480825474, 3.0649182480825474, 3.0649182480825474, 3.0649182480825474, 3.0649182480825474, 3.0649182480825474], 
[3.9110814198144355, 3.9110814198144355, 3.9110814198144355, 3.9110814198144355, 3.792418126397808, 3.792418126397808, 3.792418126397808, 3.792418126397808, 3.792418126397808, 3.792418126397808, 3.792418126397808, 3.2372924530760585, 3.2372924530760585, 3.2372924530760585, 3.2372924530760585, 3.2372924530760585, 3.2372924530760585, 3.2372924530760585, 3.2372924530760585, 3.2372924530760585], 
[3.935146359709759, 3.935146359709759, 3.020510895361788, 3.020510895361788, 3.020510895361788, 3.020510895361788, 3.020510895361788, 3.020510895361788, 3.020510895361788, 3.020510895361788, 3.020510895361788, 3.020510895361788, 3.020510895361788, 3.020510895361788, 3.020510895361788, 3.020510895361788, 3.020510895361788, 2.483392932722119, 2.483392932722119, 2.483392932722119], 
[4.533286940734969, 4.533286940734969, 4.438697980237842, 4.438697980237842, 4.160616663364004, 4.160616663364004, 3.5930802550764924, 3.5930802550764924, 3.5930802550764924, 3.021945186992339, 3.021945186992339, 3.021945186992339, 3.021945186992339, 3.021945186992339, 3.021945186992339, 3.021945186992339, 3.021945186992339, 3.021945186992339, 3.021945186992339, 3.021945186992339], 
[4.571813879613673, 4.310614014532777, 3.883847068845417, 3.248642337705772, 3.248642337705772, 3.248642337705772, 3.248642337705772, 3.055144698923211, 3.055144698923211, 3.055144698923211, 3.055144698923211, 3.055144698923211, 3.055144698923211, 3.055144698923211, 3.055144698923211, 3.055144698923211, 3.055144698923211, 3.055144698923211, 3.055144698923211, 3.055144698923211], 
[3.4688221904060756, 3.4688221904060756, 3.4688221904060756, 3.4688221904060756, 3.4688221904060756, 3.4688221904060756, 3.4688221904060756, 3.4688221904060756, 3.4688221904060756, 3.4688221904060756, 3.4688221904060756, 3.4688221904060756, 3.4688221904060756, 3.4688221904060756, 3.4688221904060756, 3.4688221904060756, 3.4688221904060756, 3.4688221904060756, 3.0566502547885297, 2.9978886904178292], 
[3.8132253144069903, 3.456272763933369, 3.456272763933369, 3.456272763933369, 3.456272763933369, 3.4208638948070633, 3.4208638948070633, 3.4208638948070633, 3.4208638948070633, 3.4208638948070633, 3.4208638948070633, 3.4208638948070633, 3.4208638948070633, 3.4208638948070633, 3.4208638948070633, 3.4208638948070633, 3.4208638948070633, 3.4208638948070633, 3.4208638948070633, 3.4208638948070633], 
[4.229988281078024, 4.229988281078024, 1.9824573522036317, 1.9824573522036317, 1.9824573522036317, 1.9824573522036317, 1.9824573522036317, 1.9824573522036317, 1.9824573522036317, 1.9824573522036317, 1.9824573522036317, 1.9824573522036317, 1.9824573522036317, 1.9824573522036317, 1.9824573522036317, 1.9824573522036317, 1.9824573522036317, 1.9824573522036317, 1.9824573522036317, 1.9824573522036317], 
[4.393503252656791, 3.742595624378231, 3.742595624378231, 3.742595624378231, 3.742595624378231, 3.742595624378231, 3.4217643937728255, 3.4217643937728255, 3.4217643937728255, 3.4217643937728255, 3.4217643937728255, 3.4217643937728255, 3.4217643937728255, 3.4217643937728255, 3.4217643937728255, 3.4217643937728255, 3.4217643937728255, 3.4217643937728255, 3.4217643937728255, 3.4217643937728255], 
[4.1180829687552505, 4.1180829687552505, 4.1180829687552505, 4.0998823776912845, 3.780388110719643, 3.780388110719643, 3.780388110719643, 3.780388110719643, 3.780388110719643, 3.780388110719643, 3.7590586575504528, 3.7590586575504528, 3.046001060375178, 3.046001060375178, 3.046001060375178, 3.046001060375178, 3.046001060375178, 3.046001060375178, 3.046001060375178, 3.046001060375178], 
[4.043152300136875, 4.043152300136875, 4.043152300136875, 4.043152300136875, 4.043152300136875, 4.043152300136875, 4.043152300136875, 3.836575076738347, 3.836575076738347, 3.836575076738347, 3.836575076738347, 3.836575076738347, 3.836575076738347, 3.836575076738347, 3.836575076738347, 3.836575076738347, 3.674141039873519, 3.674141039873519, 2.6988640279320357, 2.6988640279320357], 
[4.0086120245865935, 4.0086120245865935, 4.0086120245865935, 4.0086120245865935, 3.400340966493438, 3.400340966493438, 3.400340966493438, 3.400340966493438, 3.400340966493438, 3.400340966493438, 3.400340966493438, 3.400340966493438, 3.3500302654819296, 3.3500302654819296, 3.3500302654819296, 3.3500302654819296, 3.206613055200474, 2.993471731384006, 2.993471731384006, 2.993471731384006], 
[4.965435413960744, 4.965435413960744, 3.3169910940972707, 3.3169910940972707, 3.3169910940972707, 3.3169910940972707, 3.3169910940972707, 3.3169910940972707, 3.3169910940972707, 3.3169910940972707, 3.3169910940972707, 3.3169910940972707, 3.3169910940972707, 3.3169910940972707, 3.3169910940972707, 3.144044220064819, 3.144044220064819, 3.144044220064819, 3.144044220064819, 2.8246856932150823], 
[4.187113020320848, 4.187113020320848, 2.4255279957591767, 2.4255279957591767, 2.4255279957591767, 2.4255279957591767, 2.4255279957591767, 2.4255279957591767, 2.4255279957591767, 2.4255279957591767, 2.4255279957591767, 2.4255279957591767, 2.4255279957591767, 2.4255279957591767, 2.4255279957591767, 2.4255279957591767, 2.4255279957591767, 2.4255279957591767, 2.4255279957591767, 2.4255279957591767], 
[4.3075441828832695, 4.083046219940298, 4.083046219940298, 3.4997422921026455, 3.4997422921026455, 3.4997422921026455, 3.4997422921026455, 3.4997422921026455, 3.4997422921026455, 3.4997422921026455, 3.4997422921026455, 3.412792513762563, 3.412792513762563, 3.412792513762563, 3.412792513762563, 3.259769022649098, 3.259769022649098, 3.259769022649098, 3.259769022649098, 3.259769022649098], 
[4.265955035939876, 4.265955035939876, 4.127038390265368, 4.127038390265368, 3.4727222019758974, 3.4727222019758974, 3.4727222019758974, 3.4727222019758974, 3.4727222019758974, 3.4727222019758974, 3.4727222019758974, 3.4727222019758974, 3.4727222019758974, 2.6949003911538756, 2.6949003911538756, 2.6949003911538756, 2.6949003911538756, 2.6949003911538756, 2.6949003911538756, 2.6949003911538756], 
[3.4501724114256587, 3.4501724114256587, 3.4501724114256587, 3.4501724114256587, 3.4501724114256587, 3.2838985589508005, 3.2838985589508005, 3.2838985589508005, 3.2838985589508005, 3.2838985589508005, 3.2838985589508005, 3.2838985589508005, 3.2838985589508005, 3.2838985589508005, 3.2838985589508005, 3.2838985589508005, 3.2838985589508005, 3.2838985589508005, 3.2838985589508005, 3.2838985589508005], 
[5.459025596540355, 5.379249599032485, 4.522020749735618, 3.9278831844376385, 3.9278831844376385, 3.5991263078224454, 3.1975725118112037, 3.1975725118112037, 3.1975725118112037, 3.1975725118112037, 3.1975725118112037, 3.1975725118112037, 3.1975725118112037, 3.1975725118112037, 3.1975725118112037, 3.1975725118112037, 3.1975725118112037, 3.1975725118112037, 3.1975725118112037, 3.1975725118112037], 
[3.1706467065565622, 3.1706467065565622, 3.1706467065565622, 3.1706467065565622, 3.1706467065565622, 3.1706467065565622, 3.1706467065565622, 3.1706467065565622, 3.1706467065565622, 3.1706467065565622, 3.1706467065565622, 3.1706467065565622, 3.1706467065565622, 3.1706467065565622, 3.1706467065565622, 3.1706467065565622, 3.1706467065565622, 3.1706467065565622, 3.1706467065565622, 3.1706467065565622], 
[4.198075374433785, 4.095498062396573, 4.095498062396573, 3.5892340299192322, 3.5892340299192322, 3.5892340299192322, 3.5892340299192322, 3.5892340299192322, 3.5892340299192322, 3.5892340299192322, 3.5892340299192322, 3.5892340299192322, 3.5892340299192322, 2.763198307708684, 2.763198307708684, 2.763198307708684, 2.763198307708684, 2.763198307708684, 2.763198307708684, 2.763198307708684], 
[5.001715922238986, 4.8253828639701135, 4.378879026183107, 4.003185741880396, 4.003185741880396, 4.003185741880396, 4.003185741880396, 3.4040442169980554, 3.4040442169980554, 3.4040442169980554, 3.4040442169980554, 3.1939825826571258, 3.1939825826571258, 3.1939825826571258, 3.1939825826571258, 3.1939825826571258, 3.1939825826571258, 3.1939825826571258, 3.1939825826571258, 3.1939825826571258], 
[3.812114089607439, 3.812114089607439, 3.812114089607439, 3.812114089607439, 3.7293995924875207, 3.7293995924875207, 3.679500071077524, 2.7686058722301543, 2.7686058722301543, 2.7686058722301543, 2.7686058722301543, 2.7686058722301543, 2.7686058722301543, 2.7686058722301543, 2.7686058722301543, 2.7686058722301543, 2.7686058722301543, 2.7686058722301543, 2.7686058722301543, 2.7686058722301543], 
[4.66315458175714, 3.586309098776787, 3.586309098776787, 2.907470947940684, 2.907470947940684, 2.907470947940684, 2.907470947940684, 2.907470947940684, 2.907470947940684, 2.907470947940684, 2.907470947940684, 2.907470947940684, 2.907470947940684, 2.907470947940684, 2.907470947940684, 2.907470947940684, 2.907470947940684, 2.907470947940684, 2.907470947940684, 2.907470947940684], 
[3.7006033140563095, 3.7006033140563095, 3.697337162559609, 3.697337162559609, 3.051429140795679, 3.051429140795679, 3.051429140795679, 3.051429140795679, 3.051429140795679, 3.051429140795679, 3.051429140795679, 3.051429140795679, 3.051429140795679, 3.051429140795679, 3.051429140795679, 3.051429140795679, 3.051429140795679, 3.051429140795679, 3.051429140795679, 3.051429140795679], 
[4.434854452861266, 4.434854452861266, 3.888754007683135, 3.888754007683135, 3.2164098317865446, 3.2164098317865446, 3.2164098317865446, 3.2164098317865446, 3.2164098317865446, 3.2164098317865446, 3.2164098317865446, 3.2164098317865446, 3.2164098317865446, 3.2164098317865446, 3.2164098317865446, 3.2164098317865446, 3.2164098317865446, 3.2164098317865446, 3.2164098317865446, 3.2164098317865446], 
[4.1452133821925115, 4.1452133821925115, 3.469294021350599, 3.469294021350599, 3.469294021350599, 3.469294021350599, 3.469294021350599, 3.469294021350599, 3.469294021350599, 3.469294021350599, 3.469294021350599, 3.469294021350599, 3.469294021350599, 3.469294021350599, 3.469294021350599, 3.469294021350599, 3.469294021350599, 3.469294021350599, 2.99168576348968, 2.99168576348968], 
