[2126.878388179749, 2047.5137639051572, 2033.3486143464738, 2033.3486143464738, 1895.5295540536194, 1895.5295540536194, 1875.279069327977, 1796.8741772573517, 1785.3632291157378, 1785.3632291157378, 1758.4762650118466, 1747.2218288066583, 1579.7891113441315, 1579.7891113441315, 1579.7891113441315, 1579.7891113441315, 1579.7891113441315, 1513.3768991396232, 1513.3768991396232, 1513.3768991396232], 
[2198.477300033528, 2198.477300033528, 2009.9176996064105, 2009.9176996064105, 2009.765277190679, 2009.765277190679, 1986.8747733276557, 1903.0088104331655, 1903.0088104331655, 1903.0088104331655, 1903.0088104331655, 1735.413427110972, 1735.413427110972, 1735.413427110972, 1735.413427110972, 1735.413427110972, 1735.413427110972, 1735.413427110972, 1620.8171755908256, 1620.8171755908256], 
[2140.355438658544, 2140.355438658544, 2140.355438658544, 2140.355438658544, 2140.355438658544, 2112.797609394015, 2112.797609394015, 2112.797609394015, 1880.3665786456124, 1880.3665786456124, 1880.3665786456124, 1795.6938334592814, 1795.6938334592814, 1795.6938334592814, 1795.6938334592814, 1795.6938334592814, 1795.6938334592814, 1555.1604250619614, 1555.1604250619614, 1555.1604250619614], 
[2238.0229252372596, 2238.0229252372596, 1953.1019271601588, 1953.1019271601588, 1953.1019271601588, 1940.7275952922785, 1940.7275952922785, 1925.8812639398413, 1793.0024109158117, 1793.0024109158117, 1758.6896055953218, 1736.7972399102084, 1664.994484948301, 1664.994484948301, 1664.994484948301, 1603.7514495469845, 1603.7514495469845, 1603.7514495469845, 1570.4825834672083, 1570.4825834672083], 
[2032.91479368925, 2032.91479368925, 2032.91479368925, 2032.91479368925, 1967.8827646119394, 1925.826672201052, 1901.6212697155497, 1843.4073232689082, 1811.6803118739567, 1787.9668388151786, 1787.9668388151786, 1694.1821542507473, 1694.1821542507473, 1645.1195255423086, 1567.1878240403917, 1567.1878240403917, 1567.1878240403917, 1506.7343298374176, 1506.7343298374176, 1506.7343298374176], 
[1990.8610382307456, 1990.8610382307456, 1990.8610382307456, 1990.8610382307456, 1990.8610382307456, 1990.8610382307456, 1980.0700719336494, 1933.8107194299948, 1914.5632401424764, 1886.3108047269602, 1886.3108047269602, 1713.404931521792, 1678.4730041658163, 1581.1141360807499, 1581.1141360807499, 1581.1141360807499, 1496.2199653180135, 1440.9488332858932, 1440.9488332858932, 1406.9603778160254], 
[1689.5706632895437, 1689.5706632895437, 1689.5706632895437, 1689.5706632895437, 1689.5706632895437, 1689.5706632895437, 1689.5706632895437, 1689.5706632895437, 1689.5706632895437, 1689.5706632895437, 1576.5804123351227, 1576.5804123351227, 1576.5804123351227, 1576.5804123351227, 1576.5804123351227, 1576.5804123351227, 1576.5804123351227, 1533.4771219781546, 1461.617905783995, 1412.5038483122505], 
[2276.632874412633, 2276.632874412633, 2233.975900790749, 2109.7920655474345, 2109.7920655474345, 2109.7920655474345, 2109.7920655474345, 1995.530540613766, 1995.530540613766, 1879.9635725670728, 1879.9635725670728, 1765.4004098472042, 1737.909958883067, 1689.1295437544482, 1689.1295437544482, 1636.1896757234042, 1541.185155281721, 1510.188501152774, 1510.188501152774, 1510.188501152774], 
[2251.537429972771, 2251.537429972771, 2084.982976948303, 2084.982976948303, 2025.372245209334, 1826.7261651279293, 1826.7261651279293, 1826.7261651279293, 1766.8917779116514, 1766.8917779116514, 1766.8917779116514, 1766.8917779116514, 1766.8917779116514, 1766.8917779116514, 1766.8917779116514, 1766.8917779116514, 1721.9742850619502, 1628.5007042070222, 1628.5007042070222, 1628.5007042070222], 
[1719.004591038964, 1719.004591038964, 1719.004591038964, 1719.004591038964, 1589.902602465332, 1462.7411593503482, 1428.84762807212, 1428.84762807212, 1428.84762807212, 1428.84762807212, 1319.453302409092, 1319.453302409092, 1261.3516526945778, 1261.3516526945778, 1261.3516526945778, 1261.3516526945778, 1170.7337440499018, 1170.7337440499018, 1170.7337440499018, 1170.7337440499018], 
[2369.7325370577323, 2369.7325370577323, 2369.7325370577323, 2184.1331028508703, 2087.263711516636, 2087.263711516636, 2080.048145791391, 2036.674217549004, 2012.0663628189357, 1991.575083147802, 1986.1520446692548, 1731.3337578383714, 1731.3337578383714, 1731.3337578383714, 1731.3337578383714, 1731.3337578383714, 1731.3337578383714, 1653.6727650998716, 1637.2913523680982, 1637.2913523680982], 
[1816.7976314629414, 1816.7976314629414, 1816.7976314629414, 1816.7976314629414, 1816.7976314629414, 1816.7976314629414, 1805.81078436357, 1607.94945733638, 1607.94945733638, 1607.94945733638, 1607.94945733638, 1607.94945733638, 1607.94945733638, 1607.94945733638, 1607.94945733638, 1607.94945733638, 1601.5143090775123, 1601.5143090775123, 1547.777220597413, 1547.777220597413], 
[2234.628344765261, 2111.1998900593553, 2111.1998900593553, 1824.3976860335902, 1654.497181842841, 1654.497181842841, 1654.497181842841, 1613.1383076811007, 1613.1383076811007, 1613.1383076811007, 1562.7256329072984, 1562.7256329072984, 1514.0193918180025, 1514.0193918180025, 1514.0193918180025, 1514.0193918180025, 1514.0193918180025, 1514.0193918180025, 1514.0193918180025, 1504.7025716715384], 
[2220.663173636158, 2220.663173636158, 2220.663173636158, 2030.3359662198618, 1911.7908651308235, 1910.073522326308, 1910.073522326308, 1910.073522326308, 1835.3111889662591, 1835.3111889662591, 1835.3111889662591, 1835.3111889662591, 1835.3111889662591, 1835.3111889662591, 1835.3111889662591, 1821.1360009929078, 1815.6260502025739, 1753.6673436166966, 1753.6673436166966, 1706.997914439179], 
[2026.6251765925365, 2026.6251765925365, 2026.6251765925365, 2026.6251765925365, 2026.6251765925365, 2026.6251765925365, 2026.6251765925365, 1929.0592820426336, 1929.0592820426336, 1794.2191094529733, 1747.147188779354, 1595.8804616895864, 1595.8804616895864, 1595.8804616895864, 1551.886428668901, 1551.886428668901, 1501.3961909319805, 1468.6167795573742, 1373.2783346124922, 1373.2783346124922], 
[2133.640940561953, 2133.640940561953, 2133.640940561953, 2092.093286410654, 1951.688476719274, 1951.688476719274, 1776.3799450733559, 1776.3799450733559, 1776.3799450733559, 1776.3799450733559, 1776.3799450733559, 1776.3799450733559, 1776.3799450733559, 1690.478076051745, 1690.478076051745, 1642.2454097957088, 1577.2555589307674, 1554.695547239551, 1554.695547239551, 1554.695547239551], 
[2252.2339102637097, 2061.6006140903874, 2061.6006140903874, 2061.6006140903874, 2061.6006140903874, 1974.7255215413165, 1974.7255215413165, 1836.7819412837684, 1836.7819412837684, 1828.081517892529, 1665.2454886074097, 1665.2454886074097, 1665.2454886074097, 1665.2454886074097, 1665.2454886074097, 1541.418140597305, 1541.418140597305, 1541.418140597305, 1541.418140597305, 1541.418140597305], 
[1829.179845526997, 1829.179845526997, 1829.179845526997, 1478.2722365563377, 1478.2722365563377, 1478.2722365563377, 1478.2722365563377, 1478.2722365563377, 1478.2722365563377, 1478.2722365563377, 1364.8647449767723, 1364.8647449767723, 1364.8647449767723, 1364.8647449767723, 1364.8647449767723, 1364.8647449767723, 1364.8647449767723, 1364.8647449767723, 1364.8647449767723, 1364.8647449767723], 
[2046.66160246759, 1811.3849210562585, 1811.3849210562585, 1811.3849210562585, 1641.104148148068, 1641.104148148068, 1619.94640502114, 1619.94640502114, 1619.94640502114, 1615.4848389658594, 1615.4848389658594, 1517.1210780050756, 1419.912309600092, 1419.912309600092, 1419.912309600092, 1419.912309600092, 1419.912309600092, 1419.912309600092, 1419.912309600092, 1419.912309600092], 
[2058.1880294231064, 2058.1880294231064, 1598.7463157001202, 1598.7463157001202, 1598.7463157001202, 1598.7463157001202, 1598.7463157001202, 1598.7463157001202, 1598.7463157001202, 1598.7463157001202, 1598.7463157001202, 1598.7463157001202, 1598.7463157001202, 1598.7463157001202, 1598.7463157001202, 1598.7463157001202, 1598.7463157001202, 1598.7463157001202, 1598.7463157001202, 1598.7463157001202], 
[1961.9479658126043, 1961.9479658126043, 1961.9479658126043, 1961.9479658126043, 1961.9479658126043, 1961.9479658126043, 1856.895118568549, 1856.895118568549, 1856.895118568549, 1830.5175353626914, 1830.5175353626914, 1830.5175353626914, 1713.0489066827495, 1700.0193741596163, 1700.0193741596163, 1673.5847066137007, 1537.478392280286, 1537.478392280286, 1537.478392280286, 1537.478392280286], 
[2243.8811601284096, 2243.8811601284096, 2074.538790900425, 2074.538790900425, 1930.1742351777243, 1686.2102344368145, 1686.2102344368145, 1686.2102344368145, 1594.293607051107, 1594.293607051107, 1594.293607051107, 1594.293607051107, 1594.293607051107, 1594.293607051107, 1527.2323631227337, 1527.2323631227337, 1527.2323631227337, 1527.2323631227337, 1527.2323631227337, 1527.2323631227337], 
[1935.8855243694238, 1935.8855243694238, 1935.8855243694238, 1935.8855243694238, 1935.8855243694238, 1935.8855243694238, 1852.5562218954078, 1664.377081583386, 1664.377081583386, 1664.377081583386, 1655.1092587856638, 1594.9583900668094, 1570.8985705438613, 1570.8985705438613, 1570.8985705438613, 1570.8985705438613, 1475.1417478235057, 1475.1417478235057, 1475.1417478235057, 1449.5341748219585], 
[2183.1129880313215, 1855.9888869677434, 1855.9888869677434, 1855.9888869677434, 1855.9888869677434, 1855.9888869677434, 1838.084470894857, 1779.310909279685, 1779.310909279685, 1635.735942106225, 1635.735942106225, 1635.735942106225, 1606.7568009263023, 1606.7568009263023, 1606.7568009263023, 1563.4219234084126, 1538.1543490623856, 1538.1543490623856, 1538.1543490623856, 1538.1543490623856], 
[2158.9927709825006, 2158.9927709825006, 2158.9927709825006, 1931.4926816636569, 1862.985040928311, 1680.3199614344153, 1666.9979424196385, 1666.9979424196385, 1666.9979424196385, 1557.3319275964857, 1557.3319275964857, 1557.3319275964857, 1557.3319275964857, 1557.3319275964857, 1557.3319275964857, 1557.3319275964857, 1496.745737088832, 1496.745737088832, 1496.745737088832, 1482.4354498642306], 
[2115.1262080900638, 2115.1262080900638, 2115.1262080900638, 1883.0574836995333, 1883.0574836995333, 1883.0574836995333, 1883.0574836995333, 1791.7846260910228, 1791.7846260910228, 1625.8533575801903, 1625.8533575801903, 1599.6835803341692, 1565.550154831196, 1565.550154831196, 1565.550154831196, 1563.9511949059909, 1493.9274078799147, 1493.9274078799147, 1469.41165126286, 1385.5624638890056], 
[2034.9477117275883, 2034.9477117275883, 2034.9477117275883, 2034.9477117275883, 2034.9477117275883, 1937.4721780547252, 1853.423298281375, 1512.299427437748, 1396.541449302222, 1396.541449302222, 1396.541449302222, 1366.9690132522649, 1332.6796274466121, 1332.6796274466121, 1316.6552294374583, 1170.640751516629, 1170.640751516629, 1170.640751516629, 1170.640751516629, 1170.640751516629], 
[2066.266555975816, 2066.266555975816, 2027.0376773916453, 1995.9623019225407, 1876.133585032519, 1876.133585032519, 1680.2378363601206, 1680.2378363601206, 1680.2378363601206, 1641.085681363245, 1641.085681363245, 1614.9963356279768, 1580.7743219616068, 1580.7743219616068, 1485.1695542265143, 1485.1695542265143, 1418.3480715891496, 1418.3480715891496, 1344.5246939414978, 1344.5246939414978], 
[2018.677728148799, 2018.677728148799, 2018.677728148799, 2018.677728148799, 1899.1633354243847, 1803.6933318169522, 1803.6933318169522, 1803.6933318169522, 1803.6933318169522, 1751.678391632518, 1751.678391632518, 1717.584266558009, 1717.584266558009, 1717.584266558009, 1657.227611921489, 1657.227611921489, 1603.2298557400159, 1603.2298557400159, 1603.2298557400159, 1603.2298557400159], 
[2239.268170270953, 2220.533659157984, 2220.533659157984, 2146.8080796567133, 2009.2964608698462, 1909.2677438142305, 1899.1423841999915, 1845.8996422848759, 1845.8996422848759, 1760.4135123270817, 1760.4135123270817, 1760.4135123270817, 1760.4135123270817, 1760.4135123270817, 1654.9810304373614, 1638.094952885196, 1494.526151431709, 1494.526151431709, 1494.526151431709, 1494.526151431709], 
