[1368462591.7625651, 1368462591.7625651, 1036942642.007079, 1036942642.007079, 1036942642.007079, 1036942642.007079, 1036942642.007079, 803017276.0091699, 803017276.0091699, 682100173.4542392, 682100173.4542392, 435489263.81042725, 435489263.81042725, 435489263.81042725, 435489263.81042725, 389253661.252305, 374035637.505169, 374035637.505169, 374035637.505169, 374035637.505169], 
[1362882826.9920356, 1108290449.1904745, 1108290449.1904745, 592996716.7696629, 592996716.7696629, 592996716.7696629, 569917976.3306494, 569917976.3306494, 569917976.3306494, 504376417.18133557, 504376417.18133557, 504376417.18133557, 479156972.25306433, 479156972.25306433, 479156972.25306433, 479156972.25306433, 479156972.25306433, 479156972.25306433, 479156972.25306433, 404174185.07991135], 
[1249409540.6186595, 1249409540.6186595, 741595198.9598305, 741595198.9598305, 741595198.9598305, 741595198.9598305, 741595198.9598305, 741595198.9598305, 527827256.20366126, 527827256.20366126, 527827256.20366126, 527827256.20366126, 527827256.20366126, 527827256.20366126, 527827256.20366126, 433088856.35028887, 298800032.281356, 264221441.94952804, 264221441.94952804, 264221441.94952804], 
[777374145.0969375, 777374145.0969375, 777374145.0969375, 777374145.0969375, 777374145.0969375, 777374145.0969375, 777374145.0969375, 777374145.0969375, 777374145.0969375, 724700836.1324742, 724700836.1324742, 516125080.54527885, 511183487.9061423, 497200704.4318314, 497200704.4318314, 497200704.4318314, 474203967.97974175, 474203967.97974175, 412482162.8792724, 407457327.3425791], 
[1413446212.16414, 1413446212.16414, 607710279.6387029, 607710279.6387029, 607710279.6387029, 607710279.6387029, 607710279.6387029, 607710279.6387029, 607710279.6387029, 607710279.6387029, 607710279.6387029, 467811514.4740436, 467811514.4740436, 467811514.4740436, 467811514.4740436, 467811514.4740436, 438751628.7681833, 438751628.7681833, 438751628.7681833, 438751628.7681833], 
[1136358001.0438836, 1136358001.0438836, 1136358001.0438836, 583004413.8540436, 583004413.8540436, 583004413.8540436, 583004413.8540436, 583004413.8540436, 583004413.8540436, 583004413.8540436, 561566382.3114457, 561566382.3114457, 561566382.3114457, 561566382.3114457, 405661988.10674256, 405661988.10674256, 405661988.10674256, 405661988.10674256, 405661988.10674256, 405661988.10674256], 
[1060443812.2462772, 1060443812.2462772, 1060443812.2462772, 1060443812.2462772, 955148771.3074279, 806032929.1088536, 806032929.1088536, 719853673.1993374, 680579766.7191265, 570763373.4567993, 570763373.4567993, 527064903.70051825, 527064903.70051825, 527064903.70051825, 392366446.0891794, 392366446.0891794, 331527907.22067225, 331527907.22067225, 331527907.22067225, 331527907.22067225], 
[1123372924.2401435, 725979832.5127237, 725979832.5127237, 725979832.5127237, 725979832.5127237, 522668809.76730514, 522668809.76730514, 522668809.76730514, 522668809.76730514, 501025394.38779914, 501025394.38779914, 465300806.1288154, 465300806.1288154, 446384322.66094655, 446384322.66094655, 396821016.0235718, 396821016.0235718, 396821016.0235718, 396821016.0235718, 365592201.02810603], 
[1355177654.6466177, 1044925769.2561793, 934817212.5834738, 592114845.2507106, 592114845.2507106, 592114845.2507106, 592114845.2507106, 513151267.42869425, 240003967.76365578, 240003967.76365578, 240003967.76365578, 240003967.76365578, 240003967.76365578, 208281303.19598556, 208281303.19598556, 208281303.19598556, 208281303.19598556, 208281303.19598556, 208281303.19598556, 208281303.19598556], 
[856551059.3275908, 856551059.3275908, 856551059.3275908, 559219805.5822122, 559219805.5822122, 559219805.5822122, 559219805.5822122, 442426204.7428156, 442426204.7428156, 442426204.7428156, 442426204.7428156, 442426204.7428156, 406276314.4686168, 406276314.4686168, 406276314.4686168, 406276314.4686168, 406276314.4686168, 406276314.4686168, 361378563.8078046, 355706301.90537757], 
[763964233.2220745, 763964233.2220745, 763964233.2220745, 763964233.2220745, 763964233.2220745, 471626200.57520366, 471626200.57520366, 471626200.57520366, 471626200.57520366, 471626200.57520366, 471626200.57520366, 471626200.57520366, 471626200.57520366, 471626200.57520366, 471626200.57520366, 302025196.0204588, 302025196.0204588, 302025196.0204588, 302025196.0204588, 222900671.54018208], 
[1152106735.3930917, 632783169.4399337, 632783169.4399337, 632783169.4399337, 632783169.4399337, 632783169.4399337, 632783169.4399337, 562697034.4368575, 562697034.4368575, 562697034.4368575, 521898564.8251698, 521418621.8409962, 521418621.8409962, 521418621.8409962, 521418621.8409962, 521418621.8409962, 407430152.41563237, 407430152.41563237, 407430152.41563237, 407430152.41563237], 
[1211279621.330212, 1211279621.330212, 1211279621.330212, 1069976940.026834, 1069976940.026834, 974359965.5524794, 974359965.5524794, 585974132.9436824, 585974132.9436824, 585974132.9436824, 585974132.9436824, 585974132.9436824, 585974132.9436824, 487888595.5323294, 487888595.5323294, 487888595.5323294, 360385791.99820775, 360385791.99820775, 360385791.99820775, 261105412.13613522], 
[652545345.5398151, 652545345.5398151, 652545345.5398151, 652545345.5398151, 652545345.5398151, 652545345.5398151, 652545345.5398151, 652545345.5398151, 652545345.5398151, 539579507.3615034, 539579507.3615034, 530717541.65609163, 530717541.65609163, 530717541.65609163, 436131090.3738221, 436131090.3738221, 436131090.3738221, 429792721.59166014, 376233516.9957756, 376233516.9957756], 
[693184973.4811482, 693184973.4811482, 693184973.4811482, 693184973.4811482, 693184973.4811482, 693184973.4811482, 693184973.4811482, 693184973.4811482, 635219501.0740407, 635219501.0740407, 635219501.0740407, 635219501.0740407, 395522423.62774354, 342362502.05001235, 342362502.05001235, 342362502.05001235, 298209942.19717675, 265729918.0624316, 265729918.0624316, 265729918.0624316], 
[1534956115.8399606, 612775523.4780667, 573000348.7561872, 573000348.7561872, 573000348.7561872, 573000348.7561872, 573000348.7561872, 573000348.7561872, 535051000.7051928, 535051000.7051928, 535051000.7051928, 523567508.585525, 360766646.9831506, 360766646.9831506, 360766646.9831506, 360766646.9831506, 350049605.95284057, 350049605.95284057, 350049605.95284057, 350049605.95284057], 
[1029626270.7038716, 744987964.8507733, 744987964.8507733, 744987964.8507733, 744987964.8507733, 744987964.8507733, 704750154.7724714, 704750154.7724714, 630124799.6143602, 630124799.6143602, 630124799.6143602, 438827760.5438109, 438827760.5438109, 438827760.5438109, 438827760.5438109, 431877001.2845064, 431877001.2845064, 363762922.47791505, 363762922.47791505, 319266729.223529], 
[1604450504.7434938, 976359332.2545396, 976359332.2545396, 976359332.2545396, 723769539.7772523, 723769539.7772523, 723769539.7772523, 723769539.7772523, 657031283.0421971, 657031283.0421971, 657031283.0421971, 657031283.0421971, 646194125.9606153, 629841903.2088574, 587830621.3426614, 570423339.0869842, 570423339.0869842, 412942094.26237106, 398865511.7298048, 344011962.6962011], 
[1739653667.1386337, 1350393937.5721898, 1350393937.5721898, 1090982217.5510921, 1090982217.5510921, 1039252249.8690883, 1039252249.8690883, 1039252249.8690883, 1039252249.8690883, 916512532.1941849, 916512532.1941849, 701380752.6105275, 701380752.6105275, 701380752.6105275, 701380752.6105275, 670211447.5409493, 488342636.82642025, 488342636.82642025, 488342636.82642025, 488342636.82642025], 
[1580650731.7197034, 1580650731.7197034, 1054928260.2232499, 1054928260.2232499, 1054928260.2232499, 598402303.7474818, 598402303.7474818, 598402303.7474818, 508775377.43249303, 508775377.43249303, 508775377.43249303, 508775377.43249303, 508775377.43249303, 447010173.0472125, 447010173.0472125, 440241757.91835266, 396787438.5012275, 396787438.5012275, 396787438.5012275, 368454130.6927343], 
[1057906984.1651009, 1057906984.1651009, 897792541.9860362, 897792541.9860362, 880007105.1976153, 880007105.1976153, 880007105.1976153, 880007105.1976153, 823346898.3538888, 823346898.3538888, 653567172.58022, 639450422.546182, 639450422.546182, 621140189.9493947, 505709261.7804029, 468183610.3724226, 446963808.89741373, 433901786.2357246, 370996828.5214999, 370996828.5214999], 
[1834319981.6602674, 1207497956.4653144, 1021660751.8126221, 1021660751.8126221, 1021660751.8126221, 853044402.6226342, 645793848.4523389, 645793848.4523389, 645793848.4523389, 645793848.4523389, 645793848.4523389, 645793848.4523389, 492360186.35278857, 492360186.35278857, 492360186.35278857, 492360186.35278857, 492360186.35278857, 492360186.35278857, 492360186.35278857, 350503227.6385069], 
[817424494.9408089, 817424494.9408089, 817424494.9408089, 817424494.9408089, 817424494.9408089, 817424494.9408089, 817424494.9408089, 609884037.7614101, 609884037.7614101, 609884037.7614101, 609884037.7614101, 609884037.7614101, 609884037.7614101, 609884037.7614101, 412225906.72011846, 412225906.72011846, 182891147.7369669, 182891147.7369669, 182891147.7369669, 182891147.7369669], 
[1416122080.51288, 1337024629.0366478, 989666627.4455537, 989666627.4455537, 989666627.4455537, 989666627.4455537, 989666627.4455537, 867511243.6250583, 867511243.6250583, 740029051.8685892, 730041158.841689, 559733490.8113335, 559733490.8113335, 483086517.9761822, 483086517.9761822, 472098767.98387545, 472098767.98387545, 428933390.9564703, 282857965.67689806, 282857965.67689806], 
[1171389297.6136327, 1171389297.6136327, 807257074.5826718, 807257074.5826718, 807257074.5826718, 807257074.5826718, 807257074.5826718, 807257074.5826718, 734020542.448395, 734020542.448395, 472307109.89309424, 427873349.1378379, 427873349.1378379, 427873349.1378379, 414642982.44112897, 414642982.44112897, 414642982.44112897, 414642982.44112897, 414642982.44112897, 361252945.2273538], 
[1367358757.5344605, 948714517.6128163, 948714517.6128163, 948714517.6128163, 930874834.8689141, 922721207.7233855, 922721207.7233855, 922721207.7233855, 922721207.7233855, 837858008.6834829, 795014315.4180958, 795014315.4180958, 747114005.2830728, 747114005.2830728, 396434311.35181874, 396434311.35181874, 396434311.35181874, 309003478.66948473, 309003478.66948473, 309003478.66948473], 
[1037927823.8941983, 1037927823.8941983, 1037927823.8941983, 1037927823.8941983, 1037927823.8941983, 1037927823.8941983, 1037927823.8941983, 931654722.1376767, 697431469.6333115, 697431469.6333115, 545784226.6922245, 534030647.4245835, 503821747.12888265, 383300061.61741316, 342547613.90488815, 342547613.90488815, 342547613.90488815, 342547613.90488815, 261598661.90886864, 261598661.90886864], 
[1390900343.3348591, 1390900343.3348591, 1390900343.3348591, 1216595629.3370128, 1216595629.3370128, 970632593.2127761, 449794440.9223763, 449794440.9223763, 449794440.9223763, 449794440.9223763, 449794440.9223763, 449794440.9223763, 449794440.9223763, 449794440.9223763, 449794440.9223763, 449794440.9223763, 449794440.9223763, 449794440.9223763, 449794440.9223763, 449794440.9223763], 
[1244301676.0981033, 1244301676.0981033, 1244301676.0981033, 907138780.3196588, 907138780.3196588, 907138780.3196588, 907138780.3196588, 907138780.3196588, 907138780.3196588, 732215282.9523438, 688936573.8449371, 688936573.8449371, 479684507.1388542, 479684507.1388542, 479684507.1388542, 479684507.1388542, 479684507.1388542, 479684507.1388542, 479684507.1388542, 468732752.3802487], 
[958301921.5096453, 958301921.5096453, 958301921.5096453, 958301921.5096453, 617168703.3405104, 617168703.3405104, 617168703.3405104, 617168703.3405104, 583720606.792596, 583720606.792596, 583720606.792596, 583720606.792596, 583720606.792596, 583720606.792596, 583720606.792596, 583720606.792596, 477828328.58638114, 477828328.58638114, 477828328.58638114, 477828328.58638114], 
