[14.999999999999947, 14.999999999957337, 14.999999999957337, 14.999999999957337, 14.999999999957337, 14.99999999936049, 14.99999999936049, 14.999999763517533, 14.999999763517533, 14.999999763517533, 14.999999763517533, 14.999999763517533, 14.999999763517533, 14.999999763517533, 14.999865333277915, 14.999865333277915, 14.999865333277915, 14.999865333277915, 14.999865333277915, 14.999865333277915], 
[14.999999994723588, 14.999999994723588, 14.999998068561078, 14.999998068561078, 14.999998068561078, 14.999998068561078, 14.999954349511771, 14.999954349511771, 14.999954349511771, 14.999954349511771, 14.999944698360741, 14.999944698360741, 14.99985110446643, 14.99985110446643, 14.99985110446643, 14.99985110446643, 14.999709135732573, 14.996188434915942, 14.996188434915942, 14.979657722272236], 
[14.999999999800373, 14.999999999800373, 14.999999777548064, 14.999999777548064, 14.999999777548064, 14.999999777548064, 14.999999371959177, 14.999971296861185, 14.999971296861185, 14.999971296861185, 14.999971296861185, 14.999971296861185, 14.999971296861185, 14.999971296861185, 14.999971296861185, 14.999971296861185, 14.999971296861185, 14.999971296861185, 14.999971296861185, 14.999971296861185], 
[14.999999998896602, 14.999999998896602, 14.999999998896602, 14.999999992296846, 14.999999992296846, 14.999999992296846, 14.999999992296846, 14.999999992296846, 14.999999992296846, 14.99999707735825, 14.99999707735825, 14.99999707735825, 14.99999707735825, 14.99999707735825, 14.99999707735825, 14.99999707735825, 14.99999707735825, 14.99999707735825, 14.99999707735825, 14.99999707735825], 
[14.999999999170754, 14.999999999170754, 14.999999999170754, 14.999999953089606, 14.999999953089606, 14.999999953089606, 14.999999465765903, 14.999999465765903, 14.999999465765903, 14.999999465765903, 14.999999465765903, 14.999998440287728, 14.999991405447881, 14.999991405447881, 14.999991405447881, 14.999991405447881, 14.999965981276283, 14.999965981276283, 14.999965981276283, 14.999965981276283], 
[14.999999999999993, 14.999999999886027, 14.999999999074397, 14.999999999074397, 14.999999998729532, 14.999999976684608, 14.999999145980649, 14.999993973341683, 14.999993973341683, 14.999993973341683, 14.999993973341683, 14.999993973341683, 14.999974300284903, 14.999974300284903, 14.999927303121098, 14.999920063360406, 14.999920063360406, 14.999920063360406, 14.999920063360406, 14.999920063360406], 
[14.999999999999815, 14.999999999935453, 14.993956230514085, 14.993956230514085, 14.993956230514085, 14.993956230514085, 14.993956230514085, 14.993956230514085, 14.993956230514085, 14.993956230514085, 14.993956230514085, 14.993956230514085, 14.993956230514085, 14.993956230514085, 14.993956230514085, 14.993956230514085, 14.993956230514085, 14.966718691785752, 14.966718691785752, 14.966718691785752], 
[14.99999999999997, 14.999999999951298, 14.999999999852394, 14.999999999852394, 14.999999994490244, 14.999999994490244, 14.999999993273862, 14.999999993273862, 14.999999993273862, 14.999999993273862, 14.9994514765424, 14.9994514765424, 14.9994514765424, 14.9994514765424, 14.9994514765424, 14.9994514765424, 14.9994514765424, 14.9994514765424, 14.9994514765424, 14.9994514765424], 
[14.999999999208798, 14.999999999208798, 14.999999999208798, 14.999999991034343, 14.999999991034343, 14.999999991034343, 14.999999991034343, 14.999999991034343, 14.999999991034343, 14.999999991034343, 14.999999991034343, 14.999999991034343, 14.999999977854054, 14.999999965044783, 14.999999965044783, 14.999999965044783, 14.999999965044783, 14.999999965044783, 14.999999914306834, 14.999999914306834], 
[14.999999999996446, 14.999999999963354, 14.999999998744695, 14.999999998744695, 14.999999998744695, 14.999999998744695, 14.999999998744695, 14.999999998744695, 14.99999998370574, 14.999999715381076, 14.999999715381076, 14.999999715381076, 14.999999715381076, 14.999999030307494, 14.999999030307494, 14.999999030307494, 14.999999030307494, 14.999999030307494, 14.999999030307494, 14.999999030307494], 
[14.999999999999996, 14.999999999999943, 14.999999999999671, 14.999999999999671, 14.999999999987176, 14.999999999987176, 14.999999999981476, 14.999999999796657, 14.999999759154045, 14.999999759154045, 14.999999759154045, 14.999999759154045, 14.999999759154045, 14.999999759154045, 14.999999759154045, 14.999999759154045, 14.999999759154045, 14.999999759154045, 14.999999759154045, 14.999999759154045], 
[14.999999999998005, 14.999999999954854, 14.99999987716679, 14.99999987716679, 14.99999959463701, 14.999999322775, 14.999999322775, 14.999999322775, 14.999999322775, 14.999929020466226, 14.999929020466226, 14.999929020466226, 14.999929020466226, 14.999929020466226, 14.999929020466226, 14.999870822879162, 14.999870822879162, 14.999870822879162, 14.999870822879162, 14.999870822879162], 
[14.999999999991358, 14.999999999991358, 14.999999999991358, 14.999999998094289, 14.999999998094289, 14.999999998094289, 14.999999998094289, 14.999999992940495, 14.99999998771052, 14.99999998771052, 14.99999998771052, 14.99999998771052, 14.99999998771052, 14.99999998771052, 14.99999998193959, 14.99999998193959, 14.99999998193959, 14.99999998193959, 14.99999998193959, 14.99999998193959], 
[14.99999999907031, 14.99999999907031, 14.99999999907031, 14.99999999907031, 14.99999999907031, 14.99999999907031, 14.99999999907031, 14.99999999907031, 14.99999999907031, 14.99999999907031, 14.99999999907031, 14.999999994953164, 14.999999994953164, 14.999999994953164, 14.999999988801125, 14.999999988801125, 14.999999988801125, 14.99999998336352, 14.99999998336352, 14.99999998336352], 
[14.999999999999927, 14.999999999979226, 14.999999999979226, 14.999999999979226, 14.999999999979226, 14.999999999671708, 14.999999999671708, 14.999999999671708, 14.999999999503844, 14.999999999503844, 14.999999999503844, 14.999999999503844, 14.999999999503844, 14.999999999503844, 14.999999998918177, 14.999999994665622, 14.999999994665622, 14.999999994665622, 14.999999994665622, 14.999999994665622], 
[14.999999999998833, 14.999999999998833, 14.999999999998833, 14.999999999996568, 14.999999999996536, 14.999999999995346, 14.999999999995346, 14.999999999995346, 14.999999999984887, 14.999999999984887, 14.999999999984887, 14.999999998671568, 14.999999998671568, 14.999999998671568, 14.999999998671568, 14.999999994625274, 14.99999997589608, 14.99999997589608, 14.999999920300185, 14.999999920300185], 
[14.999999999999986, 14.999999999990033, 14.999999999990033, 14.999999999951438, 14.999999999951438, 14.999999999951438, 14.999999995746068, 14.999999995746068, 14.999999995746068, 14.999999995746068, 14.999999995746068, 14.999999994548123, 14.999999994548123, 14.999999994548123, 14.999999994548123, 14.999999994548123, 14.99999999356175, 14.99999999356175, 14.99999999356175, 14.999999990844207], 
[14.999999999994396, 14.99999999658614, 14.99999999658614, 14.99999999658614, 14.99999999658614, 14.999999987276144, 14.999999987276144, 14.999999987276144, 14.999999987276144, 14.999999909168888, 14.999999909168888, 14.999999909168888, 14.999999909168888, 14.999999909168888, 14.999999909168888, 14.999999909168888, 14.999999909168888, 14.999999909168888, 14.999999909168888, 14.999999909168888], 
[14.999999999983412, 14.999999998486516, 14.999999998486516, 14.999999998486516, 14.999999998486516, 14.999999998486516, 14.999999998486516, 14.999999998486516, 14.999999702919952, 14.999999702919952, 14.999999702919952, 14.999999702919952, 14.999999702919952, 14.999999702919952, 14.99999919194141, 14.99999919194141, 14.99999919194141, 14.999998500329298, 14.999987154426597, 14.999987154426597], 
[14.999999999974031, 14.999999999974031, 14.999999999974031, 14.999999999963787, 14.999999999963787, 14.999999999963787, 14.999999999955755, 14.99999999894432, 14.99999999894432, 14.999999998222892, 14.999999998222892, 14.999999993241888, 14.999999993241888, 14.999999993241888, 14.999999979129306, 14.999999979129306, 14.999999979129306, 14.999999979129306, 14.999999979129306, 14.999999979129306], 
[14.999999999999918, 14.999999999999904, 14.999999999986757, 14.999999999986757, 14.999999999986757, 14.999999999986757, 14.999999999986757, 14.999999999986757, 14.999999999986757, 14.999999999986757, 14.999999999972513, 14.999999999972513, 14.999999999942958, 14.999999999844983, 14.999999999844983, 14.999999999844983, 14.999999999844983, 14.999999999844983, 14.999999999844983, 14.999999999844983], 
[14.999999999937572, 14.999999999937572, 14.999999999937572, 14.99999814294557, 14.99999814294557, 14.99999814294557, 14.99999814294557, 14.99999814294557, 14.99999814294557, 14.99999814294557, 14.99999814294557, 14.99999814294557, 14.99999814294557, 14.99999748751541, 14.99999748751541, 14.99999748751541, 14.99999748751541, 14.99999748751541, 14.99999748751541, 14.99999748751541], 
[14.999999999998312, 14.999999999998312, 14.99999999999784, 14.99999999950294, 14.99999999950294, 14.99999999950294, 14.99999999950294, 14.99999999950294, 14.99999999950294, 14.99999999950294, 14.99999999950294, 14.999999999079302, 14.999999999079302, 14.999999999079302, 14.999999999079302, 14.999999999079302, 14.999999999079302, 14.999999998467603, 14.999999998467603, 14.999999997999437], 
[14.999999999997812, 14.999999999997812, 14.999999999997812, 14.999999999974575, 14.999999914479666, 14.999999914479666, 14.999999914479666, 14.999999914479666, 14.999999914479666, 14.999999914479666, 14.999999914479666, 14.999999914479666, 14.999999914479666, 14.999999914479666, 14.999999914479666, 14.999999914479666, 14.999999914479666, 14.999999914479666, 14.999999846493056, 14.999999846493056], 
[14.999999999999968, 14.999999999999968, 14.99999999998498, 14.99999999998498, 14.99999999998498, 14.99999999998498, 14.999999999917735, 14.999999999907713, 14.999999999907713, 14.999999999907713, 14.999999999907713, 14.999999999907713, 14.999999999907713, 14.999999999425324, 14.999999998955872, 14.999999998826155, 14.999999998826155, 14.999999998826155, 14.999999998826155, 14.999999998826155], 
[14.999999998187517, 14.999999998187517, 14.999999998187517, 14.999999998187517, 14.999999998187517, 14.999999998187517, 14.999999998187517, 14.999999998187517, 14.999999998187517, 14.999999998187517, 14.999999998187517, 14.999999998187517, 14.999999998187517, 14.999999998187517, 14.999999998187517, 14.999999998187517, 14.999999998187517, 14.999999998187517, 14.999999998187517, 14.999999994465952], 
[14.999999999999995, 14.999999999999572, 14.999999998692608, 14.999999998692608, 14.999999998692608, 14.999999998692608, 14.999999998692608, 14.999999998692608, 14.999999998692608, 14.999999998692608, 14.999999998692608, 14.999999998692608, 14.999999974447842, 14.999999974447842, 14.999999974447842, 14.999999974447842, 14.999999974447842, 14.999999974447842, 14.999999974447842, 14.999999974447842], 
[14.999999999999963, 14.999999999999963, 14.999999999999963, 14.999999999999845, 14.999999999999213, 14.999999999999213, 14.999999999999213, 14.999999999999213, 14.999999999999213, 14.999999999994285, 14.999999999994285, 14.999999999994285, 14.99999999997656, 14.99999999997656, 14.99999999997656, 14.99999999997656, 14.99999999997656, 14.99999999997656, 14.99999999997656, 14.99999999973214], 
[14.999999999984547, 14.999999999984547, 14.999999999984547, 14.999999999984547, 14.999999999984547, 14.999999946915805, 14.999999946915805, 14.999999946915805, 14.999999946915805, 14.999998609940901, 14.999998609940901, 14.999998609940901, 14.999998609940901, 14.999884481168237, 14.999884481168237, 14.999884481168237, 14.999884481168237, 14.999884481168237, 14.999884481168237, 14.99694745524092], 
[14.999999999999986, 14.999999999948015, 14.999999999948015, 14.999999999948015, 14.999999999948015, 14.999999999948015, 14.999999999891054, 14.999999999891054, 14.999999999891054, 14.999999999891054, 14.999999999891054, 14.999999999838316, 14.999999999838316, 14.999999999838316, 14.99999999905892, 14.999999960921084, 14.999999960921084, 14.999999960921084, 14.999999960921084, 14.999999960921084], 
