[5479.294892730606, 5036.110018207268, 4785.97393309052, 4785.97393309052, 4785.97393309052, 4785.97393309052, 4633.9038244307285, 4476.740644294802, 4405.7037765842215, 4405.7037765842215, 4405.7037765842215, 4200.823286659748, 4001.3493747591497, 3631.5895223397392, 3420.7249123434804, 3420.7249123434804, 3260.0558557188792, 3260.0558557188792, 3260.0558557188792, 3260.0558557188792], 
[4498.897110269296, 4498.897110269296, 4498.897110269296, 4133.786019687542, 3905.7577801288116, 3905.7577801288116, 3905.7577801288116, 3905.7577801288116, 3905.7577801288116, 3905.7577801288116, 3905.7577801288116, 3905.7577801288116, 3905.7577801288116, 3905.7577801288116, 3905.7577801288116, 3905.7577801288116, 3905.7577801288116, 3905.7577801288116, 3905.7577801288116, 3905.7577801288116], 
[4369.267021626658, 4369.267021626658, 4369.267021626658, 4369.267021626658, 4369.267021626658, 4369.267021626658, 3844.688551712404, 3844.688551712404, 3844.688551712404, 3818.2657666486825, 3818.2657666486825, 3818.2657666486825, 3657.7169872503327, 3657.7169872503327, 3569.2511790950853, 3569.2511790950853, 3421.268675209418, 3421.268675209418, 3421.268675209418, 3395.158330036755], 
[5084.849847649338, 4924.980643869367, 4924.980643869367, 4924.980643869367, 4924.980643869367, 4771.47586410103, 4771.47586410103, 4616.929447524949, 4248.43587637262, 4248.43587637262, 3991.345268977449, 3991.345268977449, 3870.8224708048274, 3870.8224708048274, 3870.8224708048274, 3870.8224708048274, 3870.8224708048274, 3870.8224708048274, 3870.8224708048274, 3870.8224708048274], 
[5037.372248648271, 4831.461657348648, 4831.461657348648, 4674.275109110502, 4674.275109110502, 4609.146391028055, 4609.146391028055, 4597.094230276603, 4374.363552903249, 4225.762635128434, 4083.9374103687155, 4042.382838793866, 4042.382838793866, 4042.382838793866, 4042.382838793866, 4042.382838793866, 4042.382838793866, 4020.1623202842175, 3807.947530215873, 3743.6692347954695], 
[4820.394010855769, 4820.394010855769, 4820.394010855769, 4820.394010855769, 4820.394010855769, 4764.836898557742, 4764.836898557742, 4380.436091421123, 4380.436091421123, 4380.436091421123, 4380.436091421123, 4380.436091421123, 4380.436091421123, 4335.259644030474, 4212.652773007569, 4050.8624988662523, 4050.8624988662523, 3972.2563740374912, 3972.2563740374912, 3770.6801948024236], 
[4516.658679466385, 4516.658679466385, 4516.658679466385, 4516.658679466385, 4516.658679466385, 4516.658679466385, 4516.658679466385, 4472.3538200365165, 4472.3538200365165, 4472.3538200365165, 4472.3538200365165, 4472.3538200365165, 4472.3538200365165, 4426.8079627751695, 4426.8079627751695, 4426.8079627751695, 4426.8079627751695, 4426.8079627751695, 4426.8079627751695, 4426.8079627751695], 
[4764.96029822986, 4764.96029822986, 4437.093673636691, 4437.093673636691, 4437.093673636691, 4437.093673636691, 4437.093673636691, 4437.093673636691, 4418.2816540294025, 4418.2816540294025, 4418.2816540294025, 4418.2816540294025, 4251.7067520419805, 4251.7067520419805, 4198.731275528089, 4043.105505043787, 4043.105505043787, 4043.105505043787, 4043.105505043787, 3937.103118950141], 
[4610.03908728271, 4610.03908728271, 4610.03908728271, 4587.224985991806, 4253.735252786868, 4253.735252786868, 4253.735252786868, 4253.735252786868, 4253.735252786868, 4253.735252786868, 4253.735252786868, 4253.735252786868, 4253.735252786868, 4253.735252786868, 4253.735252786868, 4253.735252786868, 4253.735252786868, 4253.735252786868, 4253.735252786868, 4253.735252786868], 
[4857.366187304754, 4857.366187304754, 4857.366187304754, 4857.366187304754, 4651.346134275268, 4651.346134275268, 4651.346134275268, 4651.346134275268, 4651.346134275268, 4651.346134275268, 4651.346134275268, 4651.346134275268, 4449.084573676103, 4449.084573676103, 4449.084573676103, 4449.084573676103, 4449.084573676103, 4298.070533024199, 4014.326692722375, 4014.326692722375], 
[4793.41299734308, 4793.41299734308, 4793.41299734308, 4793.41299734308, 4793.41299734308, 4793.41299734308, 4793.41299734308, 4386.622514589081, 4386.622514589081, 4386.622514589081, 4386.622514589081, 4386.622514589081, 4386.622514589081, 4386.622514589081, 4386.622514589081, 4386.622514589081, 4386.622514589081, 4386.622514589081, 4386.622514589081, 4386.622514589081], 
[5015.661805545519, 5015.661805545519, 5015.661805545519, 4815.448367332194, 4815.448367332194, 4815.448367332194, 4747.113643010019, 4747.113643010019, 4747.113643010019, 4747.113643010019, 4747.113643010019, 4682.438890672446, 4682.438890672446, 4682.438890672446, 4682.438890672446, 4657.722865813071, 4593.783441239709, 4593.783441239709, 4530.552095881966, 4349.414189472856], 
[5144.168281667573, 4459.331713629721, 4459.331713629721, 4459.331713629721, 4459.331713629721, 4459.331713629721, 4459.331713629721, 4459.331713629721, 4459.331713629721, 4459.331713629721, 4459.331713629721, 4459.331713629721, 4459.331713629721, 4459.331713629721, 4459.331713629721, 4459.331713629721, 4459.331713629721, 4459.331713629721, 4459.331713629721, 4459.331713629721], 
[4791.443362064131, 4791.443362064131, 4791.443362064131, 4319.916199298802, 4319.916199298802, 4319.916199298802, 4037.905097540831, 4037.905097540831, 4037.905097540831, 4037.905097540831, 4037.905097540831, 4037.905097540831, 4037.905097540831, 4037.905097540831, 4037.905097540831, 4037.905097540831, 4037.905097540831, 4037.905097540831, 4037.905097540831, 4037.905097540831], 
[5261.184889217569, 4667.003213698188, 4667.003213698188, 4667.003213698188, 4626.456409958516, 4626.456409958516, 4626.456409958516, 4626.456409958516, 4626.456409958516, 4626.456409958516, 4565.811632010928, 4517.595310519902, 4517.595310519902, 4500.2705129173055, 4500.2705129173055, 4500.2705129173055, 4500.2705129173055, 4500.2705129173055, 4500.2705129173055, 4500.2705129173055], 
[4783.142778792094, 4783.142778792094, 4783.142778792094, 4783.142778792094, 4783.142778792094, 4640.0924635446845, 4640.0924635446845, 4640.0924635446845, 4640.0924635446845, 4640.0924635446845, 4186.290574125662, 4186.290574125662, 4186.290574125662, 4186.290574125662, 4186.290574125662, 4186.290574125662, 4186.290574125662, 4186.290574125662, 4140.482315679986, 4091.373430429315], 
[4445.809431257536, 4445.809431257536, 4445.809431257536, 4445.809431257536, 4445.809431257536, 4135.275804970329, 4032.6677922817266, 3992.406545635716, 3992.406545635716, 3992.406545635716, 3904.347551761859, 3904.347551761859, 3904.347551761859, 3706.9999686434335, 3706.9999686434335, 3614.970190928785, 3614.970190928785, 3517.4623509887747, 3496.6775068297025, 3496.6775068297025], 
[4406.946145756981, 4406.946145756981, 4406.946145756981, 4406.946145756981, 4406.946145756981, 4263.721962034049, 4263.721962034049, 4263.721962034049, 4263.721962034049, 4237.744206053813, 4237.744206053813, 4136.283548092663, 4136.283548092663, 3940.72014963162, 3720.98520709836, 3720.98520709836, 3720.98520709836, 3720.98520709836, 3476.55292573766, 3476.55292573766], 
[4886.8301814732695, 4844.991537695833, 4584.418688351353, 4584.418688351353, 4584.418688351353, 4337.23033086794, 4337.23033086794, 4337.23033086794, 4337.23033086794, 4337.23033086794, 4337.23033086794, 4337.23033086794, 4337.23033086794, 4337.23033086794, 4337.23033086794, 4337.23033086794, 4337.23033086794, 4337.23033086794, 4337.23033086794, 4337.23033086794], 
[4799.47064691467, 4795.8478682908235, 4795.8478682908235, 4795.8478682908235, 4478.812505789296, 4478.812505789296, 4345.323918283105, 4345.323918283105, 4185.069944313827, 4185.069944313827, 4185.069944313827, 3650.8881306792205, 3650.8881306792205, 3650.8881306792205, 3650.8881306792205, 3650.8881306792205, 3650.8881306792205, 3650.8881306792205, 3650.8881306792205, 3525.9258951185516], 
[4551.272595288348, 4551.272595288348, 4551.272595288348, 4551.272595288348, 4551.272595288348, 4341.309272692325, 4341.309272692325, 4341.309272692325, 4341.309272692325, 4341.309272692325, 4341.309272692325, 4341.309272692325, 4341.309272692325, 4341.309272692325, 4341.309272692325, 4341.309272692325, 4341.309272692325, 4341.309272692325, 4341.309272692325, 4341.309272692325], 
[4942.408808689737, 4283.572644025069, 4283.572644025069, 4283.572644025069, 4283.572644025069, 4283.572644025069, 4283.572644025069, 4283.572644025069, 4283.572644025069, 4283.572644025069, 4283.572644025069, 4283.572644025069, 4283.572644025069, 4214.980135446474, 3969.5434077181217, 3969.5434077181217, 3871.4958741213522, 3871.4958741213522, 3871.4958741213522, 3871.4958741213522], 
[4470.096900442954, 4470.096900442954, 4470.096900442954, 4470.096900442954, 4470.096900442954, 4470.096900442954, 4470.096900442954, 4355.11776980487, 4355.11776980487, 4355.11776980487, 4355.11776980487, 4113.785123960164, 4113.785123960164, 4113.785123960164, 4113.785123960164, 3913.6451630249308, 3913.6451630249308, 3776.598467181988, 3601.8184010821346, 3601.8184010821346], 
[4999.148075052011, 4999.148075052011, 4999.148075052011, 4999.148075052011, 4279.862818129226, 4279.862818129226, 4279.862818129226, 4279.862818129226, 4279.862818129226, 4279.862818129226, 4279.862818129226, 4279.862818129226, 4133.389306008371, 4133.389306008371, 4133.389306008371, 4108.765547112842, 4108.765547112842, 4075.1585258061446, 3999.243139120614, 3999.243139120614], 
[4819.807530984913, 4819.807530984913, 4819.807530984913, 4819.807530984913, 4603.408535540857, 4603.408535540857, 4603.408535540857, 4603.408535540857, 4400.895011398469, 4400.895011398469, 4400.895011398469, 4220.133142061592, 4043.2229208299823, 3893.88473064323, 3795.075797506475, 3795.075797506475, 3795.075797506475, 3722.0424485302046, 3722.0424485302046, 3722.0424485302046], 
[4761.526746347818, 4761.526746347818, 4761.526746347818, 4761.526746347818, 4259.725712440881, 4259.725712440881, 4259.725712440881, 4259.725712440881, 4259.725712440881, 4259.725712440881, 4259.725712440881, 4259.725712440881, 4159.706171322434, 3995.0536093668347, 3995.0536093668347, 3839.888976937478, 3599.2532016970367, 3599.2532016970367, 3599.2532016970367, 3599.2532016970367], 
[4991.342326267848, 4960.075566526028, 4617.989217325348, 4617.989217325348, 4617.989217325348, 4617.989217325348, 4617.989217325348, 4617.989217325348, 4617.989217325348, 4617.989217325348, 4617.989217325348, 4617.989217325348, 4617.989217325348, 4617.989217325348, 4617.989217325348, 4617.989217325348, 4617.989217325348, 4617.989217325348, 4617.989217325348, 4617.989217325348], 
[4632.552269183797, 4632.552269183797, 4632.552269183797, 4632.552269183797, 4632.552269183797, 4632.552269183797, 4632.552269183797, 4632.552269183797, 4566.986170434042, 4566.986170434042, 4566.986170434042, 4446.621740084316, 4286.172263926821, 4286.172263926821, 4286.172263926821, 4012.337476038608, 4012.337476038608, 3809.1641187198948, 3809.1641187198948, 3809.1641187198948], 
[5042.851940218747, 5042.851940218747, 4884.505291858732, 4653.111678298553, 4653.111678298553, 4653.111678298553, 4653.111678298553, 4653.111678298553, 4653.111678298553, 4653.111678298553, 4653.111678298553, 4487.398380086909, 4487.398380086909, 4088.8392972864535, 4088.8392972864535, 4088.8392972864535, 3974.6306891910012, 3974.6306891910012, 3939.3557279063675, 3939.3557279063675], 
[5073.81350723749, 5073.81350723749, 4786.119067584039, 4786.119067584039, 4786.119067584039, 4786.119067584039, 4786.119067584039, 4786.119067584039, 4721.3667330745275, 4721.3667330745275, 4469.307268644083, 4469.307268644083, 4376.724512678421, 4275.56013715805, 4266.370992296568, 4266.370992296568, 3996.3795092451855, 3996.3795092451855, 3996.3795092451855, 3695.5231968298176], 
