[400.8642414794435, 400.8642414794435, 379.46236483028736, 379.46236483028736, 347.4043443825587, 347.4043443825587, 347.4043443825587, 347.4043443825587, 347.4043443825587, 346.0754335842795, 346.0754335842795, 346.0754335842795, 346.0754335842795, 346.0754335842795, 338.16099039140556, 338.16099039140556, 338.16099039140556, 338.16099039140556, 338.16099039140556, 334.51568674150053], 
[428.1890151528959, 389.53201443595765, 363.6501228842559, 363.6501228842559, 352.2568660388356, 349.9075169590595, 349.9075169590595, 349.9075169590595, 349.9075169590595, 349.9075169590595, 349.9075169590595, 349.9075169590595, 349.9075169590595, 345.00932880948426, 345.00932880948426, 345.00932880948426, 345.00932880948426, 343.07735851475934, 343.07735851475934, 343.07735851475934], 
[361.52612024889993, 361.52612024889993, 361.52612024889993, 361.52612024889993, 361.52612024889993, 350.5913032893308, 350.5913032893308, 339.64885056066885, 339.64885056066885, 339.64885056066885, 339.64885056066885, 329.5543603638655, 329.5543603638655, 329.5543603638655, 329.5543603638655, 328.4428161637226, 328.4428161637226, 328.4428161637226, 328.4428161637226, 328.4428161637226], 
[387.6221658333269, 387.6221658333269, 387.6221658333269, 382.6634768194721, 380.12360360869377, 359.73179255184004, 359.73179255184004, 359.73179255184004, 351.8007318874684, 351.8007318874684, 348.3661145701139, 348.3661145701139, 348.3661145701139, 348.3661145701139, 348.3661145701139, 348.3661145701139, 348.3661145701139, 348.3661145701139, 346.65505523888555, 346.65505523888555], 
[459.1222831025884, 409.2736212396595, 398.6021091122527, 382.91432712423193, 382.91432712423193, 382.91432712423193, 382.91432712423193, 374.0825308163778, 372.6926716999419, 362.3001208407648, 362.3001208407648, 361.7148189410902, 361.7148189410902, 356.8560643667015, 356.8560643667015, 356.8560643667015, 356.8560643667015, 352.2028901461509, 352.2028901461509, 352.2028901461509], 
[434.5878118556865, 434.5878118556865, 392.68154713117906, 392.68154713117906, 392.68154713117906, 383.68207288252705, 383.68207288252705, 357.1767225796947, 357.1767225796947, 357.1767225796947, 357.1767225796947, 357.1767225796947, 357.1767225796947, 357.1767225796947, 357.1767225796947, 357.1767225796947, 357.1767225796947, 357.1767225796947, 357.1767225796947, 357.1767225796947], 
[410.83636974534875, 386.2192236130377, 378.5313974754534, 374.30246416253146, 371.93679667773824, 362.8360283464883, 344.9305875460173, 344.9305875460173, 344.9305875460173, 344.9305875460173, 344.9305875460173, 344.9305875460173, 344.9305875460173, 344.9305875460173, 344.9305875460173, 342.3145464196731, 342.3145464196731, 335.7971475464183, 335.7971475464183, 335.7971475464183], 
[425.39369093094024, 387.0848681277105, 382.01749724792194, 376.6920931641505, 349.4366831128003, 349.4366831128003, 349.4366831128003, 349.4366831128003, 349.4366831128003, 349.4366831128003, 349.4366831128003, 349.4366831128003, 344.96225952219515, 344.96225952219515, 344.96225952219515, 344.96225952219515, 344.96225952219515, 344.96225952219515, 344.96225952219515, 344.96225952219515], 
[413.681820691818, 406.6367380124294, 372.36435501814225, 372.36435501814225, 331.9107327755391, 331.9107327755391, 331.9107327755391, 331.9107327755391, 331.9107327755391, 331.9107327755391, 331.9107327755391, 331.9107327755391, 331.9107327755391, 331.9107327755391, 331.9107327755391, 331.9107327755391, 331.9107327755391, 331.9107327755391, 331.9107327755391, 331.9107327755391], 
[371.88248214747495, 371.88248214747495, 371.88248214747495, 363.7953753721934, 363.7953753721934, 363.7953753721934, 363.7953753721934, 363.7953753721934, 362.7248217372522, 362.7248217372522, 362.2472541857174, 351.1414871961359, 351.1414871961359, 348.44671882224213, 344.3221719635638, 344.3221719635638, 344.3221719635638, 344.3221719635638, 344.3221719635638, 340.5719295002585], 
[417.45926128636006, 417.2848320321419, 380.74806956938863, 380.74806956938863, 352.8989788102583, 352.8989788102583, 352.8989788102583, 349.06945150508284, 349.06945150508284, 344.1346706612279, 340.8353359485003, 340.8353359485003, 338.9393984057221, 338.9393984057221, 329.7654074826036, 329.7654074826036, 329.7654074826036, 329.7654074826036, 329.7654074826036, 329.7654074826036], 
[446.6169762175023, 433.9458541514732, 407.5575922263236, 390.1257479628875, 389.6878524507315, 371.55425868970104, 371.55425868970104, 364.0135107202562, 364.0135107202562, 364.0135107202562, 364.0135107202562, 358.62113464369327, 358.62113464369327, 358.62113464369327, 358.62113464369327, 358.62113464369327, 358.62113464369327, 356.5930337319583, 356.5930337319583, 355.3346948822123], 
[383.3982570605334, 374.5334915839153, 343.4505611017314, 343.4505611017314, 343.4505611017314, 341.30682726334777, 341.30682726334777, 341.30682726334777, 341.30682726334777, 341.30682726334777, 341.30682726334777, 341.30682726334777, 341.30682726334777, 341.30682726334777, 341.30682726334777, 341.30682726334777, 338.17072679111783, 332.43438373586446, 332.43438373586446, 331.835194661625], 
[406.17400686042487, 406.17400686042487, 390.1282695217718, 375.2361447748355, 369.2310175591795, 360.73883269569615, 341.15218212368245, 341.15218212368245, 341.15218212368245, 341.15218212368245, 341.15218212368245, 341.15218212368245, 335.5489070431342, 335.5489070431342, 335.5489070431342, 335.5489070431342, 335.5489070431342, 335.5489070431342, 335.5489070431342, 335.5489070431342], 
[379.30732082977136, 379.30732082977136, 350.8042317700328, 350.8042317700328, 349.311061857686, 349.311061857686, 348.6912832656613, 348.6912832656613, 348.6912832656613, 348.6912832656613, 348.6912832656613, 348.6912832656613, 330.4401793605965, 330.4401793605965, 330.4401793605965, 330.4401793605965, 330.4401793605965, 330.4401793605965, 328.4629462870818, 328.4629462870818], 
[397.40807629310274, 388.5500203096185, 369.0377823518604, 362.06128210703906, 362.06128210703906, 362.06128210703906, 362.06128210703906, 356.8479176364317, 356.8479176364317, 356.8479176364317, 356.8479176364317, 347.673468608509, 347.673468608509, 342.79154432948155, 342.79154432948155, 342.79154432948155, 342.79154432948155, 342.79154432948155, 342.79154432948155, 342.79154432948155], 
[451.1722946665782, 410.6769656606101, 377.40093014483205, 377.40093014483205, 377.40093014483205, 368.8949426057404, 368.8949426057404, 368.8949426057404, 368.8949426057404, 368.8949426057404, 362.322442464603, 362.322442464603, 361.4005406589647, 360.94383661478884, 360.94383661478884, 360.4612950074081, 360.4612950074081, 356.6276615454749, 356.6276615454749, 356.6276615454749], 
[406.4221091834928, 406.4221091834928, 406.4221091834928, 406.4221091834928, 398.91329244935775, 378.35228893849194, 378.35228893849194, 378.35228893849194, 363.17004625014954, 360.43916908780415, 360.43916908780415, 360.43916908780415, 349.86941211555114, 349.05424466928577, 349.05424466928577, 349.05424466928577, 349.05424466928577, 349.05424466928577, 349.05424466928577, 349.05424466928577], 
[391.5418608414939, 391.01361658525576, 391.01361658525576, 373.5374521365914, 361.6278100905034, 354.713138820812, 354.713138820812, 351.4726161424113, 351.4726161424113, 351.4726161424113, 351.4726161424113, 351.4726161424113, 351.4726161424113, 343.85158390156397, 343.85158390156397, 343.85158390156397, 343.85158390156397, 343.85158390156397, 343.85158390156397, 343.85158390156397], 
[438.71860906700203, 430.9932023281494, 418.4223227932298, 384.72422674301345, 381.146956421494, 381.146956421494, 381.146956421494, 376.02492082384407, 376.02492082384407, 376.02492082384407, 376.02492082384407, 374.95934650432577, 374.95934650432577, 371.81055410180096, 371.00975155803513, 369.44511489658896, 368.78633618104493, 367.23560055882785, 367.23560055882785, 367.23560055882785], 
[437.6683806054167, 409.39574523244835, 392.8371966836718, 383.80189410167463, 383.7708773978354, 376.89376150241094, 376.89376150241094, 376.89376150241094, 371.1067612775061, 365.3523556571764, 363.8958080699523, 351.44411615684237, 349.5547359376962, 349.5547359376962, 349.5547359376962, 349.5547359376962, 349.5547359376962, 349.5547359376962, 349.5547359376962, 349.5547359376962], 
[442.96598757179123, 388.5642069604412, 388.5642069604412, 362.1352804740788, 362.1352804740788, 362.1352804740788, 362.1352804740788, 362.1352804740788, 362.1352804740788, 362.1352804740788, 362.1352804740788, 360.3683362933244, 352.9494156355442, 352.9494156355442, 352.9494156355442, 352.9494156355442, 352.9494156355442, 352.9494156355442, 352.9494156355442, 352.9494156355442], 
[391.94898122520596, 391.94898122520596, 376.36431401766146, 376.36431401766146, 376.36431401766146, 357.17110930485927, 357.17110930485927, 357.17110930485927, 357.17110930485927, 350.672562833683, 350.672562833683, 350.672562833683, 350.672562833683, 350.672562833683, 350.672562833683, 350.672562833683, 350.672562833683, 349.2862814324419, 349.2862814324419, 349.2862814324419], 
[461.41692195514656, 431.1654187003587, 407.2759012473358, 393.08597179687524, 373.7521201264394, 373.7521201264394, 373.7521201264394, 360.1022467704474, 360.1022467704474, 359.90582216913157, 356.4692593759502, 356.4692593759502, 356.4692593759502, 356.4692593759502, 356.4692593759502, 356.4692593759502, 350.62380300351833, 350.62380300351833, 350.0997390380877, 350.0997390380877], 
[374.81606530736053, 374.81606530736053, 364.77906809470164, 363.97661470449634, 363.97661470449634, 363.97661470449634, 356.9445842961798, 354.1888708424722, 351.1193246103211, 349.42043240680715, 349.42043240680715, 349.42043240680715, 349.42043240680715, 344.4297293951578, 341.9782467637882, 341.9782467637882, 341.9782467637882, 341.9782467637882, 341.9782467637882, 341.9782467637882], 
[417.56489247759015, 406.7377451698812, 395.49357446747666, 395.49357446747666, 363.7863937050601, 363.7863937050601, 346.3648080273669, 346.3648080273669, 346.3648080273669, 346.3648080273669, 346.3648080273669, 345.549689643888, 339.05254767970166, 339.05254767970166, 338.2434797944977, 338.2434797944977, 338.2434797944977, 336.0643188787788, 336.0643188787788, 335.44855362899466], 
[400.00573554347255, 398.74438183845217, 393.4709459299417, 383.27555937322705, 383.27555937322705, 383.27555937322705, 383.27555937322705, 383.27555937322705, 377.55831463322255, 377.55831463322255, 377.55831463322255, 377.55831463322255, 373.9886094986933, 373.9886094986933, 373.9886094986933, 370.09742250088374, 370.09742250088374, 369.11401942682016, 369.11401942682016, 368.135008863943], 
[440.6559948816051, 440.6559948816051, 405.62079586536044, 402.8408484776029, 375.56168990856855, 371.6606986991414, 371.6606986991414, 354.9360692321015, 354.9360692321015, 354.9360692321015, 354.9360692321015, 354.9360692321015, 354.9360692321015, 354.9360692321015, 354.9360692321015, 354.9360692321015, 354.9360692321015, 354.9360692321015, 352.1897277285467, 352.1897277285467], 
[422.32752323411376, 397.0817451048583, 381.9226569220067, 349.3996550580405, 349.3996550580405, 349.3996550580405, 349.3996550580405, 349.3996550580405, 349.3996550580405, 349.3996550580405, 349.3996550580405, 349.3996550580405, 340.01901015215316, 334.18609385154616, 334.18609385154616, 334.18609385154616, 334.18609385154616, 334.18609385154616, 333.6783605523836, 333.6783605523836], 
[349.64143881571897, 349.64143881571897, 349.64143881571897, 349.64143881571897, 349.64143881571897, 347.3145371116508, 347.3145371116508, 347.3145371116508, 347.3145371116508, 347.3145371116508, 347.3145371116508, 347.3145371116508, 347.3145371116508, 347.3145371116508, 345.99673019268414, 345.99673019268414, 345.99673019268414, 344.1129326655567, 344.1129326655567, 342.2012049780341], 
