[415.7591825848632, 390.810696831381, 372.03519818991595, 372.03519818991595, 367.36569921481765, 363.86946571840787, 363.86946571840787, 355.3084817539121, 355.3084817539121, 355.3084817539121, 355.3084817539121, 355.3084817539121, 354.92060067922137, 354.92060067922137, 350.9870466185445, 350.9870466185445, 350.9870466185445, 347.79783969109644, 347.79783969109644, 344.06497935976853], 
[403.803122711537, 391.54772328231144, 386.501824774077, 378.3042504028234, 362.2683467843684, 356.3707810405433, 356.3707810405433, 348.5045803294055, 348.5045803294055, 348.5045803294055, 348.5045803294055, 345.3094121345289, 345.3094121345289, 342.8503887073681, 342.8503887073681, 342.8503887073681, 342.8503887073681, 342.8503887073681, 342.8503887073681, 342.8503887073681], 
[419.4353620383831, 391.3072380609804, 385.5425175795908, 385.5425175795908, 385.5425175795908, 366.8066418645707, 361.33739969079096, 356.7233681979449, 356.7233681979449, 352.71614563712905, 352.71614563712905, 344.57468094295695, 344.57468094295695, 344.57468094295695, 344.57468094295695, 344.57468094295695, 344.57468094295695, 344.57468094295695, 344.57468094295695, 344.57468094295695], 
[403.23561305041824, 403.23561305041824, 387.71177170500573, 385.47420463217895, 370.4581173672696, 354.7880831971026, 354.7880831971026, 354.7880831971026, 354.7880831971026, 353.7347940330309, 353.7347940330309, 353.7347940330309, 353.7347940330309, 353.7347940330309, 350.459599052693, 348.5012128137157, 348.5012128137157, 342.2353196047836, 342.2353196047836, 336.16520069078894], 
[409.2308653093756, 385.805459891788, 376.1057886274409, 373.97470664370115, 368.07253960316643, 357.89318990279986, 355.05961823138483, 351.5256617225026, 351.5256617225026, 351.5256617225026, 351.5256617225026, 351.5256617225026, 351.5256617225026, 351.5256617225026, 350.13817864943735, 350.13817864943735, 350.13817864943735, 350.13817864943735, 334.4705179812819, 334.4705179812819], 
[397.25920796575735, 397.25920796575735, 397.25920796575735, 380.15820229200364, 369.64047735941153, 369.64047735941153, 358.42480795863366, 358.42480795863366, 347.7815887297602, 347.7815887297602, 347.7815887297602, 341.1323205635135, 341.1323205635135, 341.1323205635135, 341.1323205635135, 341.1323205635135, 341.1323205635135, 341.1323205635135, 341.1323205635135, 341.1323205635135], 
[398.7320923897352, 382.5258056948792, 382.5258056948792, 382.5258056948792, 377.0875944042422, 359.1272349527003, 359.1272349527003, 346.97907684002007, 346.97907684002007, 346.97907684002007, 346.97907684002007, 346.204233052533, 346.204233052533, 346.204233052533, 346.204233052533, 346.204233052533, 343.0843497789507, 343.0843497789507, 343.0843497789507, 343.0843497789507], 
[430.3434956381019, 391.25601680943754, 391.25601680943754, 387.73990564763267, 361.98832284503504, 349.58474981303755, 349.58474981303755, 349.58474981303755, 340.54286072257287, 340.54286072257287, 340.54286072257287, 340.54286072257287, 340.54286072257287, 340.54286072257287, 340.54286072257287, 340.54286072257287, 340.54286072257287, 337.86762868923444, 337.86762868923444, 329.95287606389587], 
[423.533285295234, 415.20293641871285, 390.0764236719633, 381.02825166927244, 353.64542933877703, 353.64542933877703, 352.20110303777983, 352.20110303777983, 344.61633532207253, 344.61633532207253, 344.61633532207253, 344.61633532207253, 344.61633532207253, 344.61633532207253, 344.61633532207253, 343.61438569629496, 342.6791039416741, 342.6791039416741, 342.6791039416741, 342.1313583394852], 
[419.2174481788317, 402.7831516757407, 384.5228089623414, 362.9046098858377, 343.30911715466766, 343.30911715466766, 343.30911715466766, 343.30911715466766, 343.30911715466766, 343.30911715466766, 343.30911715466766, 343.30911715466766, 343.30911715466766, 343.30911715466766, 342.87911917649797, 342.46882580840395, 342.46882580840395, 333.3819711417186, 333.3819711417186, 333.3819711417186], 
[422.7902030486377, 394.466658470941, 392.19569909283956, 384.38654492863446, 380.6650998281109, 365.2540939509274, 361.4945312074078, 359.54899536159456, 359.54899536159456, 354.46744625483035, 354.46744625483035, 351.89135944086905, 351.89135944086905, 351.89135944086905, 351.89135944086905, 350.6898893645922, 344.9986961473714, 344.9986961473714, 344.9986961473714, 344.9986961473714], 
[409.8676191457765, 409.8676191457765, 377.62475093962183, 377.62475093962183, 377.62475093962183, 377.62475093962183, 344.25364253555176, 344.25364253555176, 344.25364253555176, 344.25364253555176, 344.25364253555176, 344.25364253555176, 344.25364253555176, 344.25364253555176, 344.25364253555176, 344.25364253555176, 344.25364253555176, 344.25364253555176, 340.3432777719557, 340.3432777719557], 
[392.87077555674546, 391.38169234751587, 377.830597935626, 365.6581940776586, 353.4902923336254, 353.4902923336254, 353.4902923336254, 353.4902923336254, 353.4902923336254, 353.4902923336254, 353.4902923336254, 353.4902923336254, 353.4902923336254, 353.4902923336254, 346.6563411517852, 346.6563411517852, 344.7092756852219, 344.7092756852219, 338.2629933424778, 338.2629933424778], 
[411.78297460070416, 383.6581191253226, 378.68351574500576, 375.9625113592754, 375.9625113592754, 365.192442056555, 365.192442056555, 349.1699061065577, 349.1699061065577, 349.1699061065577, 349.1699061065577, 349.1699061065577, 349.1699061065577, 349.1699061065577, 349.1699061065577, 349.1699061065577, 349.1699061065577, 349.1699061065577, 349.1699061065577, 341.5210722238634], 
[399.82019222664434, 399.82019222664434, 399.82019222664434, 374.79599598107177, 366.3690616785743, 363.3366778665164, 359.39963210742724, 355.80009556652686, 354.58764245200064, 350.8795916201927, 350.8795916201927, 349.33401820468384, 349.33401820468384, 348.21201509058653, 348.21201509058653, 348.21201509058653, 347.65212406463485, 347.65212406463485, 341.1061152505171, 341.1061152505171], 
[422.5328982263181, 396.80866074621133, 387.4281371851073, 387.4281371851073, 381.8047741031175, 362.8434431740557, 349.8798795569618, 344.7805031306342, 344.7805031306342, 344.7805031306342, 344.7805031306342, 344.7805031306342, 343.47239119972204, 343.47239119972204, 340.1482700586685, 340.1482700586685, 340.1482700586685, 340.1482700586685, 340.1482700586685, 340.1482700586685], 
[396.1042977407161, 396.1042977407161, 396.1042977407161, 384.2900047277697, 360.647551035186, 360.647551035186, 360.647551035186, 360.647551035186, 352.6686583892397, 352.6686583892397, 352.6686583892397, 350.42038032560885, 350.42038032560885, 350.42038032560885, 350.42038032560885, 350.39467871126766, 350.2270010140931, 347.6801308526869, 343.88853963676604, 343.88853963676604], 
[422.38104874341485, 397.45682770492704, 385.72657791042025, 361.627741558381, 361.627741558381, 355.9231340840804, 355.9231340840804, 355.9231340840804, 354.0569160187273, 354.0569160187273, 354.0569160187273, 352.0368195413163, 352.0368195413163, 352.0368195413163, 352.0368195413163, 349.48558379852375, 347.39697904779575, 336.0463465990666, 336.0463465990666, 336.0463465990666], 
[408.2705567368925, 391.2483571259877, 371.1980227418066, 371.1980227418066, 367.99114864897456, 358.6915145797335, 347.26471854958373, 347.26471854958373, 347.26471854958373, 347.26471854958373, 347.26471854958373, 347.26471854958373, 347.26471854958373, 347.26471854958373, 347.26471854958373, 347.26471854958373, 347.26471854958373, 347.26471854958373, 347.26471854958373, 347.26471854958373], 
[403.1135476498744, 403.1135476498744, 403.1135476498744, 377.54696545554174, 367.3903488020083, 362.13301408938673, 346.41683685910186, 346.41683685910186, 340.2431503731148, 340.2431503731148, 340.2431503731148, 340.2431503731148, 340.2431503731148, 340.2431503731148, 340.2431503731148, 340.2431503731148, 340.2431503731148, 335.1760800525604, 335.1760800525604, 335.1760800525604], 
[394.3161525728822, 388.1449961279352, 388.1449961279352, 377.4759323877402, 377.4759323877402, 367.3870823644551, 352.35174598358486, 352.35174598358486, 352.35174598358486, 352.35174598358486, 352.35174598358486, 352.35174598358486, 352.35174598358486, 352.35174598358486, 352.35174598358486, 352.35174598358486, 352.35174598358486, 352.35174598358486, 352.35174598358486, 352.35174598358486], 
[421.0613344171745, 405.65672328479945, 391.4376966588559, 388.435721689169, 369.77613587372383, 357.96927242553727, 353.762476442265, 343.0779445880136, 343.0779445880136, 343.0779445880136, 343.0779445880136, 343.0779445880136, 343.0779445880136, 343.0779445880136, 343.0779445880136, 343.0779445880136, 337.65534097707086, 337.2631685016792, 337.2631685016792, 337.2631685016792], 
[419.6175706292073, 387.92505562436935, 387.92505562436935, 371.7392485021797, 371.7392485021797, 360.39289215552, 360.39289215552, 360.39289215552, 354.88030111378, 354.88030111378, 353.9099406385696, 353.9099406385696, 345.4413548562174, 345.4413548562174, 345.4413548562174, 345.4413548562174, 345.4413548562174, 336.6591300956394, 333.26629256330233, 333.26629256330233], 
[421.5652906463718, 399.16620808500096, 395.63251418993906, 374.5395662632906, 371.14267957294953, 371.14267957294953, 359.7103873173615, 355.4288077915138, 355.4288077915138, 355.4288077915138, 355.4288077915138, 355.4288077915138, 355.4288077915138, 350.6374445794037, 350.6374445794037, 346.96415747442154, 346.96415747442154, 345.4682927304337, 345.4682927304337, 345.4682927304337], 
[427.27269349857085, 390.4964635652695, 390.4964635652695, 359.3231411429426, 358.52186491013623, 358.52186491013623, 358.52186491013623, 358.52186491013623, 358.52186491013623, 358.52186491013623, 358.52186491013623, 358.52186491013623, 358.52186491013623, 358.52186491013623, 357.31552919322945, 349.8673983524875, 349.8673983524875, 349.8673983524875, 349.8673983524875, 349.8673983524875], 
[421.868278779077, 399.04752074839223, 391.3526018634765, 384.15665179975423, 354.1499197112927, 354.1499197112927, 354.1499197112927, 354.1499197112927, 339.38696603285223, 339.38696603285223, 339.38696603285223, 339.38696603285223, 339.38696603285223, 339.38696603285223, 339.38696603285223, 339.38696603285223, 339.38696603285223, 332.9230137088398, 332.9230137088398, 332.9230137088398], 
[408.98718966645106, 394.68159976282, 372.9147785527947, 372.9147785527947, 358.585329208261, 358.585329208261, 358.585329208261, 355.04080041338005, 355.04080041338005, 355.04080041338005, 345.55591041585967, 345.55591041585967, 345.55591041585967, 345.55591041585967, 345.55591041585967, 345.55591041585967, 345.55591041585967, 345.55591041585967, 345.55591041585967, 345.55591041585967], 
[420.9601620277763, 390.8558278485493, 376.80673327022134, 358.9019551683223, 358.9019551683223, 356.8086603982107, 356.8086603982107, 356.8086603982107, 356.8086603982107, 356.8086603982107, 352.97710139215405, 352.97710139215405, 352.42916385440554, 352.42916385440554, 349.1502053758491, 347.56656224436847, 347.30429590257967, 344.1349847589217, 344.1349847589217, 344.0421282436317], 
[409.9685983198048, 399.59939796890654, 389.5477679508801, 376.3363918501994, 368.77343987666626, 356.70919733426274, 355.7691715873494, 355.7691715873494, 355.7691715873494, 355.7691715873494, 347.9368162529488, 347.9368162529488, 347.9368162529488, 347.9368162529488, 347.21847487748124, 343.56336805341755, 343.56336805341755, 333.1467656070115, 333.1467656070115, 333.1467656070115], 
[416.0254486808073, 401.62023249914284, 389.12522650671156, 382.75820752138924, 377.5051608529311, 345.16515450606687, 345.16515450606687, 345.16515450606687, 345.16515450606687, 345.16515450606687, 345.16515450606687, 345.16515450606687, 345.16515450606687, 345.16515450606687, 345.16515450606687, 345.16515450606687, 345.16515450606687, 345.16515450606687, 345.16515450606687, 345.16515450606687], 
