[336.68191143319353, 336.68191143319353, 336.68191143319353, 315.3868817462995, 315.3868817462995, 315.3868817462995, 288.3237339779396, 288.3237339779396, 277.5073894949736, 277.5073894949736, 277.5073894949736, 275.64843110743664, 264.4850469546038, 261.0052121086813, 261.0052121086813, 247.12864499653836, 243.06752926027596, 243.06752926027596, 242.53315632881484, 242.53315632881484], 
[426.87171959023647, 377.5089549748693, 377.5089549748693, 330.7510665485916, 330.7510665485916, 330.7510665485916, 329.20893322120554, 329.20893322120554, 275.5287844283444, 275.5287844283444, 268.8416796549584, 267.97939267690515, 248.14290970442576, 248.14290970442576, 244.88621395259165, 244.88621395259165, 244.88621395259165, 244.88621395259165, 244.88621395259165, 243.88717937223754], 
[388.8342129323723, 388.8342129323723, 388.8342129323723, 301.8665297173162, 301.8665297173162, 301.8665297173162, 301.8665297173162, 301.8665297173162, 289.8827466924618, 271.67068390371554, 247.41640855032574, 247.41640855032574, 247.41640855032574, 245.8545719932549, 245.8545719932549, 244.85613136048525, 244.85613136048525, 244.37648797686364, 244.37648797686364, 241.57184022998027], 
[327.36531387663746, 327.36531387663746, 327.36531387663746, 327.36531387663746, 327.36531387663746, 327.36531387663746, 320.8366362413133, 310.21557769211137, 310.21557769211137, 310.21557769211137, 285.73638611049864, 262.9607811300653, 262.9607811300653, 262.9607811300653, 247.4768503302565, 247.4768503302565, 247.0867569538508, 247.0867569538508, 247.0867569538508, 247.0867569538508], 
[343.7481312828812, 343.7481312828812, 343.7481312828812, 343.7481312828812, 343.7481312828812, 341.5868842735759, 260.4963446057708, 260.4963446057708, 260.4963446057708, 260.4963446057708, 260.4963446057708, 260.4963446057708, 260.4963446057708, 260.4963446057708, 260.4963446057708, 260.4963446057708, 260.4963446057708, 245.6918220170879, 243.94546503831276, 243.94546503831276], 
[376.2029279174492, 364.5684207953416, 334.33018153993464, 290.0190450003036, 290.0190450003036, 290.0190450003036, 272.1667852611979, 272.1667852611979, 272.1667852611979, 247.2193711283291, 247.2193711283291, 246.80329832437675, 240.48374783578285, 240.48374783578285, 233.29810862861177, 230.77934926089455, 230.77934926089455, 230.15669576444327, 230.15669576444327, 230.15669576444327], 
[274.4327913101232, 274.4327913101232, 274.4327913101232, 274.4327913101232, 274.4327913101232, 274.4327913101232, 274.4327913101232, 261.3812916636683, 249.0027087180908, 249.0027087180908, 249.0027087180908, 249.0027087180908, 249.0027087180908, 249.0027087180908, 249.0027087180908, 249.0027087180908, 248.82241466855257, 248.82241466855257, 244.742520790067, 241.82611853069318], 
[344.7499833600513, 344.7499833600513, 344.7499833600513, 344.7499833600513, 281.8289277340971, 281.8289277340971, 281.8289277340971, 281.8289277340971, 281.8289277340971, 281.8289277340971, 275.777514711208, 255.49078613585866, 255.49078613585866, 251.35387215844014, 251.35387215844014, 251.35387215844014, 251.35387215844014, 251.1825350038947, 250.49980136515398, 250.49980136515398], 
[379.13380768565827, 379.13380768565827, 288.0351685817812, 288.0351685817812, 288.0351685817812, 288.0351685817812, 288.0351685817812, 288.0351685817812, 288.0351685817812, 288.0351685817812, 283.74941968686767, 283.74941968686767, 283.74941968686767, 283.11751200241895, 275.4863915193751, 259.1897346986999, 259.1897346986999, 257.6741333322738, 255.0530092857111, 254.3131276021686], 
[369.565257662083, 369.565257662083, 338.6681159102045, 338.6681159102045, 323.7859572999366, 292.5985934290911, 292.5985934290911, 263.1017442550079, 263.1017442550079, 263.1017442550079, 253.67929572792542, 253.67929572792542, 253.67929572792542, 253.67929572792542, 247.55133791810576, 244.1283697370426, 244.1283697370426, 244.1283697370426, 244.1283697370426, 242.60187038849728], 
[418.9007866901423, 342.5501461392143, 342.5501461392143, 326.8242068088747, 326.8242068088747, 326.8242068088747, 286.08262455466866, 286.08262455466866, 271.8168886973694, 271.8168886973694, 232.33716301136414, 232.33716301136414, 232.33716301136414, 232.33716301136414, 232.33716301136414, 232.33716301136414, 232.33716301136414, 232.33716301136414, 232.33716301136414, 232.33716301136414], 
[426.9497257027262, 413.0154151443606, 413.0154151443606, 394.34071707522946, 338.98718989720396, 264.23067801878904, 254.26094307529448, 254.26094307529448, 254.26094307529448, 252.70271439407747, 244.37127681644367, 241.8277544430442, 241.8277544430442, 241.8277544430442, 241.8277544430442, 241.8277544430442, 230.85949812965265, 230.85949812965265, 230.85949812965265, 230.85949812965265], 
[318.8035707909668, 316.1611574112031, 316.1611574112031, 310.96060066411155, 310.96060066411155, 289.6196834020406, 281.51767904190393, 277.5719814640403, 277.5719814640403, 277.5719814640403, 245.6561738404616, 243.3875515353802, 243.3875515353802, 243.3875515353802, 243.3875515353802, 243.3875515353802, 241.56679708885474, 241.56679708885474, 238.23897629230066, 238.23897629230066], 
[413.186175596091, 345.3546262508004, 345.3546262508004, 343.76348701010517, 301.42078584291124, 301.42078584291124, 273.1216478936105, 273.1216478936105, 273.1216478936105, 253.95959854764183, 253.95959854764183, 253.95959854764183, 243.9104940764012, 243.9104940764012, 237.23357442568198, 237.23357442568198, 233.99161486126172, 233.99161486126172, 233.99161486126172, 233.77062355058067], 
[324.35255599814747, 324.35255599814747, 300.44218246808026, 300.44218246808026, 300.44218246808026, 300.44218246808026, 289.9785443561074, 270.14055480864755, 259.9719498100269, 259.9719498100269, 259.9719498100269, 256.1607471903482, 255.80998506607838, 255.80998506607838, 253.66839272757528, 253.66839272757528, 253.5823395267013, 253.5823395267013, 250.7983022458277, 250.7983022458277], 
[432.5221633614166, 429.7676920041877, 409.18376556367195, 369.67936064033387, 340.38084131025715, 340.38084131025715, 309.06123841117875, 268.3349424354972, 268.3349424354972, 268.3349424354972, 268.3349424354972, 268.3349424354972, 268.3349424354972, 268.3349424354972, 268.3349424354972, 268.3349424354972, 264.5329618133242, 261.30667578575896, 257.4907844601637, 255.4612649522066], 
[270.54728375275573, 270.54728375275573, 270.54728375275573, 270.54728375275573, 270.54728375275573, 270.54728375275573, 270.54728375275573, 270.54728375275573, 270.54728375275573, 270.54728375275573, 270.54728375275573, 270.54728375275573, 270.54728375275573, 262.97579889083795, 255.45340932465186, 255.45340932465186, 255.45340932465186, 255.45340932465186, 254.81560738125123, 253.24752886969938], 
[316.8672946497761, 316.8672946497761, 316.8672946497761, 316.8672946497761, 316.8672946497761, 291.53472802909056, 288.02298359585393, 264.0967217255682, 264.0967217255682, 245.39841377914937, 245.39841377914937, 245.39841377914937, 245.39841377914937, 245.39841377914937, 245.39841377914937, 242.1467024747855, 236.20403924545892, 236.20403924545892, 231.02127188529775, 231.02127188529775], 
[419.92141808889863, 366.0486622374521, 321.007793835515, 321.007793835515, 321.007793835515, 298.2046126862022, 298.2046126862022, 298.2046126862022, 282.7996298232938, 265.96231339412196, 265.96231339412196, 265.96231339412196, 265.96231339412196, 265.96231339412196, 265.96231339412196, 265.96231339412196, 265.96231339412196, 263.60573543417644, 263.60573543417644, 263.60573543417644], 
[351.74521699358087, 351.74521699358087, 351.74521699358087, 351.74521699358087, 306.25956114511047, 269.8286414673956, 261.00301303024264, 261.00301303024264, 261.00301303024264, 261.00301303024264, 261.00301303024264, 261.00301303024264, 261.00301303024264, 259.44113228899664, 259.44113228899664, 259.44113228899664, 244.3578962111381, 244.3578962111381, 243.21511944883719, 243.21511944883719], 
[391.131275285072, 378.6859742993845, 341.49358257111476, 341.49358257111476, 332.115165650122, 332.115165650122, 332.115165650122, 332.115165650122, 332.115165650122, 311.3387864477511, 306.86505174232275, 306.86505174232275, 286.06046535609596, 266.43633625910417, 266.43633625910417, 266.43633625910417, 261.6912629241159, 261.6912629241159, 258.4699823378528, 256.8305492819254], 
[371.71358556832575, 369.780781734128, 290.6871726157228, 290.6871726157228, 278.60346561847075, 278.60346561847075, 278.60346561847075, 278.60346561847075, 256.2665052398275, 256.2665052398275, 239.8142726328983, 239.8142726328983, 239.8142726328983, 232.84603256862468, 232.28579684364053, 232.28579684364053, 232.28579684364053, 232.28579684364053, 229.8185780825335, 229.8185780825335], 
[342.1073407453325, 342.1073407453325, 342.1073407453325, 342.1073407453325, 342.1073407453325, 342.1073407453325, 303.1216602920233, 294.31794520414184, 294.31794520414184, 294.31794520414184, 294.31794520414184, 273.92532771441, 273.92532771441, 273.92532771441, 264.5135647072766, 264.5135647072766, 264.5135647072766, 264.5135647072766, 261.05321050432843, 261.05321050432843], 
[269.25202564902924, 269.25202564902924, 269.25202564902924, 269.25202564902924, 269.25202564902924, 269.25202564902924, 264.89773462002944, 264.89773462002944, 264.89773462002944, 264.89773462002944, 261.50212573760473, 261.50212573760473, 261.50212573760473, 257.13578107076944, 257.13578107076944, 249.67216522128905, 249.67216522128905, 249.2762685802738, 249.2762685802738, 249.2762685802738], 
[343.0789268921578, 343.0789268921578, 343.0789268921578, 343.0789268921578, 283.9681885802774, 283.9681885802774, 283.9681885802774, 283.9681885802774, 283.9681885802774, 283.9681885802774, 276.190870465794, 241.11741516256737, 231.40712072468185, 231.40712072468185, 229.8744583376526, 229.8744583376526, 229.8744583376526, 229.8744583376526, 229.8744583376526, 229.46296314153062], 
[340.93441380135334, 340.93441380135334, 340.93441380135334, 340.93441380135334, 320.8123850106965, 298.85660605785836, 298.85660605785836, 252.50373808394275, 252.50373808394275, 252.50373808394275, 252.50373808394275, 252.50373808394275, 252.50373808394275, 248.15076541859509, 248.15076541859509, 248.15076541859509, 247.58578781783245, 242.54095999193495, 242.54095999193495, 242.54095999193495], 
[378.37267361772035, 378.37267361772035, 358.13474557130706, 344.98802666178074, 344.98802666178074, 344.98802666178074, 344.98802666178074, 293.19179794867256, 275.28640100610534, 275.28640100610534, 257.4203477301784, 257.4203477301784, 257.4203477301784, 257.4203477301784, 237.89506179623453, 237.89506179623453, 236.36354188898815, 236.36354188898815, 236.36354188898815, 236.36354188898815], 
[422.65215257840697, 411.2265355846653, 370.9065267510595, 313.7270456668594, 313.7270456668594, 313.7270456668594, 313.7270456668594, 313.7270456668594, 302.8967481511299, 302.8967481511299, 290.7524570221757, 278.80069394949663, 278.80069394949663, 272.2411425908312, 272.2411425908312, 272.2411425908312, 272.2411425908312, 272.2411425908312, 272.2411425908312, 272.2411425908312], 
[334.3290096498381, 334.3290096498381, 334.3290096498381, 334.3290096498381, 334.3290096498381, 334.3290096498381, 313.5500525629698, 313.5500525629698, 313.5500525629698, 306.3773602203594, 298.0299340741729, 298.0299340741729, 292.50962098876903, 292.50962098876903, 283.688475364361, 283.688475364361, 278.5361586199142, 278.5361586199142, 273.7439371181882, 270.3485407575592], 
[418.3074742045662, 418.3074742045662, 315.62695193665587, 315.62695193665587, 315.62695193665587, 297.17000551374224, 247.1387005797264, 247.1387005797264, 247.1387005797264, 229.413127817202, 223.65352212681756, 223.65352212681756, 223.65352212681756, 223.65352212681756, 222.94533606867842, 221.15678532510063, 219.77517288326445, 219.77517288326445, 219.77517288326445, 219.77517288326445], 
