[32173.146327054612, 19702.662833637554, 16898.990977080393, 16898.990977080393, 15179.108527064873, 15179.108527064873, 13505.994472931505, 13505.994472931505, 13505.994472931505, 12932.137028305524, 12932.137028305524, 12269.0476123306, 10044.032897601992, 10044.032897601992, 10044.032897601992, 10044.032897601992, 10044.032897601992, 10044.032897601992, 7389.976811600466, 7389.976811600466], 
[24315.40931336063, 21745.59966830882, 21745.59966830882, 21745.59966830882, 21745.59966830882, 20148.145559306373, 20148.145559306373, 16356.539854684366, 15065.542154124832, 15065.542154124832, 15065.542154124832, 15065.542154124832, 12944.144577372876, 12944.144577372876, 12944.144577372876, 11907.229982872272, 11907.229982872272, 11907.229982872272, 10938.316305683968, 10938.316305683968], 
[18835.962256898685, 18835.962256898685, 18835.962256898685, 18835.962256898685, 18835.962256898685, 18835.962256898685, 18835.962256898685, 18835.962256898685, 9692.906677230327, 9692.906677230327, 9692.906677230327, 9692.906677230327, 9692.906677230327, 9494.27127391863, 9494.27127391863, 9494.27127391863, 9494.27127391863, 9257.031006728696, 9257.031006728696, 9257.031006728696], 
[30332.529779197692, 26994.21104411667, 26994.21104411667, 26994.21104411667, 23623.585967811516, 20845.711131242722, 20845.711131242722, 20802.72236777569, 20133.003176327435, 14392.976855555735, 14392.976855555735, 14392.976855555735, 14337.32862841729, 13912.134986658017, 13912.134986658017, 10366.369634985826, 8742.615264936456, 8742.615264936456, 8353.072374316687, 8148.688048194278], 
[21173.002598840576, 21173.002598840576, 21173.002598840576, 21173.002598840576, 21173.002598840576, 21173.002598840576, 21173.002598840576, 17423.496291749987, 17423.496291749987, 17423.496291749987, 16634.437296377342, 16634.437296377342, 16427.50117802401, 16427.50117802401, 14784.81584917087, 13969.746835907383, 13969.746835907383, 13969.746835907383, 9211.20887754974, 9211.20887754974], 
[25231.97375431191, 20288.772530496943, 20288.772530496943, 20288.772530496943, 20288.772530496943, 19339.832382258614, 19339.832382258614, 19339.832382258614, 19339.832382258614, 11236.086609803668, 11236.086609803668, 11236.086609803668, 11236.086609803668, 11236.086609803668, 11081.984007928495, 11081.984007928495, 11081.984007928495, 10297.415730192843, 10297.415730192843, 10297.415730192843], 
[30175.059763246434, 28968.30989348982, 23606.864730758127, 23606.864730758127, 23606.864730758127, 23606.864730758127, 21984.643335253397, 17245.959421478103, 17245.959421478103, 17245.959421478103, 17245.959421478103, 16587.523095394456, 15804.323577933317, 15804.323577933317, 15804.323577933317, 15804.323577933317, 12789.15753553663, 12789.15753553663, 11296.919811948723, 11296.919811948723], 
[17231.68184150733, 10401.79677751549, 10401.79677751549, 7818.817242302916, 7818.817242302916, 7818.817242302916, 7818.817242302916, 7818.817242302916, 7818.817242302916, 7818.817242302916, 7818.817242302916, 7818.817242302916, 7818.817242302916, 7818.817242302916, 4174.234265307136, 4174.234265307136, 4174.234265307136, 4174.234265307136, 4174.234265307136, 4174.234265307136], 
[25017.238396416313, 21736.58874673559, 20210.450498138744, 20210.450498138744, 20210.450498138744, 14748.873876693933, 14748.873876693933, 14748.873876693933, 14748.873876693933, 11509.392492009201, 11205.697181615826, 11205.697181615826, 11205.697181615826, 9649.547654376995, 9215.294713721605, 9215.294713721605, 8868.292176643032, 8868.292176643032, 8495.057966181434, 8495.057966181434], 
[20950.303733849807, 20950.303733849807, 20950.303733849807, 19858.518287818762, 19858.518287818762, 19858.518287818762, 19858.518287818762, 19858.518287818762, 13165.013789530793, 12657.304416284425, 11471.43644849123, 11471.43644849123, 11471.43644849123, 11273.770015797842, 10790.509163257484, 10790.509163257484, 10724.307049800223, 10724.307049800223, 9667.61618905121, 9667.61618905121], 
[20946.60863241077, 20946.60863241077, 20946.60863241077, 20494.89379362844, 16263.982299203797, 16263.982299203797, 15524.40310149196, 15524.40310149196, 15524.40310149196, 15524.40310149196, 15524.40310149196, 14963.933095833097, 14963.933095833097, 14963.933095833097, 14963.933095833097, 11133.635439581569, 11133.635439581569, 9829.767264469207, 9829.767264469207, 9463.324233068603], 
[26222.71930173666, 26222.71930173666, 26222.71930173666, 26222.71930173666, 23564.75102318885, 22715.47337366602, 17419.804426923005, 17419.804426923005, 17419.804426923005, 11330.639764732276, 11330.639764732276, 11330.639764732276, 6118.450775116955, 6118.450775116955, 6118.450775116955, 6118.450775116955, 6118.450775116955, 6118.450775116955, 6118.450775116955, 6118.450775116955], 
