[45.280235346811565, 42.55803639903694, 42.55803639903694, 42.55803639903694, 42.55803639903694, 41.341381818991124, 41.341381818991124, 41.341381818991124, 41.341381818991124, 39.31429084910412, 39.31429084910412, 39.31429084910412, 39.31429084910412, 38.73074017469604, 38.73074017469604, 38.73074017469604, 38.73074017469604, 38.73074017469604, 38.73074017469604, 38.73074017469604], 
[44.204141009082875, 44.204141009082875, 44.204141009082875, 44.1184700181018, 44.1184700181018, 44.1184700181018, 41.27599425929695, 41.27599425929695, 41.11048691258566, 41.11048691258566, 41.11048691258566, 41.11048691258566, 41.11048691258566, 41.11048691258566, 41.11048691258566, 41.11048691258566, 40.91495419256082, 40.10688085700437, 40.10688085700437, 40.10688085700437], 
[44.638035209944114, 44.58903685899274, 44.58903685899274, 44.58903685899274, 41.52589811277663, 41.52589811277663, 41.52589811277663, 41.52589811277663, 40.597444883819804, 40.597444883819804, 40.597444883819804, 40.597444883819804, 40.597444883819804, 40.597444883819804, 38.49208640480983, 38.49208640480983, 38.30926412403328, 38.30926412403328, 38.30926412403328, 38.30926412403328], 
[44.18517085014948, 44.18517085014948, 44.18517085014948, 44.18517085014948, 44.18517085014948, 44.028409799864825, 42.68960931179629, 42.68960931179629, 41.19482052100187, 41.19482052100187, 41.19482052100187, 41.19482052100187, 41.19482052100187, 41.19482052100187, 40.98438558050734, 40.98438558050734, 39.82952649394335, 39.48898616830655, 39.48898616830655, 38.51148510610629], 
[46.701199473500814, 42.51354854808077, 42.51354854808077, 42.51354854808077, 42.51354854808077, 42.51354854808077, 42.51354854808077, 41.26176663964492, 41.26176663964492, 41.26176663964492, 41.26176663964492, 41.26176663964492, 41.26176663964492, 39.57839186084331, 39.57839186084331, 39.57839186084331, 38.696459349178355, 38.696459349178355, 38.696459349178355, 38.29251023472677], 
[44.915330640540304, 43.8372072649716, 43.8372072649716, 43.8372072649716, 43.8372072649716, 43.409278088592075, 43.409278088592075, 43.409278088592075, 43.409278088592075, 43.409278088592075, 41.653630803225035, 41.653630803225035, 40.56151886085893, 40.56151886085893, 40.56151886085893, 40.56151886085893, 39.669326600839725, 39.669326600839725, 39.669326600839725, 39.669326600839725], 
[46.17266404874829, 42.88176772087016, 42.88176772087016, 42.54464469284041, 42.54464469284041, 40.62377155266502, 40.62377155266502, 40.62377155266502, 40.62377155266502, 40.62377155266502, 40.62377155266502, 40.62377155266502, 40.62377155266502, 40.62377155266502, 40.62377155266502, 40.62377155266502, 37.908081633909276, 37.908081633909276, 37.908081633909276, 37.908081633909276], 
[47.072658737979694, 43.21805020369284, 43.21805020369284, 42.99360946513785, 42.99360946513785, 41.483443350553294, 41.33253066366426, 41.33253066366426, 41.33253066366426, 41.33253066366426, 38.3929216067177, 38.3929216067177, 38.3929216067177, 38.3929216067177, 38.3929216067177, 38.3929216067177, 38.3929216067177, 38.3929216067177, 38.3929216067177, 38.3929216067177], 
[44.21003651910556, 44.21003651910556, 44.21003651910556, 44.21003651910556, 43.851015560542024, 43.851015560542024, 43.851015560542024, 43.851015560542024, 42.59250451784911, 42.59250451784911, 42.043855640675375, 41.78514207900969, 41.60274189973236, 41.60274189973236, 41.331031973779595, 40.6691627142925, 39.62800202850146, 39.62800202850146, 39.24952217096006, 39.24952217096006], 
[42.765566665867226, 42.765566665867226, 42.765566665867226, 42.765566665867226, 42.765566665867226, 42.765566665867226, 42.765566665867226, 42.765566665867226, 41.71494039409569, 41.71494039409569, 41.71494039409569, 41.71494039409569, 41.03716707215402, 39.791586451766264, 39.791586451766264, 39.791586451766264, 39.791586451766264, 38.34406587427062, 38.34406587427062, 38.34406587427062], 
[44.556376402061694, 44.556376402061694, 44.556376402061694, 44.556376402061694, 44.47697503019336, 43.73452982881783, 40.5084577708388, 40.5084577708388, 40.5084577708388, 40.5084577708388, 40.5084577708388, 40.5084577708388, 40.5084577708388, 38.77893147173977, 38.77893147173977, 38.77893147173977, 37.86586101707529, 37.86586101707529, 37.86586101707529, 37.86586101707529], 
[45.359692637669326, 44.132381622843354, 44.132381622843354, 44.132381622843354, 44.132381622843354, 44.132381622843354, 43.96984009889128, 43.32920283217364, 43.23499852874322, 43.23499852874322, 42.54876936812329, 41.929761219480724, 41.929761219480724, 41.929761219480724, 39.92526379808646, 39.307723844010475, 39.307723844010475, 39.307723844010475, 39.2012883347998, 39.2012883347998], 
[47.511963243634185, 45.23727784636246, 44.676179974707345, 44.676179974707345, 44.676179974707345, 44.676179974707345, 44.676179974707345, 44.676179974707345, 44.370498236991224, 44.370498236991224, 41.69503738212849, 41.69503738212849, 41.69503738212849, 41.69503738212849, 39.4733321456054, 39.4733321456054, 39.4733321456054, 39.4733321456054, 39.4733321456054, 39.4733321456054], 
[43.769073253843345, 43.769073253843345, 41.76987630929436, 41.76987630929436, 41.60811864003533, 41.60811864003533, 41.60811864003533, 41.38472668457863, 41.38472668457863, 41.38472668457863, 41.38472668457863, 40.154166552965464, 40.154166552965464, 40.154166552965464, 38.15829395375404, 38.15829395375404, 36.73864995878529, 36.73864995878529, 36.22031639070862, 36.22031639070862], 
[45.53450883043541, 45.144959961471145, 44.66086852402654, 44.66086852402654, 44.66086852402654, 44.66086852402654, 44.66086852402654, 44.175932867216474, 38.35684743002507, 38.35684743002507, 38.35684743002507, 38.35684743002507, 38.35684743002507, 38.35684743002507, 38.35684743002507, 38.35684743002507, 37.290894082568826, 37.290894082568826, 37.290894082568826, 37.290894082568826], 
[45.08058984259293, 45.08058984259293, 45.08058984259293, 42.052991390349845, 42.052991390349845, 42.052991390349845, 42.052991390349845, 42.052991390349845, 42.052991390349845, 42.052991390349845, 38.73552275251281, 38.73552275251281, 38.73552275251281, 38.73552275251281, 38.73552275251281, 38.73552275251281, 38.73552275251281, 38.73552275251281, 38.73552275251281, 38.73552275251281], 
[44.30852683394893, 44.30852683394893, 44.29179649256188, 44.29179649256188, 41.48652328493568, 41.48652328493568, 41.48652328493568, 41.48652328493568, 41.04120479334876, 41.04120479334876, 41.04120479334876, 41.04120479334876, 41.04120479334876, 41.04120479334876, 41.04120479334876, 41.04120479334876, 40.76588182384175, 40.76588182384175, 39.77521926723743, 39.52519957766509], 
[39.83904839588451, 39.83904839588451, 39.83904839588451, 39.83904839588451, 39.83904839588451, 39.83904839588451, 39.83904839588451, 39.83904839588451, 39.83904839588451, 39.83904839588451, 36.464468591901486, 36.464468591901486, 36.464468591901486, 36.464468591901486, 36.464468591901486, 36.464468591901486, 36.464468591901486, 36.464468591901486, 36.464468591901486, 36.464468591901486], 
[44.67838808840681, 44.623635501160706, 44.623635501160706, 42.34709954471833, 42.34709954471833, 41.325421982533015, 41.325421982533015, 41.325421982533015, 41.325421982533015, 41.325421982533015, 41.325421982533015, 41.06513606782677, 41.06513606782677, 41.06513606782677, 41.06513606782677, 41.06513606782677, 40.775306912506124, 39.64499843258268, 39.64499843258268, 39.64499843258268], 
[46.769512393281886, 46.09049113936667, 45.913183760235825, 43.13729249129637, 43.13729249129637, 42.8863034435158, 42.8863034435158, 42.8863034435158, 42.8863034435158, 40.456720122761595, 40.456720122761595, 39.92070535057567, 39.92070535057567, 39.032195431888084, 39.032195431888084, 38.213635279154005, 36.53519582708792, 36.53519582708792, 36.53519582708792, 35.968636146241906], 
[47.8004830918802, 43.624192937321084, 43.624192937321084, 43.624192937321084, 43.01141898668806, 43.01141898668806, 42.44932883687105, 42.44932883687105, 42.44932883687105, 42.44932883687105, 38.69520464374804, 38.69520464374804, 38.69520464374804, 38.69520464374804, 38.69520464374804, 38.69520464374804, 38.69520464374804, 38.69520464374804, 38.69520464374804, 38.69520464374804], 
[48.152556993034864, 44.11669113074175, 44.11669113074175, 44.11669113074175, 44.11669113074175, 44.11669113074175, 44.03250061239235, 41.24706866968441, 41.24706866968441, 38.267308757645466, 38.267308757645466, 38.267308757645466, 38.267308757645466, 38.267308757645466, 38.267308757645466, 38.267308757645466, 37.29244208375599, 37.29244208375599, 37.29244208375599, 37.29244208375599], 
[46.640283929300544, 43.81092755614814, 43.57832088973362, 43.57832088973362, 43.57832088973362, 43.57832088973362, 43.57832088973362, 43.57832088973362, 43.24944105992381, 40.60390913815304, 36.7980922541832, 36.7980922541832, 36.7980922541832, 36.7980922541832, 36.7980922541832, 36.7980922541832, 36.7980922541832, 36.7980922541832, 36.7980922541832, 36.7980922541832], 
[42.73110613672743, 42.73110613672743, 42.73110613672743, 42.73110613672743, 42.02358454151396, 42.02358454151396, 42.02358454151396, 41.90798565641548, 41.90798565641548, 40.08943561268424, 40.08943561268424, 40.08943561268424, 40.08943561268424, 40.08943561268424, 39.916335554317094, 39.916335554317094, 39.916335554317094, 38.673651983488945, 38.673651983488945, 38.673651983488945], 
[44.56833706399724, 44.56833706399724, 44.56833706399724, 44.56833706399724, 44.56833706399724, 44.56833706399724, 40.711001631578455, 40.711001631578455, 40.711001631578455, 40.711001631578455, 40.711001631578455, 40.711001631578455, 40.711001631578455, 37.68101995473444, 37.68101995473444, 37.68101995473444, 37.68101995473444, 35.95289123527849, 35.95289123527849, 35.95289123527849], 
[46.6246017266634, 45.473270592223585, 45.473270592223585, 44.90832824361026, 44.90832824361026, 44.682424420444775, 44.682424420444775, 44.682424420444775, 41.899639484786974, 41.899639484786974, 41.83139818131038, 41.83139818131038, 41.75050410081947, 41.72251600576475, 41.72251600576475, 40.213080949534245, 39.996074169927276, 39.996074169927276, 39.44610265217646, 39.44610265217646], 
[47.659566193731706, 44.315591752949885, 44.30824575912709, 43.41711226994201, 43.41711226994201, 43.41711226994201, 43.41711226994201, 43.41711226994201, 43.29866781348879, 43.25127230678918, 42.503153441994726, 40.52085336586226, 40.52085336586226, 40.52085336586226, 40.52085336586226, 40.52085336586226, 40.52085336586226, 40.52085336586226, 40.52085336586226, 40.30403455285152], 
[45.31194771887712, 44.21993210660372, 41.93246765516871, 41.93246765516871, 41.93246765516871, 41.93246765516871, 41.93246765516871, 41.93246765516871, 41.93246765516871, 41.61910381803722, 41.35632819994526, 39.34698069160153, 39.34698069160153, 39.34698069160153, 39.34698069160153, 39.34698069160153, 39.34698069160153, 39.34698069160153, 39.34698069160153, 38.02360963092359], 
[43.777703048009414, 43.777703048009414, 43.777703048009414, 43.777703048009414, 43.60232228619215, 43.60232228619215, 43.60232228619215, 42.41691412014197, 41.570457059880084, 40.55714633958108, 40.55714633958108, 40.55714633958108, 40.55714633958108, 40.55714633958108, 40.385903188397165, 39.627026300750586, 38.28393725599413, 38.28393725599413, 38.28393725599413, 38.28393725599413], 
[47.28775499408784, 44.16295444927015, 44.16295444927015, 44.16295444927015, 40.76311848890981, 40.76311848890981, 40.76311848890981, 40.76311848890981, 40.76311848890981, 39.99614580803778, 39.99614580803778, 39.54497123531522, 39.54497123531522, 39.54497123531522, 39.54497123531522, 39.54497123531522, 39.54497123531522, 39.54497123531522, 38.963861216513294, 38.52030462278447], 
