[159.24205219073792, 126.28553981291613, 108.22177448561534, 80.70549728389356, 69.11297434557024, 56.012554270145074, 56.012554270145074, 34.69448461931152, 34.69448461931152, 28.467846426913, 28.467846426913, 28.467846426913, 28.467846426913, 28.467846426913, 28.467846426913, 26.557028918181857, 26.557028918181857, 25.60234471996106, 17.273040731645924, 17.273040731645924], 
[196.49860034808032, 130.76587916023766, 91.88553757344133, 79.60911376748348, 77.32039637251717, 45.20908883921134, 45.20908883921134, 45.20908883921134, 45.20908883921134, 45.20908883921134, 43.57379848484117, 33.08507329422913, 33.08507329422913, 33.08507329422913, 33.08507329422913, 33.08507329422913, 33.08507329422913, 33.08507329422913, 33.08507329422913, 32.088989970984414], 
[177.35646677368433, 115.09945781853708, 102.9695438675187, 83.22778531727376, 56.421796641251575, 54.41027749031549, 54.41027749031549, 52.15265720849116, 52.15265720849116, 50.532419924702985, 50.532419924702985, 39.759824403890384, 39.759824403890384, 39.759824403890384, 39.759824403890384, 39.759824403890384, 39.759824403890384, 37.6502182194498, 37.6502182194498, 36.96339773250127], 
[197.48554219912455, 151.62763789372246, 111.2720737758268, 79.27158097552297, 60.90644176744849, 60.90644176744849, 53.65669300376302, 53.65669300376302, 53.65669300376302, 53.65669300376302, 53.65669300376302, 53.65669300376302, 53.65669300376302, 53.65669300376302, 53.65669300376302, 52.948380117908506, 51.14211663441186, 43.642455732964905, 43.642455732964905, 37.21985181379232], 
[169.57989440661706, 118.10938405389096, 111.1172647976689, 78.23610941310446, 57.871638235164305, 57.871638235164305, 40.835122291566094, 40.835122291566094, 40.835122291566094, 40.835122291566094, 40.835122291566094, 40.835122291566094, 40.32148265480009, 40.32148265480009, 33.8799118474326, 33.8799118474326, 33.8799118474326, 30.728062099399004, 30.728062099399004, 25.356757796650818], 
[211.57848895268296, 128.84289168068685, 108.69684101750994, 86.49567101609331, 76.1492380874842, 65.23345992503354, 59.75451385285083, 59.75451385285083, 59.11871973540415, 59.11871973540415, 55.122849286286, 55.122849286286, 55.122849286286, 53.10407041828495, 50.702604734494685, 47.11714438754333, 47.11714438754333, 47.11714438754333, 47.11714438754333, 38.22075370508486], 
[231.65850599497867, 116.94054132509561, 105.60569055962458, 85.05318728768907, 83.20010035124322, 68.67389581759694, 62.973981239854496, 62.973981239854496, 62.973981239854496, 47.246113892464635, 47.246113892464635, 47.246113892464635, 47.246113892464635, 44.51074172857417, 43.128554999726646, 43.128554999726646, 40.88120876195125, 40.88120876195125, 40.88120876195125, 40.88120876195125], 
[157.36851030246126, 115.2336285688787, 101.83242506081828, 79.34742323897927, 55.15275147565395, 55.15275147565395, 55.15275147565395, 55.15275147565395, 51.31780912140793, 51.31780912140793, 51.31780912140793, 51.31780912140793, 43.88222879590112, 43.88222879590112, 43.88222879590112, 39.13252164996931, 34.88458913617564, 34.88458913617564, 30.409944266467228, 30.409944266467228], 
[152.12492845711256, 106.30345034315846, 89.88178712376447, 76.6513421559268, 53.49853151467976, 52.08093501976298, 50.45659062704159, 50.45659062704159, 48.50812233711168, 48.50812233711168, 47.60578224823631, 40.48275368876004, 40.48275368876004, 40.48275368876004, 37.715859626622034, 37.715859626622034, 37.715859626622034, 37.13640586746042, 37.13640586746042, 37.13640586746042], 
[207.81805446964444, 125.41943016591335, 98.32927168789341, 98.32927168789341, 86.59316304501178, 86.59316304501178, 67.74572328659102, 67.74572328659102, 64.60823426907073, 62.9134277678778, 62.9134277678778, 59.451895430177956, 53.28222638964448, 49.109435309568624, 49.109435309568624, 47.84256078230915, 47.84256078230915, 47.84256078230915, 38.62617528558816, 35.7390069450746], 
[140.1396783532776, 117.44769731301541, 82.21070037207896, 82.21070037207896, 58.00949698764643, 58.00949698764643, 58.00949698764643, 54.73670317565619, 54.73670317565619, 54.73670317565619, 49.42132407074886, 49.42132407074886, 49.42132407074886, 49.42132407074886, 40.00756973739605, 40.00756973739605, 38.371549664414175, 38.371549664414175, 38.371549664414175, 36.03060516996908], 
[180.0069509588974, 99.61988761581577, 95.78087865075389, 61.57794535017419, 61.57794535017419, 61.57794535017419, 61.57794535017419, 61.57794535017419, 61.57794535017419, 51.10661370711455, 40.884120203872286, 35.76565838821283, 35.76565838821283, 35.76565838821283, 33.23387339624775, 33.23387339624775, 33.23387339624775, 33.116502521273944, 33.116502521273944, 33.116502521273944], 
[190.36459616080123, 145.99908005931923, 85.6043754843705, 83.08531047513544, 70.40961886519108, 45.223215323325036, 45.223215323325036, 45.223215323325036, 44.95543455314342, 44.95543455314342, 33.31831509885901, 33.31831509885901, 33.31831509885901, 23.173859009880005, 23.031520936480582, 23.031520936480582, 23.031520936480582, 23.031520936480582, 23.031520936480582, 23.031520936480582], 
[191.40392655719623, 159.67278918873563, 102.92844803462124, 68.15326632504507, 65.02090541747519, 62.1079214181645, 61.73101736136678, 51.36287331277553, 51.36287331277553, 51.36287331277553, 51.36287331277553, 51.36287331277553, 39.925581921790574, 39.925581921790574, 39.925581921790574, 39.925581921790574, 26.918079437004387, 26.918079437004387, 26.918079437004387, 26.918079437004387], 
[193.67039268448272, 118.69105428430349, 90.26267577110895, 64.92831597145376, 59.13180175911528, 51.85873464239673, 51.85873464239673, 49.77459577352049, 43.790410251837514, 43.790410251837514, 43.790410251837514, 40.354273415436836, 40.354273415436836, 40.354273415436836, 40.354273415436836, 40.354273415436836, 40.354273415436836, 37.698629593350844, 37.698629593350844, 37.698629593350844], 
[151.13820833651766, 104.38208018542507, 82.79121243906086, 82.79121243906086, 82.79121243906086, 70.17821920823049, 70.17821920823049, 64.08375542261722, 59.31096371329825, 44.13680626024712, 40.97409653949238, 40.97409653949238, 40.97409653949238, 40.97409653949238, 40.97409653949238, 40.97409653949238, 40.97409653949238, 38.18813730077544, 32.262005518171264, 32.062981795143386], 
[170.07539890407512, 119.48980191577013, 71.88464029869209, 71.88464029869209, 66.75532564835517, 59.64725941242409, 59.64725941242409, 59.64725941242409, 54.818811084838686, 48.59280131516469, 30.790230505058346, 30.790230505058346, 30.790230505058346, 30.790230505058346, 30.790230505058346, 30.790230505058346, 30.790230505058346, 30.790230505058346, 29.61226189886214, 26.166251783086896], 
[125.71771871037703, 114.23508827065646, 100.7655506274447, 84.30097823879515, 68.83206212944015, 68.83206212944015, 55.342942063050316, 55.342942063050316, 48.326681270696795, 48.326681270696795, 48.326681270696795, 48.27860313619849, 48.27860313619849, 47.66324550557296, 47.66324550557296, 44.90144971051539, 44.90144971051539, 44.89530182550695, 41.56108006510856, 41.56108006510856], 
[152.58288604570131, 59.702219767485424, 59.702219767485424, 59.702219767485424, 53.96258913873217, 52.84420973442249, 52.84420973442249, 52.84420973442249, 52.50977083704276, 52.21949286469991, 52.21949286469991, 52.21949286469991, 39.36534141649755, 39.36534141649755, 39.36534141649755, 39.36534141649755, 39.36534141649755, 39.36534141649755, 39.36534141649755, 39.35349497239153], 
[195.95949400619944, 111.29894367976219, 85.38633220566163, 85.38633220566163, 78.28366665978066, 74.7520413138459, 70.9390499612397, 70.9390499612397, 51.9492894737008, 51.9492894737008, 49.36623210335225, 49.36623210335225, 49.36623210335225, 37.12378064941599, 37.12378064941599, 37.12378064941599, 36.06648357526913, 36.06648357526913, 36.06648357526913, 31.29023737897488], 
[149.1632045810336, 108.10449214458691, 83.70309119504154, 57.28456085989673, 57.28456085989673, 57.28456085989673, 51.878538163349035, 51.878538163349035, 51.878538163349035, 51.878538163349035, 51.878538163349035, 51.878538163349035, 51.878538163349035, 46.017534501239425, 46.017534501239425, 41.69772710239273, 41.69772710239273, 41.41956656992861, 33.91228718271834, 33.91228718271834], 
[191.18286681889703, 136.52127293440137, 78.76140377943857, 78.76140377943857, 71.8358611000837, 45.90151335776223, 45.90151335776223, 45.90151335776223, 45.90151335776223, 45.90151335776223, 43.72614342576533, 43.72614342576533, 43.72614342576533, 43.72614342576533, 43.72614342576533, 37.585018412586685, 29.08739876262842, 29.08739876262842, 29.08739876262842, 29.08739876262842], 
[165.97211948580764, 148.49105446710146, 98.13904451973757, 69.0659319796125, 69.0659319796125, 69.0659319796125, 60.95385896428061, 60.95385896428061, 60.95385896428061, 60.95385896428061, 58.700326359250155, 45.46076960524352, 43.78641319158774, 43.78641319158774, 43.78641319158774, 43.78641319158774, 43.78641319158774, 30.695043910876823, 30.695043910876823, 30.695043910876823], 
[167.8316266027725, 137.94223674665102, 97.78090882936023, 73.00201850951169, 56.59392805797697, 56.59392805797697, 56.59392805797697, 56.59392805797697, 46.322637061155405, 43.411002167453596, 38.72146838307734, 38.72146838307734, 38.72146838307734, 38.72146838307734, 37.34475217374792, 37.34475217374792, 37.34475217374792, 29.879595755591364, 29.11935679946955, 28.361632990188152], 
[189.54929353789623, 120.13982579618573, 109.59406299360003, 83.40316804749664, 65.50295265085448, 52.748481130787, 38.74989398324726, 38.74989398324726, 38.74989398324726, 35.04689032869969, 35.04689032869969, 32.215809333422705, 32.215809333422705, 32.215809333422705, 25.478838646325666, 25.478838646325666, 25.478838646325666, 22.535019987741002, 22.535019987741002, 22.146688820282037], 
[173.75237439178892, 91.09001186416538, 91.09001186416538, 61.46680043277037, 61.46680043277037, 61.46680043277037, 61.30089178788429, 61.30089178788429, 58.1088788221711, 40.21877753207609, 40.21877753207609, 40.21877753207609, 40.21877753207609, 40.21877753207609, 39.061994999967176, 39.061994999967176, 39.061994999967176, 34.67518889023109, 32.872249310156896, 32.872249310156896], 
[155.2151772478704, 116.48199598390934, 111.95553234512691, 70.23492597180456, 70.23492597180456, 70.23492597180456, 68.27188773014483, 59.668327520909116, 56.00564509722143, 56.00564509722143, 54.22608977308423, 54.22608977308423, 54.22608977308423, 51.644833699365705, 51.644833699365705, 51.644833699365705, 51.644833699365705, 49.64662981324087, 49.64662981324087, 45.07885745739675], 
[214.65528386685742, 140.46423800061135, 93.67498018321434, 72.49235534812247, 72.49235534812247, 60.305528864294864, 46.85099322239136, 46.85099322239136, 42.259138255993406, 42.259138255993406, 42.259138255993406, 42.259138255993406, 42.259138255993406, 36.6781923753412, 34.54840664727596, 34.54840664727596, 34.54840664727596, 34.54840664727596, 31.210061669315174, 29.096698243837373], 
[165.9797134655295, 92.56247916417412, 92.56247916417412, 88.02518898432015, 69.88189741812192, 54.77262306121975, 54.77262306121975, 48.05581324898863, 48.05581324898863, 46.42241240733058, 46.42241240733058, 46.42241240733058, 31.81743300396434, 31.81743300396434, 31.81743300396434, 23.378197619211175, 23.378197619211175, 23.378197619211175, 23.378197619211175, 23.378197619211175], 
[178.24005432043853, 137.6586532873777, 85.5480420084039, 84.41938190775315, 57.43456285507225, 57.43456285507225, 46.38927856314039, 46.38927856314039, 46.38927856314039, 37.81944473295713, 37.81944473295713, 37.81944473295713, 37.81944473295713, 37.81944473295713, 37.81944473295713, 29.654647097569708, 28.770762637024173, 28.770762637024173, 28.646161628432214, 28.646161628432214], 
