[198.35345051701273, 139.7256117296492, 104.65331918634061, 65.04425426973502, 60.00344008740127, 59.434399501534074, 59.434399501534074, 59.434399501534074, 59.434399501534074, 59.434399501534074, 59.434399501534074, 41.062788208627225, 41.062788208627225, 41.062788208627225, 41.062788208627225, 41.062788208627225, 41.062788208627225, 41.062788208627225, 41.062788208627225, 41.062788208627225], 
[176.72762968853493, 108.32635521228623, 105.74107681343538, 86.16317443147435, 80.15143820349294, 80.15143820349294, 69.86209426046304, 69.37958326497639, 69.08616075794033, 67.72836951706051, 53.46217722075974, 45.898609015738344, 45.898609015738344, 45.898609015738344, 44.10719835020147, 44.10719835020147, 44.10719835020147, 44.10719835020147, 44.10719835020147, 44.10719835020147], 
[118.55340331569354, 118.55340331569354, 83.6474873540482, 83.6474873540482, 83.60427734722843, 74.94256777770585, 71.22526085439532, 69.06351988114761, 69.06351988114761, 69.06351988114761, 69.06351988114761, 69.06351988114761, 69.06351988114761, 69.06351988114761, 61.45292968970616, 59.80756698668879, 56.767625995635235, 56.767625995635235, 56.767625995635235, 56.767625995635235], 
[192.2310739003724, 113.85095109285204, 100.0762766734762, 72.5239716825557, 64.9439021870767, 64.9439021870767, 61.11539039178568, 53.24365716545331, 53.24365716545331, 44.41305027482009, 44.41305027482009, 44.41305027482009, 44.41305027482009, 44.41305027482009, 43.53816845164938, 43.53816845164938, 43.53816845164938, 43.53816845164938, 43.53816845164938, 40.238248434617645], 
[215.26156474566187, 98.31811955724741, 82.29511785310223, 78.53646342415766, 58.46848937027613, 58.46848937027613, 58.34803563901894, 58.34803563901894, 47.41556332840674, 34.78140557865432, 34.29512062334888, 34.29512062334888, 34.29512062334888, 34.29512062334888, 34.29512062334888, 34.29512062334888, 34.29512062334888, 34.29512062334888, 34.29512062334888, 34.29512062334888], 
[117.12464155662407, 117.12464155662407, 91.74638172476878, 67.56412186837407, 67.56412186837407, 47.497716446236204, 47.497716446236204, 37.85485103695866, 37.85485103695866, 37.85485103695866, 37.85485103695866, 37.117446429087806, 35.25490587104988, 35.25490587104988, 35.25490587104988, 35.25490587104988, 35.25490587104988, 35.25490587104988, 33.790694583797084, 33.790694583797084], 
[157.12864701605125, 107.32371807110268, 93.87644132160428, 79.01732238648503, 78.01801704509168, 65.43723579391549, 65.43723579391549, 65.43723579391549, 65.43723579391549, 60.15752275989989, 49.30650145598307, 49.30650145598307, 49.30650145598307, 49.30650145598307, 49.30650145598307, 49.30650145598307, 49.30650145598307, 49.30650145598307, 49.30650145598307, 49.30650145598307], 
[150.33651718385929, 104.87572462433212, 82.38142048889371, 70.44470554510583, 59.40924956127019, 59.40924956127019, 59.40924956127019, 54.59402076536738, 54.59402076536738, 52.15805064191793, 52.15805064191793, 52.15805064191793, 52.15805064191793, 48.55139938767912, 48.55139938767912, 40.00097907269637, 40.00097907269637, 40.00097907269637, 40.00097907269637, 33.08200811860183], 
[155.44644075701655, 92.0752070740593, 83.4276240626387, 83.4276240626387, 67.16651370034656, 63.742023955561, 56.15287559196875, 56.15287559196875, 55.70922625366911, 55.70922625366911, 55.70922625366911, 55.70922625366911, 52.90923238599272, 52.90923238599272, 51.233171094067956, 51.233171094067956, 48.973786985362416, 48.65549981339797, 48.65549981339797, 48.65549981339797], 
[208.5542554194075, 134.03829769626518, 98.73109867229645, 98.73109867229645, 98.73109867229645, 57.27333820236796, 57.27333820236796, 57.27333820236796, 57.27333820236796, 57.27333820236796, 57.27333820236796, 57.27333820236796, 57.27333820236796, 56.64792112291396, 56.64792112291396, 56.64792112291396, 56.64792112291396, 53.55367639785247, 51.60425146937033, 51.60425146937033], 
[178.47398742643662, 125.23179625287567, 87.51880691167533, 77.31622430881329, 57.42412825715679, 57.42412825715679, 57.42412825715679, 57.06470887009728, 57.06470887009728, 57.06470887009728, 57.06470887009728, 57.06470887009728, 57.06470887009728, 40.58193663367646, 40.58193663367646, 40.58193663367646, 40.58193663367646, 40.58193663367646, 36.977434941184605, 30.709517407180986], 
[189.48560122692504, 127.41855194654045, 91.87354660054028, 70.49293819637408, 59.9346759513288, 59.9346759513288, 39.21195060008775, 39.21195060008775, 39.21195060008775, 39.21195060008775, 39.21195060008775, 39.21195060008775, 39.21195060008775, 39.21195060008775, 39.21195060008775, 39.21195060008775, 37.344035887115865, 37.344035887115865, 29.060989917738496, 29.060989917738496], 
[132.61401961104164, 122.37523055774322, 86.01966097151862, 74.49150575747416, 68.47018677556662, 57.243343427014736, 57.243343427014736, 32.0918445071345, 32.0918445071345, 32.0918445071345, 32.0918445071345, 32.0918445071345, 32.0918445071345, 32.0918445071345, 32.0918445071345, 32.0918445071345, 32.0918445071345, 32.0918445071345, 31.517548268101628, 31.517548268101628], 
[181.9820953383845, 118.52947041390634, 108.2352380498782, 84.07264437853657, 68.9492622658537, 68.9492622658537, 68.9492622658537, 68.9492622658537, 68.9492622658537, 65.3028523052408, 57.84541149006054, 57.84541149006054, 57.84541149006054, 57.84541149006054, 57.84541149006054, 57.84541149006054, 57.84541149006054, 57.84541149006054, 57.84541149006054, 56.59610894172823], 
[203.2962694202203, 129.6546677715498, 111.10202987020094, 72.73968091298647, 71.43504256063284, 59.070700537269644, 59.070700537269644, 44.772865296931585, 44.772865296931585, 44.772865296931585, 44.772865296931585, 44.772865296931585, 44.772865296931585, 44.772865296931585, 41.58291546859037, 41.58291546859037, 41.58291546859037, 41.58291546859037, 40.995554649952496, 40.40197558705507], 
[201.8517458254364, 155.25268688724856, 93.79003756252594, 88.914925199989, 65.65610007851699, 65.65610007851699, 65.65610007851699, 60.84269991354675, 60.84269991354675, 60.84269991354675, 49.73977907205267, 49.73977907205267, 49.73977907205267, 49.73977907205267, 49.73977907205267, 36.72198996658359, 36.72198996658359, 36.72198996658359, 36.72198996658359, 36.72198996658359], 
[197.83554074371776, 112.14722053538334, 104.55087005702109, 68.44684764713924, 68.44684764713924, 68.44684764713924, 68.44684764713924, 49.48494672648993, 49.48494672648993, 49.48494672648993, 49.48494672648993, 49.48494672648993, 47.28858229478813, 47.28858229478813, 43.28278207563186, 40.714925702664274, 40.714925702664274, 40.714925702664274, 39.1937062740043, 39.1937062740043], 
[239.4999532561545, 125.39324378795219, 105.00562052886107, 62.27077495406982, 61.94528408992798, 61.94528408992798, 60.38942080723351, 60.38942080723351, 58.77438587092578, 58.77438587092578, 58.77438587092578, 58.77438587092578, 58.60428939108051, 41.92785476594045, 41.92785476594045, 41.92785476594045, 41.92785476594045, 41.92785476594045, 41.92785476594045, 41.92785476594045], 
[169.34527440257062, 129.18373120286324, 110.06311756842987, 85.5344180477662, 56.163687351071815, 56.163687351071815, 56.163687351071815, 56.163687351071815, 56.163687351071815, 56.163687351071815, 56.163687351071815, 55.57121970404534, 47.00573318048441, 47.00573318048441, 47.00573318048441, 47.00573318048441, 47.00573318048441, 47.00573318048441, 47.00573318048441, 47.00573318048441], 
[191.55799438487517, 135.36655064193258, 112.51564744886244, 71.40861614950289, 66.25097973292442, 66.25097973292442, 64.93153868385534, 61.1153171788802, 48.67160726884356, 48.67160726884356, 47.19129512812602, 47.19129512812602, 47.19129512812602, 47.19129512812602, 47.19129512812602, 47.19129512812602, 47.19129512812602, 47.19129512812602, 47.19129512812602, 47.19129512812602], 
[166.04060745947424, 115.97320389493898, 65.46710775906398, 61.95283996235163, 61.95283996235163, 57.4193761685441, 55.24025037761354, 52.98715681256498, 40.40170192448425, 40.40170192448425, 39.36690697575424, 39.36690697575424, 39.36690697575424, 39.36690697575424, 32.65298830010363, 32.65298830010363, 32.65298830010363, 32.65298830010363, 32.65298830010363, 32.65298830010363], 
[200.17745578816206, 100.6999928353317, 97.46418657691436, 66.03531423931932, 58.87502314158189, 58.87502314158189, 56.890025974609216, 48.58086536024455, 48.58086536024455, 43.916291971914454, 43.916291971914454, 43.916291971914454, 43.916291971914454, 43.916291971914454, 38.30698657466411, 38.30698657466411, 20.786972022220468, 20.786972022220468, 20.786972022220468, 20.786972022220468], 
[190.4860075089686, 123.69484408159231, 102.38622505116248, 81.03295789030366, 70.23994511070046, 70.23994511070046, 67.3390805122638, 59.04002878605573, 59.04002878605573, 59.04002878605573, 55.846027708768496, 55.846027708768496, 55.846027708768496, 55.846027708768496, 54.582683796399046, 50.16096660742441, 50.16096660742441, 50.16096660742441, 50.16096660742441, 50.16096660742441], 
[194.17145802569974, 127.51672166388613, 89.34535431891027, 84.02394455619856, 60.311017457887786, 60.311017457887786, 45.57213066363241, 45.57213066363241, 45.57213066363241, 45.57213066363241, 45.57213066363241, 35.22792850866588, 28.930985673718205, 28.930985673718205, 28.930985673718205, 28.930985673718205, 28.930985673718205, 28.930985673718205, 28.930985673718205, 28.930985673718205], 
[161.03055040690052, 140.43846428041206, 101.77493901223535, 59.695184013217386, 58.27084693200837, 58.27084693200837, 58.27084693200837, 58.27084693200837, 58.27084693200837, 36.57362990240793, 36.57362990240793, 36.57362990240793, 36.27787530809517, 36.27787530809517, 36.0205170453578, 36.0205170453578, 35.1477419225552, 35.1477419225552, 35.1477419225552, 33.52378749444024], 
[181.0604898789292, 168.87152309267648, 88.56459633446914, 80.77658063102434, 65.10736327340709, 49.135327303764136, 49.135327303764136, 49.135327303764136, 45.72849857801613, 45.72849857801613, 43.670807857662524, 43.35066704032618, 30.47875786843504, 30.47875786843504, 30.47875786843504, 30.47875786843504, 30.47875786843504, 30.47875786843504, 30.47875786843504, 30.47875786843504], 
[211.5050048539284, 113.35261120396603, 97.2695579846862, 77.37570953749982, 77.37570953749982, 76.2611408332528, 72.34946849631947, 59.60830738794501, 59.60830738794501, 49.6040656303592, 49.6040656303592, 49.6040656303592, 43.707338703574024, 43.707338703574024, 43.707338703574024, 43.2273409536994, 43.2273409536994, 43.2273409536994, 43.2273409536994, 43.2273409536994], 
[163.7501346828204, 123.9250968367661, 104.34064285246596, 69.25569409784916, 69.25569409784916, 69.25569409784916, 60.878811378880236, 60.878811378880236, 60.878811378880236, 60.878811378880236, 58.05449131234556, 58.05449131234556, 58.05449131234556, 58.05449131234556, 58.05449131234556, 53.35521614293313, 53.35521614293313, 48.63560765283157, 48.63560765283157, 48.63560765283157], 
[170.43511582842427, 153.36149577987578, 127.50873370742636, 93.8860320842398, 81.71403064986885, 79.03371279684333, 74.34445423959069, 74.34445423959069, 74.34445423959069, 74.34445423959069, 74.34445423959069, 72.46069712524141, 72.46069712524141, 71.82007503701763, 68.31160968727849, 68.31160968727849, 68.31160968727849, 64.010392600499, 64.010392600499, 64.010392600499], 
[98.05646824185665, 97.92046921114766, 69.85013637623679, 69.85013637623679, 69.85013637623679, 69.85013637623679, 53.85652619537371, 53.85652619537371, 53.85652619537371, 53.85652619537371, 53.85652619537371, 53.85652619537371, 53.85652619537371, 47.371820074048, 46.47130850882283, 44.87233069113451, 44.87233069113451, 43.398635676011935, 43.398635676011935, 43.398635676011935], 
