[2179.1191501843923, 2179.1191501843923, 1565.408873696208, 1565.408873696208, 1565.408873696208, 1565.408873696208, 1565.408873696208, 1565.408873696208, 1565.408873696208, 1565.408873696208, 1565.408873696208, 1565.408873696208, 1565.408873696208, 1565.408873696208, 1565.408873696208, 1565.408873696208, 1565.408873696208, 1565.408873696208, 1565.408873696208, 1500.0686296538029], 
[2125.0088245518155, 2125.0088245518155, 2125.0088245518155, 2125.0088245518155, 1896.211512696772, 1896.211512696772, 1896.211512696772, 1896.211512696772, 1896.211512696772, 1896.211512696772, 1896.211512696772, 1896.211512696772, 1896.211512696772, 1896.211512696772, 1896.211512696772, 1896.211512696772, 1896.211512696772, 1741.5904927205665, 1741.5904927205665, 1741.5904927205665], 
[1732.8744634827622, 1732.8744634827622, 1732.8744634827622, 1732.8744634827622, 1732.8744634827622, 1732.8744634827622, 1732.8744634827622, 1732.8744634827622, 1732.8744634827622, 1619.5796756554564, 1599.8465534876168, 1599.8465534876168, 1599.8465534876168, 1599.8465534876168, 1599.8465534876168, 1599.8465534876168, 1599.8465534876168, 1572.8163080751042, 1572.8163080751042, 1572.8163080751042], 
[1607.8850922051242, 1607.8850922051242, 1607.8850922051242, 1607.8850922051242, 1607.8850922051242, 1607.8850922051242, 1607.8850922051242, 1607.8850922051242, 1126.4747643416858, 1126.4747643416858, 1126.4747643416858, 1126.4747643416858, 1126.4747643416858, 1126.4747643416858, 1126.4747643416858, 1126.4747643416858, 1126.4747643416858, 1126.4747643416858, 1126.4747643416858, 1018.8628408589225], 
[2338.773259742739, 2301.821676433763, 2038.9372592883246, 1911.074072754399, 1911.074072754399, 1911.074072754399, 1911.074072754399, 1911.074072754399, 1911.074072754399, 1911.074072754399, 1911.074072754399, 1911.074072754399, 1911.074072754399, 1911.074072754399, 1911.074072754399, 1781.928384651269, 1781.928384651269, 1781.928384651269, 1781.928384651269, 1781.928384651269], 
[2235.991905564506, 2235.991905564506, 2235.991905564506, 2235.991905564506, 2235.991905564506, 2069.6581927543166, 1752.8298486192311, 1752.8298486192311, 1752.8298486192311, 1752.8298486192311, 1752.8298486192311, 1752.8298486192311, 1752.8298486192311, 1752.8298486192311, 1752.8298486192311, 1752.8298486192311, 1752.8298486192311, 1752.8298486192311, 1752.8298486192311, 1752.8298486192311], 
[2570.970010560575, 2275.4645139930076, 2176.061720905628, 2176.061720905628, 2043.68414078654, 2043.68414078654, 1997.3266481422547, 1911.5725892366822, 1854.9475744963656, 1650.6985904649896, 1650.6985904649896, 1650.6985904649896, 1650.6985904649896, 1650.6985904649896, 1650.6985904649896, 1650.6985904649896, 1650.6985904649896, 1650.6985904649896, 1650.6985904649896, 1650.6985904649896], 
[2114.1591514822235, 1974.5861334782503, 1974.5861334782503, 1974.5861334782503, 1974.5861334782503, 1974.5861334782503, 1974.5861334782503, 1936.829159769905, 1818.7296828364592, 1818.7296828364592, 1818.7296828364592, 1818.7296828364592, 1818.7296828364592, 1818.7296828364592, 1818.7296828364592, 1811.7301697287812, 1657.6181694088782, 1657.6181694088782, 1657.6181694088782, 1657.6181694088782], 
[2390.4086961263715, 2143.2919173626274, 2093.117341643596, 1994.067175722821, 1994.067175722821, 1994.067175722821, 1589.4085483658296, 1589.4085483658296, 1589.4085483658296, 1589.4085483658296, 1589.4085483658296, 1589.4085483658296, 1589.4085483658296, 1589.4085483658296, 1589.4085483658296, 1589.4085483658296, 1589.4085483658296, 1589.4085483658296, 1589.4085483658296, 1589.4085483658296], 
[2503.0138967558123, 2315.26207034903, 2069.0550620551126, 2069.0550620551126, 2069.0550620551126, 2069.0550620551126, 1827.89857842308, 1827.89857842308, 1827.89857842308, 1827.89857842308, 1561.8116927272904, 1561.8116927272904, 1561.8116927272904, 1503.431456365412, 1503.431456365412, 1503.431456365412, 1503.431456365412, 1503.431456365412, 1033.5397339276196, 1033.5397339276196], 
[2181.1574142576483, 1961.8246853159676, 1961.8246853159676, 1961.8246853159676, 1961.8246853159676, 1961.8246853159676, 1961.8246853159676, 1825.3581569714238, 1825.3581569714238, 1782.164333630864, 1782.164333630864, 1782.164333630864, 1733.2833000688925, 1733.2833000688925, 1733.2833000688925, 1733.2833000688925, 1733.2833000688925, 1733.2833000688925, 1592.0572636580396, 1592.0572636580396], 
[2328.4523135125523, 2328.4523135125523, 2081.8551150311446, 2081.8551150311446, 2081.8551150311446, 2081.8551150311446, 1941.656501915123, 1941.656501915123, 1941.656501915123, 1941.656501915123, 1941.656501915123, 1941.656501915123, 1899.8407354172682, 1899.8407354172682, 1899.8407354172682, 1536.4787876157343, 1536.4787876157343, 1536.4787876157343, 1536.4787876157343, 1536.4787876157343], 
[2380.702755262962, 1970.4640063924116, 1970.4640063924116, 1970.4640063924116, 1970.4640063924116, 1892.543149275196, 1892.543149275196, 1892.543149275196, 1614.6198974745457, 1614.6198974745457, 1614.6198974745457, 1614.6198974745457, 1128.4745501420516, 1128.4745501420516, 1128.4745501420516, 1128.4745501420516, 1128.4745501420516, 1128.4745501420516, 1128.4745501420516, 1128.4745501420516], 
[2359.798885468169, 1921.3160300717432, 1921.3160300717432, 1921.3160300717432, 1917.3108778622645, 1917.3108778622645, 1917.3108778622645, 1917.3108778622645, 1917.3108778622645, 1917.3108778622645, 1644.6099786208097, 1644.6099786208097, 1335.2492245911167, 1335.2492245911167, 1335.2492245911167, 1251.1014432246816, 1251.1014432246816, 1251.1014432246816, 1251.1014432246816, 1251.1014432246816], 
[2108.756763469404, 2108.756763469404, 2108.756763469404, 2108.756763469404, 2108.756763469404, 2108.644961549658, 2108.644961549658, 1955.682122138087, 1955.682122138087, 1955.682122138087, 1955.682122138087, 1935.4626974268094, 1935.4626974268094, 1905.4789680013887, 1905.4789680013887, 1769.8978628927493, 1632.8115510536518, 1632.8115510536518, 1632.8115510536518, 1632.8115510536518], 
[2515.4122105316856, 2420.927952526131, 2044.064144298059, 1999.1448536963399, 1774.3070877194705, 1774.3070877194705, 1774.3070877194705, 1774.3070877194705, 1774.3070877194705, 1774.3070877194705, 1774.3070877194705, 1774.3070877194705, 1774.3070877194705, 1774.3070877194705, 1774.3070877194705, 1774.3070877194705, 1774.3070877194705, 1774.3070877194705, 1774.3070877194705, 1774.3070877194705], 
[2525.3496187736646, 2020.0554931832226, 2020.0554931832226, 2020.0554931832226, 1908.7118285361053, 1908.7118285361053, 1908.7118285361053, 1908.7118285361053, 1819.5449446889234, 1819.5449446889234, 1819.5449446889234, 1819.5449446889234, 1819.5449446889234, 1819.5449446889234, 1819.5449446889234, 1819.5449446889234, 1819.5449446889234, 1819.5449446889234, 1298.4878833437356, 1298.4878833437356], 
[2175.1554035039726, 2175.1554035039726, 2175.1554035039726, 2175.1554035039726, 2175.1554035039726, 2175.1554035039726, 2175.1554035039726, 2001.6370329526235, 2001.6370329526235, 2001.6370329526235, 2001.6370329526235, 2001.6370329526235, 2001.6370329526235, 1964.1583569306586, 1964.1583569306586, 1964.1583569306586, 1964.1583569306586, 1964.1583569306586, 1964.1583569306586, 1964.1583569306586], 
[2572.296960159949, 2273.8799896007513, 2273.8799896007513, 2191.323099136639, 2191.323099136639, 2008.7309589425122, 2008.7309589425122, 2008.7309589425122, 2008.7309589425122, 1993.6211473160633, 1806.7681492011552, 1806.7681492011552, 1806.7681492011552, 1780.1634986164595, 1780.1634986164595, 1514.3714198193134, 1514.3714198193134, 1514.3714198193134, 1514.3714198193134, 1514.3714198193134], 
[2272.6654134541614, 2272.6654134541614, 2272.6654134541614, 2219.8321471642857, 2219.8321471642857, 2219.8321471642857, 1978.3359755784713, 1859.6289734671923, 1859.6289734671923, 1859.6289734671923, 1805.4650385832351, 1805.4650385832351, 1805.4650385832351, 1805.4650385832351, 1805.4650385832351, 1805.4650385832351, 1805.4650385832351, 1805.4650385832351, 1805.4650385832351, 1805.4650385832351], 
[2352.8155593815786, 2115.8521134599437, 2115.8521134599437, 2091.298833822791, 2091.298833822791, 2091.298833822791, 2091.298833822791, 2091.298833822791, 2091.298833822791, 1611.5041652896975, 1611.5041652896975, 1611.5041652896975, 1611.5041652896975, 1611.5041652896975, 1611.5041652896975, 1611.5041652896975, 1611.5041652896975, 1422.2802258990432, 1265.829083903076, 1265.829083903076], 
[2271.727723207004, 2077.5651478567474, 1966.5149173438208, 1966.5149173438208, 1966.5149173438208, 1966.5149173438208, 1966.5149173438208, 1966.5149173438208, 1630.5129087962355, 1630.5129087962355, 1630.5129087962355, 1630.5129087962355, 1630.5129087962355, 1563.7317513418093, 1563.7317513418093, 1563.7317513418093, 1563.7317513418093, 1563.7317513418093, 1563.7317513418093, 1497.5923142854522], 
[2374.5135977884765, 2139.5961892892947, 1941.2432205890232, 1941.2432205890232, 1476.3934992258432, 1476.3934992258432, 1476.3934992258432, 1476.3934992258432, 1476.3934992258432, 1476.3934992258432, 1476.3934992258432, 1476.3934992258432, 1476.3934992258432, 1476.3934992258432, 1431.3126892828482, 1431.3126892828482, 1431.3126892828482, 1431.3126892828482, 1431.3126892828482, 1431.3126892828482], 
[2360.6377616765067, 2307.4064091023174, 2134.911602298348, 2120.6580330719107, 1688.7787691776102, 1688.7787691776102, 1688.7787691776102, 1688.7787691776102, 1688.7787691776102, 1688.7787691776102, 1688.7787691776102, 1688.7787691776102, 1658.9939362136165, 1603.7879303394093, 1603.7879303394093, 1600.756324277168, 1600.756324277168, 1600.756324277168, 1600.756324277168, 1429.467526453277], 
[2276.4174966375476, 1978.9414191096025, 1978.9414191096025, 1978.9414191096025, 1978.9414191096025, 1978.9414191096025, 1978.9414191096025, 1887.5668255244304, 1887.5668255244304, 1887.5668255244304, 1887.5668255244304, 1887.5668255244304, 1887.5668255244304, 1785.0196187511256, 1785.0196187511256, 1785.0196187511256, 1785.0196187511256, 1785.0196187511256, 1641.461614691651, 1641.461614691651], 
[2051.015847758159, 2051.015847758159, 2051.015847758159, 2051.015847758159, 2051.015847758159, 2051.015847758159, 2051.015847758159, 2033.5935727460055, 1773.7063596172725, 1773.7063596172725, 1773.7063596172725, 1772.1813324464838, 1772.1813324464838, 1772.1813324464838, 1772.1813324464838, 1772.1813324464838, 1772.1813324464838, 1772.1813324464838, 1756.9018785305311, 1756.9018785305311], 
[2377.69384671599, 2104.598576335053, 2104.598576335053, 2104.598576335053, 2104.598576335053, 2104.598576335053, 2011.5887617224712, 2011.5887617224712, 1305.654001866239, 1305.654001866239, 1305.654001866239, 1305.654001866239, 1305.654001866239, 1305.654001866239, 1305.654001866239, 1305.654001866239, 1305.654001866239, 1305.654001866239, 1305.654001866239, 1216.727022694457], 
[2681.020104731727, 2507.7783309433757, 2368.7986976090833, 2305.644003766991, 2044.3463029157651, 2044.3463029157651, 2044.3463029157651, 2044.3463029157651, 2044.3463029157651, 2044.3463029157651, 2044.3463029157651, 1920.7948996042537, 1920.7948996042537, 1920.7948996042537, 1920.7948996042537, 1920.7948996042537, 1901.5058839760718, 1901.5058839760718, 1901.5058839760718, 1901.5058839760718], 
[2516.0594834979383, 2375.9520437795018, 2286.213756818028, 2150.242627753698, 1369.0544558856964, 1369.0544558856964, 1369.0544558856964, 1369.0544558856964, 1369.0544558856964, 1369.0544558856964, 1369.0544558856964, 1244.7226625149106, 1244.7226625149106, 1244.7226625149106, 1244.7226625149106, 1244.7226625149106, 1244.7226625149106, 1244.7226625149106, 1244.7226625149106, 1244.7226625149106], 
[2278.8896512908123, 1607.5566433008821, 1607.5566433008821, 1607.5566433008821, 1607.5566433008821, 1607.5566433008821, 1607.5566433008821, 1607.5566433008821, 1607.5566433008821, 1607.5566433008821, 1607.5566433008821, 1607.5566433008821, 1544.4097469317726, 1389.021295957251, 1389.021295957251, 1389.021295957251, 1389.021295957251, 1389.021295957251, 1389.021295957251, 1389.021295957251], 
