[327.88363622637155, 195.77982486758515, 137.73185039354365, 114.04500312641076, 94.34227970711098, 94.34227970711098, 72.43160394378832, 72.43160394378832, 72.43160394378832, 67.54864503966398, 67.54864503966398, 65.02276755174896, 65.02276755174896, 65.02276755174896, 65.02276755174896, 65.02276755174896, 65.02276755174896, 65.02276755174896, 65.02276755174896, 65.02276755174896], 
[416.1017824926537, 219.5587887603018, 116.83555495464691, 92.14597764042462, 92.14597764042462, 92.14597764042462, 81.70794880510898, 81.70794880510898, 81.70794880510898, 61.49846926963282, 61.49846926963282, 61.49846926963282, 57.22020412134448, 57.22020412134448, 53.76312634469983, 53.76312634469983, 53.76312634469983, 53.76312634469983, 53.76312634469983, 53.76312634469983], 
[396.50047666078774, 199.52520696213077, 116.12843604713856, 104.32463762468734, 98.49123098095568, 91.8825205651702, 86.47584081406657, 86.47584081406657, 80.82430690920515, 72.23623194968516, 72.23623194968516, 65.7293834991248, 64.1370890342003, 64.1370890342003, 64.1370890342003, 64.1370890342003, 64.1370890342003, 61.89822490536102, 61.85245502225191, 61.85245502225191], 
[257.37595322109075, 208.18973834565247, 128.18903188642818, 87.58118961948034, 87.58118961948034, 87.58118961948034, 71.61295055988118, 71.61295055988118, 71.61295055988118, 71.61295055988118, 71.61295055988118, 69.89540041725436, 69.89540041725436, 69.89540041725436, 69.89540041725436, 69.89540041725436, 69.89540041725436, 57.175930892782915, 57.175930892782915, 57.175930892782915], 
[346.62107542508375, 212.1871345803633, 123.58692706009892, 90.61216644200672, 87.38676579066063, 73.29585212469908, 73.29585212469908, 73.29585212469908, 51.718207603926324, 51.718207603926324, 51.718207603926324, 51.718207603926324, 51.718207603926324, 51.718207603926324, 51.718207603926324, 51.718207603926324, 51.718207603926324, 51.718207603926324, 51.718207603926324, 51.718207603926324], 
[363.43089913644593, 168.27332474940084, 95.85050542623286, 95.85050542623286, 94.54117696385131, 89.73908982785295, 89.73908982785295, 89.07567244750999, 89.07567244750999, 70.712185306011, 70.712185306011, 70.712185306011, 70.712185306011, 70.712185306011, 70.712185306011, 60.315210746503915, 60.315210746503915, 56.88383938126369, 56.88383938126369, 56.88383938126369], 
[374.15902164260706, 216.85806655228214, 142.0398019132358, 96.77637918295741, 91.77101997935961, 84.12392355004644, 84.12392355004644, 84.12392355004644, 79.26018187117123, 79.26018187117123, 77.191234578125, 77.191234578125, 73.2160258679057, 73.2160258679057, 73.2160258679057, 73.2160258679057, 73.2160258679057, 73.2160258679057, 73.2160258679057, 47.524528364422515], 
[328.2250922625181, 179.82131075809895, 125.636416881754, 111.15454752602095, 98.19204850947784, 80.15035109855646, 80.15035109855646, 71.97746740663811, 71.97746740663811, 67.51266287701836, 67.51266287701836, 61.36134498816156, 56.32082674560081, 56.32082674560081, 56.32082674560081, 56.32082674560081, 56.32082674560081, 56.32082674560081, 56.32082674560081, 56.32082674560081], 
[358.81823260529967, 214.46021512296971, 131.00388671369342, 101.33257120717755, 80.51419014207282, 80.51419014207282, 80.51419014207282, 72.09675364753272, 72.09675364753272, 72.09675364753272, 72.09675364753272, 72.09675364753272, 72.09675364753272, 72.09675364753272, 72.09675364753272, 69.21336166420537, 69.21336166420537, 69.21336166420537, 69.21336166420537, 58.84862233278827], 
[279.50741902917684, 201.69996409328303, 112.39086631147597, 112.39086631147597, 105.86302303357525, 101.49334199001052, 88.71452447858965, 81.18302961696111, 81.18302961696111, 70.85029027792379, 62.58518265634575, 62.58518265634575, 62.58518265634575, 62.58518265634575, 62.58518265634575, 62.58518265634575, 54.08474637058535, 54.08474637058535, 54.08474637058535, 54.08474637058535], 
[353.63119123239795, 188.6965203903598, 125.65993442792953, 89.63935751073055, 89.63935751073055, 79.94683918197445, 79.94683918197445, 77.83419813298806, 74.05155167987043, 49.091005004078845, 49.091005004078845, 49.091005004078845, 49.091005004078845, 49.091005004078845, 49.091005004078845, 49.091005004078845, 49.091005004078845, 49.091005004078845, 49.091005004078845, 49.091005004078845], 
[293.29570906652225, 219.55290910045755, 143.57507865820736, 110.52910788465404, 101.53232016135958, 101.53232016135958, 97.27683852590278, 91.89229882345728, 81.57179302745354, 81.57179302745354, 81.57179302745354, 72.09723395893656, 72.09723395893656, 72.09723395893656, 71.07929449680805, 65.37824190873386, 63.89100125515307, 63.89100125515307, 63.89100125515307, 63.89100125515307], 
[302.19293464577277, 184.1470528517929, 121.57652050797068, 107.5783433278666, 93.27627766285698, 93.27627766285698, 93.27627766285698, 93.27627766285698, 91.97232608260927, 65.34809286408677, 65.34809286408677, 65.34809286408677, 65.34809286408677, 63.12471431521957, 63.12471431521957, 63.12471431521957, 63.12471431521957, 60.65467597283471, 60.65467597283471, 52.90859786426597], 
[371.2641608644297, 149.41940002650475, 123.91672425360527, 97.1359260639186, 78.2714486209718, 78.2714486209718, 78.2714486209718, 77.27304989392266, 77.27304989392266, 74.24374144855189, 73.83020198433934, 71.0405382804499, 64.9921301783258, 64.9921301783258, 64.9921301783258, 59.633016020825124, 59.633016020825124, 59.633016020825124, 59.633016020825124, 59.633016020825124], 
[309.32815055608313, 180.0182350939292, 106.19834016625282, 93.70304877928933, 89.93740913993406, 89.93740913993406, 89.93740913993406, 84.60877268222181, 66.14681236827599, 66.14681236827599, 66.14681236827599, 66.14681236827599, 57.651399427348835, 57.651399427348835, 57.651399427348835, 45.75429096858336, 45.75429096858336, 45.75429096858336, 45.75429096858336, 45.75429096858336], 
[353.88479451899656, 226.19815335451122, 97.06996036912314, 97.06996036912314, 81.3181752085821, 79.59856681609918, 79.59856681609918, 79.59856681609918, 69.01987689284887, 66.70218564664248, 66.70218564664248, 66.70218564664248, 66.70218564664248, 62.34998067892522, 62.34998067892522, 62.34998067892522, 62.34998067892522, 62.34998067892522, 62.34998067892522, 58.156612100327564], 
[336.6085158021308, 155.43207908773488, 123.00603784964142, 92.95496151251638, 92.8858696242825, 92.8858696242825, 70.5672604675166, 70.5672604675166, 70.5672604675166, 70.5672604675166, 55.06761031899852, 55.06761031899852, 52.8336035044711, 52.8336035044711, 52.8336035044711, 52.8336035044711, 52.8336035044711, 52.8336035044711, 52.8336035044711, 43.90349959241988], 
[278.0028904695577, 177.83700589203102, 118.90077481625804, 84.36741925452941, 84.36741925452941, 78.54719338650042, 77.40965559086436, 77.40965559086436, 77.40965559086436, 64.2872596768264, 64.2872596768264, 64.2872596768264, 64.2872596768264, 64.2872596768264, 56.398430832124106, 56.398430832124106, 56.398430832124106, 56.398430832124106, 56.398430832124106, 56.398430832124106], 
[370.88227183060604, 159.84714986348007, 90.95636283952886, 90.95636283952886, 90.95636283952886, 90.95636283952886, 90.95636283952886, 77.04003545563187, 76.82612037381867, 76.82612037381867, 76.82612037381867, 64.86240950060319, 64.86240950060319, 64.86240950060319, 64.86240950060319, 64.86240950060319, 64.86240950060319, 62.77669033645946, 62.77669033645946, 62.77669033645946], 
[406.3877076218986, 222.54344991396545, 99.30456716075814, 89.67796214317121, 89.67796214317121, 89.67796214317121, 75.92795303736192, 75.92795303736192, 75.92795303736192, 59.762453843694416, 59.762453843694416, 55.5711362863502, 55.5711362863502, 55.5711362863502, 55.5711362863502, 55.5711362863502, 55.5711362863502, 55.5711362863502, 55.5711362863502, 55.5711362863502], 
[350.78962351890107, 176.10731686715314, 121.61804363509361, 100.35282136291347, 100.35282136291347, 97.08226164010489, 91.76081039706543, 73.36749922953292, 73.36749922953292, 73.36749922953292, 73.36749922953292, 73.36749922953292, 73.36749922953292, 73.36749922953292, 73.36749922953292, 73.36749922953292, 73.36749922953292, 73.36749922953292, 73.36749922953292, 73.36749922953292], 
[371.02051338103126, 193.06647928059908, 113.21012713790891, 95.10137792933284, 93.41005534965849, 93.41005534965849, 90.2917087481711, 86.60107484839523, 86.60107484839523, 86.60107484839523, 75.0161784758422, 75.0161784758422, 70.06380358628012, 56.97018303784236, 56.97018303784236, 56.97018303784236, 56.97018303784236, 44.66191169303245, 44.66191169303245, 44.66191169303245], 
[294.1798894400259, 149.77628453789342, 110.18110093253954, 85.50817367458109, 85.50817367458109, 70.73245896291549, 70.73245896291549, 70.73245896291549, 70.73245896291549, 70.73245896291549, 69.63136505798718, 69.63136505798718, 69.63136505798718, 69.63136505798718, 69.63136505798718, 69.63136505798718, 69.63136505798718, 69.63136505798718, 64.5124273202753, 58.66267516880772], 
[381.9308031195748, 169.56016148520192, 124.83242519810196, 101.1911720596714, 101.1911720596714, 98.63206512327164, 98.63206512327164, 91.88683100700251, 91.88683100700251, 51.72193662894044, 51.72193662894044, 51.72193662894044, 51.72193662894044, 51.72193662894044, 51.72193662894044, 51.72193662894044, 44.71143395047458, 44.71143395047458, 44.71143395047458, 44.71143395047458], 
[317.8279258685052, 139.12248373659696, 108.34450681329224, 106.16149382032759, 84.34457745643715, 84.34457745643715, 84.34457745643715, 69.26099629145733, 63.699591461364165, 63.699591461364165, 63.699591461364165, 63.699591461364165, 63.699591461364165, 63.699591461364165, 63.699591461364165, 63.699591461364165, 63.699591461364165, 48.520482463989616, 48.520482463989616, 48.520482463989616], 
[282.1726763103733, 208.0392645219788, 110.07109114703428, 105.21959906206004, 105.21959906206004, 100.22809755220837, 100.22809755220837, 81.15966897825703, 78.8732017167717, 78.8732017167717, 78.8732017167717, 78.5529750222482, 78.5529750222482, 78.5529750222482, 74.52691313084571, 73.11567708033398, 73.11567708033398, 73.11567708033398, 73.11567708033398, 71.31848699654972], 
[248.7616428416609, 192.1240366814306, 121.02640607624728, 77.07628169693604, 77.07628169693604, 77.07628169693604, 77.07628169693604, 77.07628169693604, 77.07628169693604, 75.23071800923555, 74.6713041841227, 74.6713041841227, 72.84938627578543, 72.84938627578543, 72.84938627578543, 54.784483869654295, 54.784483869654295, 54.784483869654295, 54.784483869654295, 54.784483869654295], 
[298.74255305606664, 183.05065797892956, 109.81721356023967, 109.04987602593198, 86.88886549422993, 86.88886549422993, 86.88886549422993, 61.25316176567469, 61.25316176567469, 61.25316176567469, 61.25316176567469, 44.84050688549478, 44.84050688549478, 44.84050688549478, 44.84050688549478, 44.84050688549478, 44.84050688549478, 44.84050688549478, 44.84050688549478, 44.84050688549478], 
[320.30684867616833, 213.66401745450923, 131.22777462921314, 99.80416247246731, 96.83515031555771, 96.83515031555771, 96.83515031555771, 85.35922024756216, 65.45910748176975, 65.45910748176975, 65.45910748176975, 63.667100929294634, 63.667100929294634, 63.667100929294634, 62.95329515280062, 62.95329515280062, 62.043174503679204, 62.043174503679204, 62.043174503679204, 60.21658704529244], 
[364.4163949423847, 168.2094614531755, 103.86127558373806, 98.09517925558643, 90.24159836701595, 90.24159836701595, 77.60321163983855, 67.9962191310744, 67.9962191310744, 65.30435136514859, 65.30435136514859, 65.30435136514859, 46.77327261538328, 46.77327261538328, 46.77327261538328, 46.77327261538328, 46.77327261538328, 46.77327261538328, 46.77327261538328, 46.77327261538328], 
