[17960.428595533274, 3250.565960811994, 209.84074898512566, 14.896423546919646, 8.65506049633262, 8.215859988833483, 7.122470981595968, 7.122470981595968, 6.5323704131280795, 3.625573469039436, 3.625573469039436, 3.625573469039436, 3.625573469039436, 3.625573469039436, 3.625573469039436, 3.625573469039436, 3.625573469039436, 3.625573469039436, 3.625573469039436, 3.625573469039436], 
[4738.982987891912, 407.16088216178184, 28.45756203283996, 6.7401576520399775, 6.7401576520399775, 6.7401576520399775, 5.754864013453369, 5.058426678581341, 5.058426678581341, 5.058426678581341, 5.058426678581341, 5.002646889138383, 5.002646889138383, 5.002646889138383, 5.002646889138383, 5.002646889138383, 5.002646889138383, 2.6160139967046705, 2.6160139967046705, 2.6160139967046705], 
[26022.961058814355, 514.7864751104265, 233.70124627672644, 19.861723622351292, 7.573973532293843, 7.573973532293843, 7.193725402586546, 4.980208660535801, 4.914975051618119, 4.914975051618119, 4.914975051618119, 4.914975051618119, 4.239487498471764, 4.239487498471764, 4.239487498471764, 4.00810442344164, 4.00810442344164, 4.00810442344164, 4.00810442344164, 4.00810442344164], 
[15218.369893840756, 7474.5782466407545, 23.005289622291208, 13.876812021383284, 10.247919353124821, 10.247919353124821, 7.30376257233006, 5.7612682504184285, 5.7612682504184285, 5.157896755958278, 5.157896755958278, 5.157896755958278, 5.157896755958278, 5.157896755958278, 5.157896755958278, 5.157896755958278, 3.894492951557508, 3.894492951557508, 3.894492951557508, 3.894492951557508], 
[38487.63309945081, 5781.921536136823, 460.58574909946793, 23.287593872031408, 10.487123294586182, 8.803886967785125, 8.803886967785125, 8.43061593849777, 4.4783344485791226, 4.4783344485791226, 4.4783344485791226, 4.4783344485791226, 4.4783344485791226, 4.4783344485791226, 3.7530514620176487, 3.7530514620176487, 3.5990752480079653, 3.5990752480079653, 3.5990752480079653, 3.5990752480079653], 
[55613.17331228919, 2555.6916902066146, 143.70385889651465, 24.457619843812054, 12.416810850303802, 9.800379102990345, 8.796423379145732, 6.90880799393705, 6.694840741291104, 5.93338409507162, 5.879015553703141, 5.879015553703141, 5.879015553703141, 5.879015553703141, 5.879015553703141, 4.82398515250651, 4.82398515250651, 4.82398515250651, 4.82398515250651, 4.82398515250651], 
[7013.978269475143, 4886.068483219144, 865.8071066672454, 10.107859287988092, 7.481263427169078, 7.481263427169078, 7.058382112065427, 7.058382112065427, 7.058382112065427, 4.530462183094853, 4.530462183094853, 4.530462183094853, 4.530462183094853, 4.530462183094853, 4.330415805416385, 4.330415805416385, 4.330415805416385, 4.330415805416385, 4.330415805416385, 4.330415805416385], 
[23955.145244151936, 3494.6406441475206, 25.545108523144794, 15.79874403422625, 10.46957381970717, 7.531576908645047, 6.898485114670768, 6.898485114670768, 6.898485114670768, 6.116075524354146, 6.116075524354146, 6.116075524354146, 6.116075524354146, 5.895881240070971, 5.378169060775994, 3.7888957661289107, 3.7888957661289107, 3.7888957661289107, 3.7888957661289107, 3.7888957661289107], 
[30255.19656725553, 578.1384009412213, 103.34372453924558, 9.761639401813962, 8.67455645267897, 6.656636777836314, 5.090000187736318, 5.090000187736318, 5.090000187736318, 5.090000187736318, 5.090000187736318, 5.090000187736318, 5.090000187736318, 5.090000187736318, 3.983331336546871, 3.766987123475257, 3.766987123475257, 3.766987123475257, 3.766987123475257, 3.766987123475257], 
[20984.323508593818, 358.868241571571, 200.28251559443308, 38.130630668590335, 13.339642184032273, 9.030869716218872, 4.668092579626849, 3.5902006229879384, 3.5902006229879384, 3.5902006229879384, 3.5902006229879384, 3.5902006229879384, 3.5902006229879384, 3.5902006229879384, 3.5902006229879384, 3.5391859514087636, 2.8707688220100622, 2.8707688220100622, 2.8707688220100622, 2.8707688220100622], 
[8327.610678646997, 631.7118104753727, 85.38502328656942, 14.036383589114116, 9.503569779411395, 8.270169023576548, 7.8641310222668785, 6.975581214021313, 4.163219302316036, 4.163219302316036, 4.163219302316036, 4.163219302316036, 4.163219302316036, 4.163219302316036, 4.163219302316036, 4.163219302316036, 3.8644965362261248, 3.539752085627805, 3.539752085627805, 2.765745263526811], 
[4977.40178722455, 3831.484274034382, 374.82954417879654, 23.394718491660036, 11.574195961442593, 10.203464959384217, 10.203464959384217, 8.785347006385603, 8.295990334767408, 7.738680780464635, 7.033293218616989, 5.705117255927143, 5.684564639435591, 5.36848757203406, 5.36848757203406, 5.36848757203406, 5.36848757203406, 5.36848757203406, 3.6292719334513475, 3.6292719334513475], 
[50930.31460106158, 716.8719663408582, 386.6458430823845, 30.532756609576197, 11.836048994581008, 8.160061095615102, 7.746529674638425, 6.272538165410987, 6.272538165410987, 6.272538165410987, 5.969596939298157, 5.039913313838241, 5.039913313838241, 5.039913313838241, 4.818215201581007, 4.818215201581007, 4.818215201581007, 3.671364353649717, 3.671364353649717, 3.671364353649717], 
[18099.134132664443, 839.4139736735897, 47.64399211331315, 10.61001032002633, 10.61001032002633, 6.130369436296943, 6.130369436296943, 6.130369436296943, 5.903229107899789, 5.903229107899789, 4.803871867657123, 4.803871867657123, 4.803871867657123, 4.803871867657123, 3.286926573003409, 2.673196499130553, 2.673196499130553, 2.673196499130553, 2.673196499130553, 2.673196499130553], 
[11566.92989420112, 1832.8676687925067, 98.5799808221927, 10.709201976496843, 10.709201976496843, 8.113038508682903, 5.911940922954255, 5.911940922954255, 4.699947431982894, 4.699947431982894, 4.699947431982894, 4.408210945029417, 3.8575919271765033, 3.8575919271765033, 3.8575919271765033, 3.8575919271765033, 3.635874231164313, 3.635874231164313, 3.635874231164313, 3.635874231164313], 
[35641.77457364713, 2389.4147234238735, 70.17276906425171, 13.274118742419352, 9.379070111416699, 7.767644085734171, 7.116518839113652, 7.116518839113652, 7.116518839113652, 5.174699165362948, 4.240170200997928, 4.240170200997928, 4.240170200997928, 4.240170200997928, 4.240170200997928, 4.240170200997928, 4.240170200997928, 4.240170200997928, 4.240170200997928, 3.6925881113062236], 
[20340.715811773614, 704.3051112523134, 29.028148970905715, 15.227835834781985, 6.780854137326472, 6.780854137326472, 6.780854137326472, 6.780854137326472, 6.780854137326472, 5.602760236947908, 5.578665109184641, 5.578665109184641, 5.578665109184641, 4.964103605436891, 4.964103605436891, 3.705146177703253, 3.705146177703253, 3.705146177703253, 3.705146177703253, 3.705146177703253], 
[5156.152879077619, 231.1910716444256, 58.38868165993674, 13.624958213054374, 5.533296049776769, 5.533296049776769, 5.533296049776769, 5.533296049776769, 5.2616668989988415, 5.2616668989988415, 5.2616668989988415, 5.2616668989988415, 4.937192182300619, 4.3510805988189425, 4.3510805988189425, 4.3510805988189425, 4.237609365495186, 4.237609365495186, 4.237609365495186, 2.5680940097165017], 
[11938.9510593044, 1972.8467830230143, 106.4953545180412, 14.396357926650754, 8.22730015710252, 8.22730015710252, 7.014668241223742, 5.932006885555432, 5.932006885555432, 4.94260460413207, 4.94260460413207, 3.8886064115032637, 3.8886064115032637, 3.8886064115032637, 3.8886064115032637, 3.8886064115032637, 3.8886064115032637, 3.8886064115032637, 1.5699932721263066, 1.5699932721263066], 
[4874.034672528847, 830.7398926401357, 67.69761265274597, 13.251766042746103, 6.24544592497906, 6.24544592497906, 5.200089913350897, 5.200089913350897, 5.200089913350897, 5.200089913350897, 4.640404891148514, 4.640404891148514, 4.640404891148514, 4.640404891148514, 4.524164717906304, 4.524164717906304, 4.524164717906304, 4.524164717906304, 4.524164717906304, 4.524164717906304], 
[85456.65492419824, 11931.813702267336, 382.2808811432003, 32.24372967067202, 8.280399179552422, 8.280399179552422, 5.767133983461196, 4.846093232340106, 4.846093232340106, 4.692126083905221, 4.692126083905221, 4.692126083905221, 4.692126083905221, 4.692126083905221, 4.692126083905221, 4.692126083905221, 4.692126083905221, 4.692126083905221, 4.692126083905221, 4.009232734567853], 
[25037.069088763496, 1021.6828672523854, 21.567383660376702, 12.00532044940844, 10.08230986941507, 7.690869910395306, 7.690869910395306, 3.824210928843881, 3.824210928843881, 3.824210928843881, 3.3289195500517605, 3.3289195500517605, 3.3289195500517605, 3.3289195500517605, 3.3289195500517605, 3.3289195500517605, 2.778413110336755, 2.778413110336755, 2.778413110336755, 2.778413110336755], 
[15431.617427158548, 792.9905611124017, 151.6023481278553, 13.080745927047358, 8.075950356767818, 8.075950356767818, 7.683905792207142, 7.683905792207142, 5.886216976317169, 5.886216976317169, 5.886216976317169, 5.886216976317169, 5.886216976317169, 4.654683634582082, 4.654683634582082, 4.654683634582082, 4.654683634582082, 4.654683634582082, 4.654683634582082, 4.516537560376166], 
[30432.401417562916, 5720.866235494359, 315.79278270181993, 63.66829679981928, 12.994837896702405, 10.876297963764227, 7.264507789850425, 6.112352102373162, 4.286884366711217, 4.286884366711217, 4.286884366711217, 4.286884366711217, 3.309942063629725, 3.309942063629725, 3.309942063629725, 3.309942063629725, 3.309942063629725, 3.1156882864833326, 3.0322882606112658, 3.0322882606112658], 
[1367.5349468345275, 147.3327299290533, 37.255881344481054, 14.298735891059527, 6.46122933958301, 6.46122933958301, 3.3099945683119207, 3.3099945683119207, 3.3099945683119207, 3.3099945683119207, 3.3099945683119207, 3.3099945683119207, 3.3099945683119207, 3.3099945683119207, 3.3099945683119207, 3.3099945683119207, 3.3099945683119207, 3.3099945683119207, 3.21712797850849, 3.21712797850849], 
[21397.7383586188, 2570.277758527048, 159.2009204699475, 12.165213192337767, 11.975312218447431, 9.140555385595231, 9.134705920067201, 7.946665297205038, 5.133022621882542, 5.133022621882542, 4.979703898312971, 4.979703898312971, 4.979703898312971, 4.902300201272794, 4.902300201272794, 4.902300201272794, 4.902300201272794, 4.902300201272794, 3.78354991888172, 3.78354991888172], 
[10959.781698730327, 966.336797540467, 90.3433953242498, 10.914854792076683, 10.037696255975458, 6.905715626821627, 6.905715626821627, 6.650820494073682, 6.600066584875332, 6.397468773189445, 6.397468773189445, 6.227616475848226, 6.227616475848226, 6.227616475848226, 5.185047971764953, 5.185047971764953, 5.185047971764953, 5.185047971764953, 5.185047971764953, 5.185047971764953], 
[1766.6247794329859, 1204.2597212165103, 161.18100232364162, 17.82296061649527, 11.05311267800485, 7.422867769481939, 7.422867769481939, 6.444448659146776, 6.444448659146776, 5.490748535092323, 5.490748535092323, 5.490748535092323, 4.9985184957597895, 4.9985184957597895, 4.505682695112739, 4.505682695112739, 4.505682695112739, 4.505682695112739, 3.4608307819079327, 3.4608307819079327], 
[11996.885529623456, 639.911957707523, 76.5201697391635, 17.603791421735814, 7.045128311823419, 6.18075859665989, 6.18075859665989, 6.033107296293238, 5.486421646262944, 5.486421646262944, 4.714972839038436, 4.052921459041965, 4.052921459041965, 4.052921459041965, 4.052921459041965, 4.052921459041965, 3.2287976426107097, 3.2287976426107097, 3.2287976426107097, 3.2287976426107097], 
[18449.78229517417, 1529.0401469623514, 189.9492461850047, 9.08711227017655, 8.76066395698385, 8.76066395698385, 5.676382828354538, 5.676382828354538, 5.676382828354538, 5.676382828354538, 5.676382828354538, 5.6462777980847, 5.6462777980847, 4.247681371539577, 4.247681371539577, 4.247681371539577, 4.247681371539577, 4.247681371539577, 4.247681371539577, 4.247681371539577], 
