[1027.7422499589788, 664.3791376126118, 457.55118108483833, 451.3236031095177, 428.3572944792294, 427.47999160348195, 417.07756020646104, 410.9304008695167, 409.6252281672754, 407.6495826659862, 404.2995270598672, 404.1176077887804, 402.9911331149323, 402.3424757166117, 401.438557804473, 400.6514546229085, 400.6514546229085, 400.6514546229085, 400.6514546229085, 400.6022387998146], 
[767.2404281124705, 505.56849934641326, 478.9375794551424, 439.22014751161197, 427.3057771090117, 406.6222512529165, 406.6222512529165, 406.6222512529165, 403.55863131720423, 402.4016011740906, 402.2690731882591, 401.7735402986222, 401.2899146495384, 401.2899146495384, 401.21293519930356, 400.6872094662475, 400.53556150567573, 400.4990789634784, 400.2886647146481, 400.2886647146481], 
[1097.471802764724, 612.3671179457118, 528.3277127342615, 463.3559735588984, 434.6807795499348, 417.8352077114641, 414.4364248472982, 414.4364248472982, 412.88735952812766, 411.0510400521209, 405.7744805888894, 404.3779601559303, 403.9355430298645, 403.9355430298645, 401.83568607862316, 401.80058894408654, 401.68919971093527, 401.39396965095915, 401.08144706957523, 401.08144706957523], 
[832.7668591586745, 622.2314718938622, 490.5010533511515, 436.4933219691617, 436.4933219691617, 423.0948993524187, 417.51196643839523, 415.8658423004457, 407.56042542994976, 406.3329841091257, 406.3329841091257, 404.07782232348785, 401.7339660118223, 401.7339660118223, 401.49086733395484, 401.1157112336303, 400.99655888715006, 400.99655888715006, 400.5828195999133, 400.5750684557468], 
[953.2844698494388, 685.2418936723002, 503.08238533890506, 446.6091871956352, 441.9321167463154, 421.48326082314117, 420.84645635550845, 417.5610664919365, 408.0523399419803, 408.0523399419803, 407.181945511886, 405.0274204803021, 405.0274204803021, 404.1814311528873, 404.0442899986383, 402.0064571399114, 400.58194511242755, 400.58194511242755, 400.58194511242755, 400.52887562061943], 
[997.348264810392, 613.2537444642264, 474.5695803115947, 441.04696169999715, 441.04696169999715, 425.662155740197, 414.30758846595234, 414.2207425539934, 409.96787455929655, 406.39902803090246, 405.12747434945055, 403.44398711298464, 403.01234051300105, 402.5788950959829, 402.4504688992939, 401.4754824436176, 401.04843754549387, 400.7624846013526, 400.7624846013526, 400.67150790302674], 
[1131.2062726161441, 655.6622713041412, 524.6368780649273, 443.5127051755294, 419.3040360612414, 419.3040360612414, 412.7128394792391, 405.92080948020265, 405.3716448314857, 402.32165397335416, 402.2140299968942, 401.49774663272296, 401.06035595344616, 400.5754430140645, 400.5754430140645, 400.5295421387346, 400.35249244238827, 400.3519882308237, 400.32445479221934, 400.32445479221934], 
[962.895712082106, 578.8189314016449, 489.28151215038673, 466.8398173330297, 441.9444000567278, 414.53859122502627, 414.17339290524524, 411.8559182132424, 409.7394242159934, 403.8623631580444, 403.77944845737727, 403.75835026090897, 402.6633204188661, 402.6633204188661, 401.61529543522846, 401.5774923381897, 400.92268790468205, 400.8851266592755, 400.8851266592755, 400.4595351212933], 
[1035.38537099087, 636.8710469232994, 493.4345755405003, 458.5714869920563, 431.26911873578985, 420.77858140266164, 415.3289285501506, 410.8641204338954, 406.86199302129086, 406.86199302129086, 402.9516087220225, 401.2646567146251, 401.1288588443243, 401.1288588443243, 401.124048275819, 400.80963874231605, 400.80963874231605, 400.69728961646075, 400.6355728862715, 400.4332072031532], 
[1108.4194915734015, 536.3778578158259, 441.9397689147363, 441.9397689147363, 439.27427398956195, 429.0033996145735, 418.0649163853106, 411.09955228103115, 410.21204957132073, 404.29298616315583, 404.29298616315583, 403.78299320655975, 403.0862591249931, 403.0862591249931, 401.7549237580722, 401.7549237580722, 401.29738646106506, 400.7877702420237, 400.7877702420237, 400.59473757455015], 
[848.084647291035, 578.5172923138224, 436.34258779576135, 426.8372991867597, 417.4337932942167, 417.4337932942167, 411.0903471799868, 408.05160959768494, 407.066918435344, 405.9268136367292, 404.6960588686262, 403.10841256319736, 402.56680511101723, 402.12514289527786, 401.5555135063295, 401.06144205578914, 400.92231894868644, 400.92231894868644, 400.63825242931716, 400.63825242931716], 
[922.21083898066, 606.6617459105763, 488.46900980194494, 443.30406428261546, 435.6659906079552, 421.0959560863797, 414.0230860180845, 408.851107223837, 405.5284051834953, 405.5284051834953, 404.7871143378424, 403.78779765277, 402.07660821463077, 401.72425946172234, 401.0774882865309, 400.80820627037275, 400.75743425304836, 400.7030959631389, 400.4995292205668, 400.40435151457103], 
[889.9837133249595, 634.6499283217396, 479.94973432976343, 446.84773322717876, 444.66501181040115, 439.9548092095788, 417.4935678175886, 413.8994670164619, 409.13425406395925, 404.9787522834954, 404.9787522834954, 404.9787522834954, 402.05882149488895, 401.53001015722435, 401.53001015722435, 400.94469663290147, 400.94469663290147, 400.8160075563791, 400.7462132935632, 400.58826130232467], 
[929.5499452823502, 581.9840671762533, 464.38712177064826, 418.42585311791, 418.42585311791, 418.42585311791, 413.11619781147635, 409.7280687721057, 405.01124175857063, 403.3362602288854, 402.2195484753856, 401.75442013969865, 401.75442013969865, 401.75442013969865, 400.93745200304477, 400.93745200304477, 400.77608137662725, 400.6306324677254, 400.57533068530154, 400.4993878875748], 
[684.114971670157, 684.114971670157, 510.56919624423756, 463.4844111731868, 423.9068689340306, 419.47775159967983, 419.47775159967983, 410.8894489663349, 406.5198015617918, 405.73701485496616, 404.73723094225426, 404.0979045708809, 401.61024240516116, 400.94791186018125, 400.63215892745734, 400.4393018188585, 400.4266104255987, 400.4266104255987, 400.4266104255987, 400.3262216404017], 
[909.1567799003456, 631.756412766957, 436.2063003643332, 435.5313131217203, 435.5313131217203, 429.08808458048856, 419.9975510780448, 417.5223122521652, 412.6620732295345, 409.43363726130997, 407.0451041032682, 406.46747656109665, 403.0751486825009, 402.5106445804946, 402.03578470900004, 401.6254915229288, 400.70207763731014, 400.4724265826489, 400.4724265826489, 400.4724265826489], 
[1142.0307237626164, 645.5150770021845, 499.3308379569048, 443.0249972354642, 431.02381258067874, 421.8887618183346, 406.66042396480026, 406.66042396480026, 405.0904829650316, 403.18414883997104, 401.116919500752, 401.116919500752, 400.88657167974156, 400.72990256859964, 400.58258286443555, 400.48784720960174, 400.40611802664756, 400.40611802664756, 400.40611802664756, 400.3490904165439], 
[962.1595967466463, 668.6679217831297, 506.9506575226552, 486.41233011147744, 442.9101419092955, 417.7668505064795, 410.1916551356857, 406.1977209455851, 403.41492909717925, 403.22676055537636, 403.0027061649019, 402.38262814891146, 401.43315425137183, 401.43315425137183, 400.91761568190344, 400.7908835844374, 400.7908835844374, 400.6218534509248, 400.4169204800048, 400.4169204800048], 
[1013.1156647692401, 516.4059015232843, 418.16460088243, 418.16460088243, 418.16460088243, 414.3930790827136, 406.4327838081995, 405.4785115826266, 405.4785115826266, 403.7311013124917, 402.83017153260477, 402.83017153260477, 402.69645629593884, 402.3338710983353, 401.861085838391, 401.13991680509565, 400.7074287293991, 400.5846341803773, 400.5846341803773, 400.55407422521614], 
[1240.107774802104, 604.947019374863, 466.93097118312085, 446.25154826730255, 439.7356874995994, 430.4789699325911, 420.577059963117, 412.752116036658, 411.26706757194677, 408.7346956472459, 403.5110555686591, 403.5110555686591, 402.3265466043308, 402.3265466043308, 401.78493133278783, 401.1085601658424, 400.9109065594036, 400.9109065594036, 400.6573115630075, 400.49336533411645], 
[729.8241977569603, 729.8241977569603, 496.5354405533346, 447.8945108700431, 422.57680978477885, 422.0997207335481, 414.8152828620043, 410.22759628321387, 403.5054673134151, 403.5054673134151, 403.5054673134151, 402.01627644348525, 401.42935619039946, 401.0922201163725, 400.7448550425681, 400.58404111212036, 400.51418526772613, 400.43422565649513, 400.3500577121816, 400.29620708257175], 
[996.1605748396512, 676.8251362194311, 508.69886439664134, 455.1751954692585, 426.1813279104288, 423.2847978928667, 420.4487568846054, 406.2277991266286, 404.21549560845534, 404.21549560845534, 402.7648440366804, 402.7648440366804, 401.50634473093794, 401.36487288972125, 400.95500415812717, 400.85882507859947, 400.59010417219775, 400.4163196814823, 400.4163196814823, 400.31661607760105], 
[897.0920408030538, 634.3274667578119, 511.8209062143413, 454.56013463595843, 443.29667918256405, 430.0936175120345, 418.29761572414225, 414.85969004003806, 408.38170105311247, 408.38170105311247, 407.67507698294577, 404.99741157754215, 402.89626574261445, 401.97476136888577, 401.97476136888577, 401.7844821907715, 401.0387755983015, 401.0387755983015, 401.0387755983015, 400.7238428308864], 
[821.5878589118811, 523.380421176182, 451.39650676504186, 440.38633911641705, 414.28036279301307, 414.28036279301307, 410.74517874870116, 403.6569779136634, 403.3709683621936, 403.3709683621936, 402.300039305831, 402.04295791319583, 401.4235972257659, 400.9027013322701, 400.87296488160814, 400.73692359204586, 400.56071673936907, 400.56071673936907, 400.52977645015994, 400.47912270428003], 
[856.648292189745, 663.1509720924543, 524.033265555883, 455.3619959209799, 439.54105354646987, 428.8549407653841, 410.75431803288274, 410.75431803288274, 406.32816346523026, 405.5141564075357, 405.5141564075357, 402.8190544955218, 402.8190544955218, 402.8190544955218, 402.15897829187406, 400.98498695200516, 400.94670262084867, 400.90114718711516, 400.57441492020223, 400.57441492020223], 
[794.2160908541405, 669.2166025259341, 521.1772622962501, 447.37652472298174, 436.2412136128096, 410.2808875335937, 406.9068378809329, 402.4564218874801, 402.4564218874801, 402.2053181748264, 402.2053181748264, 401.9268907854373, 401.46103953755073, 401.46103953755073, 401.39354943421546, 401.10350417098897, 400.7763264985545, 400.7382771545711, 400.4674842186335, 400.4329167735158], 
[1079.1748731137377, 646.0306046765933, 562.7072889423612, 498.6085508350641, 449.1672408985464, 439.649878363236, 413.98421610670584, 402.8642884353657, 402.8642884353657, 402.8642884353657, 402.26685570292886, 400.85156957171546, 400.85156957171546, 400.85156957171546, 400.6278597330999, 400.5358956693608, 400.45941950544153, 400.3684925311943, 400.29506734120736, 400.29506734120736], 
[923.8109730795735, 615.6358645403111, 491.5834142281497, 448.63322449770305, 429.9946701825014, 429.9946701825014, 422.59700534235577, 412.6312611518573, 408.6733687202545, 407.13647158510224, 405.8857330915287, 405.18902961270754, 403.55404634902135, 403.55404634902135, 403.55404634902135, 401.2927527188515, 400.92093854310696, 400.3874635930192, 400.3874635930192, 400.3874635930192], 
[937.573745742122, 630.1623790640255, 486.8108290834598, 444.6637869632057, 430.19162677774113, 426.7143891883172, 411.1148741936357, 405.1341816183529, 405.1341816183529, 403.37152013243497, 401.5951285768072, 401.35759512678305, 401.2191792286802, 401.00347115888576, 400.97604778144455, 400.97604778144455, 400.8214472637748, 400.65497586928916, 400.65497586928916, 400.5216897804735], 
[670.2004544011824, 670.2004544011824, 506.0750275071267, 471.79316366924445, 446.0634309391462, 428.9346571754932, 428.81421686333067, 422.39972047450766, 412.1663993910555, 405.1816053748444, 403.8380782129919, 402.9321126079866, 401.9466186627944, 401.0732704393871, 401.0732704393871, 400.91662128960525, 400.6748710740906, 400.6748710740906, 400.5378010610206, 400.5378010610206], 
