[2627.8205384989733, 2434.3199399481327, 2235.5873276708962, 2232.006502490067, 2232.006502490067, 2232.006502490067, 2232.006502490067, 2187.6476366921015, 2187.6476366921015, 2187.6476366921015, 1840.8691517036013, 1840.8691517036013, 1840.8691517036013, 1840.8691517036013, 1840.8691517036013, 1834.249982814754, 1708.2454902716956, 1708.2454902716956, 1708.2454902716956, 1643.5165078585992], 
[2705.3689606404646, 2492.4402960686366, 2139.207712173301, 2059.4111852351903, 2057.884403786536, 1797.3058380223426, 1615.1509637965494, 1615.1509637965494, 1615.1509637965494, 1615.1509637965494, 833.7790047389633, 695.8569709818341, 695.8569709818341, 695.8569709818341, 695.8569709818341, 695.8569709818341, 695.8569709818341, 695.8569709818341, 695.8569709818341, 695.8569709818341], 
[2477.427800950947, 2477.427800950947, 2114.667101162674, 2114.667101162674, 2114.667101162674, 2069.7741165281946, 2069.7741165281946, 1871.834388677742, 1871.834388677742, 1871.834388677742, 1867.3919969718609, 1867.3919969718609, 1867.3919969718609, 1833.299892479245, 1833.299892479245, 1833.299892479245, 1689.7380690564114, 1689.7380690564114, 1590.6834225204134, 1516.145760787298], 
[2687.384448392282, 2544.034954178644, 1872.9303354878427, 1713.5371358362415, 1505.6292807862937, 1505.6292807862937, 1505.6292807862937, 1505.6292807862937, 1505.6292807862937, 1258.444621170502, 1258.444621170502, 1258.444621170502, 1258.444621170502, 1258.444621170502, 1258.444621170502, 1258.444621170502, 1258.444621170502, 928.8689495425475, 928.8689495425475, 928.8689495425475], 
[2287.4969800560184, 2287.4969800560184, 2287.4969800560184, 2287.4969800560184, 2287.4969800560184, 2287.4969800560184, 2287.4969800560184, 2287.4969800560184, 2287.4969800560184, 2287.4969800560184, 2287.4969800560184, 2277.8116598149763, 2249.809213069237, 2248.5093550315623, 2248.5093550315623, 2105.3203366894845, 2105.3203366894845, 2105.3203366894845, 1938.068593279782, 1938.068593279782], 
[2746.802868156321, 2449.434910028211, 2449.434910028211, 2265.3859230795624, 2149.1666546862944, 2149.1666546862944, 2149.1666546862944, 2149.1666546862944, 2020.790545223228, 2020.790545223228, 2020.790545223228, 1867.2177216265866, 1867.2177216265866, 1867.2177216265866, 1867.2177216265866, 1867.2177216265866, 1867.2177216265866, 1867.2177216265866, 1640.5337922619385, 1543.699708192483], 
[2926.69889572367, 2479.646618688022, 2254.800645643337, 1847.248328621251, 1791.275823044643, 1791.275823044643, 1791.275823044643, 1605.0058000691101, 1605.0058000691101, 1605.0058000691101, 1605.0058000691101, 1605.0058000691101, 1483.386888154814, 1344.4322535431381, 1344.4322535431381, 1344.4322535431381, 1344.4322535431381, 1344.4322535431381, 1344.4322535431381, 1344.4322535431381], 
[2650.776602297985, 2370.6435837814633, 1819.0263463614288, 1819.0263463614288, 1819.0263463614288, 1819.0263463614288, 1819.0263463614288, 1681.299358841644, 1681.299358841644, 1576.8390993790456, 1576.8390993790456, 1576.8390993790456, 1576.8390993790456, 1576.8390993790456, 1576.8390993790456, 1551.3261144848625, 1322.1510883729577, 880.7393080759326, 880.7393080759326, 880.7393080759326], 
[2776.384712401975, 2287.708667625579, 2287.708667625579, 1865.0366902146832, 1865.0366902146832, 1865.0366902146832, 1865.0366902146832, 1821.9472493213582, 1821.9472493213582, 1780.7567221885765, 1780.7567221885765, 1780.7567221885765, 1725.7240444676227, 1533.7156017160682, 1463.4833926102137, 1463.4833926102137, 1250.984566902369, 1247.4272626145303, 1247.4272626145303, 1200.650806208812], 
[2699.110254599178, 2431.8297508032883, 2431.8297508032883, 2122.1949399533855, 2041.6842527169065, 2041.6842527169065, 1900.3848477052697, 1867.9005306223246, 1320.5975415064563, 1320.5975415064563, 1320.5975415064563, 1175.303344107137, 1175.303344107137, 1088.639057413434, 1088.639057413434, 1019.926960643963, 804.3143784627871, 804.3143784627871, 804.3143784627871, 804.3143784627871], 
[2324.393432094958, 2324.393432094958, 2231.4032645933303, 2231.4032645933303, 1681.9153434956354, 1657.2117451107415, 1657.2117451107415, 1512.8536461589906, 1512.8536461589906, 1039.8939859038005, 1039.8939859038005, 1039.8939859038005, 1039.8939859038005, 1039.8939859038005, 904.2723688053873, 904.2723688053873, 904.2723688053873, 852.6435943254439, 852.6435943254439, 786.0470850874174], 
[2293.643246148041, 2293.643246148041, 2293.643246148041, 2011.8616553819472, 2011.8616553819472, 1843.9241475324081, 1626.503220242449, 1626.503220242449, 1626.503220242449, 1569.2991929615623, 1421.4470412420771, 1133.663759420646, 1133.663759420646, 1133.663759420646, 1133.663759420646, 1052.8319598469063, 1052.8319598469063, 1003.7241263399325, 1003.7241263399325, 978.3473295049184], 
[2822.295384395915, 2281.9611176388635, 2281.9611176388635, 2077.233126459526, 1709.7719584329582, 1709.7719584329582, 1709.7719584329582, 1709.7719584329582, 1709.7719584329582, 1709.7719584329582, 1709.7719584329582, 1709.7719584329582, 1706.247712703944, 1706.247712703944, 1257.0642208153786, 1257.0642208153786, 1257.0642208153786, 1257.0642208153786, 1247.5532851492685, 1247.5532851492685], 
[2631.6471201128297, 2631.6471201128297, 2573.099232765844, 2505.7813402474053, 2505.20393287623, 1933.7474155672717, 1933.7474155672717, 1933.7474155672717, 1933.7474155672717, 1933.7474155672717, 1933.7474155672717, 1933.7474155672717, 1933.7474155672717, 1933.7474155672717, 1858.0964557353109, 1858.0964557353109, 1858.0964557353109, 1858.0964557353109, 1858.0964557353109, 1815.8335784029161], 
[2576.494237242117, 2576.494237242117, 1939.5636213027399, 1939.5636213027399, 1939.5636213027399, 1939.5636213027399, 1939.5636213027399, 1901.6064238074857, 1698.6804842641595, 1698.6804842641595, 1698.6804842641595, 1698.6804842641595, 1515.307693417427, 1323.1636392027765, 1323.1636392027765, 1323.1636392027765, 1182.7465686882467, 1182.7465686882467, 1100.4883270931025, 1088.2840749056681], 
[2695.52705950607, 2303.909235216114, 1782.1907055482277, 1782.1907055482277, 1647.86617547642, 1647.86617547642, 1647.86617547642, 1647.86617547642, 1647.86617547642, 1647.86617547642, 1647.86617547642, 1647.86617547642, 1647.86617547642, 1378.3475305716356, 1378.3475305716356, 1378.3475305716356, 1378.3475305716356, 1299.282308317652, 1195.4681481474427, 1019.7500971853261], 
[2729.927912355244, 2076.3781172337876, 2076.3781172337876, 2030.9794577581802, 2030.9794577581802, 2030.9794577581802, 2030.9794577581802, 2030.9794577581802, 1748.0209672964522, 1748.0209672964522, 1748.0209672964522, 1748.0209672964522, 1748.0209672964522, 1748.0209672964522, 1748.0209672964522, 1748.0209672964522, 1748.0209672964522, 1563.7323115532251, 1563.7323115532251, 1563.7323115532251], 
[2189.946620445502, 2189.946620445502, 2189.946620445502, 2189.946620445502, 2189.946620445502, 2099.7356125086167, 2099.7356125086167, 2011.3341131972797, 2011.3341131972797, 2011.3341131972797, 1821.0817228902874, 1726.716989897956, 1458.0989515294127, 1458.0989515294127, 1458.0989515294127, 1369.3542281481398, 1369.3542281481398, 1369.3542281481398, 1369.3542281481398, 1355.649964302438], 
[2722.802835397684, 2716.700689058165, 2652.5864848963356, 2458.2395641474227, 2458.2395641474227, 2162.4687760121533, 2162.4687760121533, 2162.4687760121533, 2162.4687760121533, 2162.4687760121533, 1972.2384045880235, 1972.2384045880235, 1852.623143359351, 1852.623143359351, 1852.623143359351, 1852.623143359351, 1823.857913514652, 1533.4818770621928, 1437.1555451527317, 1437.1555451527317], 
[2808.694352546406, 2808.694352546406, 2303.037282896546, 2232.223563497183, 2087.5509867038004, 2082.250854602071, 2082.250854602071, 2082.250854602071, 1952.094068731777, 1841.3171607545917, 1778.432695036785, 1778.432695036785, 1778.432695036785, 1778.432695036785, 1648.0569013113736, 1648.0569013113736, 1648.0569013113736, 1383.4648028196066, 1383.4648028196066, 1383.4648028196066], 
[2941.356803897982, 2434.7590563228014, 2434.7590563228014, 2434.7590563228014, 2257.341984344882, 2257.341984344882, 2257.341984344882, 2198.181764130733, 2198.181764130733, 2198.181764130733, 2067.9544510264145, 2028.0507906731211, 2013.0572274374483, 1874.0490425858318, 1668.060909314122, 1668.060909314122, 1668.060909314122, 1668.060909314122, 1393.0291425385517, 1255.3859997935617], 
[2545.458781706197, 2281.5416840101907, 2281.5416840101907, 2275.8592402648833, 1770.8907582382499, 1770.8907582382499, 1770.8907582382499, 1762.4411875616665, 1762.4411875616665, 1762.4411875616665, 1739.6620041989138, 1364.6904181509542, 1259.6502620146296, 1077.4561045023074, 1077.4561045023074, 1077.4561045023074, 1077.4561045023074, 1005.8601178611093, 1005.8601178611093, 785.0665864897102], 
[2863.9972988120026, 2569.6560678243573, 2569.6560678243573, 2569.6560678243573, 2437.6890223296687, 2437.6890223296687, 2299.328180949403, 2299.328180949403, 2299.328180949403, 2299.328180949403, 2299.328180949403, 2299.328180949403, 2111.1257603872778, 1544.845733625374, 1544.845733625374, 1544.845733625374, 1544.845733625374, 1544.845733625374, 1491.6836032412098, 1125.655496614097], 
[2244.073477287544, 2244.073477287544, 2244.073477287544, 2242.6300226546587, 2169.57663523914, 2169.57663523914, 2169.57663523914, 2169.57663523914, 2123.2137154691877, 2123.2137154691877, 2123.2137154691877, 2123.2137154691877, 2123.2137154691877, 2043.4532958664854, 1750.3598839845376, 1750.3598839845376, 1750.3598839845376, 1750.3598839845376, 1460.0639996001576, 1460.0639996001576], 
[2815.331634729806, 2594.1219379283234, 2535.199982115891, 1733.221051811907, 1733.221051811907, 1733.221051811907, 1733.221051811907, 1645.8146322759746, 1645.8146322759746, 1645.8146322759746, 1645.8146322759746, 1645.8146322759746, 1645.8146322759746, 1435.422098025726, 1435.422098025726, 1435.422098025726, 1435.422098025726, 1435.422098025726, 1233.885100696185, 1233.885100696185], 
[2423.5201712316657, 2423.5201712316657, 2306.305949697405, 2306.305949697405, 2306.305949697405, 2306.305949697405, 1696.8190205085239, 1696.8190205085239, 1696.8190205085239, 1696.8190205085239, 1696.8190205085239, 1570.1973411531617, 1534.4243001321875, 1534.4243001321875, 1534.4243001321875, 1534.4243001321875, 1082.0320304936522, 1082.0320304936522, 1082.0320304936522, 1082.0320304936522], 
[2333.9646694055414, 2333.9646694055414, 2333.9646694055414, 2333.9646694055414, 2183.7639507323884, 2124.7860583875417, 2124.7860583875417, 2124.7860583875417, 1734.8624161773898, 1734.8624161773898, 1299.2025623008822, 1299.2025623008822, 1299.2025623008822, 1299.2025623008822, 1299.2025623008822, 1299.2025623008822, 1092.6892155413923, 1092.6892155413923, 1092.6892155413923, 1092.6892155413923], 
[2469.3419996597845, 2469.3419996597845, 2315.9226065974576, 1877.6886710605447, 1877.6886710605447, 1759.1131804629517, 1759.1131804629517, 1558.784685162154, 1558.784685162154, 1558.784685162154, 1558.784685162154, 1462.922354282215, 1416.55241762255, 1416.55241762255, 1416.55241762255, 1082.3576302131876, 1082.3576302131876, 1082.3576302131876, 1082.3576302131876, 1082.3576302131876], 
[2825.7640308770074, 2766.676292262562, 2481.0309398828176, 2481.0309398828176, 2090.386181893658, 2090.386181893658, 2090.386181893658, 2090.386181893658, 2030.8959373670443, 2030.8959373670443, 1883.2295224305292, 1883.2295224305292, 1883.2295224305292, 1840.6902765262078, 1610.6629163230134, 1610.6629163230134, 1569.0516528182643, 1569.0516528182643, 1549.5622507566063, 1049.586132114379], 
[2834.222414975509, 2551.286679785923, 2325.8676442494416, 2325.8676442494416, 2199.832592987348, 2199.832592987348, 2199.832592987348, 2199.832592987348, 2010.1797077051647, 2010.1797077051647, 2010.1797077051647, 2010.1797077051647, 1847.2692932667385, 1847.2692932667385, 1771.4379300191329, 1715.3673360824646, 1433.9367407670293, 1433.9367407670293, 1433.9367407670293, 1433.9367407670293], 
