[2576.642839577989, 2576.642839577989, 2169.984535284237, 1919.732915402277, 1919.732915402277, 1678.2416923361684, 1678.2416923361684, 1678.2416923361684, 1678.2416923361684, 1678.2416923361684, 1678.2416923361684, 1678.2416923361684, 1678.2416923361684, 1678.2416923361684, 1678.2416923361684, 1472.5897559713046, 1472.5897559713046, 1333.6789660130835, 1333.6789660130835, 1333.6789660130835], 
[2261.5937901371963, 2261.5937901371963, 2261.5937901371963, 2150.415580643698, 2085.219657299604, 1940.4299607255164, 1940.4299607255164, 1940.4299607255164, 1515.9072253278196, 1324.5631451278105, 1322.6883614796952, 1322.6883614796952, 1322.6883614796952, 1322.6883614796952, 1322.6883614796952, 1322.6883614796952, 1322.6883614796952, 1322.6883614796952, 1274.9641664715405, 1153.2430331188775], 
[1904.0021860480394, 1904.0021860480394, 1904.0021860480394, 1904.0021860480394, 1904.0021860480394, 1870.3026529206418, 1870.3026529206418, 1870.3026529206418, 1743.2236151062057, 1743.2236151062057, 1695.1271765883682, 1615.8553570037752, 1615.8553570037752, 1615.8553570037752, 1615.8553570037752, 1594.475752483471, 1594.475752483471, 1510.8642779045754, 1510.8642779045754, 1510.8642779045754], 
[2731.736173623079, 2687.0392194699884, 2119.0752434857163, 2119.0752434857163, 2119.0752434857163, 2119.0752434857163, 2119.0752434857163, 2119.0752434857163, 2119.0752434857163, 2119.0752434857163, 2119.0752434857163, 2119.0752434857163, 2119.0752434857163, 2040.4320451336546, 2040.4320451336546, 2040.4320451336546, 2040.4320451336546, 2040.4320451336546, 2040.4320451336546, 2040.4320451336546], 
[2699.704716350999, 2699.704716350999, 2579.4879745211165, 2492.9025193976454, 2272.553584566016, 2272.553584566016, 2272.553584566016, 1970.4971795529573, 1970.4971795529573, 1970.4971795529573, 1970.4971795529573, 1844.4955154735676, 1844.4955154735676, 1844.4955154735676, 1844.4955154735676, 1844.4955154735676, 1827.462499851327, 1827.462499851327, 1827.462499851327, 1827.462499851327], 
[2628.048363472047, 2628.048363472047, 2628.048363472047, 1833.8017850053698, 1833.8017850053698, 1718.6571535613398, 1718.6571535613398, 1718.6571535613398, 1718.6571535613398, 1718.6571535613398, 1718.6571535613398, 1653.0191886969637, 1653.0191886969637, 1647.4931193205264, 1635.2967930687041, 1635.2967930687041, 1560.0486261627857, 1331.48673575927, 1331.48673575927, 1331.48673575927], 
[2437.258844920502, 2437.258844920502, 2437.258844920502, 1989.657017602595, 1989.657017602595, 1989.657017602595, 1989.657017602595, 1785.6539584625493, 1785.6539584625493, 1785.6539584625493, 1785.6539584625493, 1785.6539584625493, 1785.6539584625493, 1785.6539584625493, 1785.6539584625493, 1785.6539584625493, 1607.1355072120004, 1607.1355072120004, 1607.1355072120004, 1607.1355072120004], 
[2759.8048346370247, 2348.8250975572123, 2259.87702964843, 2031.0301448043467, 2031.0301448043467, 2031.0301448043467, 2031.0301448043467, 2031.0301448043467, 2001.7519202427113, 2001.7519202427113, 2001.7519202427113, 1659.2811155511806, 1659.2811155511806, 1659.2811155511806, 1659.2811155511806, 1659.2811155511806, 1659.2811155511806, 1659.2811155511806, 1659.2811155511806, 1328.1568262402861], 
[2661.686857778869, 2596.9929793792294, 2138.001505236055, 1916.4989682811433, 1916.4989682811433, 1916.4989682811433, 1916.4989682811433, 1916.4989682811433, 1864.5662945376093, 1864.5662945376093, 1804.0095829515071, 1804.0095829515071, 1804.0095829515071, 1550.9677048887113, 1550.9677048887113, 1550.9677048887113, 1550.9677048887113, 1550.9677048887113, 988.8603764080607, 988.8603764080607], 
[2594.8948781115937, 2594.8948781115937, 2594.8948781115937, 2347.976601736909, 2329.4737456230346, 2329.4737456230346, 2329.4737456230346, 2184.662432177712, 1891.641494240418, 1891.641494240418, 1891.641494240418, 1891.641494240418, 1891.641494240418, 1891.641494240418, 1891.641494240418, 1891.641494240418, 1891.641494240418, 1891.641494240418, 1749.362673540951, 1749.362673540951], 
[2869.251760131272, 2375.8490942391036, 2375.8490942391036, 2375.8490942391036, 2375.8490942391036, 2375.8490942391036, 2183.9764580041897, 2183.9764580041897, 2183.9764580041897, 2183.9764580041897, 1960.9890870109366, 1960.9890870109366, 1960.9890870109366, 1960.9890870109366, 1960.9890870109366, 1960.9890870109366, 1960.9890870109366, 1856.4830182800233, 1856.4830182800233, 1856.4830182800233], 
[1862.5174054230547, 1862.5174054230547, 1862.5174054230547, 1862.5174054230547, 1862.5174054230547, 1862.5174054230547, 1862.5174054230547, 1862.5174054230547, 1862.5174054230547, 1862.5174054230547, 1862.5174054230547, 1862.5174054230547, 1601.5560741615998, 1601.5560741615998, 1601.5560741615998, 1601.5560741615998, 1601.5560741615998, 1601.5560741615998, 1587.9533324202837, 1587.9533324202837], 
[2664.100641469385, 2664.100641469385, 2081.136492252296, 2081.136492252296, 2081.136492252296, 2081.136492252296, 2081.136492252296, 2081.136492252296, 2081.136492252296, 2081.136492252296, 2081.136492252296, 2081.136492252296, 2081.136492252296, 2081.136492252296, 2081.136492252296, 2081.136492252296, 2081.136492252296, 2081.136492252296, 2081.136492252296, 2081.136492252296], 
[2662.8968258414393, 2662.8968258414393, 2449.492084492074, 2182.081492563617, 2182.081492563617, 2072.44722297907, 2072.44722297907, 2072.44722297907, 2072.44722297907, 2072.44722297907, 2072.44722297907, 2057.166893770162, 1994.7339368659232, 1994.7339368659232, 1994.7339368659232, 1994.7339368659232, 1994.7339368659232, 1994.7339368659232, 1994.7339368659232, 1946.3526908393364], 
[2489.625549307273, 2489.625549307273, 2307.3712543361976, 2109.20360922876, 2109.20360922876, 2109.20360922876, 2109.20360922876, 2109.20360922876, 2076.1486996584267, 2076.1486996584267, 2076.1486996584267, 2076.1486996584267, 1906.8176810527802, 1788.689816246235, 1788.689816246235, 1788.689816246235, 1788.689816246235, 1788.689816246235, 1788.689816246235, 1788.689816246235], 
[2671.9936092688986, 2453.475861188697, 2320.7036751973346, 2320.7036751973346, 2320.7036751973346, 2320.7036751973346, 2253.974075048445, 2253.974075048445, 2253.974075048445, 2253.974075048445, 2253.974075048445, 2123.274719870465, 2123.274719870465, 2123.274719870465, 2123.274719870465, 2123.274719870465, 2123.274719870465, 2123.274719870465, 2123.274719870465, 2000.2469881731788], 
[2709.339372455799, 2709.339372455799, 2516.6761719385877, 2516.6761719385877, 2516.6761719385877, 2398.345629488135, 2398.345629488135, 2398.345629488135, 2398.345629488135, 2398.345629488135, 2252.3921600691597, 2252.3921600691597, 2252.3921600691597, 2252.3921600691597, 2252.3921600691597, 2111.451570076082, 2111.451570076082, 2111.451570076082, 2111.451570076082, 2111.451570076082], 
[2979.943900568953, 2979.943900568953, 2979.943900568953, 2867.812871458391, 2770.269123681826, 2770.269123681826, 2770.269123681826, 2770.269123681826, 2643.423290957289, 2643.423290957289, 2643.423290957289, 2589.105115790815, 2589.105115790815, 2589.105115790815, 2589.105115790815, 2589.105115790815, 2589.105115790815, 2589.105115790815, 2589.105115790815, 2589.105115790815], 
[2668.0299691047176, 2569.333060545729, 2569.333060545729, 2334.9496070324158, 2247.6227279190157, 2247.6227279190157, 2247.6227279190157, 2247.6227279190157, 2247.6227279190157, 2247.6227279190157, 2159.5371323546283, 2159.5371323546283, 1852.0127846691814, 1852.0127846691814, 1852.0127846691814, 1852.0127846691814, 1852.0127846691814, 1852.0127846691814, 1779.067593626339, 1651.4525976585146], 
[2957.067174432957, 2391.353513404462, 2310.800700555133, 2258.478552756798, 2258.478552756798, 2258.478552756798, 2258.478552756798, 2258.478552756798, 2258.478552756798, 2258.478552756798, 2258.478552756798, 2258.478552756798, 2258.478552756798, 2258.107463204899, 2108.1125817452016, 2108.1125817452016, 2068.2205851002145, 2068.2205851002145, 2068.2205851002145, 2068.2205851002145], 
[2512.5163547837133, 2434.1651343341614, 2434.1651343341614, 2434.1651343341614, 2434.1651343341614, 2187.2343490424046, 2187.2343490424046, 1868.92736193988, 1868.92736193988, 1868.92736193988, 1868.92736193988, 1868.92736193988, 1357.33814853128, 1357.33814853128, 1357.33814853128, 1357.33814853128, 1357.33814853128, 1223.518920131838, 1178.7087237623664, 1178.7087237623664], 
[2441.0034973184484, 2105.163479057361, 2105.163479057361, 2091.758733310027, 2035.1497200543752, 2035.1497200543752, 1975.1907306651829, 1975.1907306651829, 1744.9302504003417, 1744.9302504003417, 1739.5121881543644, 1432.9376290915338, 1432.9376290915338, 1432.9376290915338, 1432.9376290915338, 1286.1304153708006, 1286.1304153708006, 1286.1304153708006, 659.1575558723962, 659.1575558723962], 
[2449.352333657174, 2449.352333657174, 2312.003607836507, 2312.003607836507, 2312.003607836507, 2309.3379700197847, 2309.3379700197847, 2278.2493649674343, 2278.2493649674343, 2278.2493649674343, 1984.7369392211044, 1692.7587579203328, 1692.7587579203328, 1692.7587579203328, 1692.7587579203328, 1692.7587579203328, 1692.7587579203328, 1692.7587579203328, 1692.7587579203328, 1692.7587579203328], 
[2724.2109939286293, 2451.043185672968, 2357.240511935468, 2255.904098362968, 2255.904098362968, 2255.904098362968, 1986.4124506504575, 1986.4124506504575, 1855.6804460742762, 1855.6804460742762, 1855.6804460742762, 1855.6804460742762, 1662.2118531651884, 1495.993448182311, 1495.993448182311, 1495.993448182311, 1495.993448182311, 1495.993448182311, 1495.993448182311, 1495.993448182311], 
[2672.7015844733846, 2577.4584973355063, 2238.4348646823046, 2073.679938695109, 2073.679938695109, 2073.679938695109, 1715.8020669547263, 1715.8020669547263, 1715.8020669547263, 1715.8020669547263, 1715.8020669547263, 1715.8020669547263, 1715.8020669547263, 1715.8020669547263, 1715.8020669547263, 1715.8020669547263, 1715.8020669547263, 1715.8020669547263, 1288.3922096294855, 1288.3922096294855], 
[2091.2537049728903, 2091.2537049728903, 2091.2537049728903, 2091.2537049728903, 1952.919026421267, 1846.9088504549054, 1846.9088504549054, 1760.0845773470533, 1760.0845773470533, 1760.0845773470533, 1760.0845773470533, 1760.0845773470533, 1108.6381915051377, 1108.6381915051377, 1108.6381915051377, 1108.6381915051377, 1108.6381915051377, 1058.808000055449, 1058.808000055449, 1058.808000055449], 
[2489.2101141581666, 2486.266182037839, 2479.697825284817, 2249.1289324471395, 2249.1289324471395, 1842.8119777972433, 1842.8119777972433, 1818.68553107361, 1818.68553107361, 1642.7730572233334, 1642.7730572233334, 1524.0142712800766, 1524.0142712800766, 1524.0142712800766, 1524.0142712800766, 1524.0142712800766, 1519.9004789580065, 1519.9004789580065, 1519.9004789580065, 1519.9004789580065], 
[2729.4890066938938, 2729.4890066938938, 2729.4890066938938, 2729.4890066938938, 2722.5360131913108, 2522.166348491426, 2363.947736370994, 2363.947736370994, 2363.947736370994, 2363.947736370994, 2363.947736370994, 2363.947736370994, 2363.947736370994, 2363.947736370994, 2363.947736370994, 2190.8063705936156, 2190.8063705936156, 2190.8063705936156, 2190.8063705936156, 2190.8063705936156], 
[2890.0872621505896, 2601.4833402949885, 2601.4833402949885, 2511.0534409650886, 2504.266509454927, 2306.744272628928, 1900.098656737215, 1900.098656737215, 1900.098656737215, 1900.098656737215, 1900.098656737215, 1900.098656737215, 1900.098656737215, 1784.1013322503375, 1784.1013322503375, 1784.1013322503375, 1784.1013322503375, 1784.1013322503375, 1784.1013322503375, 1784.1013322503375], 
[2488.2957169482243, 2311.829104302832, 2311.829104302832, 1870.7445736134987, 1870.7445736134987, 1870.7445736134987, 1870.7445736134987, 1870.7445736134987, 1870.7445736134987, 1870.7445736134987, 1870.7445736134987, 1870.7445736134987, 1870.7445736134987, 1870.7445736134987, 1743.890427516281, 1743.890427516281, 1743.890427516281, 1568.9929270736127, 1568.9929270736127, 1568.9929270736127], 
