[247.4345912169477, 240.20840040715865, 240.20840040715865, 232.95261979264555, 232.95261979264555, 232.95261979264555, 232.95261979264555, 232.6395677312759, 229.02671915174764, 229.02671915174764, 228.9852076440147, 228.91234228169336, 227.90367040161578, 227.90367040161578, 227.43870936759453, 227.43870936759453, 227.11983486809035, 226.85212417683974, 226.85212417683974, 225.60049982735586], 
[244.3309797464641, 244.3309797464641, 238.57211554389193, 232.34708969088064, 229.57232181807817, 229.26065804949158, 226.0274360066665, 220.62234885647507, 220.62234885647507, 220.62234885647507, 220.62234885647507, 220.62234885647507, 220.50703188197883, 220.50703188197883, 219.50285763654148, 218.50104810275963, 218.50104810275963, 218.50104810275963, 218.50104810275963, 218.50104810275963], 
[245.92234778923424, 237.35970039605837, 237.35060126823294, 228.6855586694981, 224.07940473554112, 224.07940473554112, 223.12709769388917, 222.55650102451824, 222.55650102451824, 222.06829426541347, 219.81007848985016, 219.29470416380408, 219.01360491565367, 218.476540621659, 218.476540621659, 218.476540621659, 217.2532238460117, 217.2532238460117, 217.2532238460117, 217.2532238460117], 
[247.57808045639626, 235.62014065870804, 235.62014065870804, 233.63593098828963, 227.86088626203997, 223.87365271411204, 222.03229471720476, 220.63424316328914, 220.63424316328914, 219.02661136121608, 218.61102834260146, 217.33917515633934, 216.9408383523825, 216.04815178576982, 215.6095370295993, 214.94608650483522, 214.85413325710715, 214.12701327629037, 214.12701327629037, 214.12701327629037], 
[241.76448039787533, 241.2803494915421, 234.1939067502743, 229.43086001476456, 227.2602214197142, 225.12251408885865, 224.65605259163192, 220.07884611517187, 220.07884611517187, 217.2933261161958, 217.2933261161958, 217.2933261161958, 217.2933261161958, 217.2933261161958, 217.2933261161958, 217.2933261161958, 216.90173357993783, 216.62729451352286, 216.62729451352286, 216.4659225996887], 
[245.17558612814196, 239.87015198597953, 234.11558514256814, 227.38071337943, 221.66855447780566, 221.10601658542012, 219.32134419467053, 219.03773060543944, 218.4925333720578, 217.57123002049903, 216.2187974730883, 214.81697377389636, 214.81697377389636, 213.79330826448037, 209.7549393830674, 209.7549393830674, 209.7549393830674, 209.7549393830674, 208.58709869784838, 208.58709869784838], 
[246.06320707767816, 246.06320707767816, 239.7651797966831, 235.01059283050307, 227.98479540618436, 222.50274822723756, 222.50274822723756, 222.50274822723756, 222.27978034174933, 222.27978034174933, 222.27978034174933, 222.27978034174933, 222.27978034174933, 222.27978034174933, 221.42251998693212, 220.17691385318793, 220.17691385318793, 220.17691385318793, 220.17691385318793, 220.17691385318793], 
[246.32195058327375, 246.32195058327375, 240.96545555748065, 235.7056190296849, 230.3187748851445, 229.57670744174393, 229.57670744174393, 229.57670744174393, 228.4184108798267, 226.2587136485236, 226.2587136485236, 226.2587136485236, 225.81966043384938, 225.81966043384938, 225.45086296282082, 224.41335935266585, 224.41335935266585, 223.5524276253272, 223.5524276253272, 223.3281763926611], 
[248.31750658414313, 239.1526670038862, 234.15083883972014, 227.53502679541458, 223.34107313958017, 223.34107313958017, 222.71993188080597, 220.61960316805352, 220.60322551116138, 219.48059127492178, 216.4790790062209, 215.65763844341987, 212.84602246657224, 212.84602246657224, 212.84602246657224, 212.63781509148458, 212.63781509148458, 211.81339117329713, 209.6931254472098, 209.6931254472098], 
[242.31799356946087, 241.39495702969734, 239.39457356775685, 232.75141411986445, 231.9218679860888, 228.49937416513126, 222.8197918484004, 220.8954961303498, 220.8954961303498, 220.8954961303498, 218.8550806875341, 217.27806764082192, 216.8805352435614, 216.8805352435614, 216.8805352435614, 216.8805352435614, 215.95252419743593, 215.95252419743593, 215.95252419743593, 214.09291260712564], 
[245.62495840448236, 242.076224410925, 237.97488054233798, 232.96182660292376, 228.63528939278507, 228.63528939278507, 228.63528939278507, 228.63528939278507, 227.1883469636605, 227.1883469636605, 227.1883469636605, 227.0243651978793, 226.32105238618965, 226.0751539952209, 226.0751539952209, 225.60023731921018, 225.42592301971501, 224.42029256188079, 224.42029256188079, 224.42029256188079], 
[233.9491127079885, 233.9491127079885, 231.4151735984521, 229.4185620267684, 228.2667557965581, 228.2667557965581, 228.2667557965581, 226.4863004240984, 223.11741407413592, 223.11741407413592, 223.11741407413592, 223.11741407413592, 223.11741407413592, 222.2981690429253, 222.2981690429253, 222.2981690429253, 222.2981690429253, 220.50794431029493, 220.50794431029493, 220.4393074110483], 
[250.40111559571514, 242.22206606246027, 231.59315209252736, 229.27394045464894, 227.51829126359675, 226.58642517847545, 223.22144096675535, 222.43454842457024, 220.490280580988, 220.490280580988, 220.490280580988, 220.490280580988, 220.490280580988, 219.84682207833762, 219.74043587632485, 218.0464133187615, 218.0464133187615, 218.0464133187615, 218.0464133187615, 218.0464133187615], 
[244.76749502569305, 235.22478422214954, 235.22478422214954, 230.6563408015853, 228.22721299451675, 227.64359756837945, 227.64359756837945, 227.64359756837945, 227.64359756837945, 227.64359756837945, 226.45363440269298, 226.45363440269298, 226.30728784721208, 224.22085004001377, 224.22085004001377, 224.22085004001377, 224.22085004001377, 224.22085004001377, 223.5983749314308, 223.5983749314308], 
[248.31693592886646, 243.9672719357788, 229.8340590472918, 225.2188042575155, 224.23180590915396, 222.89454623979165, 222.89454623979165, 219.73418628662617, 217.36828544167017, 217.36828544167017, 216.02858313985504, 214.58006163121794, 214.58006163121794, 214.58006163121794, 214.58006163121794, 214.54069843667565, 213.63385080419863, 213.63385080419863, 213.63385080419863, 213.63385080419863], 
[251.33692782132505, 237.76401213080416, 237.76401213080416, 229.05467800705185, 229.05467800705185, 229.05467800705185, 227.95319218284737, 226.38151745373685, 226.38151745373685, 226.38151745373685, 225.00791731597172, 224.28608922618452, 223.36963140256958, 222.18410944800237, 222.18410944800237, 222.0641029024772, 221.30144082011424, 221.30144082011424, 221.30144082011424, 221.30144082011424], 
[249.44363070482268, 242.70832899528526, 231.21651652153048, 226.47858432385436, 222.43132607202105, 219.05512329970256, 219.05512329970256, 219.05512329970256, 218.31518993599735, 218.31518993599735, 217.68450485398262, 217.5232365881634, 217.17936690578065, 215.1146434805446, 214.41425090495514, 214.41425090495514, 214.41425090495514, 214.41425090495514, 214.41425090495514, 214.41425090495514], 
[244.53610695576492, 244.42364499408552, 236.92409390265658, 231.2052378011717, 227.96019897863306, 223.3386046561008, 223.3386046561008, 222.79067695737518, 220.41746117191505, 219.23184786356174, 218.20193950933898, 218.20193950933898, 216.93706885283711, 216.93706885283711, 216.93706885283711, 216.93706885283711, 216.93706885283711, 216.93706885283711, 215.97800584515804, 215.8916756558919], 
[247.13431400016196, 240.40373108507615, 233.92211128874777, 225.65998395181018, 225.65998395181018, 225.65998395181018, 224.29059999787557, 221.30173986533208, 220.29062121844564, 219.57892492455647, 216.58356239252237, 216.0794878161992, 212.87277606680976, 212.87277606680976, 211.6130729737924, 211.6130729737924, 211.6130729737924, 211.6130729737924, 211.6130729737924, 211.21561921485875], 
[246.54781188819533, 244.85153792642762, 234.39308786290476, 233.8876323178441, 233.8876323178441, 233.8876323178441, 230.74647095383116, 227.3603021883539, 227.3603021883539, 225.89006536291686, 225.89006536291686, 225.7042189589924, 224.582366789289, 224.582366789289, 224.582366789289, 223.59325011195384, 223.59325011195384, 222.72648376239755, 221.72911689813708, 221.69669552365406], 
[243.32832004463594, 238.34177360525442, 235.7966716010533, 232.78700203885526, 227.20529587994454, 224.33256613142797, 223.51747255777906, 222.71921123325365, 221.60642261257104, 219.26613809646707, 219.26613809646707, 219.26613809646707, 218.66550928699206, 216.75259009736703, 216.64586448622262, 216.64586448622262, 216.64586448622262, 215.23240892038947, 213.9726467845309, 213.72810317982916], 
[243.21858276683957, 243.21858276683957, 233.78886346307274, 233.27114965571366, 233.27114965571366, 232.3354518908921, 230.6663716835349, 228.8649489309228, 228.82600622896956, 228.82600622896956, 227.15141738302023, 227.15141738302023, 226.32413485389895, 226.32413485389895, 225.27346497451254, 225.27346497451254, 225.27346497451254, 223.93901070237462, 223.93901070237462, 223.70941474471667], 
[242.72641621161335, 239.9752536856074, 226.7286614195271, 226.6816026795504, 222.07055846594938, 222.07055846594938, 221.59932909072575, 221.48348543912326, 220.3160108398576, 218.96087327783795, 217.87550612797278, 216.16505503040634, 216.16505503040634, 213.71407290112455, 213.14063787898712, 213.14063787898712, 213.14063787898712, 212.96443710175026, 212.46648225002286, 212.46648225002286], 
[249.36791192533974, 236.68970073945624, 236.59038344557626, 228.28939241690642, 226.8683885648142, 219.7466391870531, 219.7466391870531, 219.7466391870531, 219.7466391870531, 219.7466391870531, 219.6848999339619, 219.65111558347138, 219.65111558347138, 219.42397321070573, 219.42397321070573, 218.83682925233964, 218.83682925233964, 218.29400744464633, 218.0343569911305, 218.0343569911305], 
[247.3166952647709, 238.65228640107654, 238.4772931360395, 232.9889164189328, 230.84691536765885, 227.4727834551105, 226.3137376323167, 226.3137376323167, 226.3137376323167, 225.3088874297436, 225.3088874297436, 225.3088874297436, 224.94913515446012, 224.79037742759786, 224.79037742759786, 223.87373937697188, 223.87373937697188, 223.87373937697188, 223.87373937697188, 223.87373937697188], 
[202.20221604519165, 202.20221604519165, 202.20221604519165, 185.0587002722515, 176.05927000398853, 176.05927000398853, 176.05927000398853, 162.75311495638027, 162.75311495638027, 162.75311495638027, 162.75311495638027, 144.75397896714378, 144.75397896714378, 144.75397896714378, 144.75397896714378, 144.75397896714378, 142.83534145878332, 142.83534145878332, 142.83534145878332, 142.36781233569405], 
[244.49597330163243, 236.37083638480726, 232.48541629653027, 227.68636531224993, 225.17081307852902, 225.17081307852902, 225.17081307852902, 223.82603374957435, 223.82603374957435, 222.2236387565533, 220.8669034785614, 219.4379053010215, 217.00215279107766, 217.00215279107766, 217.00215279107766, 216.72276969228645, 216.2104670064811, 216.2104670064811, 216.2104670064811, 216.2104670064811], 
[245.00558768851465, 245.00558768851465, 232.97194923222497, 232.18128915019156, 227.7649908660847, 225.21759110540208, 222.6108302532463, 222.6108302532463, 222.6108302532463, 221.50260825612182, 220.54567729491234, 220.35220998794313, 220.35220998794313, 218.99201378124351, 218.5156356251481, 218.5156356251481, 217.60011334396626, 217.60011334396626, 217.55000503908, 217.55000503908], 
[243.2571182633645, 242.82888271283431, 236.40166134911453, 234.85309465675934, 231.9734013603626, 231.30951881023321, 231.30951881023321, 230.5976153552089, 227.53980075604647, 227.53980075604647, 227.28246031193697, 226.60886531720288, 226.36410309566543, 225.8785474275856, 225.54582423914434, 224.7485635081018, 224.7485635081018, 224.4923003937992, 223.59195866541432, 223.59195866541432], 
[242.1235382534781, 242.1235382534781, 189.4839817307343, 189.33809541919516, 171.1157551568048, 171.1157551568048, 166.57258228151017, 161.60379011063574, 161.60379011063574, 161.60379011063574, 151.158378289658, 151.158378289658, 151.158378289658, 151.158378289658, 151.158378289658, 145.30128965014998, 145.30128965014998, 145.30128965014998, 145.30128965014998, 126.74894432168603], 
