[240.41391444890888, 240.41391444890888, 238.36838166494903, 235.40655235683997, 226.91673736328408, 225.46291818633748, 224.03149995312472, 224.03149995312472, 224.03149995312472, 224.03149995312472, 223.75137177209507, 223.26403591432987, 221.59639175987215, 221.59639175987215, 220.23315030857853, 220.121554175939, 220.121554175939, 220.121554175939, 219.7306375842762, 219.7306375842762], 
[244.48777131020415, 236.4814669915153, 236.31360226171273, 228.47556980232756, 225.96039154124747, 225.6868550775873, 221.24288159347188, 217.38300417751094, 216.9757092547981, 216.9757092547981, 213.90818245469788, 213.90818245469788, 213.90818245469788, 213.90818245469788, 211.76122718479397, 211.76122718479397, 211.76122718479397, 211.25699136811537, 211.25699136811537, 211.25699136811537], 
[237.68478370918015, 237.68478370918015, 235.26620745850147, 232.79240288406237, 227.82912473603304, 224.97647360547, 224.97647360547, 224.97647360547, 224.97647360547, 224.97647360547, 224.97647360547, 224.93857309216074, 224.80310039953093, 224.80310039953093, 224.80310039953093, 222.37716137173518, 222.30069578424727, 221.84132012767384, 220.8358120045221, 220.8358120045221], 
[243.53467618243602, 239.41314364551215, 238.13226097904231, 235.99103707469553, 232.39818351108156, 231.14856728892855, 230.02685552401059, 228.97409175195972, 225.14200050403747, 224.2716664860036, 224.2716664860036, 223.30667543462863, 222.99224885981081, 221.90385169655653, 221.90385169655653, 221.63633979412026, 220.73739078021435, 219.24722527909978, 218.47817097311835, 218.47817097311835], 
[236.17325488401372, 234.80454882704998, 229.27212690501403, 223.33786645776843, 222.57860712721683, 218.05230194262637, 218.05230194262637, 215.799040427811, 215.799040427811, 215.799040427811, 215.799040427811, 215.799040427811, 215.799040427811, 215.799040427811, 215.79001003047682, 215.49366548956442, 215.063157351553, 214.10575731332327, 214.10575731332327, 213.90468452140826], 
[237.66166981836864, 237.66166981836864, 236.22576434730922, 232.30825538067884, 227.04644000994446, 226.68772170584305, 224.65182961906964, 224.65182961906964, 222.0787052586974, 222.0787052586974, 221.50149395038065, 221.07673543851698, 220.18990737474434, 220.18990737474434, 217.77469298774471, 217.77469298774471, 217.5433778311074, 217.5433778311074, 217.4598693813536, 217.4598693813536], 
[238.38767100445256, 238.38767100445256, 236.999109963249, 230.95917547389735, 227.7452815769471, 225.20541113745554, 222.14682178627407, 219.60096949857098, 219.60096949857098, 219.60096949857098, 218.13475949338536, 216.37495999693132, 216.37495999693132, 215.8029899579669, 215.8029899579669, 215.8029899579669, 215.4887047991799, 215.4887047991799, 215.41203766925554, 214.72112037999113], 
[239.93374119425872, 239.93374119425872, 235.71029929673688, 230.07631693736226, 226.9003794811999, 224.60584225058273, 223.1234945674793, 220.6237935971752, 219.94026819237692, 217.59127954579404, 217.59127954579404, 217.59127954579404, 216.86208811588372, 216.23320227807585, 213.93805365353123, 213.93805365353123, 213.15930935535062, 213.15930935535062, 213.15930935535062, 213.1312055350746], 
[231.8097997123178, 231.8097997123178, 231.8097997123178, 227.7026101776192, 225.02026102950427, 224.30860774547045, 221.06481227622635, 221.06481227622635, 220.41388832383373, 219.05432329925387, 219.05432329925387, 218.2980479395459, 218.23045326157472, 217.83973932529543, 217.74238967396698, 217.74238967396698, 217.04898041515466, 217.04898041515466, 216.87987109945362, 215.60911409569883], 
[235.1607250392971, 235.1607250392971, 233.5514854644211, 228.30381430142097, 228.30381430142097, 227.72471308211288, 227.66128419225677, 224.75562074334226, 224.75562074334226, 222.38632475504102, 222.38632475504102, 221.76126407599762, 220.0815196799706, 219.38293238375726, 219.14878280743923, 216.00894861206666, 215.16550867338375, 213.16976998235458, 212.19280151469277, 212.19280151469277], 
[242.6942335480819, 239.47707285775743, 210.40365202802585, 179.0958839844139, 164.40222592668715, 150.50023108102118, 150.50023108102118, 150.50023108102118, 150.50023108102118, 150.50023108102118, 150.50023108102118, 150.50023108102118, 149.20140209827827, 149.20140209827827, 149.20140209827827, 149.20140209827827, 142.21676331941097, 142.21676331941097, 142.21676331941097, 137.00558373851885], 
[238.68540721260885, 238.68540721260885, 232.09782725547922, 225.2202612353077, 225.2202612353077, 224.04755299740165, 224.04755299740165, 223.73542911497933, 222.32769660313085, 219.0860821757983, 219.0860821757983, 219.0860821757983, 217.75209823048903, 217.75209823048903, 217.75209823048903, 216.31319225512252, 214.79247160766622, 214.79247160766622, 214.79247160766622, 214.79247160766622], 
[243.34723860972176, 237.79895256717992, 237.79895256717992, 229.49291642812105, 227.46514525095017, 225.9001977884709, 224.39761418276592, 224.39761418276592, 224.39761418276592, 224.39761418276592, 223.9114210339248, 223.9114210339248, 223.06854317620414, 222.63776457849343, 222.63776457849343, 222.5536897862877, 222.2744147528152, 220.6073679022665, 220.6073679022665, 220.6073679022665], 
[239.15649441008512, 237.84293276242877, 231.2309169858106, 228.07587600843604, 220.7819502467027, 220.7819502467027, 218.84795457979203, 215.65422754974574, 215.43237855339817, 213.7600045637355, 213.7600045637355, 211.78078012018037, 211.78078012018037, 210.5915151799061, 209.52525556357858, 209.06837977646768, 209.06837977646768, 209.06837977646768, 209.06837977646768, 209.06837977646768], 
[240.0584939697248, 240.0584939697248, 232.5582015305003, 231.39632828722114, 223.64358048621114, 223.1714240567069, 216.2883105198255, 216.2883105198255, 216.2883105198255, 216.23074130621518, 213.24898856649193, 212.19204460545845, 212.19204460545845, 212.19204460545845, 211.84998517290205, 211.84998517290205, 211.84998517290205, 211.51491841336434, 210.25538164745527, 210.25538164745527], 
[239.47930527832648, 225.05721014044718, 225.05721014044718, 199.7842326366871, 199.7842326366871, 176.73017286224876, 155.2537290792753, 155.2537290792753, 155.2537290792753, 155.2537290792753, 155.2537290792753, 155.2537290792753, 155.2537290792753, 155.2537290792753, 155.2537290792753, 155.2537290792753, 153.29205507922194, 153.29205507922194, 146.6234101281245, 146.6234101281245], 
[242.08515529968773, 237.53567125896672, 236.41422349898875, 228.80148721421412, 225.44641233841193, 222.81281250623658, 220.10798665855518, 220.10798665855518, 216.6046243906659, 216.6046243906659, 215.95990871930198, 213.61746220842056, 212.53742409164616, 212.53742409164616, 212.53742409164616, 212.12541735662705, 211.65730685954557, 211.65730685954557, 211.58692825447474, 211.4489672342171], 
[241.21237907269756, 237.0144500442323, 232.04476285870507, 222.91225562634975, 215.85803682773573, 215.85803682773573, 215.85803682773573, 215.85803682773573, 213.4829916691324, 211.37268325707774, 211.37268325707774, 211.12699551448927, 210.1517000488533, 208.36538268836236, 207.54756810662812, 206.65283300075959, 206.65283300075959, 206.37709137388407, 206.37709137388407, 206.37709137388407], 
[232.0118330510766, 232.0118330510766, 232.0118330510766, 231.38148403405836, 230.08935843144116, 225.28453882944805, 223.52358240615388, 223.52358240615388, 223.08566357027775, 221.96820266909052, 219.52783787651248, 219.52783787651248, 219.52783787651248, 219.52783787651248, 218.82030753817946, 218.72743915033413, 218.2284920370822, 217.79449346547315, 217.37987157093738, 217.37987157093738], 
[239.65432626929368, 235.85908947725218, 235.74183296410308, 230.63737196586106, 228.50057613827232, 222.52544437651295, 222.30975494885246, 222.30975494885246, 218.7224351002289, 218.66219669524787, 214.92571488795244, 214.92571488795244, 213.5993679166777, 211.99495173597774, 211.99495173597774, 210.8166358119228, 208.47871574924199, 207.81943258883538, 207.66722124395883, 207.08334673391468], 
[239.10460882477454, 237.12354470151945, 232.41749041681416, 227.52062172246488, 227.52062172246488, 227.52062172246488, 227.52062172246488, 227.09516706589224, 224.2173597000938, 224.2173597000938, 224.2173597000938, 224.2173597000938, 224.0692098252371, 223.5657133351564, 223.5657133351564, 223.06575679081897, 223.06575679081897, 221.63529297526108, 221.63529297526108, 221.63529297526108], 
[242.78088799956174, 241.40330256500297, 232.88472175396464, 230.83783722130767, 224.3144916151045, 223.3800418393127, 221.4914612445308, 220.46098478492007, 215.24155044200458, 215.24155044200458, 215.24155044200458, 213.50874664604564, 212.82813694831404, 211.13762185423298, 210.31520364722084, 208.07264333434193, 208.07264333434193, 208.07264333434193, 207.7561371294716, 207.4450205257558], 
[239.87803986024724, 221.7743031908116, 165.17636979139172, 165.17636979139172, 165.17636979139172, 159.6129384842553, 159.6129384842553, 159.6129384842553, 159.6129384842553, 159.6129384842553, 154.81242134708566, 154.23138331567426, 154.23138331567426, 154.23138331567426, 154.23138331567426, 154.23138331567426, 154.23138331567426, 154.23138331567426, 151.47868682195295, 151.47868682195295], 
[240.70908911275453, 240.397622194747, 240.06118733229192, 232.6918478276653, 232.6918478276653, 232.07349221450667, 231.13608026351972, 229.53604502497564, 229.53604502497564, 228.5486271594108, 225.64159783609128, 225.64159783609128, 225.64159783609128, 223.60980063702578, 223.60980063702578, 223.60980063702578, 223.04255340602032, 223.04255340602032, 223.04255340602032, 222.6211178259064], 
[241.17655885755477, 236.53668794828192, 225.88263867070782, 225.32603137445088, 225.32603137445088, 225.32603137445088, 224.6983803976631, 224.6983803976631, 223.23043266357044, 222.8732109276769, 221.10428170445712, 218.63141841272753, 218.63141841272753, 218.51846573928825, 217.75434671610572, 217.68125609062, 216.84517899071125, 216.84517899071125, 216.84517899071125, 216.3086132992516], 
[240.60643899491697, 240.60643899491697, 236.54294233034923, 233.70490316633564, 228.6691914804159, 228.6691914804159, 227.96982414245585, 227.96982414245585, 227.40188295143977, 226.54412005494694, 225.21621743949095, 224.32848746569428, 224.32848746569428, 224.32848746569428, 224.32848746569428, 224.32848746569428, 224.27921784539754, 222.9946811316582, 222.9946811316582, 222.9946811316582], 
[234.14777530765625, 234.14777530765625, 234.14777530765625, 230.72954029520977, 230.41010758604608, 228.86168706744724, 227.14691346754537, 227.14691346754537, 226.75850696651347, 226.4818046703085, 226.31858767644084, 226.31858767644084, 226.31858767644084, 225.11640208545217, 222.16717212539908, 222.16717212539908, 222.16717212539908, 222.16717212539908, 222.16717212539908, 222.01002379067472], 
[239.543460033584, 239.543460033584, 239.543460033584, 234.41777911103, 230.58405518650486, 225.93524626240256, 223.42120986858575, 220.8040076181014, 220.8040076181014, 220.578097749265, 218.9316668726325, 218.9316668726325, 218.84237786532165, 218.84237786532165, 218.84237786532165, 218.84237786532165, 218.84237786532165, 218.84237786532165, 218.668149502013, 217.8073379388154], 
[240.42792044706644, 240.42792044706644, 236.3079015647668, 235.23883334862543, 229.88800049172582, 225.03077183811314, 221.78811764435105, 217.5316030660535, 217.5316030660535, 216.77454759045452, 215.04487135558196, 215.04487135558196, 215.04487135558196, 213.75119543480983, 213.75119543480983, 213.65354238171977, 213.65354238171977, 211.83278778656825, 211.83278778656825, 211.7617725741573], 
[236.31991450008357, 236.31991450008357, 232.6506532879215, 229.58585546581466, 224.86019001813852, 223.09348888690735, 218.29287547160752, 218.29287547160752, 218.29287547160752, 217.4561240192371, 216.92237610712584, 216.47424147944218, 216.47424147944218, 215.97236127891995, 215.94788651434956, 215.94788651434956, 215.28234144467328, 215.28234144467328, 215.28234144467328, 214.79988026508053], 
