[222.98832180420547, 222.98832180420547, 210.6137101260345, 203.3646357070584, 200.8012958500657, 200.70737149841926, 200.57940887426338, 200.1214386790074, 200.11243250470716, 200.08845181238402, 200.08845181238402, 200.07372170522055, 200.07372170522055, 200.07372170522055, 200.07372170522055, 200.06762197556571, 200.06762197556571, 200.05459974495668, 200.05459974495668, 200.04151107482156], 
[345.18136844919843, 288.44277775624346, 254.22941665808352, 221.40401174907836, 207.82737164558503, 188.41535710249616, 166.92278626680638, 166.92278626680638, 166.92278626680638, 166.92278626680638, 162.0716741216964, 156.31123792567297, 151.30052539891486, 151.30052539891486, 151.30052539891486, 151.30052539891486, 151.30052539891486, 151.30052539891486, 138.608677728655, 138.608677728655], 
[261.2219193381088, 256.8287398728286, 196.3169128794678, 161.3314913954624, 161.3314913954624, 161.3314913954624, 161.3314913954624, 160.23358179099228, 138.19487740824238, 138.19487740824238, 138.19487740824238, 138.19487740824238, 138.19487740824238, 138.19487740824238, 138.19487740824238, 131.21632957952525, 131.21632957952525, 129.08256018213552, 129.08256018213552, 129.08256018213552], 
[231.5586745132392, 231.5586745132392, 211.84601376788459, 206.42537615112184, 202.43199723078965, 202.36565532072285, 201.58658122373066, 200.89816124344281, 200.4247565562894, 200.30383924896134, 200.25194721577165, 200.24096040221585, 200.23759833511397, 200.19300129887486, 200.17944183816226, 200.16840066229207, 200.16676292890202, 200.14815616549006, 200.13847641805262, 200.130930658666], 
[232.20915608836256, 232.20915608836256, 210.90413744323237, 205.35029618661162, 204.02388723427745, 202.13123366631996, 200.75515097540082, 200.75515097540082, 200.38379361528555, 200.2051960292697, 200.2051960292697, 200.2051960292697, 200.16288252782394, 200.16288252782394, 200.11094648837806, 200.11094648837806, 200.10404626488034, 200.10404626488034, 200.07877956856203, 200.076474921079], 
[229.9794960654094, 217.01298519742514, 205.1791981885821, 200.77230923355353, 200.33845324018094, 200.2421779890033, 200.2421779890033, 200.2421779890033, 200.2421779890033, 200.20287935989845, 200.12604488570258, 200.10972998213657, 200.10972998213657, 200.10972998213657, 200.10972998213657, 200.10433529421525, 200.10433529421525, 200.10433529421525, 200.09263815296376, 200.08739004023553], 
[264.86759263562976, 210.25218186590854, 210.25218186590854, 202.53137394611727, 201.81633809457887, 201.76582564543315, 201.515843676591, 201.32418006578575, 201.2882944600316, 201.2882944600316, 201.2882944600316, 201.17797999743496, 201.11588695442134, 200.97828961409147, 200.946627275437, 200.8510761678509, 200.67713084456136, 200.67713084456136, 200.63233320137275, 200.58591064916882], 
[242.5821015253591, 241.4339730118642, 212.23121252597255, 202.70317123811523, 200.8916236286175, 200.48134716989634, 200.21167083335908, 200.21167083335908, 200.13561451950096, 200.13561451950096, 200.13561451950096, 200.13561451950096, 200.13561451950096, 200.13561451950096, 200.13291326510918, 200.13267506400862, 200.11690731164794, 200.11690731164794, 200.11690731164794, 200.11690731164794], 
[340.63780415370877, 340.63780415370877, 337.7433861520502, 332.6038155201594, 328.8147008980062, 327.9909744448275, 325.77046248772945, 325.0766651430436, 324.75365489623545, 320.94639415738465, 317.08318253732955, 317.08318253732955, 316.5563005517918, 215.8891563870672, 215.8891563870672, 209.123702726999, 203.43394159578094, 201.7868237636071, 201.29682271798134, 200.61947310928937], 
[263.10364930721164, 224.6884613931035, 209.82630671767154, 203.98166459268634, 202.18111291723363, 201.33631381323883, 200.43328105865768, 200.43328105865768, 200.30644207072444, 200.20592839671485, 200.197459725007, 200.16663343900777, 200.15461809631844, 200.15461809631844, 200.128804746137, 200.128804746137, 200.11261377983, 200.11261377983, 200.11261377983, 200.11261377983], 
[337.8587017302303, 337.8587017302303, 332.3380100986096, 328.9186887300219, 323.4639401746094, 320.98881119527766, 318.87010558533314, 317.85050425543307, 316.10569574757005, 315.56227846268524, 315.02110930363403, 314.2823452947231, 314.2593876875492, 313.8361296518258, 313.8361296518258, 312.4595815215084, 311.65914225528155, 311.65914225528155, 311.65914225528155, 311.65914225528155], 
[251.79772742350661, 229.44530806940625, 207.4430781852471, 202.45324710719686, 201.18453318715075, 201.14206035721992, 200.72195688507765, 200.72195688507765, 200.63347008807636, 200.5942769694487, 200.3025934652775, 200.3025934652775, 200.23759168869893, 200.23759168869893, 200.23759168869893, 200.2248408714096, 200.21286313529097, 200.21286313529097, 200.17849532677755, 200.17849532677755], 
[319.36234027343164, 224.3533143899326, 215.29545856284997, 183.16802386919377, 180.21818815579803, 176.5599876843977, 166.36708294784262, 163.50361541295973, 156.70191127973385, 151.96279348785785, 151.9115649560126, 151.9115649560126, 147.1720877621159, 147.1720877621159, 147.1720877621159, 147.1720877621159, 135.7508853027186, 135.7508853027186, 135.7508853027186, 135.7508853027186], 
[268.18926359628915, 268.18926359628915, 209.54702087451741, 201.50172133642772, 200.82536013294444, 200.823678920072, 200.72737336924382, 200.50970146163044, 200.39052389151504, 200.3794803740382, 200.2625887004776, 200.24232309966112, 200.24232309966112, 200.24232309966112, 200.21194051955086, 200.21136876930717, 200.1917802322576, 200.1606388640735, 200.15120256932502, 200.15120256932502], 
[235.2736022627036, 225.458800203922, 216.82217914270348, 202.0418045043839, 200.58185573641654, 200.12354116056167, 200.12354116056167, 200.12354116056167, 200.12354116056167, 200.12354116056167, 200.12354116056167, 200.10123283470512, 200.09941089574238, 200.0866935337735, 200.0750825695792, 200.0750825695792, 200.0750825695792, 200.0750825695792, 200.0750825695792, 200.0750825695792], 
[218.51479510275072, 218.51479510275072, 205.51928978400932, 201.97954664421968, 201.97954664421968, 201.97954664421968, 201.79883516341468, 201.6758208286672, 201.46802128569868, 201.10517870415495, 200.9800945706732, 200.9800945706732, 200.9800945706732, 200.91820010297073, 200.85735456140347, 200.85735456140347, 200.85735456140347, 200.85735456140347, 200.8025451080421, 200.7763193162309], 
[192.8783389210755, 192.8783389210755, 192.8783389210755, 176.54050425317948, 154.77420608434343, 154.77420608434343, 154.77420608434343, 154.77420608434343, 154.77420608434343, 154.77420608434343, 154.77420608434343, 154.77420608434343, 154.77420608434343, 154.77420608434343, 154.77420608434343, 154.77420608434343, 153.29704655752843, 153.29704655752843, 146.53984548379646, 146.53984548379646], 
[225.6732563979859, 215.68267985657616, 212.22286783886585, 202.62743253876687, 200.7236023258055, 200.6156881917597, 200.3831127061674, 200.37401357326624, 200.3332321137091, 200.2546538081778, 200.2546538081778, 200.2530270296122, 200.22307792210916, 200.22307792210916, 200.1813527940451, 200.1813527940451, 200.179571327214, 200.17898188030566, 200.16999678324234, 200.16999678324234], 
[254.05332950102527, 254.05332950102527, 220.81016504920433, 202.45060052790257, 201.02936732062633, 200.43640215855262, 200.43640215855262, 200.38085033542262, 200.32370174990737, 200.0883649817499, 200.05257192244594, 200.05257192244594, 200.05257192244594, 200.05257192244594, 200.05257192244594, 200.05095071627304, 200.05095071627304, 200.05095071627304, 200.05095071627304, 200.0487833396793], 
[306.7834420290791, 234.74895443202914, 219.99234409702203, 204.42242269729027, 201.63744810669783, 201.08771017045086, 200.40598440081502, 200.28294180769598, 200.28294180769598, 200.23171160141462, 200.2260199299093, 200.2260199299093, 200.09392354828518, 200.09392354828518, 200.09392354828518, 200.08644341011433, 200.08644341011433, 200.08644341011433, 200.0863045507813, 200.0863045507813], 
[312.81940726375444, 224.83944260312475, 206.25823370280622, 201.3616856605524, 200.61710330703795, 200.51582179848225, 200.51414048698112, 200.47916507986287, 200.47916507986287, 200.25392077706215, 200.24360281313554, 200.1423351168477, 200.1423351168477, 200.1309376333786, 200.1309376333786, 200.12880282732112, 200.12494696700202, 200.12168275164865, 200.12168275164865, 200.1070524831522], 
[246.40174540338074, 212.51744147822527, 207.25137694658585, 203.7783394723755, 201.36243252871373, 200.79659145961327, 200.5354171296028, 200.36450970967235, 200.34262599040505, 200.19629967840726, 200.15699044702362, 200.15699044702362, 200.15699044702362, 200.15699044702362, 200.1186765038813, 200.08160200271874, 200.08160200271874, 200.0736781190434, 200.06883042103794, 200.06883042103794], 
[221.17625600652124, 218.64008779269284, 202.54144841876976, 201.18292554696873, 200.37492313855583, 200.3423945941607, 200.15286449653885, 200.15286449653885, 200.1359609802072, 200.11739500597366, 200.09713014136796, 200.0971071398572, 200.0971071398572, 200.0971071398572, 200.09229275131662, 200.09229275131662, 200.091452864037, 200.0674635687631, 200.0674635687631, 200.0660793681945], 
[239.8857560025547, 239.8857560025547, 205.64111607505697, 205.0794742381438, 201.88732645369006, 200.75733331119116, 200.3827776680278, 200.3827776680278, 200.3827776680278, 200.28277048665612, 200.26309606239082, 200.24004870611566, 200.20900774338116, 200.15934521995402, 200.11829036816803, 200.11829036816803, 200.1139166100452, 200.1139166100452, 200.09157302963166, 200.09157302963166], 
[243.57570106328015, 237.9572649443063, 216.66858739795134, 202.9543066193058, 201.00871269134336, 201.00871269134336, 200.65336621394658, 200.45092586724522, 200.31350696191777, 200.302639116729, 200.24050512319062, 200.24050512319062, 200.17672888987605, 200.16246496407666, 200.126510884047, 200.126510884047, 200.126510884047, 200.126510884047, 200.126510884047, 200.1215702246638], 
[259.9045400360804, 259.9045400360804, 216.49522584720376, 202.0568857157057, 201.63166423368537, 201.08441542224512, 200.79701602330888, 200.6036134281611, 200.6036134281611, 200.6036134281611, 200.55958835573074, 200.4146823068861, 200.4146823068861, 200.3942778502242, 200.3942778502242, 200.3942778502242, 200.3942778502242, 200.3942778502242, 200.34297784438533, 200.34297784438533], 
[243.14115252095274, 222.27457423288513, 196.28736164652938, 178.81419993850272, 151.84654458956072, 151.84654458956072, 151.84654458956072, 151.84654458956072, 151.84654458956072, 151.84654458956072, 151.84654458956072, 140.07122869674973, 138.60025811772528, 138.60025811772528, 138.60025811772528, 138.21937914029593, 137.51071541059213, 137.51071541059213, 137.51071541059213, 136.73175386622128], 
[265.028778046695, 215.4315367929942, 207.70339962888946, 202.51401808889867, 200.8212257597849, 200.27307293449982, 200.21306116830564, 200.20589277852483, 200.20589277852483, 200.17202844487656, 200.17202844487656, 200.15024234328405, 200.13750406289415, 200.10077968717786, 200.10077968717786, 200.09385890197694, 200.09385890197694, 200.09385890197694, 200.09369595215307, 200.08812566337528], 
[221.049043335538, 221.049043335538, 218.332016725641, 201.62356684546253, 200.5950923075112, 200.39826852924136, 200.31080602654126, 200.31080602654126, 200.27940392437395, 200.22064089016885, 200.11319341966788, 200.09520217299382, 200.09520217299382, 200.09520217299382, 200.09520217299382, 200.0937105254615, 200.0937105254615, 200.0937105254615, 200.0937105254615, 200.0937105254615], 
[229.60699618962548, 229.60699618962548, 217.68342392481122, 202.8379102522521, 201.1125104864873, 200.88309144884064, 200.88309144884064, 200.6631678405155, 200.6631678405155, 200.60402844487, 200.60402844487, 200.60402844487, 200.5947838131617, 200.58102865495084, 200.53251849085592, 200.52352553622336, 200.4806649677264, 200.45751079460243, 200.42413371460353, 200.40152744678258], 
