[798.8751041148985, 798.8751041148985, 783.6741934124371, 683.5061839617916, 664.4310571692066, 633.0817617471106, 633.0817617471106, 622.747094765336, 586.8901273760055, 586.8901273760055, 586.8901273760055, 586.8901273760055, 586.8901273760055, 586.782213402613, 576.7400087374949, 576.7400087374949, 576.7400087374949, 567.6354879306988, 562.5934367321827, 561.8039836546687], 
[952.2607469839471, 829.9077600987778, 734.7731881808842, 631.0370611286096, 512.3958553076023, 509.0230062295668, 504.5556335820995, 504.5556335820995, 504.5556335820995, 464.1309969915073, 464.1309969915073, 463.14510202749295, 449.50706612681176, 418.95674416325704, 407.86223877343355, 407.86223877343355, 407.86223877343355, 407.86223877343355, 405.54684612736565, 405.54684612736565], 
[865.6483953848328, 850.0967608363826, 791.2441920476593, 701.470124903343, 609.4664542638657, 561.9816839114485, 521.3239345451959, 470.498558228286, 456.5834574258648, 438.7160366222514, 438.7160366222514, 438.7160366222514, 429.0857440254715, 429.0857440254715, 419.3123724232812, 404.16616274412354, 404.16616274412354, 404.16616274412354, 391.51073049963986, 391.51073049963986], 
[898.976360098766, 834.7580179535398, 716.0721344942343, 641.8292721906811, 641.8292721906811, 603.2920844365499, 597.0603127687003, 580.1510312287251, 568.1873284066145, 568.1873284066145, 562.3230104634159, 562.3230104634159, 562.3230104634159, 549.0643359381809, 526.0633105819973, 526.0633105819973, 526.0633105819973, 526.0633105819973, 526.0633105819973, 517.4476048250475], 
[836.3596574227382, 836.3596574227382, 729.2709101203226, 687.09709917388, 619.8571262535804, 581.3027040595331, 575.3205431648871, 558.2843210449927, 532.559495510245, 495.8445074692313, 486.3822873839075, 486.3822873839075, 466.1443887746153, 455.67954259949414, 445.99139690494775, 443.4444549787649, 422.83236596906164, 414.81253418604825, 389.8935602630563, 374.3647149585339], 
[868.1866348247636, 735.4865227999796, 703.7483574980549, 592.6169329856116, 551.0649598980474, 548.4813220711696, 502.69587068545275, 498.8596266558394, 484.7066456787972, 453.92273341571894, 453.92273341571894, 449.4550768094325, 449.4550768094325, 442.9018010521432, 434.0596403559019, 434.0596403559019, 434.0596403559019, 413.8022902140827, 402.6376977305756, 402.6376977305756], 
[858.9779619351884, 753.928926865653, 673.5689923970631, 556.0803329769176, 448.6026125565541, 448.6026125565541, 440.63549110654526, 438.21645149608696, 433.31339646248045, 433.31339646248045, 425.5910866947467, 419.58678820278385, 419.58678820278385, 419.58678820278385, 414.9335380155797, 408.852083698047, 406.79691466203514, 406.16808261364633, 404.6807831975449, 404.4891223672639], 
[991.9938244779534, 863.518137409127, 772.5534143837276, 685.3747883201562, 685.3747883201562, 685.3747883201562, 685.3747883201562, 644.827705914962, 594.6297303775707, 525.0328651926008, 484.1569599252086, 484.1569599252086, 466.2813159406207, 466.2813159406207, 459.4972761028757, 458.6276621036913, 455.700542085566, 455.700542085566, 430.6400992104402, 415.48012163046036], 
[873.8652965199242, 794.2288555044914, 643.0950280838413, 607.881562714939, 556.7248428777308, 556.7248428777308, 556.7248428777308, 543.5695579991476, 522.5408265132296, 509.4660528105111, 509.4660528105111, 507.1897497065502, 443.66035249547815, 443.66035249547815, 443.66035249547815, 419.91306098216955, 419.91306098216955, 419.91306098216955, 405.8317119173999, 405.8317119173999], 
[796.702247386529, 773.6215544087095, 697.5027757933701, 638.2227774221448, 638.2227774221448, 627.743020757513, 619.3578608676953, 596.0229532680713, 575.198267154407, 575.198267154407, 519.1088767153448, 519.1088767153448, 519.1088767153448, 519.1088767153448, 518.3488627555843, 518.3488627555843, 515.6529571087706, 509.9627042023639, 509.9627042023639, 509.9627042023639], 
[834.7680933771528, 824.3777822162763, 674.4390310139303, 538.8561327555682, 516.598739188076, 514.7430153944821, 514.7430153944821, 455.63323841138805, 455.63323841138805, 455.63323841138805, 455.63323841138805, 446.7460410781978, 445.29844800321575, 430.20228420414526, 419.0692084427692, 412.3353945153179, 400.531702107189, 398.59458994737537, 390.0635789421242, 390.0635789421242], 
[824.5937228537023, 803.5577785142924, 661.042591684561, 619.4976229903106, 542.9249854422001, 475.6498142971555, 467.542402134061, 467.542402134061, 466.3535197770805, 452.6865150124185, 417.67190773527955, 417.67190773527955, 417.67190773527955, 410.88765102840944, 410.88765102840944, 410.88765102840944, 410.88765102840944, 403.25876874111316, 403.25876874111316, 403.25876874111316], 
[802.9475719075184, 749.9340469327112, 692.4380281778341, 635.6340741758312, 633.5175615765704, 628.4176937839457, 588.2084210613223, 588.2084210613223, 586.5009398646697, 586.5009398646697, 575.669774783822, 559.4215138625268, 550.8142715161789, 549.2554836676532, 546.3542010689841, 546.3542010689841, 546.3542010689841, 546.3542010689841, 546.3542010689841, 542.5669701828332], 
[896.5863030078858, 823.6637321360212, 749.6266895547786, 693.4285860178204, 657.2978674881524, 590.3665647282247, 565.9358800108914, 532.9695140165044, 513.7917839208214, 502.39062517161574, 495.0626321913036, 463.5384649828716, 456.7122782075363, 456.7122782075363, 456.7122782075363, 421.19995534723773, 421.19995534723773, 414.74826434756125, 395.3247224034182, 395.3247224034182], 
[844.5274904647495, 808.3977526656648, 687.2452946387012, 601.066559543986, 539.8552570671771, 494.9203925259266, 461.9644823792851, 457.49956350626184, 450.25606807552583, 446.1500081083817, 434.0674098555412, 429.8377865099927, 423.5606951922338, 423.5606951922338, 404.3234840602844, 404.3234840602844, 376.21361433805095, 376.21361433805095, 376.21361433805095, 375.01994408250835], 
[868.2367964659765, 673.2836669992467, 634.7267564854116, 620.3333350635534, 565.8380015506514, 565.8380015506514, 565.8380015506514, 553.0494317176787, 547.648270412954, 546.9296100501205, 530.2955488141288, 512.177388781208, 512.177388781208, 490.57350327776874, 472.2813393152031, 466.81367634138365, 466.81367634138365, 466.81367634138365, 461.78417741768754, 461.78417741768754], 
[876.6344526646678, 794.6759487256468, 720.2682006154535, 688.2421848209873, 672.0081638377148, 659.2439487938145, 651.6338787030026, 622.0642551982517, 620.1229370271694, 616.3127496093226, 601.9443604288598, 589.8385702556917, 589.8385702556917, 575.6067625085976, 572.1443900367784, 572.1443900367784, 571.8006283621488, 563.1088946495379, 560.7359723797891, 557.2984252744188], 
[850.6804679561087, 730.2419722844456, 616.9848732524226, 551.6059853855037, 528.4874939880457, 502.03663509715625, 500.24037842227057, 479.0885243067031, 469.80638850872936, 457.2518160254476, 456.1700662834861, 456.1700662834861, 439.1276283975101, 437.8035030858359, 436.720886025903, 435.59957771541843, 416.44179770700663, 416.44179770700663, 416.44179770700663, 416.44179770700663], 
[912.9536169701661, 729.2210778077247, 674.3194653307596, 623.7052158138977, 620.5730299255772, 564.0960319133121, 553.8504182432463, 532.4825633911513, 508.75397297164466, 508.75397297164466, 465.3195535252029, 465.3195535252029, 438.53136728047406, 438.53136728047406, 435.77517257769625, 418.0977544097745, 407.9912608124864, 396.5729749115142, 394.86158326950834, 394.86158326950834], 
[939.5345290857163, 834.9873584612009, 762.8405651378753, 645.5211033162832, 603.0859287796568, 541.7451534648046, 541.7451534648046, 529.2870062825535, 518.4163651196912, 517.6624688561064, 497.9030575560305, 497.9030575560305, 497.9030575560305, 475.6487058354078, 420.92123281999346, 420.92123281999346, 398.62772531715416, 392.11425687122863, 392.11425687122863, 392.11425687122863], 
[908.0616120722326, 731.3797470744541, 643.6871885383337, 546.3677321502153, 546.3677321502153, 530.3671852677758, 486.5426060572146, 486.5426060572146, 467.00084567615687, 467.00084567615687, 450.8015250274002, 444.92790351728553, 444.92790351728553, 433.8625540294246, 433.8625540294246, 428.18471772864245, 403.34419025326883, 400.8732076090101, 397.92796458200183, 397.92796458200183], 
[766.5092967185868, 766.5092967185868, 633.9316899610361, 561.8039132425871, 533.8262503713061, 528.2217249100913, 522.835305009135, 522.835305009135, 482.98873163369495, 482.98873163369495, 474.505021762447, 451.53982089260927, 444.36042759221687, 433.6002272701962, 429.9679773331945, 382.45576898462406, 382.45576898462406, 382.45576898462406, 382.45576898462406, 381.0724750228308], 
[879.2091813345662, 793.6308111043002, 577.3963111408542, 480.0422638081684, 473.6644876711926, 466.4592234858352, 435.5345827395605, 435.5345827395605, 435.5345827395605, 425.14934931518246, 425.14934931518246, 421.42484504796687, 417.5490954080838, 417.5490954080838, 415.12293093502115, 413.54596064916666, 411.62981525638895, 409.43766330658724, 407.68974730389385, 407.68974730389385], 
[862.019094618827, 859.5604087347637, 725.1162520912665, 629.1692094990243, 623.2173671292283, 589.4760664163844, 570.7379956052207, 542.8349854376329, 522.254057120735, 511.4944662133912, 473.2153577772047, 473.2153577772047, 473.2153577772047, 441.45609871218744, 441.45609871218744, 441.45609871218744, 424.90668461760515, 418.6070687227701, 418.6070687227701, 410.9376836370435], 
[803.1054243355957, 803.1054243355957, 723.13841959675, 690.1144796887713, 664.2419067460096, 655.4233227178873, 616.3413798220091, 597.4183799127219, 591.1668918695682, 589.7817724003366, 566.8718956740747, 566.8718956740747, 553.0844509227105, 547.1126365481268, 538.1580138922589, 538.1580138922589, 526.1268426291695, 514.6278877099084, 499.3066339842843, 484.66320196659797], 
[868.1474703070814, 730.6794997700827, 675.5388550120634, 595.742442761044, 562.0568330738936, 556.16912597065, 526.8923954746325, 501.47015101939763, 479.88666309038683, 447.3103592140508, 439.1816597095837, 439.1816597095837, 427.6534130555026, 409.5404471217179, 409.5404471217179, 402.273038937346, 383.3948403123414, 378.30393948096673, 373.37497775398873, 373.37497775398873], 
[877.04180672812, 775.9065004587687, 651.6244654980964, 552.6682381784021, 521.0770678431533, 521.0770678431533, 479.99740565629304, 479.99740565629304, 479.99740565629304, 447.35758864506613, 422.5027438101649, 395.3750104578147, 395.3750104578147, 395.3750104578147, 381.14075761265815, 381.14075761265815, 365.71197265643156, 365.71197265643156, 360.8971728388264, 360.8971728388264], 
[864.5139497737898, 616.1803950076087, 601.0769616329467, 567.1186408474111, 489.7873577437758, 489.7873577437758, 486.80163351307914, 462.68716634487635, 455.74704578407847, 455.74704578407847, 437.5566793580519, 430.02616010958906, 430.02616010958906, 422.54218369268216, 411.02377800853327, 411.02377800853327, 402.453199688213, 377.58423923750456, 372.8244484061493, 365.6010411307507], 
[871.4510295520629, 713.820369758555, 682.4582131586858, 531.5021807905468, 531.5021807905468, 528.101133263645, 513.7599014843746, 499.6053297920834, 477.37458890406543, 469.7190465009172, 448.2210740861462, 419.19876514496514, 400.99740560933043, 395.53249763296816, 395.53249763296816, 395.53249763296816, 381.6109657427111, 381.6109657427111, 381.6109657427111, 377.5362600750344], 
[814.3518025832643, 814.3518025832643, 703.9479706940522, 681.8146153900145, 645.7671838923734, 645.7671838923734, 645.7671838923734, 645.7671838923734, 645.7671838923734, 645.7671838923734, 645.7671838923734, 645.7671838923734, 643.1542998262545, 638.7909424501274, 624.366981984719, 624.366981984719, 624.366981984719, 620.2851077321998, 612.0321975361153, 595.8283538642972], 
