[1325.8111374061436, 1200.778100425536, 947.1622881844785, 805.181258893726, 728.0636934108318, 723.7489562215674, 641.5459168501491, 641.5459168501491, 587.1528282295606, 540.4683338394972, 519.1620115741151, 519.1163939000335, 469.11836916653516, 422.94654955945555, 420.7589519249891, 385.5367293272452, 385.5367293272452, 383.57007447039126, 380.28011240454344, 368.6689354383374], 
[1303.787136324508, 1155.0087908442306, 941.675286851072, 931.3244238283469, 885.1656901928548, 851.5065373999354, 808.5179007572938, 771.522107097547, 771.522107097547, 771.522107097547, 712.8707287869369, 679.8705463910943, 679.8705463910943, 679.8705463910943, 679.8705463910943, 679.8705463910943, 679.8705463910943, 677.9153840517852, 656.7610046591572, 656.7610046591572], 
[1248.3618481140431, 1139.9878846222505, 914.5738868222234, 914.5738868222234, 871.4034158314469, 861.8572287959944, 769.2789393200967, 733.0170024324285, 671.4136126256208, 671.4136126256208, 671.4136126256208, 669.8432965222257, 669.8432965222257, 662.3320579706565, 648.9666962697341, 634.5214466334712, 634.5214466334712, 614.5428671140975, 614.5428671140975, 592.8734684813774], 
[1294.3453122499675, 1153.628072547413, 1052.7404457433865, 860.9317141207208, 784.7684526659413, 709.9125218810408, 652.6641711398833, 625.0393132868228, 559.516801711367, 559.516801711367, 546.9260203225942, 508.83822934589466, 482.48528409256056, 472.2992181912715, 459.7520248752731, 458.8467022119398, 458.8467022119398, 450.850961551702, 431.401674392621, 421.33811017537295], 
[1605.8759790539998, 1185.0153022002053, 925.5360251411147, 845.2489717181606, 844.3869794201734, 844.3869794201734, 828.3926838029124, 789.7574428022044, 789.7574428022044, 779.9059092510022, 765.6645013429089, 765.6645013429089, 733.8678659518971, 733.8678659518971, 733.8678659518971, 660.1015440231781, 660.1015440231781, 660.1015440231781, 660.1015440231781, 660.1015440231781], 
[1389.3340676515188, 1194.4175353503852, 1040.8073421457289, 960.1636170329548, 813.1144770271997, 708.5604912533371, 680.848049175494, 625.6185945040247, 539.3380810257123, 539.3380810257123, 522.0845611369859, 506.12545815822966, 477.95890577645235, 468.80953681996766, 459.9866693618854, 459.9866693618854, 420.38720090022383, 420.38720090022383, 420.38720090022383, 386.0163252429818], 
[1462.7854292845334, 1159.3026202966837, 955.101042219344, 835.9778593202973, 722.5596273391614, 665.3012481779349, 640.6082587314565, 597.229298529577, 503.21935001161887, 490.83788109774514, 463.5971295225751, 459.96069941620453, 450.98320477385204, 432.9320106677628, 399.6394443910026, 369.9430925413772, 369.9430925413772, 369.9430925413772, 360.3946896641967, 342.5598859042217], 
[1390.3886396750586, 1177.874445939982, 995.8484633668661, 878.1702468257932, 878.1702468257932, 878.1702468257932, 878.1702468257932, 818.4570069766514, 818.4570069766514, 786.9948335101797, 786.9948335101797, 786.9948335101797, 768.1129428278412, 748.7894182694272, 748.7894182694272, 748.7894182694272, 748.7894182694272, 747.0433620933154, 738.894359034379, 730.7666709952362], 
[1763.1012152193125, 1278.7849461594358, 982.4691501035431, 873.4963038030858, 775.2270909365209, 775.2270909365209, 758.7379271719666, 727.9153384644931, 727.9153384644931, 727.9153384644931, 727.9153384644931, 727.9153384644931, 716.9379882661423, 691.8234514414977, 691.8234514414977, 691.8234514414977, 691.8234514414977, 684.0319131231461, 684.0319131231461, 666.913551959087], 
[1517.263548509937, 1217.8431693274058, 1050.8714561884253, 977.0126716542075, 861.1043701975295, 861.1043701975295, 833.3239655283435, 833.3239655283435, 833.3239655283435, 833.3239655283435, 833.3239655283435, 775.3370156895348, 775.3370156895348, 775.3370156895348, 773.8857737476023, 773.8857737476023, 773.8857737476023, 773.8857737476023, 773.8857737476023, 773.8857737476023], 
[1227.942936647581, 951.7605974410095, 921.3504186842741, 800.2540963957367, 742.046067009731, 708.4017249633702, 603.3058462675442, 570.523326153081, 539.1020064499908, 530.1099554576215, 530.1099554576215, 491.9979081078402, 491.17878332208943, 456.83202512633477, 432.0768874487151, 400.2803619184131, 400.2803619184131, 390.9768167651519, 384.1020800375101, 370.84617970270943], 
[1353.832465818407, 1108.5088133441723, 925.4944460656384, 903.107098180597, 794.0309977250868, 779.5704576094518, 715.1062603051068, 715.1062603051068, 715.1062603051068, 715.1062603051068, 708.7046540358629, 690.6209198084537, 650.3728663261538, 650.3728663261538, 650.3728663261538, 618.4604938519246, 610.2226952563153, 600.213944615205, 598.2635257393125, 598.2635257393125], 
[1483.77398167316, 1304.9067387058763, 901.3680291888885, 901.3680291888885, 901.3680291888885, 826.2563784368691, 826.2563784368691, 826.2563784368691, 822.3887830093801, 752.8826423382334, 724.9752971436785, 724.9752971436785, 724.9752971436785, 715.350445779947, 715.350445779947, 715.350445779947, 715.350445779947, 715.350445779947, 714.6795071950687, 708.1680979316895], 
[1395.5211057798956, 1082.5112065169271, 921.0392922358692, 867.5616522071709, 867.5616522071709, 796.5504429054404, 796.5504429054404, 796.5504429054404, 796.5504429054404, 785.9473589120548, 756.7330672044336, 756.7330672044336, 726.8462439887483, 726.8462439887483, 726.8462439887483, 709.6036650766935, 709.6036650766935, 709.6036650766935, 709.6036650766935, 707.8624448183652], 
[1384.2484300027145, 1284.1298339907787, 1061.3503550010741, 971.5404574243194, 805.3560792868952, 805.3560792868952, 805.3560792868952, 773.3704101487538, 773.3704101487538, 773.3704101487538, 773.3704101487538, 745.9562110907177, 745.9562110907177, 730.9736259916845, 721.0958294274972, 721.0958294274972, 712.0350186882629, 712.0350186882629, 712.0350186882629, 712.0350186882629], 
[1505.711645547678, 1142.6833721527053, 962.5312260804321, 930.9780247757874, 791.1860315786001, 710.2241739667725, 587.3745266171976, 543.4706644955575, 526.000330813821, 465.98002524980853, 445.76846274101246, 444.8597220401486, 411.5681034590742, 394.69360053620943, 390.3089694786269, 370.8547657218328, 370.8547657218328, 370.8547657218328, 343.84044797628974, 343.84044797628974], 
[1671.1742423014637, 1180.1739962423642, 1032.3037080082918, 955.0108683027513, 910.4261453044435, 892.10168298857, 843.3372961637585, 843.3372961637585, 837.5471967000851, 812.6449517661406, 783.1149136678866, 783.1149136678866, 722.7504888454196, 722.7504888454196, 722.7504888454196, 722.7504888454196, 722.7504888454196, 722.7504888454196, 722.7504888454196, 722.7504888454196], 
[1132.2808867775361, 1124.932267892881, 882.0326468916769, 875.5053429922009, 875.5053429922009, 860.0443928490433, 860.0443928490433, 860.0443928490433, 842.9536424789999, 761.7641210956979, 761.7641210956979, 761.7641210956979, 761.7641210956979, 761.7641210956979, 761.7641210956979, 761.7641210956979, 761.7641210956979, 761.7641210956979, 761.7641210956979, 758.7277169616497], 
[1389.6636342012148, 1132.1972367088028, 890.945553589455, 886.1798185491168, 803.6812826859104, 741.4040914108336, 655.6728425926046, 588.6303397104242, 539.0246945306147, 539.0246945306147, 514.104060721646, 499.19374950054396, 446.61554389964937, 432.1620171835455, 416.6000916937441, 398.36425560364876, 395.05488611154254, 395.05488611154254, 379.42269760664, 364.6342000385854], 
[1645.5303238762722, 1164.7893139357984, 1001.9300404736226, 885.2860789200703, 874.7622279360489, 842.7289593081416, 803.1206745006718, 803.1206745006718, 715.3058746223186, 715.3058746223186, 665.0460154637417, 665.0460154637417, 606.1444023063432, 606.1444023063432, 592.9550615873854, 592.9550615873854, 592.9550615873854, 572.7967971747181, 543.423486842622, 531.1393859326348], 
[1600.3389029454675, 1057.8803481907985, 971.1053991609201, 883.7709336923808, 832.06826083481, 707.5483214968993, 707.5483214968993, 707.5483214968993, 682.8798494118566, 682.8798494118566, 671.9955837579707, 671.9955837579707, 671.9955837579707, 664.1678333647375, 643.2567617748089, 617.3658849749181, 589.7414577438576, 571.4769464209415, 571.4769464209415, 567.6319064076071], 
[1198.167335127934, 1066.9125016319317, 769.403382084123, 503.1693523583045, 429.1097987964545, 370.74171462883623, 299.996764189931, 258.59027425896204, 203.86169331995995, 203.86169331995995, 181.51887286864462, 170.85228503155122, 170.85228503155122, 150.3339266645354, 150.1332313875047, 148.9877265232515, 138.69965534871469, 138.69965534871469, 137.81518283480483, 129.82041576800054], 
[1580.5898422793116, 1083.7613183638066, 945.1881585272245, 818.3440635722102, 713.4867797684024, 687.4496547650267, 607.7363034177232, 598.3680821739575, 569.4145531627782, 494.289037783381, 476.57356371434497, 471.73401290940444, 436.0368250593466, 395.14374415987425, 373.330782872024, 368.84541250270587, 367.1109406912476, 358.5134858304967, 357.2362683481518, 344.03571486757767], 
[1456.2701301332738, 1270.641486710554, 1012.4072955337663, 973.9662210481719, 919.609396128268, 867.921201607581, 820.0437956197294, 718.3072705061774, 617.2257887984392, 612.9699893707625, 603.0514898563499, 570.2908506883708, 550.4469719880203, 522.3690287823742, 491.37088284114014, 415.9085524471717, 415.9085524471717, 415.9085524471717, 415.9085524471717, 400.6425294538866], 
[1448.9336444537873, 1252.548819501702, 946.7212225032429, 916.6208217968001, 916.6208217968001, 900.539787380689, 850.5272363955363, 768.4469203672645, 643.906229119939, 626.2028839804511, 581.9218783279471, 568.2893921086235, 568.2893921086235, 522.0342189602508, 489.30406600482854, 460.0266248656246, 442.9112907708642, 398.7957670436843, 392.8231547675892, 392.8231547675892], 
[1513.6115123646514, 1228.4252311407165, 900.7571122577183, 778.259768324205, 778.259768324205, 748.7865460450265, 748.7865460450265, 679.3439238034655, 679.3439238034655, 633.9711750708757, 617.9747671101086, 617.9747671101086, 616.2905543124668, 616.2905543124668, 616.2905543124668, 614.5851564411075, 614.5851564411075, 614.5851564411075, 614.5851564411075, 613.0706617760503], 
[1468.151461025213, 1351.5713703935128, 1008.8573586420218, 897.4339187511704, 879.0848335222956, 826.3313480137374, 811.8786446001627, 801.7628081684489, 801.7628081684489, 779.0136127352296, 779.0136127352296, 745.3233063941923, 745.3233063941923, 692.337358607643, 692.337358607643, 692.337358607643, 692.337358607643, 692.337358607643, 686.9202952601472, 686.9202952601472], 
[1479.1766043383536, 1119.6369504738345, 933.0164021323236, 882.7906225050949, 881.4432067085745, 869.5953586265496, 796.0457883473222, 777.9466706750586, 762.061312490395, 762.061312490395, 762.061312490395, 762.061312490395, 762.061312490395, 762.061312490395, 754.5113992171857, 754.5113992171857, 754.5113992171857, 754.5113992171857, 720.5708955314797, 671.103677915572], 
[1370.836963151496, 1127.8893438545454, 960.1463752279444, 808.1560303366296, 724.0713337539012, 710.8353127316336, 628.344704706887, 573.4338747701026, 554.1956238886481, 534.1106980136287, 475.73029508297464, 475.73029508297464, 451.0261595307703, 434.13480953493087, 433.1399895639805, 408.9442577382316, 375.7917846415617, 344.9333981445615, 344.9333981445615, 341.2882265634054], 
[1087.0107082177205, 957.1549868796376, 874.0851510369466, 756.9447514317241, 633.2657225561942, 508.5181490803856, 508.5181490803856, 508.5181490803856, 474.3541542091799, 450.5178606255024, 446.3988789818344, 435.7755583499811, 418.3927151067926, 418.3927151067926, 400.4046192631613, 375.3763194037961, 368.38035707089875, 368.38035707089875, 355.97857676755643, 351.95838513423024], 
