[711.5762854074675, 711.5762854074675, 383.6931245250557, 329.10005657878645, 245.97870493788974, 172.7616245387591, 123.87053749106542, 110.33766409095415, 82.61078507565543, 61.691949265706775, 41.358665522969524, 32.78674622338542, 18.213278763351294, 13.41541026862184, 11.482742122149354, 7.619351268889206, 7.619351268889206, 6.745511118137815, 6.745511118137815, 5.3998116101372355], 
[2943.0789484230063, 1751.7666450654615, 632.6091443974558, 487.9692858585931, 238.5021799243401, 190.71276917316203, 102.81296581613346, 54.405243989068076, 54.405243989068076, 54.405243989068076, 48.2255927581643, 27.656409147285004, 27.656409147285004, 23.914931759011502, 17.786790851389558, 14.625496658419717, 9.544162662359, 9.544162662359, 7.463198103508758, 5.673191688401904], 
[2940.7035169302985, 2028.0719428853683, 1196.1244566885428, 747.1187704270056, 530.3863655519856, 267.3915421007584, 185.45063710478405, 100.70826348447768, 96.65697004754144, 96.65697004754144, 93.4824769340052, 81.56425674759522, 72.84542794344128, 72.18104228662321, 52.93352575041659, 38.844797217221796, 30.75170054774987, 29.85135360874583, 19.907291631921634, 12.472863903843605], 
[2296.831463156392, 717.5301650847514, 183.1940263731185, 112.96609372480006, 107.77865702178785, 100.35431134486456, 100.35431134486456, 73.23978817807259, 54.05380054304466, 54.05380054304466, 35.21579270359213, 22.799453411652195, 13.779742168836883, 5.0817567440936955, 5.0817567440936955, 5.0817567440936955, 5.0817567440936955, 2.6726596285763145, 1.9848455570001433, 0.7430701772489742], 
[1887.5302503258147, 1116.6372648287652, 649.8975570857227, 407.59744436576676, 191.79784970474296, 186.45050064857915, 166.90034608952496, 139.06921200114434, 121.54177384472221, 96.47008843687992, 76.66650931841667, 58.14020090283944, 52.628800018282504, 44.21319344618767, 22.853412877407923, 22.853412877407923, 22.49748798406739, 19.2597106697466, 18.633375146259997, 17.769004517760354], 
[2270.975770998255, 2270.975770998255, 903.313346337083, 462.12305027561297, 335.3794964665318, 270.1722359807955, 174.706782765163, 167.8566659515081, 156.42681460373208, 144.07998667609638, 134.379210596101, 120.84059538284926, 95.56363124273268, 81.17242870531493, 49.58731505356183, 34.78444355014368, 23.099532003764295, 19.681863878674537, 12.947267762000116, 12.947267762000116], 
[1826.6671627770745, 1400.4904813846138, 1027.15148539466, 524.528903836608, 321.92466796862874, 212.29879246756937, 158.7359896949586, 141.25933610842446, 134.97577858072, 113.66088245172449, 97.1564065896271, 69.51157272537733, 51.818219977291946, 27.92008921136753, 27.037312939861856, 16.270525429688192, 16.270525429688192, 10.880006664491685, 10.880006664491685, 6.7149642083015335], 
[2133.3471688727554, 870.8504373594458, 508.5847881453837, 257.0583408012864, 182.78410809410073, 152.37641599955305, 122.15560261272798, 94.80149298843591, 78.77684445322758, 45.93813490634228, 45.93813490634228, 38.55239176049463, 38.55239176049463, 28.21870586046274, 21.91980862283383, 17.064760053545903, 9.04682452829665, 9.04682452829665, 8.869741028855696, 5.8803704914020205], 
[3744.317652564367, 1404.913922031273, 735.2397506678441, 509.17284702880016, 288.62690539879645, 204.5282729111408, 153.64661610913345, 142.74384999685515, 139.68833129668906, 122.24660003521896, 102.95846708935726, 93.05389770179774, 79.6398679874791, 60.46519771549585, 55.47580432975461, 48.609537314022496, 33.34933075128235, 26.19228966420621, 17.88940174159325, 17.88940174159325], 
[4904.689919744272, 1063.5701056339979, 697.0939204258304, 313.4884979437652, 236.81751485313796, 164.83627001606237, 133.63809615498005, 119.27259094829525, 113.34515788056648, 111.22804731917435, 101.79851422565375, 92.281165623312, 76.15225645515156, 61.03328739322017, 44.32479401351963, 35.061409574831835, 14.731835531974344, 14.731835531974344, 14.731835531974344, 14.731835531974344], 
[9644.065948604059, 2244.791060871933, 677.338285085285, 333.18277160271947, 170.00812045905894, 160.8512220192147, 132.2489291797447, 94.7936034496478, 86.0725891004703, 55.68024809978225, 52.678713999786844, 44.47165068155961, 40.66994516221384, 36.32699627075342, 34.90911376849245, 18.579100412547536, 9.824495176468742, 5.919773486746144, 5.919773486746144, 5.919773486746144], 
[1822.5098734913486, 1476.347952453685, 440.51580992167527, 440.51580992167527, 179.33491371479636, 147.4447301276892, 124.01016933167257, 72.00622773411216, 53.95922499658538, 53.95922499658538, 49.190001083253634, 42.46314055533825, 36.34588278464108, 28.444252525467448, 20.455930797242036, 12.799451551117778, 11.153928987464386, 9.49492584095643, 7.4596596805933375, 6.036773477426555], 
[5241.588298425788, 1307.482142425043, 903.1969979673565, 285.1173178632457, 136.48416494144567, 67.61351515285887, 57.45827895909486, 55.008616374076496, 51.370540768226626, 37.2481662218295, 29.808521321312707, 23.833440140937277, 12.504779163863903, 12.504779163863903, 9.114649513279636, 6.605237991259755, 6.043842822737683, 6.043842822737683, 4.611718670808123, 4.611718670808123], 
[4943.354162086707, 721.3642624548347, 547.0873859894523, 211.92326054509903, 211.92326054509903, 117.90700575791568, 79.89959788146405, 76.05823226064821, 61.0799846984019, 50.599289820922955, 38.9252716858996, 23.03602212501562, 16.2662436582319, 16.2662436582319, 15.81885060697106, 10.03094121000163, 9.941955432355826, 7.3742912872269395, 7.3742912872269395, 5.755216980429263], 
[4102.77102917847, 644.6500544298306, 495.89140787973275, 202.86432044662664, 141.23007634343548, 100.74803329663217, 100.04811453464025, 85.09497814713845, 58.16502309319951, 48.07345460318122, 33.34680763086225, 18.67570200302522, 11.164252910807225, 11.164252910807225, 10.622402421351818, 8.617344285147805, 8.539395359378563, 5.773527575527204, 4.660899505495735, 4.660899505495735], 
[5360.373113240427, 2467.590662261763, 941.2497129330594, 914.6026093642171, 475.10872754481517, 338.2404997314847, 194.9653866916537, 110.35352564592374, 55.11332672724017, 36.61123957693511, 29.94721093395923, 21.861436545855806, 18.081999003123457, 18.081999003123457, 14.549781347850663, 9.135483422958941, 9.135483422958941, 9.135483422958941, 6.1579099289971415, 4.2878204054566815], 
[3573.0407335908503, 1450.3493818361912, 503.49947964185424, 245.37367546959712, 134.1132713853272, 134.1132713853272, 126.42522669650212, 97.04772380298468, 95.11551539647985, 95.11551539647985, 82.0058176550291, 82.0058176550291, 72.95336984315821, 61.653202175678175, 44.459747185656006, 33.680269873224276, 17.387830672006462, 5.9075781686751005, 5.9075781686751005, 5.249565673051488], 
[3415.681081216861, 1306.881977924214, 711.6411067069307, 217.18503373722743, 185.37523607728608, 93.71976701868869, 58.576370018459826, 39.95335651866856, 33.76373781004834, 27.035000422007347, 17.328735801821047, 12.224089228115133, 11.344753982957592, 11.293456541294097, 11.293456541294097, 7.455316612892315, 5.939056379691413, 4.829519962617576, 3.707454495571723, 3.229913463064393], 
[5496.177557546221, 918.7827758252133, 918.7827758252133, 589.4664877334576, 255.9060523288859, 139.77704745860888, 128.32753829698822, 89.63175565664295, 75.6744793982506, 75.6744793982506, 72.35079341461297, 59.247969579173684, 39.79447655860935, 32.686545705396476, 17.13099716294118, 7.578020576014762, 5.2666670906214605, 5.2666670906214605, 4.0834004970455355, 4.0834004970455355], 
[2491.524011592411, 1239.7500262407011, 263.0404093595485, 263.0404093595485, 131.3522974937714, 43.5731794562405, 43.5731794562405, 43.5731794562405, 27.04992051822616, 27.04992051822616, 18.559852956572506, 10.946244661194163, 2.5627397471338944, 2.5627397471338944, 2.5627397471338944, 2.5627397471338944, 1.820819288359856, 1.820819288359856, 1.5742242054975584, 1.471443300950913], 
[3220.054890428397, 305.0063960401033, 305.0063960401033, 280.910692376728, 120.78836294244839, 120.78836294244839, 120.78836294244839, 107.71896556806549, 97.33090191760694, 85.64548039923613, 79.21071609884858, 66.0334301119367, 49.35049351212377, 33.108549940242774, 22.913763447356384, 18.12439980661369, 18.12439980661369, 18.12439980661369, 13.45832672042903, 9.96489343408144], 
[2729.0719593591807, 1156.2224742465953, 973.1264035662705, 640.3607552872176, 373.9146300366952, 192.25770718927328, 168.62621455739313, 127.12424372375781, 86.68481229512581, 80.90913944941057, 67.99572935760972, 53.81772956212087, 47.51300151237681, 39.32351519663565, 23.778106663831554, 23.1046361740427, 19.767695472439115, 15.808202977994004, 11.658328682327086, 8.732907536194762], 
[1085.0161645212252, 1085.0161645212252, 452.66683588577826, 377.0725985136814, 123.12963294837661, 123.12963294837661, 120.56179940923505, 75.90253826989454, 65.15003134112509, 58.91409114298296, 48.301138022927915, 44.24117845749856, 34.6662178419127, 26.65340212004591, 22.238650675761075, 16.579187368905778, 15.979531465969817, 11.783476379924197, 8.381931539437108, 8.158552391073234], 
[3120.8156136358957, 1382.8830641591442, 656.2738204478616, 318.12520829852303, 178.8391762205638, 125.37192996486486, 102.21635535792156, 96.86709636952132, 64.95048224147477, 62.94165770954269, 33.07834101587295, 28.195993920521524, 22.268502352212668, 20.232225539287448, 6.464013710111423, 6.464013710111423, 6.464013710111423, 5.602701052096653, 5.602701052096653, 5.315207763832057], 
[8226.477288981081, 1436.8954088767875, 790.2516658140216, 333.85069558810306, 154.4415852875224, 148.15242744314924, 141.39419149308014, 85.5218908743859, 58.34691303146255, 58.015392186717996, 58.015392186717996, 52.98571426511427, 32.903730380844586, 32.903730380844586, 28.07561184701141, 22.509359782332005, 21.251523271390482, 21.251523271390482, 13.050400096026513, 11.917115980260574], 
[2059.139196586078, 1478.5575709147788, 572.7360600419065, 558.8685566338734, 310.30438440590547, 236.5587214578367, 167.01314065958093, 143.91857959732917, 143.91857959732917, 135.4613986851464, 121.7878992205049, 105.95440984116422, 88.528007563894, 72.04099385034033, 53.23498666578333, 33.24228765221799, 15.782834140464796, 14.344593207918743, 13.212087050188916, 6.246391400199929], 
[4266.861138681551, 699.1935298334473, 551.5301143002525, 438.7644403912018, 208.06283006417908, 116.22272830149747, 111.29134910770195, 98.68397292920594, 83.38349167413163, 57.96695310577, 54.14432858118527, 45.1815272707203, 40.31791191333383, 32.83103411405968, 27.15899085340766, 16.548030902700273, 12.005292007903344, 9.236808199053037, 8.927895486659704, 6.531213412805394], 
[1298.6127432896687, 810.4801151597283, 535.1505429159271, 194.65373545409273, 192.1535470945692, 170.72260094649107, 150.10121864839834, 150.10121864839834, 141.30679068738704, 129.91099334273326, 109.65123182903402, 92.00416997873003, 76.87287724847447, 52.08200934957854, 38.48727508391784, 33.605587805175, 30.336061108311654, 22.497780978734387, 16.640728120017258, 16.640728120017258], 
[2621.268786194644, 456.4003267634127, 456.4003267634127, 456.4003267634127, 289.0904641574389, 136.91195169250759, 75.64543125306686, 64.18206946717021, 54.37984869444455, 48.09403356759555, 44.22933780008492, 35.05498101078632, 30.195015314625092, 28.537703026936253, 28.537703026936253, 18.486044174104258, 9.85665780680736, 9.76905314378333, 8.511224078429487, 8.511224078429487], 
[5986.495364826418, 1487.3278089275434, 729.5398727932319, 365.5216231079413, 174.70879045125724, 142.26311964480485, 95.40362046837646, 89.88589080461563, 81.40664766995651, 73.2665331108229, 54.29684076014262, 38.799723881552026, 38.799723881552026, 30.749191189646336, 26.997399003774802, 23.17631029122946, 21.673403211620638, 19.746044847503224, 10.339582727449852, 10.339582727449852], 
