[20.852941561906114, 20.694324448622908, 20.694324448622908, 20.694324448622908, 20.590286206335872, 20.590286206335872, 20.590286206335872, 20.590286206335872, 20.590286206335872, 20.590286206335872, 20.590286206335872, 20.590286206335872, 20.590286206335872, 20.590286206335872, 20.590286206335872, 20.590286206335872, 20.590286206335872, 20.590286206335872, 20.590286206335872, 20.590286206335872], 
[20.748537523145565, 20.72499351227309, 20.72499351227309, 20.72499351227309, 20.72499351227309, 20.72499351227309, 20.72499351227309, 20.72499351227309, 20.72499351227309, 20.72499351227309, 20.72499351227309, 20.62422844581809, 20.62422844581809, 20.62422844581809, 20.607374326518922, 20.607374326518922, 20.607374326518922, 20.607374326518922, 20.607374326518922, 20.607374326518922], 
[20.88920211787364, 20.483816379469882, 20.483816379469882, 20.483816379469882, 20.483816379469882, 20.483816379469882, 20.483816379469882, 20.483816379469882, 20.483816379469882, 20.483816379469882, 20.483816379469882, 20.483816379469882, 20.483816379469882, 20.483816379469882, 20.483816379469882, 20.483816379469882, 20.483816379469882, 20.483816379469882, 20.483816379469882, 20.483816379469882], 
[20.97717865041883, 20.785080208747747, 20.67787764325012, 20.67787764325012, 20.67787764325012, 20.67787764325012, 20.67787764325012, 20.67787764325012, 20.67787764325012, 20.67787764325012, 20.67787764325012, 20.67787764325012, 20.67787764325012, 20.67787764325012, 20.67787764325012, 20.67787764325012, 20.67787764325012, 20.67787764325012, 20.67787764325012, 20.67787764325012], 
[20.806408833408504, 20.806408833408504, 20.79627460450346, 20.79627460450346, 20.79627460450346, 20.79627460450346, 20.7917951767769, 20.7917951767769, 20.70461369084711, 20.70461369084711, 20.422350046928592, 20.422350046928592, 20.422350046928592, 20.422350046928592, 20.422350046928592, 20.422350046928592, 20.422350046928592, 20.422350046928592, 20.422350046928592, 20.422350046928592], 
[20.747867137014886, 20.744340017038233, 20.703236622987014, 20.703236622987014, 20.703236622987014, 20.703236622987014, 20.703236622987014, 20.37960429619122, 20.37960429619122, 20.37960429619122, 20.37960429619122, 20.37960429619122, 20.37960429619122, 20.37960429619122, 20.37960429619122, 20.37960429619122, 20.37960429619122, 20.37960429619122, 20.37960429619122, 20.37960429619122], 
[20.60909078720003, 20.60909078720003, 20.60909078720003, 20.60909078720003, 20.60909078720003, 20.60909078720003, 20.60909078720003, 20.60909078720003, 20.60909078720003, 20.60909078720003, 20.60909078720003, 20.60909078720003, 20.60909078720003, 20.60909078720003, 20.60909078720003, 20.60909078720003, 20.60909078720003, 20.60909078720003, 20.60909078720003, 20.60909078720003], 
[20.630713264622617, 20.494257299689657, 20.494257299689657, 20.494257299689657, 20.494257299689657, 20.494257299689657, 20.494257299689657, 20.494257299689657, 20.494257299689657, 20.494257299689657, 20.494257299689657, 20.494257299689657, 20.494257299689657, 20.494257299689657, 20.494257299689657, 20.494257299689657, 20.494257299689657, 20.494257299689657, 20.455056250696753, 20.455056250696753], 
[20.838739018049207, 20.81243954756902, 20.81243954756902, 20.711765281389756, 20.55756566399601, 20.497559163881142, 20.497559163881142, 20.497559163881142, 20.497559163881142, 20.497559163881142, 20.497559163881142, 20.497559163881142, 20.497559163881142, 20.418061248243724, 20.418061248243724, 20.418061248243724, 20.418061248243724, 20.418061248243724, 20.418061248243724, 20.418061248243724], 
[20.853322323224216, 20.853322323224216, 20.853322323224216, 20.831405199672037, 20.831405199672037, 20.831405199672037, 20.791217311142482, 20.791217311142482, 20.791217311142482, 20.791217311142482, 20.791217311142482, 20.730089886058135, 20.730089886058135, 20.730089886058135, 20.730089886058135, 20.700439483171458, 20.686171295267613, 20.686171295267613, 20.649448488925565, 20.551267810712943], 
[20.705287312414086, 20.705287312414086, 20.616486920103384, 20.616486920103384, 20.616486920103384, 20.616486920103384, 20.616486920103384, 20.616486920103384, 20.616486920103384, 20.616486920103384, 20.616486920103384, 20.616486920103384, 20.616486920103384, 20.523793456499426, 20.523793456499426, 20.523793456499426, 20.523793456499426, 20.50621938881131, 20.50621938881131, 20.50621938881131], 
[20.727629743425236, 20.727629743425236, 20.691939161438615, 20.57381379450858, 20.57381379450858, 20.57381379450858, 20.57381379450858, 20.57381379450858, 20.57381379450858, 20.57381379450858, 20.57381379450858, 20.57381379450858, 20.57381379450858, 20.57381379450858, 20.57381379450858, 20.57381379450858, 20.57381379450858, 20.57381379450858, 20.57381379450858, 20.57381379450858], 
[20.65221736444188, 20.65221736444188, 20.65221736444188, 20.423900228731842, 20.423900228731842, 20.423900228731842, 20.423900228731842, 20.423900228731842, 20.423900228731842, 20.423900228731842, 20.423900228731842, 20.423900228731842, 20.423900228731842, 20.423900228731842, 20.423900228731842, 20.423900228731842, 20.423900228731842, 20.423900228731842, 20.423900228731842, 20.423900228731842], 
[20.858427400216385, 20.710338140723387, 20.710338140723387, 20.710338140723387, 20.710338140723387, 20.64079177995971, 20.64079177995971, 20.64079177995971, 20.64079177995971, 20.64079177995971, 20.64079177995971, 20.64079177995971, 20.64079177995971, 20.64079177995971, 20.64079177995971, 20.64079177995971, 20.64079177995971, 20.64079177995971, 20.473274784355034, 20.473274784355034], 
[20.88218751053902, 20.61481415553943, 20.61481415553943, 20.61481415553943, 20.48587242414125, 20.48587242414125, 20.48587242414125, 20.357874197921696, 20.357874197921696, 20.357874197921696, 20.357874197921696, 20.357874197921696, 20.357874197921696, 20.357874197921696, 20.357874197921696, 20.357874197921696, 20.357874197921696, 20.357874197921696, 20.357874197921696, 20.357874197921696], 
[20.89395474304134, 20.733475176622004, 20.733475176622004, 20.705919132685022, 20.705919132685022, 20.705919132685022, 20.705919132685022, 20.705919132685022, 20.705919132685022, 20.68343012706605, 20.68343012706605, 20.68343012706605, 20.68343012706605, 20.68343012706605, 20.68343012706605, 20.68343012706605, 20.68343012706605, 20.68343012706605, 20.68343012706605, 20.68343012706605], 
[20.92451959160305, 20.896310790151038, 20.83161679318099, 20.691448880786893, 20.628259249264218, 20.628259249264218, 20.628259249264218, 20.628259249264218, 20.628259249264218, 20.628259249264218, 20.628259249264218, 20.628259249264218, 20.628259249264218, 20.628259249264218, 20.628259249264218, 20.628259249264218, 20.628259249264218, 20.628259249264218, 20.602362864857156, 20.602362864857156], 
[20.90995792451227, 20.90995792451227, 20.70218687373822, 20.70218687373822, 20.70218687373822, 20.70218687373822, 20.70218687373822, 20.70218687373822, 20.70218687373822, 20.70218687373822, 20.70218687373822, 20.70218687373822, 20.70218687373822, 20.70218687373822, 20.70218687373822, 20.70218687373822, 20.70218687373822, 20.70218687373822, 20.6821593296528, 20.6821593296528], 
[20.9596732161179, 20.603191359330694, 20.603191359330694, 20.603191359330694, 20.603191359330694, 20.603191359330694, 20.529653920515813, 20.529653920515813, 20.529653920515813, 20.529653920515813, 20.529653920515813, 20.529653920515813, 20.529653920515813, 20.529653920515813, 20.43122878329272, 20.43122878329272, 20.43122878329272, 20.43122878329272, 20.43122878329272, 20.43122878329272], 
[20.735558523479543, 20.735558523479543, 20.735558523479543, 20.735558523479543, 20.735558523479543, 20.735558523479543, 20.735558523479543, 20.597099928301848, 20.597099928301848, 20.597099928301848, 20.597099928301848, 20.597099928301848, 20.597099928301848, 20.597099928301848, 20.597099928301848, 20.597099928301848, 20.597099928301848, 20.597099928301848, 20.597099928301848, 20.597099928301848], 
[20.830393139759433, 20.709539917969675, 20.709539917969675, 20.709539917969675, 20.709539917969675, 20.709539917969675, 20.709539917969675, 20.709539917969675, 20.709539917969675, 20.709539917969675, 20.62292712312403, 20.62292712312403, 20.402511270420938, 20.402511270420938, 20.402511270420938, 20.402511270420938, 20.402511270420938, 20.402511270420938, 20.402511270420938, 20.402511270420938], 
[20.59625624542039, 20.59625624542039, 20.59625624542039, 20.59625624542039, 20.59625624542039, 20.59625624542039, 20.59625624542039, 20.59625624542039, 20.59625624542039, 20.59625624542039, 20.59625624542039, 20.351987424394693, 20.351987424394693, 20.351987424394693, 20.351987424394693, 20.351987424394693, 20.351987424394693, 20.351987424394693, 20.351987424394693, 20.351987424394693], 
[21.10161440384004, 20.891066876562274, 20.891066876562274, 20.891066876562274, 20.82958597643887, 20.82958597643887, 20.82958597643887, 20.82958597643887, 20.738008645576667, 20.738008645576667, 20.738008645576667, 20.738008645576667, 20.738008645576667, 20.738008645576667, 20.738008645576667, 20.7164704807873, 20.458981296371686, 20.458981296371686, 20.458981296371686, 20.458981296371686], 
