[12.833816964402235, 10.419073692401955, 9.95728476350473, 9.95728476350473, 9.707940338854039, 9.707940338854039, 9.378255216352947, 8.863854457069134, 8.863854457069134, 8.68869951671417, 8.68869951671417, 8.269568799545855, 8.269568799545855, 8.269568799545855, 7.576621379882845, 7.225377395796363, 7.225377395796363, 7.1447878873893576, 6.752385895371175, 6.752385895371175], 
[12.804615363363705, 11.1701253868743, 11.1701253868743, 10.841935374127226, 8.90950855456547, 7.613151929196897, 7.142566401905636, 7.142566401905636, 7.142566401905636, 6.51008466375842, 6.51008466375842, 6.51008466375842, 6.51008466375842, 6.422072739026028, 5.891461125752057, 5.891461125752057, 5.876785748851695, 5.876785748851695, 5.217808700375, 5.217808700375], 
[13.24997713425779, 11.008869737324803, 10.381942511546313, 10.381942511546313, 10.381942511546313, 9.0108797544089, 9.0108797544089, 8.596980546894587, 7.996262344853047, 7.5021219756270945, 7.5021219756270945, 7.5021219756270945, 6.807617758928529, 6.003793163814462, 5.696350305027252, 5.620887610388607, 5.49231825000634, 5.311457895023285, 5.311457895023285, 5.311457895023285], 
[12.048743984730221, 11.141271062200953, 10.64076155230726, 10.64076155230726, 9.535420210186029, 8.454791821759066, 7.99688119162321, 7.99688119162321, 6.463644334626592, 6.463644334626592, 6.463644334626592, 5.902593901657635, 5.902593901657635, 5.602570674558047, 5.4416732121408415, 5.4416732121408415, 4.604373686804504, 4.604373686804504, 4.604373686804504, 4.604373686804504], 
[12.605678937716245, 9.47517109168948, 8.772582798800869, 8.623113788754193, 8.127383012831016, 7.843966735230751, 5.998849739575208, 5.98335794383228, 5.98335794383228, 5.543233579155295, 5.543233579155295, 5.441677669654, 5.1807073480732, 5.1807073480732, 4.738715200577788, 4.1908566887726, 4.1423576879777535, 4.1423576879777535, 3.5729157308769466, 3.5729157308769466], 
[10.520819994636215, 10.520819994636215, 10.520819994636215, 10.520819994636215, 10.218098130041056, 10.218098130041056, 9.867627848948494, 9.867627848948494, 8.763081825710119, 8.763081825710119, 7.885689969847995, 7.292977867551592, 6.185616388304137, 6.185616388304137, 6.182558229113358, 5.769978662115079, 5.769978662115079, 5.298614720215204, 5.298614720215204, 4.948550988301598], 
[12.670812808043234, 11.692832267157597, 10.640359566713892, 10.195977273941326, 9.457694339193166, 9.078527620929865, 7.120612494102808, 7.120612494102808, 7.061301409564589, 6.467733714651688, 6.467733714651688, 6.467733714651688, 6.090502041267628, 6.090502041267628, 5.9756173723356305, 5.896882196454923, 5.5981717314060155, 5.5981717314060155, 5.5981717314060155, 5.5344872389484845], 
[12.346625688832853, 11.78570431973621, 11.317411060396388, 10.960983971619177, 10.8139619018208, 6.944428910993457, 6.883871412454514, 6.883871412454514, 6.883871412454514, 6.883871412454514, 6.482150877545344, 6.482150877545344, 6.482150877545344, 5.809934287738981, 5.809934287738981, 5.660011648496681, 5.335771156717371, 5.220111043944785, 4.750118907285115, 4.750118907285115], 
[11.021915636785943, 11.021915636785943, 11.021915636785943, 10.373153590126345, 9.718497367755004, 9.274878257519733, 8.167973997495213, 8.167973997495213, 8.15065862412909, 8.035535963613839, 7.94367652758052, 7.528403577028577, 7.528403577028577, 7.528403577028577, 7.078699863064999, 7.078699863064999, 7.078699863064999, 6.436842349902118, 6.436842349902118, 6.436842349902118], 
[12.07203927559479, 11.335256326193722, 11.114093689645324, 11.114093689645324, 8.971874219485727, 8.971874219485727, 8.971874219485727, 8.209689462896005, 7.980438560539419, 7.980438560539419, 7.980438560539419, 7.919693084679745, 7.325569636118299, 7.220004824852317, 6.871298766660216, 6.871298766660216, 6.746000609379658, 6.244045550558377, 6.244045550558377, 6.244045550558377], 
[12.780674706273583, 12.190495452378741, 12.190495452378741, 11.919099061250854, 11.919099061250854, 9.935736063040157, 9.379708769663068, 7.510363867424152, 7.14434367422151, 7.14434367422151, 6.588002415692552, 6.481863867717932, 6.481863867717932, 6.003453967954211, 4.900642195750661, 4.900642195750661, 4.900642195750661, 4.900642195750661, 4.404253459305849, 4.404253459305849], 
[11.883688962306524, 11.201970121767857, 11.201970121767857, 9.643438726030066, 9.32968441329973, 7.202249154523704, 7.015465352809835, 6.196627550137565, 5.362359688537357, 4.8732810054581375, 4.2900924628419155, 4.2900924628419155, 4.2900924628419155, 4.023769671188607, 4.023769671188607, 3.6247561328466062, 3.5466049698754176, 3.3907820894061835, 3.3907820894061835, 3.3907820894061835], 
[12.452521724340896, 11.66700922152078, 11.66700922152078, 10.789341889621358, 10.789341889621358, 9.267635605804188, 9.267635605804188, 9.267635605804188, 9.267635605804188, 8.52391571216714, 8.210298907227823, 6.922513595028011, 6.922513595028011, 6.922513595028011, 6.899029551701993, 6.899029551701993, 6.899029551701993, 6.899029551701993, 6.569766162079189, 6.569766162079189], 
[12.331203044139832, 10.58851328531426, 10.58851328531426, 10.58851328531426, 10.58851328531426, 10.58851328531426, 10.58851328531426, 10.58851328531426, 10.58851328531426, 10.58851328531426, 10.58851328531426, 10.512639557841526, 9.671628795858826, 8.126206163336038, 7.3090257751770285, 7.3090257751770285, 7.3090257751770285, 6.970386465955789, 6.970386465955789, 6.825207946236521], 
[12.497764116615475, 11.37042836446639, 11.185392872294212, 10.24669490916311, 9.431287585505478, 9.431287585505478, 9.431287585505478, 8.203431999996733, 7.926057180859658, 7.578474683965039, 7.578474683965039, 7.578474683965039, 7.088568462051516, 7.088568462051516, 7.088568462051516, 7.088568462051516, 6.384622875981481, 6.384622875981481, 6.384622875981481, 6.360381547795896], 
[11.867881508181727, 11.039701450615992, 10.325150128774942, 10.325150128774942, 10.11398027230377, 10.11398027230377, 10.107472612370042, 9.172004241967022, 9.172004241967022, 8.058032629867114, 8.058032629867114, 7.379449163771241, 7.379449163771241, 7.119904290168527, 7.119904290168527, 7.119904290168527, 6.946506320389085, 6.592702433213514, 6.592702433213514, 6.078173025017019], 
[10.054860084791846, 10.054860084791846, 10.054860084791846, 10.054860084791846, 10.054860084791846, 8.834755542573815, 8.557683616770607, 8.09282288357139, 6.385466717910523, 6.385466717910523, 6.385466717910523, 6.385466717910523, 6.353111936548558, 5.495483546447998, 4.799701598228836, 4.799701598228836, 4.799701598228836, 4.712608977143988, 4.712608977143988, 4.593714661802206], 
[12.432323848599605, 11.33979900662352, 11.33979900662352, 11.33979900662352, 10.644751429698132, 10.644751429698132, 10.305935044384604, 9.928214083970861, 9.568630093448636, 9.568630093448636, 7.667152157388188, 7.667152157388188, 7.667152157388188, 7.667152157388188, 7.667152157388188, 7.667152157388188, 7.667152157388188, 7.667152157388188, 7.667152157388188, 7.115476397018332], 
[12.206766391776394, 12.206766391776394, 11.413040602850563, 9.915716381952576, 9.865964159355768, 8.919924850107897, 8.610976899036597, 7.99938657730725, 7.873255437250004, 7.100500790922393, 6.876474484146325, 6.876474484146325, 6.394957225169225, 6.394957225169225, 6.394957225169225, 6.295477402180447, 6.295477402180447, 6.295477402180447, 5.6077354582471965, 5.6077354582471965], 
[11.860375593974183, 10.826982760445366, 7.979981909937122, 7.979981909937122, 7.979981909937122, 7.9244172038537375, 6.594396028656332, 6.318918574731972, 6.318918574731972, 6.222600935188176, 5.96655483947281, 5.704549249238047, 5.704549249238047, 5.564955333919592, 5.399268981089278, 5.103842889968437, 5.103842889968437, 5.103842889968437, 5.103842889968437, 5.103842889968437], 
[12.75323745188349, 11.837585043927614, 11.127390537902365, 11.127390537902365, 8.356760219304904, 8.356760219304904, 7.523628026491446, 7.147558064497408, 6.374346822093358, 6.374346822093358, 6.374346822093358, 6.1455220205938215, 5.556434839732015, 5.500440810593048, 5.500440810593048, 5.185626582054869, 4.582260259611488, 4.582260259611488, 4.256575905643091, 4.219222504097626], 
[12.918225444713377, 12.918225444713377, 11.380757142299228, 9.866274139555586, 9.866274139555586, 8.803131913054829, 8.803131913054829, 8.803131913054829, 8.570037991048341, 7.683871384307775, 7.683871384307775, 7.46452514603337, 7.345509828642177, 6.819308113812443, 6.3193085128407915, 6.3193085128407915, 6.3193085128407915, 6.3193085128407915, 6.3193085128407915, 6.258368616239991], 
[12.938002779070032, 12.331612079393519, 12.191621118267523, 9.445377454282358, 9.425595735733946, 8.749995183987354, 6.960073690287347, 6.960073690287347, 6.960073690287347, 6.018695984265657, 6.018695984265657, 6.018695984265657, 6.018695984265657, 6.018695984265657, 6.018695984265657, 6.018695984265657, 6.018695984265657, 6.018695984265657, 6.018695984265657, 5.9648070240431625], 
[13.116140563506336, 12.251950987806225, 10.101577538861362, 10.101577538861362, 10.101577538861362, 10.101577538861362, 10.101577538861362, 10.101577538861362, 9.33242656957278, 8.921473817973524, 7.904362990199374, 7.087205670886103, 6.790432817904854, 6.790432817904854, 6.262795353217781, 6.262795353217781, 5.684765423784938, 5.210911163888021, 5.210911163888021, 5.152314001547751], 
[12.814074268803395, 11.032813970099534, 10.599079629097224, 10.261113614728401, 9.23286438039375, 9.23286438039375, 9.23286438039375, 8.744491663597271, 7.659201890566104, 7.631373745008339, 7.619913875487171, 6.76701887690383, 6.76701887690383, 6.76701887690383, 6.76701887690383, 6.76701887690383, 6.76701887690383, 6.087798904764076, 5.637932668331402, 5.637932668331402], 
[12.930487313935537, 10.859514843699564, 10.859514843699564, 9.654456462569673, 9.171332952889923, 8.215287103701687, 7.099623901906227, 7.099623901906227, 7.099623901906227, 7.049784960544988, 6.4311729178063, 6.4311729178063, 6.4311729178063, 6.4311729178063, 5.847234612375805, 5.847234612375805, 5.821279776807604, 5.821279776807604, 5.821279776807604, 5.1801962382797235], 
[12.844351567133629, 12.844351567133629, 11.563777766328235, 11.400684289576004, 10.119419252129944, 10.112179583718302, 9.595316456669673, 9.595316456669673, 9.2535019344248, 9.2535019344248, 8.307888797943706, 8.307888797943706, 8.199378239768604, 8.199378239768604, 8.061562246229137, 7.882878750737014, 7.792220710034581, 7.563861985406861, 7.422604762753004, 7.309900641595629], 
[13.18191816716294, 11.875901966325863, 10.615074476062107, 10.495783127859918, 10.227350295915262, 10.227350295915262, 10.17367596997727, 9.774522699555353, 8.642686903298207, 8.642686903298207, 8.642686903298207, 8.642686903298207, 8.642686903298207, 8.51291191334654, 8.437445907242655, 7.197616437122557, 7.047179574753265, 7.047179574753265, 7.047179574753265, 6.373968820847093], 
[13.028674060294051, 11.528989175866638, 11.251659988697945, 8.722502882472988, 8.170333072085674, 8.170333072085674, 7.083876010607668, 6.8115714405774295, 6.476332234285213, 6.312897146117738, 5.628478561140243, 4.5902436680825485, 3.801212941504133, 3.6798162208563383, 3.2716057693302396, 3.2716057693302396, 3.223231006407552, 3.223231006407552, 2.637140286990512, 2.495902006095534], 
[13.438126223463733, 12.884820050653346, 11.918620861936793, 9.676441564509684, 9.676441564509684, 9.676441564509684, 9.564259657468664, 9.564259657468664, 8.864783450165927, 8.496268618780855, 8.030560684600806, 8.030560684600806, 8.030560684600806, 7.715605078681488, 7.715605078681488, 7.715605078681488, 7.189545930234111, 7.189545930234111, 6.960917093099415, 6.952414791979127], 
