[71362.41820502742, 36251.20881236608, 30549.307638271635, 20116.4979168616, 11931.010865009139, 8143.758775061863, 6233.178162262486, 3828.599434700016, 2770.5616763415137, 2189.807656523383, 1754.7134175308322, 1572.1518385404095, 1330.4177834700308, 987.2602414837934, 987.2602414837934, 802.411625475625, 711.7864986059324, 701.3336764031203, 582.327030836698, 582.327030836698], 
[81829.71383594061, 44393.68033297344, 31812.773093980155, 19515.819537492087, 11820.292373870747, 7591.246738229138, 6083.855152433967, 4623.428307128982, 3420.112860348217, 2498.8675238657634, 1769.7493709040345, 1631.751058333635, 1530.093632415114, 1247.5185840957536, 1211.9007321840713, 1059.2657509719334, 1059.2657509719334, 969.3995753483707, 893.830020524351, 868.7530650654357], 
[78449.23522690228, 50434.728424366585, 33775.198024087484, 24205.33546070302, 17654.4423920288, 12885.65384117286, 9461.790438960432, 7790.202120847375, 5296.665508934719, 3693.2206280971045, 2420.3645472223416, 2310.5310335145796, 1899.7196746816842, 1884.4263918402085, 1630.5623354945924, 1438.7627066905477, 1403.3330821326417, 1288.9573403825418, 1288.9573403825418, 1106.7428542026685], 
[79048.04746542321, 56378.37792174575, 36770.25743700019, 24078.761877756693, 15260.120939586028, 8627.597414569465, 6925.185140107854, 4584.925450143547, 4247.141939327649, 3527.408396746483, 2611.028172167222, 2278.0403208018915, 2100.2674231854326, 1925.9618927442825, 1477.5231947916761, 1477.5231947916761, 1442.6903054968284, 1097.816450411191, 896.4261313478032, 896.4261313478032], 
[72356.72532955726, 38270.18672707041, 20659.65080543761, 12789.99689772497, 9095.37184563273, 6781.901864209773, 5017.831766287784, 3585.0628114281653, 3300.4970933157856, 2326.0928926312818, 2326.0928926312818, 2151.7423628520687, 1894.6607819549722, 1894.6607819549722, 1310.8124962415757, 1220.46343111401, 1015.6555679763562, 836.2111467279321, 774.0154527514603, 539.5471843089906], 
[59207.66056595295, 42765.01722534012, 28718.13779443353, 21468.7399785555, 13897.599993835767, 10014.82645572374, 8204.180901148451, 5918.7616883135115, 4187.1214149938905, 2954.3776619241194, 1737.5884843600543, 1263.1158481167336, 1109.4009064649988, 1042.2502507111053, 978.5081990632422, 858.321944293341, 858.321944293341, 727.7633665522479, 727.7633665522479, 684.6377616273622], 
[66429.2918462655, 44596.6389132078, 27232.760670800097, 14755.895090876418, 9157.400626323928, 7569.444387214824, 6461.3839295224925, 4498.84177567573, 4372.482356897393, 3845.7594150184286, 2887.1866094078227, 2537.886774602098, 2481.626728102839, 1890.4779996612706, 1489.084507606179, 1280.0098857084733, 1206.2512925048827, 1176.7326116394677, 1057.043413848885, 951.3018003943031], 
[73250.22963521261, 43535.44254266925, 31900.005036780385, 23218.364004148658, 15495.41109740624, 8983.78953650563, 6643.3666971291395, 4027.9852624231894, 2894.78986819777, 2415.6340007660338, 2060.395198668987, 1545.6625589442663, 1097.785958270171, 1097.785958270171, 1097.785958270171, 820.2901028867219, 657.1173125753423, 551.5221876013575, 482.72838864710707, 482.72838864710707], 
[77576.67520764815, 49700.903067680934, 38423.95831633474, 26947.763412875414, 19242.445272332163, 13341.63493419295, 10371.113985117896, 7977.597369985172, 5753.916815559943, 4075.095347763017, 3673.9502370822997, 2476.3483550602446, 2221.7792963895486, 2134.9612678530666, 1920.9298887241825, 1738.4279207813886, 1545.2385242133744, 1391.6237164551749, 1318.1675661119384, 1202.1167158679064], 
[64865.79593925129, 26968.36650179038, 18229.068353462433, 12494.749828496013, 6484.258053711001, 6003.167934146508, 4678.410499352489, 3879.405065687748, 3714.672024260023, 3538.006315266741, 3129.5830562912192, 2831.9151249356228, 2327.918139774518, 2327.918139774518, 2103.7275912025316, 1721.9510180178208, 1696.7292133814422, 1386.9806133170005, 1167.358333243797, 1167.358333243797], 
[54175.5731363632, 35352.84780690183, 24871.688523348068, 17598.1581849758, 11913.789598954905, 8601.777218281428, 5509.23515353704, 3872.844052953139, 3576.8052131278355, 3072.9407333876215, 2511.3921776816255, 2399.48280205598, 2399.48280205598, 1913.4164865486134, 1400.3135655487827, 1129.8980608246648, 846.206789078856, 846.206789078856, 846.206789078856, 699.47246143806], 
[62047.2645653123, 43855.721001294514, 25539.00164770573, 15748.722855960184, 11552.999206386949, 7692.584476489287, 4949.897297811412, 3980.619993938376, 3198.7639292340978, 2186.9826176158963, 2046.8030314363075, 1442.5289673996285, 1307.7616020549917, 1267.0751964482035, 1265.9815212429805, 1191.9249429527608, 1108.7231752778819, 973.5809333833787, 712.9014003560529, 712.9014003560529], 
[76089.17193717971, 45372.63490839038, 30529.704403656873, 22091.452453562957, 14132.759122201649, 7576.622586470601, 5600.992786328292, 4564.065175007142, 4128.7298635633815, 2601.770269305961, 1930.8419568608422, 1930.8419568608422, 1489.9995282965824, 1279.0853077099962, 1143.3403502944016, 1048.0291956684687, 1005.8032534967435, 762.7898828651137, 619.0926389258199, 619.0926389258199], 
[51174.290902476205, 49700.36300916731, 29821.047899774177, 22922.74100735966, 16944.915200649975, 13062.97020912916, 8998.549839690366, 6488.7758027490245, 4031.753797368338, 4010.25408249673, 3838.248076942856, 3423.0697297199486, 3212.444207803452, 2545.4689316636236, 2545.4689316636236, 2252.548271925656, 2042.2229945804115, 1925.9413095792347, 1559.634836613713, 1559.634836613713], 
[61341.85043168471, 43338.26619615041, 27701.628628233648, 18550.55302417969, 12444.566183215378, 7697.056095262008, 6021.269095751665, 4609.824652359766, 2876.096472712085, 2738.3343681712126, 2125.8422519864116, 1746.7563781815597, 1464.0148348779899, 1464.0148348779899, 1250.4643286844864, 1175.4222407770292, 1175.4222407770292, 857.0791757624719, 857.0791757624719, 777.3209500958951], 
[72548.74466878155, 42205.30959694112, 24247.437684558787, 17854.874308124025, 10916.792479226047, 8589.194669233328, 6335.124667738285, 4695.092123764983, 3893.0663665295438, 3639.1645944036463, 2791.848708716698, 2601.6180942829287, 2291.8873846352494, 1568.5737423686157, 1568.5737423686157, 952.2600356356829, 952.2600356356829, 952.2600356356829, 777.8997145287739, 653.5650917145368], 
[64039.94638685802, 43997.33974465905, 33916.44906487395, 21993.152183756076, 14480.953400244116, 11113.89221375907, 8190.836944362528, 6005.007406902013, 4722.241157542783, 3385.9810731554653, 2922.4500357866154, 2250.5908390074187, 1996.8450142385473, 1803.609509581141, 1695.5739474210502, 1695.5739474210502, 857.6168751832962, 857.6168751832962, 715.2433579806415, 656.2272639094358], 
[69401.39981298472, 52076.73629152905, 34029.50021125449, 22142.92599999924, 14057.115629076454, 10923.166933450573, 6773.7205151065855, 5045.83131515739, 3419.2778113100276, 2248.7334297263005, 2027.06059136166, 1836.2378608187155, 1407.1417828964377, 1402.0834473688249, 1321.8767449301477, 1220.0484043070926, 1194.8894031718808, 1003.1503945675707, 987.8618055618648, 828.9707054458761], 
[69800.31240991727, 47393.03725650827, 29735.939477243843, 21881.83575667553, 13899.937401525636, 10140.085661863306, 7765.279882768888, 5532.629574909776, 3637.3956779280493, 2685.2042746355346, 2443.924725966392, 2343.650895957672, 1541.6640921425353, 1541.6640921425353, 1541.6640921425353, 959.3520340923875, 878.9253303811487, 843.2907454616368, 688.3852630288089, 666.3861220942239], 
[70784.92122273127, 39481.66047915042, 26414.972749278048, 17993.220841123606, 10152.336716027288, 8202.531057000651, 6833.802036410704, 5374.678101228886, 3612.7346795911435, 3410.410946282096, 2991.3555800376616, 2407.9297530643516, 2331.7252679639023, 1816.656795638767, 1784.4314276072707, 1232.539913970352, 1155.068426314956, 1155.068426314956, 863.0519596968855, 786.9364187524111], 
[66553.14619596022, 38817.799216384265, 28555.63839220999, 18717.80064598622, 14404.481289641, 8411.75844894694, 5535.7511269682045, 4399.46419181209, 3967.483119443728, 2911.6668756805957, 2225.45402198038, 1757.264689090676, 1738.1470862970095, 1420.809313102712, 1420.809313102712, 978.4627176840589, 975.3949028789351, 929.2526546264381, 758.5703745767958, 692.6237961140141], 
[69763.04283419128, 38013.43763531462, 24194.90569462, 16777.385928187316, 10781.0267555282, 8172.550018714013, 5967.742592514531, 5328.808281046268, 4469.816875277427, 3272.1292653812943, 2672.8512835914403, 2459.3913974769607, 2206.7667810269622, 1669.810461655031, 1508.2024561983255, 1485.1526899966584, 1265.9480914606536, 1228.6471923388513, 1005.7412663480284, 846.8265794210866], 
[68962.22400634541, 43399.474375717764, 30259.155593903168, 17626.9729221219, 12606.755897841229, 8809.470214730894, 6910.000477274323, 5077.405884560418, 3864.6446479956717, 3257.828042206686, 2591.3982704573973, 1883.0379402117358, 1855.841121732447, 1472.058749543516, 1472.058749543516, 1366.675790398076, 1065.9470300223693, 876.3233557286763, 744.5107467279669, 733.8950264920435], 
[71907.76659111881, 48037.205697126155, 32749.86294520341, 18137.76775035293, 10684.31485899456, 7743.502411979929, 5210.79751246822, 3905.374537798037, 3262.1433910758133, 2742.0606033368144, 2539.2918924802675, 2166.0356755973526, 1364.943409262219, 1364.943409262219, 1113.6724306816411, 1112.8396871583227, 875.4341477880796, 588.4905788487386, 504.52711841348844, 486.24198601899707], 
[72295.09745635005, 40314.35202003358, 24204.868522444547, 18036.882481323813, 12018.519551819822, 9723.377787932926, 6620.759864300485, 5322.619169926237, 4178.613091921626, 3943.8229543997736, 2596.0377918377217, 2578.665384327538, 2402.7495062304115, 1812.1419052104445, 1643.7001686610747, 1572.3255793700862, 1512.3283297497303, 1356.6499464475226, 1088.8117544052332, 1088.8117544052332], 
[65078.44255196697, 42678.75369393069, 34775.078150590394, 18553.800502183287, 13468.08975003647, 8541.145682342069, 6293.6267095496305, 3768.904536008774, 2889.939734495112, 2522.6511100054586, 1936.8605566807696, 1509.3832030460476, 1323.8510972219258, 1323.8510972219258, 1141.1605996655817, 874.2814384434438, 874.2814384434438, 769.9397882032335, 626.7036273544915, 582.9987258336525], 
[64670.7575968732, 39880.80257746447, 26330.923806979274, 15482.256884241235, 9654.285316126461, 7395.343004093675, 6328.942232848596, 4169.855380070748, 3484.022549041051, 3212.8385608474523, 2842.7672717616642, 2512.5648978509234, 2131.5139571588556, 2131.5139571588556, 1664.6417413927986, 1454.7733587807015, 1253.7432288121222, 1148.0011533050827, 827.6525788894825, 827.6525788894825], 
[68437.15350676338, 44827.03090228023, 32384.541911532935, 22131.02773164257, 14505.981923051895, 10516.35876872137, 8139.307665257655, 5597.642290292648, 4056.51072509436, 3645.2522168125242, 3065.2440706756483, 2055.6714826351117, 1693.247706768645, 1693.247706768645, 1517.264487216266, 730.4425618716582, 730.4425618716582, 730.4425618716582, 669.1781608057182, 502.2777218479519], 
[70491.79425575254, 46262.94855518735, 29718.69842587379, 19152.04672620564, 13374.11455848275, 7857.99026780141, 5653.55219610748, 4985.114411163297, 3867.3343404914735, 2456.7126527355645, 2443.576002131959, 1937.301972099546, 1937.301972099546, 1496.4313570745996, 1496.4313570745996, 1484.015985516811, 997.550025835874, 852.685303366832, 731.5121475185639, 666.855383805983], 
[67930.36807869955, 41757.38124341873, 34510.8180289304, 20785.539752049124, 14740.949681201324, 9070.796085101998, 6145.95907366105, 5142.881949556132, 4297.755117460041, 3687.137785070585, 2072.6140283482914, 1903.8382744509197, 1855.1191028819208, 1811.6866859820734, 1091.1610123696444, 1091.1610123696444, 1049.4505905356646, 819.7357190788346, 818.7964128388854, 807.3250328886568], 
