[863.4071617950881, 745.1971611196714, 501.8171174703866, 448.633158908981, 410.46584262245096, 394.2973470082128, 350.2130555113282, 323.05787890164265, 286.94277308720905, 286.94277308720905, 286.94277308720905, 252.4183920600453, 252.4183920600453, 250.48068498372592, 250.48068498372592, 250.48068498372592, 242.6128156400117, 230.75355845718377, 228.84991979164622, 224.0841254873765], 
[1209.4174988887542, 696.9310665376684, 591.6368173296789, 455.6086046667144, 323.20423487318357, 323.20423487318357, 323.20423487318357, 319.22368749120983, 300.3279490986568, 292.9673135647605, 273.193844243616, 273.08657029160605, 257.7757161900147, 257.7757161900147, 234.40863696217255, 234.40863696217255, 234.40863696217255, 234.40863696217255, 223.6895371962742, 202.85494280811662], 
[1029.6302072168335, 834.9710925255612, 597.6226506504318, 470.30201189045835, 423.87532360609026, 326.15318062128193, 326.15318062128193, 317.2498751027203, 297.19695924938753, 295.20365733965, 295.20365733965, 288.53575322221155, 246.7167154791763, 246.7167154791763, 246.7167154791763, 246.7167154791763, 246.7167154791763, 246.7167154791763, 246.7167154791763, 241.39178621923395], 
[1214.8614120276754, 713.4173280787243, 514.5853325500036, 410.0810360705649, 370.14736388261554, 332.76592969038524, 310.5906364005173, 301.3152577240118, 301.3152577240118, 299.36920547566615, 280.5374327071316, 277.863681238021, 258.11278410378156, 258.11278410378156, 242.38600307738892, 242.38600307738892, 242.38600307738892, 237.3725227413531, 237.3725227413531, 237.3725227413531], 
[1120.5352174877967, 760.8596074147273, 556.1787080627269, 511.461544519665, 450.14214733867294, 351.07313833897524, 334.8079661841633, 278.4800237109529, 278.4800237109529, 278.4800237109529, 273.7715983009523, 273.7715983009523, 260.8293463133048, 260.8293463133048, 246.60226941180088, 246.60226941180088, 246.60226941180088, 245.25282940859293, 245.25282940859293, 234.7096387107809], 
[1050.3231325777128, 762.6942811817626, 649.8152741425765, 493.53763985051626, 374.84270481094, 374.84270481094, 374.84270481094, 352.03177723989694, 352.03177723989694, 349.5491909119404, 320.7031414378514, 283.84078754508374, 265.7484382588168, 215.80215315684163, 215.80215315684163, 215.80215315684163, 207.50148270275093, 207.50148270275093, 203.30959307109345, 200.1781758230235], 
[906.3464247748395, 698.591901207299, 562.9608923373296, 373.30637766711095, 368.31745284543257, 344.710624790206, 300.42943305258564, 300.42943305258564, 300.42943305258564, 280.731507453336, 201.43340258524893, 200.2650223059755, 200.2650223059755, 200.2650223059755, 200.2650223059755, 195.74471129998366, 191.1850628832409, 185.52577299323025, 185.52577299323025, 185.52577299323025], 
[1211.712456450008, 650.8187949516079, 541.9665126179576, 424.86605528077826, 386.6913403654319, 382.3005099200052, 329.63239522622837, 329.63239522622837, 329.63239522622837, 302.4115984637535, 302.4115984637535, 302.4115984637535, 302.4115984637535, 302.4115984637535, 295.201749915581, 295.201749915581, 294.938679026594, 281.2579999475983, 235.74331585421797, 235.74331585421797], 
[913.6096071390446, 633.5538711660191, 454.18666354301087, 364.1429517435519, 314.295117306738, 277.64197797941443, 277.64197797941443, 257.2152809965199, 257.2152809965199, 257.2152809965199, 243.7127963658803, 240.0394710570346, 240.0394710570346, 240.0394710570346, 227.40963285724956, 227.40963285724956, 227.40963285724956, 215.8409409778642, 173.833900622148, 173.833900622148], 
[1092.3715090444568, 828.485564918953, 650.2232317392652, 503.0825500375383, 396.90928222531664, 341.0131438027775, 321.76649833300394, 314.84942898329115, 296.6624156833596, 294.98011053938467, 294.98011053938467, 268.33679707934016, 261.5959305159535, 261.5959305159535, 240.86901295222557, 240.86901295222557, 240.86901295222557, 228.56214314709297, 228.56214314709297, 225.5283494716358], 
[904.3940426647537, 705.8902035944232, 563.8815083336711, 452.2426200933007, 394.4810679929487, 391.7604075676409, 364.0162948916015, 294.8244989563846, 294.8244989563846, 294.8244989563846, 294.8244989563846, 288.41303447999815, 288.41303447999815, 288.41303447999815, 269.03377252902203, 269.03377252902203, 269.03377252902203, 265.2372699818082, 265.2372699818082, 265.2372699818082], 
[1035.5868865736816, 659.6770795270849, 548.1425188403979, 444.69031402880336, 405.23612219621805, 371.3775589718968, 340.93230821717856, 325.28415222057333, 291.1648463957894, 289.05731708824067, 273.44338250115527, 271.09357923783614, 271.09357923783614, 262.6427582974041, 262.6427582974041, 262.6427582974041, 256.3902650485422, 243.3542204155182, 234.09160544334424, 234.09160544334424], 
[1222.7836774377527, 772.741213463157, 572.2009947488442, 498.4901890551618, 470.01354102873637, 433.99078357464333, 400.25499027249356, 360.4921405965213, 360.4921405965213, 360.4921405965213, 337.215821308365, 337.215821308365, 297.3565302759087, 297.3565302759087, 297.3565302759087, 297.3565302759087, 268.04833085624233, 268.04833085624233, 268.04833085624233, 268.04833085624233], 
[1060.7578488553868, 729.6754997305688, 518.0359846643673, 380.1263536126759, 380.1263536126759, 380.1263536126759, 379.7552409920437, 334.15367388708995, 334.15367388708995, 319.0838632558715, 319.0838632558715, 313.6523433427859, 313.6523433427859, 308.99179395713765, 294.66873941801725, 294.66873941801725, 294.66873941801725, 288.4769246297017, 288.4769246297017, 288.4769246297017], 
[840.5322950153243, 710.7072823482263, 544.5339478933638, 445.3956072305718, 347.33513176946747, 336.9482765316196, 336.9482765316196, 333.3703530461677, 278.6122962856962, 245.20033632735857, 245.20033632735857, 243.14011327589552, 243.14011327589552, 238.4144970782212, 238.4144970782212, 238.4144970782212, 232.352689153735, 232.352689153735, 227.14534707521952, 222.80830606560244], 
[1140.4929131271674, 833.6109113272653, 639.7399468757885, 486.50368781647865, 443.5894277664742, 413.6383250844815, 365.69859641930947, 352.9951425163951, 351.734135784352, 350.02413306374535, 350.02413306374535, 332.04894596278626, 331.17726648124415, 304.7512394457228, 304.7512394457228, 297.35114460675936, 273.5857641434266, 273.5857641434266, 273.5857641434266, 272.78712857721], 
[1119.8303937693881, 754.2027180103067, 637.8768573857175, 414.452771871386, 386.2237985128301, 306.9258026221282, 306.9258026221282, 306.9258026221282, 306.9258026221282, 284.5976058183813, 284.5976058183813, 284.5976058183813, 284.5976058183813, 264.03782690340006, 253.24866443468713, 232.82568524255666, 229.85245045735746, 229.85245045735746, 229.52628881450033, 229.52628881450033], 
[1120.7704130730692, 862.8698952427479, 586.0236567252123, 496.73939501729507, 430.7187953170434, 407.69598058893536, 379.8055211757724, 360.073192044392, 332.0962778878736, 289.2923885807228, 284.7832939308645, 284.7832939308645, 284.7832939308645, 278.54225294920906, 259.53824952450924, 253.9748596357585, 253.9748596357585, 253.9748596357585, 251.69136911450042, 251.52672823296865], 
[1244.6073955854954, 773.823336174754, 610.619326123132, 533.9240622544955, 468.5850797657967, 379.90218957301187, 356.0759190787326, 341.2460246445731, 341.2460246445731, 311.0959703480071, 307.4230795637246, 305.9522398915135, 305.9522398915135, 304.7842264162452, 297.25943552194235, 284.8929755489927, 234.08626439166034, 222.60348293978555, 222.60348293978555, 222.60348293978555], 
[1104.5988037335046, 793.5870815530689, 517.2575013533364, 468.64713431524035, 409.73435596287726, 366.6418150705915, 352.66173907225397, 339.58551251843124, 315.91579946780894, 299.0071164707154, 292.2506083474091, 282.98599490648644, 270.08695212902956, 270.08695212902956, 257.83177883498263, 251.71555566474336, 251.71555566474336, 251.71555566474336, 244.7169479828891, 232.2068792323824], 
[896.7690495497734, 764.2373246913818, 593.5431649701552, 458.27453346968844, 368.395378285147, 368.395378285147, 363.58218540387963, 363.58218540387963, 351.96016073727554, 331.17256490876406, 263.62251737842894, 263.62251737842894, 263.62251737842894, 263.62251737842894, 263.62251737842894, 250.7338503972784, 241.84825538388606, 241.84825538388606, 241.84825538388606, 236.01471157864626], 
[1082.0124509398433, 688.9124936115071, 560.8439556484545, 462.55736987551217, 409.17266718566896, 348.19011141388603, 336.801026362175, 336.801026362175, 334.9858704971917, 295.3699902314125, 295.3699902314125, 277.7770511672473, 276.53356692924814, 251.28050873994158, 251.28050873994158, 251.28050873994158, 251.28050873994158, 251.28050873994158, 251.28050873994158, 247.75537661642605], 
[1143.193848124901, 701.4529904781327, 514.226694657146, 426.25379385174415, 357.7598267490455, 309.67333971266254, 309.67333971266254, 263.8222023915968, 263.8222023915968, 263.8222023915968, 263.8222023915968, 263.8222023915968, 263.8222023915968, 252.62003616930633, 252.62003616930633, 242.429245203696, 233.6084941021681, 231.08318711596382, 231.08318711596382, 231.08318711596382], 
[1081.5395652114346, 821.4228536957246, 570.3214200538679, 453.15320493914027, 422.5955549462888, 356.5308055434874, 356.5308055434874, 356.5308055434874, 342.9943121403001, 342.9943121403001, 342.9943121403001, 297.7401843016449, 297.7401843016449, 294.44530561212235, 294.44530561212235, 294.44530561212235, 294.18432436829545, 294.18432436829545, 289.84180797031763, 287.2970943933401], 
[1269.4218851671324, 862.1727092319122, 580.3396413829468, 510.1962965529813, 392.764918619179, 336.91701970606715, 329.9011840480671, 328.05392898437015, 326.80320112279855, 314.1473402060965, 306.8466778550449, 273.62780036839024, 262.75723350022906, 262.75723350022906, 240.87245335400118, 231.5111187781413, 225.6604620311795, 221.89974998152258, 191.11341749579756, 191.11341749579756], 
[995.548771015588, 781.1687125324028, 589.2306080146191, 424.44351161701604, 381.81164059301227, 365.3603113572546, 359.49140520852416, 340.60130853384254, 277.48298236428025, 277.48298236428025, 277.48298236428025, 277.48298236428025, 265.5955022716103, 265.5955022716103, 260.00450318948083, 258.0527466062006, 247.40907713304642, 236.91774351987408, 223.9755443101225, 218.4893856149477], 
[844.8005808578367, 618.5792439563215, 538.705643671341, 458.09596266895204, 358.76261398993984, 344.2089095326146, 307.0091484014194, 290.6483952629938, 290.6483952629938, 289.7532539212306, 278.80503373743136, 257.7260626282935, 257.7260626282935, 200.53091442488667, 200.53091442488667, 200.53091442488667, 200.53091442488667, 200.53091442488667, 200.53091442488667, 191.48985114272966], 
[1064.036618461966, 781.7224950412101, 633.6769301247753, 508.0730039521688, 476.2294869466879, 376.43064845680374, 376.43064845680374, 336.84549372031677, 336.6059925335158, 336.6059925335158, 333.0766961454997, 315.3792764178527, 266.73971181874316, 266.73971181874316, 266.73971181874316, 259.43858961374815, 259.15582842527493, 226.07407945319716, 226.07407945319716, 221.20411564314674], 
[1183.491425951537, 739.2624004717031, 523.6409179011921, 413.7746497381125, 384.8856736503025, 356.90489039375444, 330.42258386126093, 303.8418185866446, 293.2061306634771, 263.341916188872, 245.65082904573816, 235.0479731960064, 235.0479731960064, 235.0479731960064, 235.0479731960064, 235.0479731960064, 224.8020148175604, 214.6231979315775, 214.6231979315775, 204.14218364429507], 
[1110.6612753515265, 851.4463493366703, 514.254923311835, 420.516217797716, 375.0133532224637, 319.82778453966284, 319.82778453966284, 305.84565680694726, 274.5225359081714, 274.5225359081714, 274.5225359081714, 259.71744368834055, 259.71744368834055, 259.71744368834055, 259.2754915627398, 224.58381341029002, 224.58381341029002, 224.58381341029002, 224.58381341029002, 224.58381341029002], 
