[1183.4210442432404, 780.6584899588078, 689.5228516438856, 540.3927142135025, 503.7009080135806, 480.784196700275, 433.9607614308194, 349.3046130527003, 347.5524912238994, 289.7681832186714, 289.7681832186714, 289.7681832186714, 289.7681832186714, 272.994818579935, 272.994818579935, 272.994818579935, 272.994818579935, 272.994818579935, 272.994818579935, 272.994818579935], 
[1043.1382101522433, 760.0330511886187, 491.156412318425, 482.3224432454939, 378.4330924859568, 354.4982017882039, 326.39120142940874, 318.2842217986412, 301.4733653203904, 277.56095193756505, 277.56095193756505, 277.56095193756505, 267.7900982688566, 244.363311164553, 244.363311164553, 244.363311164553, 244.363311164553, 244.363311164553, 244.363311164553, 244.363311164553], 
[1034.0048543745736, 677.1330326608206, 501.064295742038, 418.8747525820471, 331.34604378653194, 330.23739175390165, 330.23739175390165, 321.6802075249873, 321.6802075249873, 321.6802075249873, 289.055487587511, 289.055487587511, 289.055487587511, 289.055487587511, 289.055487587511, 289.055487587511, 289.055487587511, 286.0966808857874, 286.0966808857874, 256.17105935761174], 
[1114.8823089690416, 762.8196308825253, 577.4016175656063, 529.5359392798605, 460.2982113500739, 316.44439315230704, 316.37619349627846, 316.37619349627846, 309.83405074944216, 309.83405074944216, 309.83405074944216, 309.83405074944216, 309.83405074944216, 309.83405074944216, 309.83405074944216, 309.83405074944216, 309.83405074944216, 309.74802879510116, 309.74802879510116, 299.52699581442204], 
[1074.7555046666284, 744.311899980098, 544.6731076338709, 440.35093559965713, 387.11618111767643, 385.82008577889286, 372.15172897230985, 316.57741348591543, 316.57741348591543, 313.0987110149189, 313.0987110149189, 313.0987110149189, 261.25736055189054, 261.25736055189054, 261.25736055189054, 261.25736055189054, 261.25736055189054, 261.25736055189054, 261.25736055189054, 261.25736055189054], 
[1016.4580865379166, 733.8900648742465, 584.6160616020193, 477.27929542528665, 397.48242050591466, 321.4144872899702, 321.4144872899702, 320.1539805023822, 320.1539805023822, 304.6369859275475, 304.6369859275475, 304.6369859275475, 284.3145439394339, 284.3145439394339, 284.3145439394339, 281.9254026372365, 281.9254026372365, 281.9254026372365, 281.9254026372365, 281.9254026372365], 
[1037.1242068611791, 762.5034855088836, 556.517815066648, 506.18043814801064, 398.1684912738999, 383.8780952246419, 360.40866096553094, 347.43956415933303, 347.43956415933303, 331.1382885903013, 324.10915143173224, 324.10915143173224, 298.7769330615153, 284.25269391534357, 284.25269391534357, 284.25269391534357, 256.37396000612995, 256.37396000612995, 222.17846198652595, 222.17846198652595], 
[1212.7023789997447, 737.2688611407655, 489.9172618086195, 371.3577856638896, 336.751078082364, 302.43254597379797, 295.70728258917876, 295.70728258917876, 295.70728258917876, 295.70728258917876, 295.70728258917876, 295.387970865267, 295.387970865267, 295.387970865267, 295.387970865267, 295.387970865267, 295.387970865267, 295.3320288651015, 282.46556027982314, 278.7901569109223], 
[1170.7226812813499, 817.1852321472793, 549.6721487340876, 458.68356643245363, 429.2913061320974, 402.0426005032023, 362.4275310143785, 326.69061683468124, 326.69061683468124, 326.69061683468124, 308.75929617934963, 308.75929617934963, 308.75929617934963, 284.02947789854875, 284.02947789854875, 284.02947789854875, 284.02947789854875, 284.02947789854875, 284.02947789854875, 284.02947789854875], 
[1069.6326271168996, 698.8982530970368, 460.9018451087791, 439.14817957495046, 339.42486690388125, 308.27003602558636, 308.27003602558636, 308.27003602558636, 308.27003602558636, 308.27003602558636, 308.27003602558636, 272.5852248309034, 272.5852248309034, 268.4848816302283, 268.4848816302283, 265.0707277529801, 265.0707277529801, 265.0707277529801, 265.0707277529801, 265.0707277529801], 
[989.6848999097793, 827.0644096841498, 638.2623160947758, 559.2850132927539, 472.669735956059, 417.5381054521455, 356.4709226894271, 356.4709226894271, 334.98411161635727, 315.35401518781447, 294.93573009772143, 271.6486597229773, 271.6486597229773, 271.6486597229773, 271.0624782246553, 251.69524880579456, 250.96404792493763, 250.96404792493763, 250.96404792493763, 250.96404792493763], 
[1008.5903440052539, 765.4403656596612, 527.8630348162092, 448.94977454942375, 389.3580383603297, 356.6042124437236, 341.94103362205664, 308.2973007629092, 308.2973007629092, 304.8070504397715, 293.2274268620384, 293.2274268620384, 239.97081712318402, 239.97081712318402, 239.97081712318402, 239.97081712318402, 239.97081712318402, 237.83370189709262, 187.4992770992522, 187.4992770992522], 
[1030.989343770159, 628.708347889229, 476.73006056961026, 422.6225177584834, 382.8009226784715, 342.6819735609682, 316.02417220181536, 300.7215646022774, 255.79956397871123, 255.79956397871123, 249.87242051489775, 249.87242051489775, 249.87242051489775, 249.87242051489775, 249.87242051489775, 249.87242051489775, 249.87242051489775, 244.67039554651942, 244.67039554651942, 244.67039554651942], 
[1154.6001279617165, 873.1728600596002, 603.7782461673103, 539.0310434910483, 435.86825174633736, 370.1005963389516, 370.1005963389516, 370.1005963389516, 367.4774019148955, 311.6545827785656, 310.8123575677896, 282.3648240443229, 272.54939332363494, 272.54939332363494, 271.77841506341605, 271.77841506341605, 271.77841506341605, 262.452508211226, 262.452508211226, 249.63170224460373], 
[1008.3363600014627, 726.9857094863564, 492.50801764781886, 394.3327813205151, 347.45298443803927, 290.67564315416035, 290.67564315416035, 290.67564315416035, 285.2771541147753, 285.2771541147753, 285.2771541147753, 285.2771541147753, 274.84770047256995, 274.84770047256995, 274.84770047256995, 274.84770047256995, 272.2244468828536, 272.2244468828536, 272.2244468828536, 272.2244468828536], 
[1213.4806721132327, 757.5943984149011, 599.7540037430674, 473.3120016148741, 401.23696330983995, 339.8035220592979, 298.4308931955927, 298.4308931955927, 298.4308931955927, 298.4308931955927, 298.4308931955927, 287.55732170584923, 266.2167279925362, 266.2167279925362, 266.2167279925362, 266.2167279925362, 266.2167279925362, 266.2167279925362, 266.2167279925362, 266.2167279925362], 
[903.0378461779072, 701.205807695267, 516.8274934242219, 489.76233000384764, 480.4569249016796, 430.0969778954182, 393.41553104480715, 336.91548358563364, 305.1971901674616, 294.53290580839274, 294.53290580839274, 294.53290580839274, 266.7686979533454, 266.7686979533454, 266.7686979533454, 266.7686979533454, 266.7686979533454, 266.7686979533454, 266.7686979533454, 266.7686979533454], 
[1062.336604270002, 817.1246050712961, 598.4175383444194, 507.17907986454907, 428.0360432945082, 419.474161082269, 361.2909593340005, 361.2909593340005, 341.72464096577005, 326.62806562690446, 326.62806562690446, 286.8781550897753, 286.8781550897753, 286.8781550897753, 286.8781550897753, 286.8781550897753, 286.8781550897753, 281.8720512701061, 281.8720512701061, 281.8720512701061], 
[1066.2973944027412, 793.7292721160818, 542.4349640292252, 476.6511279460585, 410.9750951843633, 384.30106437144553, 320.46102520664056, 310.22745293184175, 310.22745293184175, 293.165994432075, 293.165994432075, 293.165994432075, 293.165994432075, 293.165994432075, 293.165994432075, 293.165994432075, 283.00241454142724, 283.00241454142724, 283.00241454142724, 282.2250950964009], 
[893.6315362796948, 719.2379886178683, 518.1823056919344, 427.77110269805513, 377.00132057943614, 322.87359185150456, 322.87359185150456, 318.82424677389895, 318.82424677389895, 318.82424677389895, 318.82424677389895, 318.82424677389895, 318.82424677389895, 318.82424677389895, 301.8570901874782, 301.05815494378066, 275.9508217440419, 275.9508217440419, 275.9508217440419, 275.9508217440419], 
[1048.4073336860126, 648.3166459777823, 494.60245451116356, 389.4135464301793, 379.26948936811453, 321.8512943513241, 320.28719069613135, 276.8280547764426, 275.76797329127055, 271.8594347396052, 271.8594347396052, 264.25661276398546, 264.25661276398546, 264.25661276398546, 252.40897380552684, 243.5493969927422, 243.5493969927422, 243.5493969927422, 243.5493969927422, 243.5493969927422], 
[1137.6551008293452, 864.2163760154581, 623.5295958040742, 413.08054972912385, 391.13653250702913, 358.21117295657035, 312.2955731422339, 309.82905345626733, 294.9812500023781, 292.60554093401004, 266.3436214707684, 266.3436214707684, 266.3436214707684, 257.2080254961075, 249.91831019209857, 249.91831019209857, 249.5211891791443, 249.5211891791443, 249.5211891791443, 249.5211891791443], 
[1101.1295702264936, 839.7601440379888, 560.0874561034683, 433.2859969372455, 386.8142315316285, 326.44551330436207, 326.44551330436207, 315.37334597220075, 312.94243967810235, 312.94243967810235, 312.94243967810235, 286.45145189547145, 286.45145189547145, 286.45145189547145, 279.1234092387696, 279.1234092387696, 279.1234092387696, 279.1234092387696, 279.1234092387696, 279.1234092387696], 
[1240.7419223829968, 777.4603463115805, 529.3964534349789, 448.0357685284097, 397.85308412776, 350.475580076592, 312.93936078937077, 312.93936078937077, 309.44212849377664, 309.44212849377664, 304.8313644198241, 271.6894494738905, 266.84088179212006, 260.8276036636023, 260.8276036636023, 252.9716057225082, 252.9716057225082, 252.9716057225082, 252.9716057225082, 252.9716057225082], 
[1044.5940210452225, 655.6083159974982, 527.2068771582473, 491.6716656520648, 450.5889925854011, 375.5104078637719, 341.35320536460773, 341.35320536460773, 339.07110311809834, 339.07110311809834, 335.94834595126235, 314.72721503161677, 314.72721503161677, 294.75556441637235, 294.75556441637235, 294.75556441637235, 290.06794077596953, 278.76374233313675, 278.0273177242296, 275.22637653773114], 
[1072.744125845078, 785.9657729403309, 607.9836407493821, 470.74754324383366, 397.1516101086406, 353.29072265504436, 334.5075726590114, 334.5075726590114, 334.5075726590114, 331.58865184638245, 331.58865184638245, 326.45380227074855, 271.4931837460932, 271.4931837460932, 271.4931837460932, 268.488562555914, 268.488562555914, 268.488562555914, 268.488562555914, 268.488562555914], 
[1125.2519725282714, 840.1172747086289, 501.69568686692236, 498.7997488590859, 417.9422193030744, 416.7288433639009, 336.67617626107557, 336.67617626107557, 322.26868399153676, 322.26868399153676, 322.26868399153676, 322.26868399153676, 318.24985537265195, 306.4842144161235, 306.4842144161235, 306.4842144161235, 276.38926640882573, 276.38926640882573, 271.13942275376854, 271.13942275376854], 
[1089.878650274429, 692.7742316531635, 567.2975779541306, 425.35188286609787, 387.802866384367, 337.76910423518166, 337.76910423518166, 325.54184233010625, 325.54184233010625, 325.54184233010625, 310.4293370180866, 302.88968442849205, 274.6176271098598, 274.6176271098598, 274.6176271098598, 260.7777384598563, 260.7777384598563, 260.7777384598563, 250.2929969868678, 247.8206536122183], 
[904.1130040035756, 860.1413996759194, 607.8630711016576, 534.6772710049191, 483.14760307911956, 421.28879732316557, 418.1106583749607, 393.4051083933113, 391.952522583541, 363.3408340038097, 330.96591953970557, 315.7097594100098, 315.7097594100098, 315.7097594100098, 315.7097594100098, 315.7097594100098, 315.7097594100098, 309.2257254653165, 290.2622214909541, 290.2622214909541], 
[912.2302446511671, 605.8208981740171, 480.47980641617744, 436.9792666742746, 332.6073241521453, 323.962215137631, 282.27078907705607, 248.8639416362883, 228.84760466944698, 228.84760466944698, 202.6999251874542, 202.6999251874542, 202.6999251874542, 202.6999251874542, 202.6999251874542, 202.6999251874542, 202.6999251874542, 202.6999251874542, 202.6999251874542, 202.6999251874542], 
