[9089.044033693035, 9089.044033693035, 8445.228805879726, 8036.469566186156, 8036.469566186156, 7775.98567924994, 7775.98567924994, 7240.7064406152185, 7240.7064406152185, 7240.7064406152185, 7240.7064406152185, 7240.7064406152185, 7240.7064406152185, 7240.7064406152185, 7240.7064406152185, 7240.7064406152185, 7233.431529699448, 7233.431529699448, 7199.330343708989, 7199.330343708989], 
[9102.11525322738, 8063.912538339035, 8063.912538339035, 8063.912538339035, 7846.953494366415, 7846.953494366415, 7794.197251760241, 7794.197251760241, 7794.197251760241, 7642.22760463452, 7526.605824939927, 7526.605824939927, 7468.984152705421, 7468.984152705421, 7468.984152705421, 7468.984152705421, 6904.851885837588, 6904.851885837588, 6769.274000223215, 6769.274000223215], 
[8709.36046561579, 8306.41437574413, 8306.41437574413, 8306.41437574413, 8153.541073678608, 8122.996882914879, 7997.308130906734, 7993.006355335285, 7993.006355335285, 7993.006355335285, 7993.006355335285, 7505.454525128805, 7503.556242908865, 7503.556242908865, 6933.491741333519, 6682.814982075195, 6682.814982075195, 6645.601368164497, 6645.601368164497, 6645.601368164497], 
[8289.708169244102, 8289.708169244102, 8289.708169244102, 8289.708169244102, 8289.708169244102, 8289.708169244102, 8289.708169244102, 8093.34523409914, 8093.34523409914, 8093.34523409914, 8093.34523409914, 8093.34523409914, 8093.34523409914, 8093.34523409914, 8093.34523409914, 8093.34523409914, 8093.34523409914, 8093.34523409914, 7985.50383407085, 7503.38158440526], 
[9198.552493367886, 7745.284039417127, 7745.284039417127, 7587.305709211371, 7587.305709211371, 7587.305709211371, 7587.305709211371, 7587.305709211371, 7587.305709211371, 7587.305709211371, 7587.305709211371, 7587.305709211371, 7292.909505561823, 6853.917136092849, 6853.917136092849, 6853.917136092849, 6686.552092770477, 6648.410254655118, 6648.410254655118, 6648.410254655118], 
[9346.920803292316, 8407.336243687128, 8378.88454878295, 8378.88454878295, 7781.783680250396, 7781.783680250396, 7781.783680250396, 7760.130577922964, 7658.9646659840455, 7658.9646659840455, 7605.250954482719, 7391.3285319555225, 7391.3285319555225, 7391.3285319555225, 7133.248390855451, 7089.489863857904, 7089.489863857904, 6970.461374835124, 6970.461374835124, 6970.461374835124], 
[8634.907017896609, 8616.835608031259, 8616.835608031259, 8368.843166766716, 8274.231314963636, 8166.9952017604055, 8166.9952017604055, 8088.527600289743, 6471.60997695212, 6471.60997695212, 6471.60997695212, 6471.60997695212, 6471.60997695212, 6471.60997695212, 6471.60997695212, 6237.0116936427785, 6237.0116936427785, 5590.279684434855, 5406.334440021831, 5406.334440021831], 
[8863.841638367265, 8477.094659277775, 8477.094659277775, 8477.094659277775, 8142.601607642114, 8142.601607642114, 7842.195310781674, 7842.195310781674, 7842.195310781674, 7842.195310781674, 7808.5623674628705, 7808.5623674628705, 7808.5623674628705, 7808.5623674628705, 7629.786021271729, 7629.786021271729, 7554.489676227077, 7554.489676227077, 7554.489676227077, 7235.6355859842015], 
[8767.821901580888, 8767.821901580888, 8631.20270068091, 8490.799694296078, 8165.055179145156, 8165.055179145156, 8165.055179145156, 8165.055179145156, 8165.055179145156, 7875.248202035743, 7875.248202035743, 7875.248202035743, 7875.248202035743, 7875.248202035743, 7079.4800372893105, 7079.4800372893105, 7079.4800372893105, 7079.4800372893105, 7079.4800372893105, 7055.824115515645], 
[8320.29168055344, 7144.264060710132, 7144.264060710132, 7002.747660783191, 6892.328723487456, 6892.328723487456, 6892.328723487456, 6892.328723487456, 6892.328723487456, 6892.328723487456, 6607.010565918191, 6607.010565918191, 6607.010565918191, 5994.455435411701, 5994.455435411701, 5994.455435411701, 5681.115132554854, 5681.115132554854, 5681.115132554854, 5629.70752530159], 
[9033.389782474429, 8970.83223249637, 8551.104671832845, 7801.6829848703865, 7801.6829848703865, 7801.6829848703865, 7801.6829848703865, 7801.6829848703865, 7624.117273695798, 7624.117273695798, 7624.117273695798, 7624.117273695798, 7280.142349232425, 7280.142349232425, 7280.142349232425, 7280.142349232425, 6752.625251955775, 6752.625251955775, 6752.625251955775, 6633.809126624065], 
[8831.61296169886, 8042.948681921346, 7909.579776760793, 7909.579776760793, 7909.579776760793, 7909.579776760793, 7909.579776760793, 7909.579776760793, 7909.579776760793, 7909.579776760793, 7909.579776760793, 7577.602456051927, 7308.680093352377, 7308.680093352377, 7308.680093352377, 7308.680093352377, 6860.159183376706, 6739.434716091505, 6739.434716091505, 6739.434716091505], 
[8880.356369561046, 8880.356369561046, 8742.331187180162, 8742.331187180162, 8379.715712899084, 7940.929385145685, 7940.929385145685, 7940.929385145685, 7940.929385145685, 7851.4031674603575, 7851.4031674603575, 7851.4031674603575, 7851.4031674603575, 7099.757942418859, 7099.757942418859, 7094.416598218995, 7094.416598218995, 7094.416598218995, 6652.979423791452, 6652.979423791452], 
[8246.920479649752, 8246.920479649752, 8246.920479649752, 8227.18474851377, 8227.18474851377, 8227.18474851377, 7992.7023879857725, 7992.7023879857725, 7992.7023879857725, 7778.657710009825, 7319.307389497051, 7319.307389497051, 7319.307389497051, 7110.4180927774105, 7110.4180927774105, 7110.4180927774105, 7110.4180927774105, 7110.4180927774105, 7110.4180927774105, 7110.4180927774105], 
[9269.791458576827, 8529.161545557416, 8226.946939454438, 8226.946939454438, 8143.331862451462, 8143.331862451462, 8143.331862451462, 7690.326170047625, 7690.326170047625, 7690.326170047625, 7690.326170047625, 7690.326170047625, 7690.326170047625, 7690.326170047625, 7310.31967760687, 7310.31967760687, 7049.865666544949, 7049.865666544949, 7012.912837822316, 6995.960345002947], 
[9126.68178958973, 8602.018936020275, 8527.692026348725, 8527.692026348725, 8527.692026348725, 7892.587042144432, 7892.587042144432, 7431.338683907164, 7431.338683907164, 7431.338683907164, 7431.338683907164, 7431.338683907164, 6430.323234373234, 6430.323234373234, 6361.563613654425, 6361.563613654425, 6361.563613654425, 6361.563613654425, 6361.563613654425, 6310.258163393983], 
[9218.912270183846, 8679.950333367105, 8679.950333367105, 8584.328912239444, 8229.553796139777, 8229.553796139777, 7899.708838706438, 7899.708838706438, 7837.025852782641, 7837.025852782641, 7749.819352337145, 7535.229390922988, 7500.238549011879, 7187.47119148907, 7187.47119148907, 7187.47119148907, 7187.47119148907, 7187.47119148907, 7187.47119148907, 7166.6709552046195], 
[8583.065706826925, 8073.236619577447, 8073.236619577447, 8073.236619577447, 7418.621285013256, 7418.621285013256, 7379.002559883336, 7379.002559883336, 7379.002559883336, 7345.262002210115, 7036.5443973485, 7036.5443973485, 6829.9431504914355, 6829.9431504914355, 6675.821692453825, 6675.821692453825, 6675.821692453825, 6091.171069383698, 6091.171069383698, 6091.171069383698], 
[8051.317032882027, 8051.317032882027, 8051.317032882027, 8051.317032882027, 8051.317032882027, 8051.317032882027, 7922.422342946212, 7922.422342946212, 7628.136025859517, 7532.113740675734, 7532.113740675734, 7532.113740675734, 7532.113740675734, 6797.2381647646525, 6797.2381647646525, 6797.2381647646525, 6797.2381647646525, 6731.594112615483, 6093.2807310509515, 6093.2807310509515], 
[9076.09181356627, 8211.031194814836, 8176.231960777475, 8176.231960777475, 8176.231960777475, 8176.231960777475, 8149.503131794261, 8149.503131794261, 8149.503131794261, 8116.15951560188, 7936.244895228052, 7852.424984589394, 7852.424984589394, 7700.124706380114, 7700.124706380114, 7700.124706380114, 7700.124706380114, 7700.124706380114, 6922.502622479437, 6853.716081459993], 
[8500.926944003446, 8500.926944003446, 8500.926944003446, 8500.926944003446, 8500.926944003446, 8451.496235097751, 7809.442082684108, 7782.285608193173, 7782.285608193173, 7782.285608193173, 7782.285608193173, 7782.285608193173, 7782.285608193173, 7782.285608193173, 7718.441782129023, 7524.502342839166, 7520.276673129999, 7247.926305109445, 7247.926305109445, 7247.926305109445], 
[8882.182293925063, 8693.74539494569, 8693.74539494569, 8398.667723453147, 8398.667723453147, 8398.667723453147, 7986.440857354589, 7986.440857354589, 7986.440857354589, 7334.417084311985, 7334.417084311985, 7332.831942481567, 6930.321833177269, 6930.321833177269, 6930.321833177269, 6749.186777543395, 6749.186777543395, 6749.186777543395, 6749.186777543395, 6749.186777543395], 
[8974.078083848044, 8124.9781225935485, 8124.9781225935485, 8124.9781225935485, 7947.575868864563, 7568.514467380005, 7430.750429693006, 7430.750429693006, 7430.750429693006, 7430.750429693006, 7430.750429693006, 6670.96552557293, 6670.96552557293, 6670.96552557293, 6670.96552557293, 6670.96552557293, 6235.906627461932, 6235.906627461932, 6235.906627461932, 6235.906627461932], 
[8336.084643117354, 8292.868452790368, 8292.868452790368, 8292.868452790368, 8292.868452790368, 8167.6686356623295, 8064.866059058927, 8064.866059058927, 8064.866059058927, 8048.786796573751, 8048.786796573751, 7744.113364150012, 7744.113364150012, 7403.288886099486, 7403.288886099486, 7186.829727863372, 7186.829727863372, 7186.829727863372, 7119.194379126916, 7119.194379126916], 
[8858.399762453044, 8643.640731849877, 8643.640731849877, 8643.640731849877, 7316.478726609433, 7316.478726609433, 7316.478726609433, 7316.478726609433, 7316.478726609433, 7316.478726609433, 7316.478726609433, 7316.478726609433, 7316.478726609433, 7316.478726609433, 6736.040977244603, 6736.040977244603, 6736.040977244603, 6590.017920768752, 6590.017920768752, 6590.017920768752], 
[8833.70094338652, 8538.764918722623, 8504.853047135673, 8413.566275261026, 8413.566275261026, 8222.785278236046, 8222.785278236046, 8165.146664993436, 8165.146664993436, 8165.146664993436, 8165.146664993436, 7646.83134147169, 7646.83134147169, 7646.09151174511, 7209.504706535646, 7209.504706535646, 6825.609745299208, 6825.609745299208, 6825.609745299208, 6640.469231232768], 
[8918.098813523126, 8698.59211287495, 7576.160954475706, 7576.160954475706, 7576.160954475706, 7576.160954475706, 7576.160954475706, 7576.160954475706, 7258.382842866024, 7258.382842866024, 7258.382842866024, 6768.798211765897, 6768.798211765897, 6768.798211765897, 6340.783197303758, 6340.783197303758, 6340.783197303758, 6340.783197303758, 6340.783197303758, 6340.783197303758], 
[8515.121264778109, 8515.121264778109, 8515.121264778109, 8515.121264778109, 8152.97350401639, 8152.97350401639, 8152.97350401639, 8152.97350401639, 7695.9222483239355, 7512.479977079789, 7512.479977079789, 7512.479977079789, 7478.877595306707, 7478.877595306707, 7478.877595306707, 7305.361531320016, 7305.361531320016, 7305.361531320016, 7305.361531320016, 7305.361531320016], 
[8737.478387725943, 8737.478387725943, 8299.387769848905, 8299.387769848905, 7716.1669532124015, 7716.1669532124015, 7716.1669532124015, 7716.1669532124015, 7716.1669532124015, 7716.1669532124015, 7716.1669532124015, 6615.5785771510855, 6615.5785771510855, 6615.5785771510855, 6436.18096872813, 6436.18096872813, 6091.00149509236, 6091.00149509236, 6091.00149509236, 5658.606443865274], 
[8928.026115413875, 8485.435380826966, 8485.435380826966, 8078.616804387186, 8078.616804387186, 8060.307063494515, 8060.307063494515, 7465.658755879427, 7465.658755879427, 7465.658755879427, 7465.658755879427, 7465.658755879427, 7465.658755879427, 6923.263161147174, 6923.263161147174, 6887.151712106927, 6887.151712106927, 6887.151712106927, 6802.281501919294, 6802.281501919294], 
