[9517.57723334372, 9312.583339852292, 9209.45654347412, 8497.322657311417, 8348.909601248108, 8348.909601248108, 8146.905795718878, 8146.905795718878, 8146.905795718878, 7921.523258368178, 7920.9245525884835, 7920.9245525884835, 7920.9245525884835, 7473.415607323431, 7473.415607323431, 7473.415607323431, 7384.389802400932, 7384.389802400932, 7384.389802400932, 7384.389802400932], 
[9426.553711513994, 8842.30701044368, 8495.399608310458, 8022.626252782373, 7875.1385122126185, 7875.1385122126185, 7875.1385122126185, 7875.1385122126185, 7296.887478461482, 7296.887478461482, 7292.0614552864845, 7292.0614552864845, 7292.0614552864845, 6906.592657903033, 6906.592657903033, 6819.606795159469, 6819.606795159469, 6776.368589532931, 6585.511420097537, 6585.511420097537], 
[9257.352223782598, 8649.10601281042, 8546.756358277378, 8546.756358277378, 8546.756358277378, 8546.756358277378, 8308.757629556672, 8101.068776180248, 7617.917106562371, 7617.917106562371, 7617.917106562371, 7417.6230344351225, 7167.409575730171, 7167.409575730171, 7167.409575730171, 6442.388786111252, 6442.388786111252, 6442.388786111252, 6280.567309380161, 6280.567309380161], 
[9149.117370459406, 9149.117370459406, 8730.136066237552, 8532.186036452313, 8532.186036452313, 8532.186036452313, 8532.186036452313, 8473.349467008922, 8318.160900325749, 8318.160900325749, 8302.127099712336, 7803.6255421433225, 7615.380981122957, 7615.380981122957, 7615.380981122957, 7615.380981122957, 7615.380981122957, 7615.380981122957, 7615.380981122957, 7615.380981122957], 
[9448.683804942602, 8919.76188395374, 8919.76188395374, 8919.76188395374, 8641.204781499971, 8496.406484388437, 8259.10230171695, 8259.10230171695, 8259.10230171695, 8159.628864138666, 8159.628864138666, 8159.628864138666, 8159.628864138666, 7846.09643699487, 7765.705126290582, 7587.095709639409, 7587.095709639409, 7587.095709639409, 7488.139266469143, 7488.139266469143], 
[9695.691827067745, 9509.408605208328, 9509.408605208328, 9509.408605208328, 9433.896091915547, 8927.937266322515, 8927.937266322515, 8927.937266322515, 8927.937266322515, 8627.815920774328, 8627.815920774328, 8627.815920774328, 8627.815920774328, 8627.815920774328, 8563.112488813247, 8563.112488813247, 8563.112488813247, 8036.301502627635, 8036.301502627635, 7964.752664658585], 
[9447.963646028607, 9343.108071592449, 8610.731394631805, 8610.731394631805, 8610.731394631805, 8484.301686895833, 8261.475511829232, 7751.496162366655, 7719.890408605793, 7719.890408605793, 7719.890408605793, 7603.656091114108, 7603.656091114108, 7603.656091114108, 7246.987089975645, 7246.987089975645, 7176.686370467623, 7176.686370467623, 7176.686370467623, 6632.854744176273], 
[9515.23104557512, 9316.092608873718, 8947.665635979123, 8947.665635979123, 8295.214570596061, 8276.772657346122, 8276.772657346122, 8276.772657346122, 8276.772657346122, 8276.772657346122, 7156.876707642231, 7156.876707642231, 7156.876707642231, 7156.876707642231, 7085.1914900303955, 7043.809360473628, 7043.809360473628, 6557.937247777474, 6053.021162070436, 6053.021162070436], 
[9674.174609062604, 9241.706463541475, 9241.706463541475, 8629.306527164641, 8307.357224218022, 8307.357224218022, 8307.357224218022, 8307.357224218022, 8307.357224218022, 8307.357224218022, 7931.155082832249, 7931.155082832249, 7931.155082832249, 7931.155082832249, 7931.155082832249, 7743.718261935598, 7743.718261935598, 7712.996843097202, 7702.083173560339, 7702.083173560339], 
[9041.592745396325, 9041.592745396325, 8861.19305778983, 8791.719405883592, 8670.201958968803, 8220.742290295842, 8220.742290295842, 8220.742290295842, 8220.742290295842, 7577.035352690948, 7577.035352690948, 7577.035352690948, 7577.035352690948, 7577.035352690948, 7338.584947712793, 6693.174256264211, 6693.174256264211, 6693.174256264211, 6693.174256264211, 6693.174256264211], 
[10055.783048535688, 9763.055536473454, 9603.946801584316, 8579.939297159817, 8579.939297159817, 8513.425775416428, 8513.425775416428, 8513.425775416428, 8513.425775416428, 8373.839097064083, 7498.868659884523, 7498.868659884523, 7498.868659884523, 7498.868659884523, 7498.868659884523, 7373.522363219136, 6934.170421345104, 6934.170421345104, 6934.170421345104, 6761.641519191709], 
[8709.859402505803, 8622.633820320629, 8511.520688214894, 8212.467804211648, 8212.467804211648, 8212.467804211648, 8077.374285724132, 8077.374285724132, 7711.566392425463, 7711.566392425463, 7711.566392425463, 7711.566392425463, 7711.566392425463, 7711.566392425463, 7433.452578265357, 7433.452578265357, 7173.370219980298, 7173.370219980298, 6846.524521895477, 6846.524521895477], 
[9321.514893800595, 9321.514893800595, 9297.282204012885, 8890.685963318956, 8646.489833431604, 8646.489833431604, 7652.65551663131, 7492.64802359767, 7492.64802359767, 7492.64802359767, 7492.64802359767, 7492.64802359767, 7492.64802359767, 7492.64802359767, 7492.64802359767, 7472.455670634315, 7472.455670634315, 7268.620872246594, 7268.620872246594, 7058.145151593047], 
[9711.26959380923, 8956.868301831963, 8677.434410566824, 8513.617302325047, 8464.522266372916, 8464.522266372916, 8408.845895994502, 8408.845895994502, 8018.961545070144, 8018.961545070144, 8018.961545070144, 7723.940197179347, 7723.940197179347, 7723.940197179347, 7175.096313182942, 7175.096313182942, 6871.119113803666, 6871.119113803666, 6730.937981759907, 6730.937981759907], 
[9787.011736637633, 8946.798605492848, 8946.798605492848, 8677.839700371998, 8662.89555936552, 8425.437064091908, 8245.461882066773, 8245.461882066773, 8245.461882066773, 7949.799639987044, 7949.799639987044, 7825.479522425745, 7825.479522425745, 7825.479522425745, 7823.747047656558, 7637.896471253256, 7410.981735667049, 7308.170220328208, 6924.099204319175, 6924.099204319175], 
[9029.748584145742, 9029.748584145742, 8667.024498678538, 8667.024498678538, 8667.024498678538, 8458.252062254653, 8315.1842578483, 7843.98665534718, 7240.816537648633, 7240.816537648633, 7240.816537648633, 7175.481416630308, 7175.481416630308, 7175.481416630308, 7175.481416630308, 7175.481416630308, 6912.841369791589, 6912.841369791589, 6912.841369791589, 6882.71265673049], 
[8893.99211438917, 8893.99211438917, 8893.99211438917, 8694.534326839956, 8694.534326839956, 8694.534326839956, 8694.534326839956, 8694.534326839956, 8560.075266848755, 8291.829588506218, 8153.052595403804, 8153.052595403804, 8134.9430312145905, 7934.147479525998, 7722.953509708952, 7722.953509708952, 7492.717262423996, 7378.5380784810695, 7349.5794943204955, 7242.196366826214], 
[9655.004498163295, 9311.655521772198, 8135.997201230949, 8135.997201230949, 7930.674997059093, 7930.674997059093, 7930.674997059093, 7907.167173895618, 7907.167173895618, 7907.167173895618, 7625.06118507624, 7625.06118507624, 7625.06118507624, 7606.169489095535, 7606.169489095535, 7581.992844101998, 6886.396166489186, 6886.396166489186, 6886.396166489186, 6886.396166489186], 
[9813.918595791232, 9178.580157895596, 8736.89276752803, 8736.89276752803, 8736.89276752803, 8736.89276752803, 8321.165751875136, 8317.271197000195, 8317.271197000195, 8307.854663862574, 8122.726567703704, 7829.380243696874, 7829.380243696874, 7829.380243696874, 7700.009042305357, 7700.009042305357, 7700.009042305357, 7700.009042305357, 7580.762111721511, 7578.422930424595], 
[9203.9931853597, 8541.05933466141, 8541.05933466141, 8541.05933466141, 8541.05933466141, 8541.05933466141, 8375.454879598838, 7866.931423612516, 7866.931423612516, 6931.26305187479, 6931.26305187479, 6436.496414912893, 6436.496414912893, 5871.044354483603, 5796.056993812479, 5796.056993812479, 5796.056993812479, 5796.056993812479, 5796.056993812479, 5796.056993812479], 
[9089.14916856299, 9089.14916856299, 9089.14916856299, 9025.225023234621, 9025.225023234621, 9025.225023234621, 8610.37304033823, 8610.37304033823, 8610.37304033823, 8610.37304033823, 8610.37304033823, 8409.340867515071, 8409.340867515071, 8219.12608829841, 8155.246801745601, 8155.246801745601, 7651.704076451257, 7651.704076451257, 7651.704076451257, 7651.704076451257], 
[9381.006686232235, 8451.17390422441, 8451.17390422441, 8451.17390422441, 8373.92099663854, 8373.92099663854, 8271.57273534986, 8130.462704439407, 7990.685138377512, 7930.43649604718, 7930.43649604718, 7930.43649604718, 6791.100370742461, 6791.100370742461, 6791.100370742461, 6791.100370742461, 6791.100370742461, 6791.100370742461, 6509.318890644286, 6509.318890644286], 
[9819.41967548791, 9423.714807913972, 9423.714807913972, 9160.017272217352, 8953.488128599864, 8953.488128599864, 8953.488128599864, 8870.683476919097, 8870.683476919097, 8724.637049375202, 8724.637049375202, 8223.959687847764, 8223.959687847764, 8100.69320093759, 8100.69320093759, 8100.69320093759, 8016.9154640526285, 7531.527407715177, 7531.527407715177, 7531.527407715177], 
[9190.89171373264, 9190.89171373264, 9017.481838388208, 8923.002401173691, 8923.002401173691, 8923.002401173691, 8923.002401173691, 8923.002401173691, 8851.931234994474, 8851.931234994474, 8851.931234994474, 8611.735703037313, 8516.341679604928, 8482.155599146305, 8482.155599146305, 8482.155599146305, 8297.594790137122, 8281.25067580728, 8156.636968624225, 7950.526405836492], 
[9574.17445277432, 9168.158434423964, 8874.936199038797, 7949.0754302437745, 7609.811835672817, 7551.4165075418005, 7551.4165075418005, 7551.4165075418005, 7551.4165075418005, 7225.535158859693, 7225.535158859693, 7225.535158859693, 7225.535158859693, 6806.974526358284, 6617.769660301235, 6617.769660301235, 6617.769660301235, 6617.769660301235, 6565.229100586071, 6565.229100586071], 
[9454.578244649254, 9454.578244649254, 9197.717353672944, 9197.717353672944, 8296.368922262614, 8296.368922262614, 8296.368922262614, 8296.368922262614, 8296.368922262614, 8229.098947391025, 8032.993955607312, 7955.494975539701, 7955.494975539701, 7955.494975539701, 7726.95580190779, 7726.95580190779, 7555.989845398608, 7270.514409516617, 7270.514409516617, 7059.7610068984095], 
[9698.078501527574, 9698.078501527574, 9691.60898328864, 9591.95717176246, 9416.796412071053, 9416.796412071053, 9172.10747411102, 8938.106322506632, 8938.106322506632, 8759.079709772672, 8759.079709772672, 8759.079709772672, 8759.079709772672, 8759.079709772672, 8553.155314683721, 8353.377246136657, 8353.377246136657, 7428.616025162492, 7428.616025162492, 7428.616025162492], 
[9001.649237797505, 8916.286288582074, 8440.51577291904, 8415.574776166352, 8369.456542475285, 8369.456542475285, 8369.456542475285, 8130.400097382982, 8130.400097382982, 8130.400097382982, 8130.400097382982, 7919.379922312612, 7919.379922312612, 7556.274175701776, 7556.274175701776, 7556.274175701776, 7556.274175701776, 7381.296567825307, 7332.839439318709, 7332.839439318709], 
[9259.240144642114, 8812.529147186895, 8812.529147186895, 8812.529147186895, 8812.529147186895, 8812.529147186895, 8812.529147186895, 8302.078092862284, 8302.078092862284, 8140.4781849880765, 8140.4781849880765, 7878.645737316556, 7878.645737316556, 7878.645737316556, 7878.645737316556, 7878.645737316556, 7466.25245343942, 6920.812615656752, 6920.812615656752, 6920.812615656752], 
[9309.776598975139, 9179.584231593453, 9179.584231593453, 8671.917934790019, 8640.25044587045, 8640.25044587045, 8640.25044587045, 8403.50013146937, 8322.711269877096, 8322.711269877096, 8246.661469890523, 7725.595084889191, 7725.595084889191, 7725.595084889191, 7407.522902091774, 7407.522902091774, 7407.522902091774, 7407.522902091774, 7316.922141869817, 7316.922141869817], 
