[9750.616664806945, 9750.616664806945, 9709.018963704293, 9224.451033369956, 9224.451033369956, 9224.451033369956, 9224.451033369956, 9224.451033369956, 8988.723578836352, 8988.723578836352, 8988.723578836352, 8952.011491323123, 8952.011491323123, 8952.011491323123, 8952.011491323123, 8643.139632620563, 8643.139632620563, 8643.139632620563, 8643.139632620563, 8643.139632620563], 
[9489.099226804716, 9489.099226804716, 9009.424573924716, 9009.424573924716, 8842.268506224504, 8842.268506224504, 8740.624411092245, 8498.877929420341, 8498.877929420341, 8498.877929420341, 8498.877929420341, 8498.877929420341, 8498.877929420341, 8107.5096376506535, 7891.238903341245, 7891.238903341245, 7891.238903341245, 7891.238903341245, 7891.238903341245, 7891.238903341245], 
[9577.564510080623, 9056.381583693676, 9056.381583693676, 9056.381583693676, 9056.381583693676, 9056.381583693676, 9056.381583693676, 9056.381583693676, 9056.381583693676, 9056.381583693676, 9056.381583693676, 9056.381583693676, 9056.381583693676, 9056.381583693676, 9051.64725645568, 9051.64725645568, 9051.64725645568, 9051.64725645568, 9051.64725645568, 9051.64725645568], 
[9567.54176312873, 8975.545776544463, 8925.356717660366, 8446.399317429172, 7573.877293762693, 7573.877293762693, 7453.075479427457, 7453.075479427457, 7453.075479427457, 7453.075479427457, 7453.075479427457, 7453.075479427457, 7324.964455829106, 7324.964455829106, 7324.964455829106, 7324.964455829106, 7324.964455829106, 7149.41408031088, 7149.41408031088, 7149.41408031088], 
[9367.088742744008, 8793.54666438127, 8793.54666438127, 8793.54666438127, 8793.54666438127, 8755.31791854922, 8732.506430378275, 8732.506430378275, 8732.506430378275, 8310.560209698406, 8310.560209698406, 8310.560209698406, 8084.174507581853, 8084.174507581853, 8084.174507581853, 7794.831120744299, 7794.831120744299, 7794.831120744299, 7794.831120744299, 7794.831120744299], 
[10003.389046961984, 9843.469734963493, 9298.929373874586, 9298.929373874586, 8241.070440021766, 8241.070440021766, 8241.070440021766, 8241.070440021766, 8241.070440021766, 8241.070440021766, 8241.070440021766, 8241.070440021766, 8241.070440021766, 8241.070440021766, 8061.862683309993, 8061.862683309993, 8061.862683309993, 7505.484171104797, 7505.484171104797, 7505.484171104797], 
[9191.601816062812, 8676.865182940845, 8676.865182940845, 8676.865182940845, 8676.865182940845, 8676.865182940845, 8427.75272014908, 8427.75272014908, 8427.75272014908, 8427.75272014908, 8427.75272014908, 8427.75272014908, 8427.75272014908, 8427.75272014908, 8427.75272014908, 8427.75272014908, 8427.75272014908, 8427.75272014908, 8427.75272014908, 8427.75272014908], 
[9545.234009931, 9545.234009931, 9533.835331383367, 8557.859946197768, 8504.937283946585, 8230.81639095034, 8230.81639095034, 8230.81639095034, 8230.81639095034, 8230.81639095034, 8230.81639095034, 8230.81639095034, 8214.615050101303, 8214.615050101303, 8214.615050101303, 8214.615050101303, 8214.615050101303, 8214.615050101303, 8214.615050101303, 8214.615050101303], 
[9463.568864586196, 9463.568864586196, 9463.568864586196, 9463.568864586196, 9463.568864586196, 9463.568864586196, 9463.568864586196, 9463.568864586196, 9463.568864586196, 9463.568864586196, 9213.082167123048, 9213.082167123048, 9213.082167123048, 9213.082167123048, 9213.082167123048, 9213.082167123048, 9213.082167123048, 9213.082167123048, 9213.082167123048, 9213.082167123048], 
[9191.434439160692, 9189.406184322037, 8921.549022932186, 8921.549022932186, 8921.549022932186, 8921.549022932186, 8772.44456817025, 8772.44456817025, 8772.44456817025, 8652.514291813935, 8652.514291813935, 8652.514291813935, 8486.580985080429, 7918.127707072901, 7918.127707072901, 7918.127707072901, 7918.127707072901, 7918.127707072901, 7308.330293738673, 7308.330293738673], 
[9606.035778839558, 9599.666492136563, 9599.666492136563, 9552.775772630297, 8595.831955001946, 8595.831955001946, 8595.831955001946, 8352.156955223474, 8229.694644609966, 8229.694644609966, 8229.694644609966, 8229.694644609966, 8229.694644609966, 8229.694644609966, 7739.875322730814, 7739.875322730814, 7739.875322730814, 7739.875322730814, 7739.875322730814, 7739.875322730814], 
[9094.835984448553, 9094.835984448553, 9094.835984448553, 9094.835984448553, 8479.38681374003, 8479.38681374003, 8056.623618120952, 8056.623618120952, 8056.623618120952, 8056.623618120952, 8056.623618120952, 8056.623618120952, 8056.623618120952, 8056.623618120952, 8056.623618120952, 8056.623618120952, 8056.623618120952, 8056.623618120952, 8056.623618120952, 8056.623618120952], 
[9577.172128686501, 9577.172128686501, 9531.436650400068, 9531.436650400068, 9531.436650400068, 9531.436650400068, 9531.436650400068, 9531.436650400068, 9531.436650400068, 9531.436650400068, 9531.436650400068, 9531.436650400068, 9509.101573253136, 9115.463387827229, 9115.463387827229, 9115.463387827229, 9115.463387827229, 9115.463387827229, 9115.463387827229, 9115.463387827229], 
[9102.82549227205, 9102.82549227205, 8961.514490376723, 8543.120693258461, 8464.582419582313, 8464.582419582313, 8464.582419582313, 7884.055158310805, 7884.055158310805, 7884.055158310805, 7884.055158310805, 7884.055158310805, 7884.055158310805, 6966.4541432699, 6966.4541432699, 6966.4541432699, 6966.4541432699, 6966.4541432699, 6966.4541432699, 6966.4541432699], 
[9613.866616424177, 9453.196855520117, 9216.172636542644, 8683.664586394216, 8683.664586394216, 8683.664586394216, 8683.664586394216, 8683.664586394216, 8671.175399966467, 8582.092161503446, 8582.092161503446, 8500.752517186225, 8390.717959430032, 8390.717959430032, 8390.717959430032, 8390.717959430032, 8390.717959430032, 8390.717959430032, 8148.180557473507, 7717.6995418099405], 
[9296.468790256406, 9107.894233111294, 8928.928873851295, 8718.926640701244, 8718.926640701244, 8718.926640701244, 8718.926640701244, 8654.854559811298, 8654.854559811298, 8654.854559811298, 8654.854559811298, 8654.854559811298, 8654.854559811298, 8589.445692200281, 8589.445692200281, 8589.445692200281, 8589.445692200281, 8559.448908802815, 8368.427544026108, 8348.90574043684], 
[9780.131328916932, 9451.367452054445, 9378.603054844758, 8186.284136562965, 8186.284136562965, 8186.284136562965, 8186.284136562965, 8186.284136562965, 8186.284136562965, 8186.284136562965, 8054.23681115625, 8054.23681115625, 8054.23681115625, 8054.23681115625, 8054.23681115625, 8054.23681115625, 8054.23681115625, 8021.814212463408, 8021.814212463408, 8021.814212463408], 
[9458.988578940254, 9458.988578940254, 9301.491568494672, 9301.491568494672, 9122.21742125795, 8187.829355332911, 8187.829355332911, 7876.611912622439, 7876.611912622439, 7876.611912622439, 7876.611912622439, 7876.611912622439, 7876.611912622439, 7876.611912622439, 7876.611912622439, 7876.611912622439, 7876.611912622439, 7876.611912622439, 7523.270193683015, 7523.270193683015], 
[9396.339781843242, 9396.339781843242, 9382.267116441402, 9288.925806735606, 9197.409286418344, 8995.415030966005, 8945.098089947569, 8441.219111206374, 8441.219111206374, 8441.219111206374, 8441.219111206374, 8441.219111206374, 8387.846604892393, 8162.77131014302, 8162.77131014302, 8162.77131014302, 8162.77131014302, 8162.77131014302, 8162.77131014302, 8162.77131014302], 
[9309.975253442102, 9309.975253442102, 9309.975253442102, 9309.975253442102, 9309.975253442102, 9059.425239050232, 9048.096687840522, 9048.096687840522, 9048.096687840522, 9048.096687840522, 8844.150582119286, 8444.294005381062, 8444.294005381062, 8444.294005381062, 8444.294005381062, 8346.297066119074, 8346.297066119074, 8346.297066119074, 8346.297066119074, 8346.297066119074], 
[9789.360408385415, 9789.360408385415, 9561.314649981969, 9561.314649981969, 9561.314649981969, 9244.37270652158, 9244.37270652158, 9244.37270652158, 8792.058509575962, 8002.3716814193485, 8002.3716814193485, 8002.3716814193485, 8002.3716814193485, 8002.3716814193485, 8002.3716814193485, 8002.3716814193485, 8002.3716814193485, 8002.3716814193485, 8002.3716814193485, 8002.3716814193485], 
[8843.8792046872, 8843.8792046872, 8843.8792046872, 8843.8792046872, 8843.8792046872, 8785.290076615656, 8785.290076615656, 8785.290076615656, 8785.290076615656, 8785.290076615656, 8785.290076615656, 8785.290076615656, 8785.290076615656, 8785.290076615656, 8785.290076615656, 8785.290076615656, 8785.290076615656, 8785.290076615656, 8785.290076615656, 8170.1351132146065], 
[9180.39746503138, 9180.39746503138, 9030.006792421756, 8919.374421515979, 8701.299178046294, 8701.299178046294, 8701.299178046294, 8669.627836945074, 8669.627836945074, 8647.354804516874, 8647.354804516874, 8647.354804516874, 8647.354804516874, 8611.431540134461, 8611.431540134461, 8611.431540134461, 8611.431540134461, 8611.431540134461, 8611.431540134461, 8611.431540134461], 
[9379.046185339259, 9347.840381198836, 8962.062661433807, 8962.062661433807, 8962.062661433807, 8635.108197462705, 8635.108197462705, 8635.108197462705, 8635.108197462705, 8635.108197462705, 8635.108197462705, 8635.108197462705, 8610.301440303214, 8610.301440303214, 8610.301440303214, 8610.301440303214, 8382.569421847707, 8382.569421847707, 8382.569421847707, 8382.569421847707], 
[8939.051799596078, 8939.051799596078, 8939.051799596078, 8939.051799596078, 8939.051799596078, 8668.655299785138, 8668.655299785138, 8668.655299785138, 8668.655299785138, 8668.655299785138, 8668.655299785138, 8668.655299785138, 8668.655299785138, 8589.579851427365, 8565.79586584862, 8565.79586584862, 8565.79586584862, 8565.79586584862, 8565.79586584862, 8565.79586584862], 
[9671.951371442889, 9475.556495706911, 9216.770266423036, 8225.200966291222, 8220.360471199974, 7988.67770867298, 7988.67770867298, 7988.67770867298, 7988.67770867298, 7988.67770867298, 7988.67770867298, 7988.67770867298, 7988.67770867298, 7988.67770867298, 7988.67770867298, 7755.036653566857, 7755.036653566857, 7755.036653566857, 7559.10844992279, 7559.10844992279], 
[8860.489580516629, 8860.489580516629, 8860.489580516629, 8860.489580516629, 8625.482126210652, 8625.482126210652, 8625.482126210652, 8625.482126210652, 8624.655871387384, 8624.655871387384, 8389.082510897177, 8389.082510897177, 8353.8876891185, 8062.094802789778, 8062.094802789778, 8062.094802789778, 8062.094802789778, 8062.094802789778, 8062.094802789778, 8062.094802789778], 
[9513.415160164219, 9456.212518737957, 9456.212518737957, 8926.817349488238, 8894.65155122684, 8395.858549503433, 8395.858549503433, 8395.858549503433, 8395.817483735655, 8395.817483735655, 8395.817483735655, 8395.817483735655, 8395.817483735655, 8395.817483735655, 8395.817483735655, 8395.817483735655, 8395.817483735655, 8395.817483735655, 8395.817483735655, 8395.817483735655], 
[9303.467983948967, 8750.759490747312, 8750.759490747312, 8750.759490747312, 8663.099904923984, 8663.099904923984, 8663.099904923984, 8663.099904923984, 8576.749567293038, 8399.92517425524, 8399.92517425524, 8399.92517425524, 8399.92517425524, 8399.452814776398, 8399.452814776398, 8399.452814776398, 8399.452814776398, 8399.452814776398, 8176.91022373638, 8176.91022373638], 
[9672.289979411784, 9441.978818551375, 9244.153948032996, 9012.091135312794, 9012.091135312794, 9012.091135312794, 9012.091135312794, 9012.091135312794, 9012.091135312794, 9012.091135312794, 9012.091135312794, 8821.463507374503, 8681.766407508425, 8681.766407508425, 8681.766407508425, 8449.57709089219, 8277.311924165562, 8277.311924165562, 8277.311924165562, 8277.311924165562], 
