[398.5120064415893, 365.05760618988836, 334.4115421806144, 323.6024582114257, 310.1186486457704, 297.02760813623814, 295.0966718646427, 289.9007544789418, 289.18808255226395, 289.18808255226395, 284.46481534090015, 284.46481534090015, 284.46481534090015, 281.67534501292624, 280.3314453130052, 280.3314453130052, 280.3314453130052, 280.3314453130052, 280.3314453130052, 278.8878996194478], 
[450.8769862332729, 388.51459948751653, 364.41802119552153, 341.781542033101, 326.22910568802996, 311.80011432820356, 303.55459770146297, 300.71626924693027, 300.71626924693027, 300.71626924693027, 298.98318416924815, 294.86205714421635, 293.3923510459706, 293.3923510459706, 293.3923510459706, 293.3923510459706, 289.87216013251987, 289.87216013251987, 289.87216013251987, 289.87216013251987], 
[412.731252335059, 377.74575930946276, 365.9199227838643, 346.82353508185884, 338.68847877578463, 327.44697614827976, 320.85643448737704, 317.2091732618527, 308.30434103260905, 305.76072461784895, 301.74686547617364, 297.64933661729214, 296.6113428992043, 296.6113428992043, 294.8776891187836, 294.8776891187836, 291.4850039475774, 291.1389713093418, 290.74004385279636, 290.74004385279636], 
[386.2491609463469, 370.9399161858884, 339.6972426054658, 319.11392045271697, 307.98680294662006, 300.50545536602345, 293.84979516326126, 282.0107170414676, 281.91818369517836, 281.91818369517836, 281.91818369517836, 280.86946106898756, 280.80951203306796, 280.2334195419839, 278.96001205939416, 277.38543137423017, 277.38543137423017, 275.4739140942962, 275.4739140942962, 275.4739140942962], 
[416.8787929046747, 379.7750426209084, 353.7608146614112, 327.8204097699491, 310.1016086167953, 298.28754540673543, 294.35030191845135, 287.0145197638198, 281.129953771761, 280.56562147038727, 270.10522036802115, 270.10522036802115, 270.10522036802115, 268.2738539445655, 268.2717762715247, 268.2717762715247, 264.5184926918462, 262.9472288588531, 262.9472288588531, 261.9324054788896], 
[385.16006409224735, 361.99466253040003, 331.9843346633011, 312.3531217599668, 298.5783055522841, 289.9540220392612, 289.9540220392612, 289.69752583242865, 289.69752583242865, 283.13682895228135, 277.666518017777, 277.6356711955158, 277.6356711955158, 277.5963676178281, 277.5963676178281, 276.4450027819959, 272.95809269805454, 272.95809269805454, 272.95809269805454, 272.95809269805454], 
[372.73029876210285, 372.5877533450086, 342.93036299052545, 331.74085472061813, 310.3090179041859, 304.93017410973783, 298.442236593823, 291.41314686244317, 290.4480079828133, 290.0698920434516, 285.35884909868366, 282.13386583131427, 282.13386583131427, 282.13386583131427, 282.13386583131427, 282.13386583131427, 282.13386583131427, 282.13386583131427, 282.13386583131427, 282.13386583131427], 
[440.2320601431109, 382.97272622588815, 359.2105701540502, 335.50923146891034, 323.0317676078006, 320.61264289779797, 307.1720898411882, 295.1281783902411, 291.75506520506394, 291.7341326932016, 291.7341326932016, 286.17936948821875, 286.0512686269336, 285.87636703940314, 285.87636703940314, 285.27172117560036, 285.27172117560036, 282.23865066398974, 282.23865066398974, 282.23865066398974], 
[460.6461389054308, 429.36708865676934, 375.92246128750014, 338.50885520700126, 314.69435850068004, 305.5818343621125, 298.4512679872681, 294.84148294954844, 291.2326102029451, 291.2326102029451, 288.5342436495134, 284.021076268998, 283.3281770731233, 281.4970554442923, 281.4970554442923, 278.5814147361128, 278.5814147361128, 278.5814147361128, 278.5814147361128, 275.28143709729704], 
[453.7769900773169, 391.7735428029952, 340.30821919707097, 324.6944881371832, 310.113901415162, 307.19228189883614, 303.4278915234878, 296.2049734636245, 292.50089717054453, 292.50089717054453, 292.3221681674838, 292.101274191003, 292.101274191003, 288.5175478999155, 285.5789961355085, 285.5789961355085, 285.4679169879096, 284.8098169681271, 284.8098169681271, 284.8098169681271], 
[399.2457158109238, 369.4167409193508, 341.286928872805, 318.86987805652876, 313.51031570024014, 307.8298142002384, 301.8593867850454, 299.0887895623916, 297.1456046992271, 293.20055888690734, 293.05391841959687, 289.8943542479467, 289.50054574918073, 289.50054574918073, 289.50054574918073, 289.2473123518869, 284.64483090338524, 284.64483090338524, 284.64483090338524, 284.64483090338524], 
[374.54525503460354, 349.06223919573756, 339.596360847396, 321.4906356637304, 314.8954002625147, 307.8912283837105, 306.88329768244637, 298.45894336193567, 297.52440732872515, 295.4884964410241, 295.4884964410241, 295.4884964410241, 294.5322553156971, 294.5322553156971, 291.9054371422592, 291.5096678777785, 291.5096678777785, 290.13681926740975, 289.43829021975466, 289.43829021975466], 
[391.234826549064, 367.7487123578047, 349.8056436280776, 329.7153977317168, 310.7012429064102, 307.05367317776626, 303.5346170562985, 298.9249417446325, 296.45565167350844, 296.45565167350844, 290.86572710873276, 290.86572710873276, 290.86572710873276, 290.6874615766343, 283.43828184714135, 283.43828184714135, 283.43828184714135, 283.43828184714135, 283.43828184714135, 282.33915717706014], 
[371.16923451482404, 365.5906843912609, 347.80740454487653, 331.5667815914265, 316.8130289631364, 306.8746885229313, 300.8551309186927, 295.5338784972728, 295.5338784972728, 290.4686472131106, 288.8435691438636, 288.8435691438636, 288.8435691438636, 287.26220049801043, 287.26220049801043, 287.26220049801043, 286.81389639742355, 286.81389639742355, 281.6569684721996, 281.6569684721996], 
[382.18565301642815, 366.3746864780902, 350.690441238311, 325.2481179268278, 317.67056746098547, 306.5191021881794, 306.5191021881794, 302.5876009595403, 302.5876009595403, 302.5876009595403, 296.955683744093, 296.955683744093, 295.14840499944046, 293.2293333722426, 293.2293333722426, 293.2293333722426, 293.2293333722426, 293.2293333722426, 293.0675187789092, 293.0675187789092], 
[404.90927660204585, 380.3628665064774, 358.1844993458187, 328.37548123579677, 326.13404327933773, 312.2762640766735, 297.4952684464545, 291.7485581750734, 289.8271991850824, 289.8271991850824, 287.98689914000266, 287.13279671056586, 283.5167463703747, 283.5167463703747, 283.5167463703747, 281.9540929008617, 281.5955611293935, 280.9997369475231, 280.39430786968575, 280.39430786968575], 
[393.9253989115628, 369.68524104102914, 343.23486746555477, 331.5836864239584, 311.38726216936965, 306.19504445038126, 303.08669456088813, 301.54460269368826, 297.4759488512403, 297.3463376948549, 297.3463376948549, 291.24099434878747, 291.24099434878747, 291.24099434878747, 288.94301809460984, 284.10609491160295, 284.10609491160295, 284.10609491160295, 284.10609491160295, 283.79624427022014], 
[430.4544891603955, 387.2600581335694, 325.92067410928723, 314.5685189968964, 298.1406900529105, 284.08199985862905, 281.4544933167352, 281.4544933167352, 281.4544933167352, 281.4544933167352, 281.4544933167352, 280.98783487236966, 280.98783487236966, 280.98783487236966, 279.8978102405412, 279.8978102405412, 279.8978102405412, 279.8978102405412, 279.5986222924164, 277.9783948249261], 
[395.3330237575247, 379.21290598105185, 367.09221328621675, 338.4648660397491, 328.3525113448985, 322.46952377705475, 315.09073469263103, 308.11407461102414, 305.5942617036136, 305.5942617036136, 293.52547958355524, 293.52547958355524, 293.52547958355524, 293.52547958355524, 293.52547958355524, 293.52547958355524, 293.52547958355524, 293.52547958355524, 290.9979211573136, 290.9979211573136], 
[425.47188722468104, 397.7045396424017, 363.20622627014603, 339.3087264962232, 332.9712553822938, 305.3691500263868, 300.46737218100463, 298.7931609820353, 290.9879054729662, 290.9879054729662, 289.8754622412381, 285.8005658857232, 284.1279911703451, 284.1279911703451, 284.1279911703451, 281.5879367315088, 281.5879367315088, 281.5879367315088, 278.75942038744097, 278.75942038744097], 
[422.53213534267115, 402.7340482053165, 355.1280754329473, 338.97393513034586, 321.29331972001404, 317.9239090848725, 308.5066929013429, 307.360758924568, 294.64965104384464, 294.64965104384464, 294.64965104384464, 294.64965104384464, 289.13444585089115, 288.5864546780716, 288.5864546780716, 288.4135912981686, 286.99024419590626, 286.99024419590626, 283.9384068259367, 283.9384068259367], 
[447.04525182158875, 382.45873018191037, 353.61055940115136, 348.2097852071603, 332.63904597485634, 326.09673111682247, 318.25862573458255, 308.51450091105875, 308.19599233186204, 307.01880589995596, 301.50991696838145, 301.50991696838145, 301.50991696838145, 301.50991696838145, 297.5697596289499, 294.27180400486037, 292.68203382839226, 289.54382312197663, 289.54382312197663, 289.54382312197663], 
[434.60564217597914, 365.35875571181515, 348.9803860486114, 328.29836396038115, 325.9890712896081, 317.627517778384, 313.28700395957867, 308.1638697079125, 308.1638697079125, 301.60193546852634, 296.9339024393142, 292.97151973543197, 291.94511850474197, 288.21281870697516, 288.21281870697516, 288.21281870697516, 286.76029043186224, 286.76029043186224, 286.28134752419277, 281.9344027849853], 
[459.8732224142998, 383.11540490288485, 365.9727760056521, 335.3177874284629, 320.6751185004266, 310.08154637829443, 305.5961365497976, 297.08574110668883, 289.78658577673, 289.78658577673, 286.5208713292808, 283.57843878351457, 281.2043882395002, 278.0753763394956, 278.0753763394956, 276.343627308302, 276.343627308302, 276.343627308302, 271.0914449692473, 271.0914449692473], 
[452.4514014033831, 407.6100016336278, 363.5952918375765, 337.6429170616763, 310.8823072766677, 306.0541393345952, 301.1700471455856, 295.2501183297547, 291.7715800965271, 281.358985134466, 281.358985134466, 281.358985134466, 279.735489768979, 279.59811953154536, 278.0594693508385, 275.32331124050427, 275.32331124050427, 275.32331124050427, 273.6746013497112, 273.6746013497112], 
[413.69018782194064, 402.19536181917834, 360.31827508094176, 338.8889783688081, 322.3211874979034, 304.41760844701497, 303.2098079674652, 303.2098079674652, 295.691376302002, 295.691376302002, 291.9318212986066, 291.9318212986066, 291.9318212986066, 289.85192321747166, 288.0094829338803, 286.674015853751, 286.674015853751, 286.674015853751, 286.0645403607195, 282.19747370008616], 
[420.15313919542126, 378.1252189621313, 349.84585450776274, 323.5426354131069, 312.3685642331485, 312.3685642331485, 299.90240886324926, 290.876428012642, 290.14803428777054, 285.5852324143033, 281.6868451694206, 281.6868451694206, 279.8966680597907, 276.5809610865265, 274.6299791004402, 270.7837694451174, 270.7837694451174, 270.7837694451174, 270.7837694451174, 270.7837694451174], 
[426.5469759351273, 381.4105910230754, 355.56739520527736, 331.794738342715, 320.5772503518126, 311.48866310414815, 306.0363117998195, 301.10326629558136, 292.24429680473366, 292.24429680473366, 292.24429680473366, 291.32113646314536, 289.57629149385536, 286.95660641888406, 286.95660641888406, 286.95660641888406, 286.95660641888406, 286.19862121411376, 284.0578326249218, 284.0578326249218], 
[428.2534097344121, 382.9545511474795, 352.83991980770566, 330.7263406536804, 325.5866759753184, 315.1371436683401, 313.7683747514316, 308.1988621602858, 305.56268711489315, 304.45181121206804, 299.5781476221933, 298.0512876348629, 294.5064687084255, 292.47182366286694, 291.4158376536756, 291.4158376536756, 291.4158376536756, 291.4158376536756, 291.4158376536756, 290.8010922326041], 
[375.7712944447312, 363.5196458062501, 331.1110873070848, 325.5288158835435, 313.4913112956616, 298.5913816426731, 292.0930058165767, 288.63365272719716, 288.40487981497364, 288.40487981497364, 286.98288838586217, 280.7301589951661, 277.4455364750204, 277.4455364750204, 277.4455364750204, 277.4455364750204, 277.4455364750204, 276.47364085835, 276.47364085835, 276.47364085835], 
