[416.0512315871089, 340.7180824016861, 274.69807502247596, 221.26013218731725, 215.12874994829914, 209.6600576191066, 208.0545942727495, 206.94732481164195, 206.94732481164195, 206.94732481164195, 206.06969154533002, 204.3156584474338, 204.3156584474338, 204.28307044249865, 204.28307044249865, 203.78732576697328, 203.78732576697328, 203.78732576697328, 203.78732576697328, 203.72905593186218], 
[366.06650866405994, 327.6042380671676, 240.60053809973417, 225.6079953043457, 214.97938578617976, 210.71006921544517, 210.71006921544517, 209.0411122172684, 207.48091225933763, 205.6985582731792, 205.6985582731792, 205.58507607075734, 204.4787814646521, 204.10361665147155, 204.10361665147155, 204.0367969584246, 204.0367969584246, 203.71991772704126, 203.71991772704126, 203.42986765119585], 
[417.1258617169836, 264.8992568554435, 230.01907836118139, 208.76881754006487, 208.76881754006487, 205.41769366753886, 204.78596579512657, 203.6906415658968, 203.6906415658968, 203.38863928013888, 203.38863928013888, 203.0145156604294, 203.0145156604294, 203.0145156604294, 202.76831322015704, 202.69708349678757, 202.19701345286165, 201.6454556505752, 201.6454556505752, 201.6454556505752], 
[337.6675048824953, 252.69408672741577, 222.70382786788974, 212.71074926432965, 205.16357617659358, 205.16357617659358, 203.99528596401396, 202.72776190325388, 202.72776190325388, 202.17633543589767, 202.1543956187463, 202.1543956187463, 202.0722377480103, 202.0722377480103, 201.84190555775078, 201.84190555775078, 201.61838506012816, 201.47012820622749, 201.47012820622749, 201.47012820622749], 
[421.48521276242593, 304.8474380979689, 252.87246723580532, 224.87079790875768, 212.45875292052446, 209.8634604429732, 207.44678011272973, 204.1039520746288, 204.1039520746288, 204.1039520746288, 204.1039520746288, 203.6788767631093, 203.6788767631093, 203.6788767631093, 203.61725878226116, 203.61725878226116, 203.57766943445534, 203.14528794650852, 203.10220044860216, 203.10220044860216], 
[364.0048663551396, 267.97293576664487, 231.9089825084846, 216.20043744688405, 211.96244355710942, 208.4532362634922, 208.13840524985824, 206.06423407753311, 205.63958415876812, 204.95694545395068, 204.33775456243572, 204.33775456243572, 203.80008743183333, 203.34011257386305, 202.86252032870445, 202.86252032870445, 202.7374200868293, 202.7374200868293, 202.7374200868293, 202.33576078247145], 
[427.0707878370777, 272.42929707808355, 222.71114177135897, 215.3089902783314, 210.5243197057469, 208.36794951366622, 208.22154828207456, 208.21222626521342, 207.03519720080436, 206.23171759169642, 206.23171759169642, 206.23171759169642, 205.57557511387094, 205.03773729815634, 204.9234452169613, 204.90985644370704, 204.2973559099439, 204.2973559099439, 204.24370331230085, 204.24370331230085], 
[372.59693408784426, 319.178088396165, 226.10934922272077, 217.53095721097029, 211.37710532802635, 209.075778552532, 206.58964866732563, 206.52890363125914, 205.6856960514997, 204.65290523483642, 204.65290523483642, 204.53437460789524, 204.53437460789524, 204.53437460789524, 204.53437460789524, 204.34908261199385, 204.22286108240831, 203.21631253392752, 203.21631253392752, 203.21631253392752], 
[303.05815726116333, 250.88774048467872, 221.92883417589442, 217.78114703084822, 210.4807541754095, 210.38715142847232, 208.81713744113367, 207.32656812497922, 205.3415708089818, 205.02219729439682, 205.02219729439682, 205.02219729439682, 204.37872030453937, 204.37035754474573, 204.04039610658535, 204.04039610658535, 203.5223129933014, 203.33233152941386, 202.8889552974418, 202.83395653560262], 
[366.73249650066475, 297.85494485615465, 233.71800367255952, 214.53227557171752, 211.92792242772458, 207.63337341959414, 207.09697589741452, 205.95297455872523, 205.58204988383616, 204.65690219586887, 203.81115806220535, 203.26561991201407, 203.01442863167114, 202.7183957474733, 202.7183957474733, 202.63130865739836, 202.63130865739836, 202.49858569322282, 202.44902489226678, 202.42274100936538], 
[430.4803874870839, 314.64139343596264, 300.15808035145375, 227.41377287458707, 222.7239413998872, 214.67157570457337, 213.53917602235344, 206.9601756793724, 206.9601756793724, 206.66700188083743, 206.66700188083743, 206.1151132707425, 205.5155950987212, 204.7645025068915, 204.65181380500164, 204.65181380500164, 204.3458338777654, 204.3458338777654, 204.3458338777654, 203.98085894963782], 
[437.51128750798006, 430.3749452914541, 417.00800479756646, 392.94955268962644, 376.7552096871055, 376.7552096871055, 376.7552096871055, 376.7552096871055, 376.7552096871055, 376.7552096871055, 372.7742884371502, 372.6839930630262, 372.6839930630262, 372.4054536491347, 372.4054536491347, 372.4054536491347, 372.4054536491347, 371.0731066443386, 368.54330374431237, 368.54330374431237], 
[430.8985700062241, 429.83271941957446, 415.3920218588113, 256.14923596958835, 231.18522319277326, 217.36830440582452, 207.9835071567207, 206.48260477760107, 205.170384726383, 204.30059252840516, 204.30059252840516, 204.30059252840516, 204.30059252840516, 203.60278730632757, 203.17880138974246, 203.12086692543363, 203.12086692543363, 203.09171713278798, 203.09171713278798, 202.9473946317583], 
[401.5492539837169, 275.2042377178814, 224.91188253339917, 221.45435142230397, 212.08711224057575, 211.68627891263574, 211.51067077663845, 209.68311926249817, 206.87637905506193, 206.0416680701945, 204.3289110552747, 203.97929314585755, 203.97929314585755, 203.1801829397381, 203.1801829397381, 202.82829988243407, 202.56694154576778, 202.56694154576778, 202.56694154576778, 201.96076722761043], 
[421.4700120049574, 362.8817586975189, 335.18241846990196, 249.85419511982448, 226.22082945301378, 215.38166163594508, 212.66578219563857, 210.54997393488765, 205.62251517651103, 204.64782254484106, 204.5993954065916, 203.68472009280785, 203.22414689240614, 203.22414689240614, 202.78998057034644, 202.368584225461, 202.368584225461, 202.20393640257143, 202.20393640257143, 202.20393640257143], 
[360.24372471206897, 317.89236573858915, 260.1344574941241, 221.0208433896268, 211.7280966407549, 210.4882567269203, 208.45617596664295, 207.28101213597233, 206.23083163309175, 205.18227455966883, 204.59227754547427, 203.93772401088523, 203.88063810439758, 203.46667850003269, 203.46667850003269, 203.46667850003269, 202.82951009363703, 202.70664255437285, 202.70664255437285, 202.31847423634807], 
[435.9772192489057, 410.25862576491363, 264.6867298936276, 247.4011573511922, 230.43484933683055, 220.72533056118826, 213.27781875586751, 209.9129099389667, 205.92419716880312, 205.2093235779887, 204.37588465128948, 203.899217858673, 203.6151020854616, 203.57524262107813, 203.57524262107813, 203.57524262107813, 203.11319474800084, 203.11319474800084, 203.11319474800084, 203.11319474800084], 
[352.56812595256554, 288.36648501125575, 227.36698384014815, 214.95603413248418, 205.71682441459177, 205.53424092361186, 204.7408900598784, 204.09731100412603, 204.09731100412603, 203.2053703764101, 202.46571473159517, 202.46571473159517, 202.46571473159517, 202.35191703611363, 202.35191703611363, 202.35191703611363, 202.13353263023652, 202.0933964877633, 201.5396798132626, 201.5396798132626], 
[431.7081154907647, 375.9692218690277, 286.30345360236305, 241.0575709184556, 221.67056064429758, 216.40818538789685, 211.64279856534924, 209.076050359228, 209.076050359228, 208.626970339598, 207.90728326199812, 207.82992717096997, 204.46720198846077, 204.46720198846077, 203.734185344915, 202.7929920080923, 202.63257193598068, 202.63257193598068, 202.63257193598068, 202.4504619551182], 
[425.0639749747343, 364.4147126259601, 274.9709775302336, 237.55698089310954, 218.20961234686442, 217.57338556661668, 214.12085247120885, 207.97929725261753, 207.09304010810965, 206.43395682085333, 206.43395682085333, 206.43395682085333, 205.66358102712812, 205.38629294374653, 205.38629294374653, 204.08270171262643, 204.08270171262643, 203.48191565061214, 203.48191565061214, 203.42851262289312], 
[376.14514711679567, 288.0955698918918, 236.98746909644197, 213.87718589710343, 213.87718589710343, 212.25714186802054, 208.69306949904959, 206.59951907200315, 205.4626619006721, 204.45590390352544, 204.45590390352544, 203.99288259800784, 203.34443133701603, 203.34443133701603, 203.34443133701603, 203.34443133701603, 203.2575578543104, 203.00108277489895, 202.7929079258177, 202.77763695299546], 
[400.66927940367856, 266.71017481989986, 227.7247228844722, 217.4347496886821, 211.7013594724419, 210.97503313230695, 207.61432974172607, 206.76750820452372, 205.64255332337095, 205.28159654258664, 204.89735763078772, 204.89735763078772, 204.89735763078772, 203.68784571340484, 203.68784571340484, 203.45396243460064, 203.00642279531584, 203.00642279531584, 202.8925119337735, 202.76912855451096], 
[404.5416618337663, 263.8967681222519, 241.3175629657938, 213.51718741465703, 211.30418154717177, 207.726615996716, 207.2464597620505, 206.3812051654887, 204.0872032413046, 203.2596508481772, 203.05281825052563, 202.6987752549985, 202.6987752549985, 202.6987752549985, 202.51697200588066, 202.51697200588066, 202.4745632635924, 202.21752884619696, 202.1750158199162, 202.1750158199162], 
[382.73443877138294, 308.0938478995858, 234.94581721829326, 215.78452026892924, 208.65029390083532, 206.459848232836, 205.67685098791935, 205.15823670256117, 204.4241191095093, 203.6419397947755, 203.6419397947755, 203.22244562782294, 203.22244562782294, 202.5961938404625, 202.05224832355384, 202.05224832355384, 202.05224832355384, 202.05224832355384, 202.05224832355384, 202.05224832355384], 
[361.5938455948219, 314.5193756731269, 226.6720943844851, 220.64376434810865, 211.04223094087624, 211.04223094087624, 209.60292113757473, 208.14557685355027, 205.45659927460628, 205.45659927460628, 205.24922264209556, 204.76399662106445, 204.76399662106445, 204.76399662106445, 203.97342685543686, 203.52618318907173, 203.248772036977, 203.2170075723601, 202.70637059248705, 202.70637059248705], 
[427.26615544677617, 324.54406945214555, 245.4603780133608, 219.23370762889326, 213.96648876767833, 210.63961909866782, 207.18677014798573, 207.00448743152165, 207.00448743152165, 205.6364544412349, 204.24213973104648, 204.1527830528699, 203.56842975890942, 203.56842975890942, 203.41401091554715, 203.41401091554715, 202.95714529389718, 202.95714529389718, 202.95714529389718, 202.95714529389718], 
[247.71952550988263, 246.98732164809226, 246.3416239322576, 235.33080692981187, 222.6705846433513, 219.5584694756661, 211.71515060686718, 208.08989837632248, 206.081346660745, 204.88672433595858, 204.04001604190051, 202.57041825033517, 202.57041825033517, 202.57041825033517, 202.57041825033517, 202.57041825033517, 202.43280723729904, 202.43280723729904, 202.43280723729904, 202.31857652660906], 
[410.6368746050178, 292.20799956155207, 241.98981410991212, 219.0406751493062, 214.25164902218086, 208.60571839896406, 208.60571839896406, 206.4559108874115, 206.4559108874115, 206.26411597510793, 205.8215629811181, 204.95612823681535, 203.96883551594175, 203.96883551594175, 203.779492792995, 203.35313044579607, 203.25133005458477, 203.25133005458477, 203.2098280447412, 203.03450555590135], 
[429.17886624793283, 333.6082489618176, 281.4404442839031, 227.20652855914895, 218.9628651127524, 213.58322411219936, 209.78784292018833, 209.35351402092246, 209.35351402092246, 207.8757151752001, 207.85018189238687, 207.2777593818461, 206.4918329647174, 206.4918329647174, 206.22947759362478, 206.0662335744549, 205.57824540678772, 204.2638270815721, 204.0520318599339, 203.8761161818703], 
[379.1483634917939, 290.9389669496246, 236.88502330514862, 216.71077461887398, 211.97872335510843, 210.80920476851927, 207.35748833797186, 206.77846590914177, 206.0568491567962, 204.51057304197644, 204.51057304197644, 204.4457934001934, 203.61888554233022, 203.61888554233022, 203.61888554233022, 202.6547084091178, 202.6547084091178, 202.18420809319048, 202.18420809319048, 202.18420809319048], 
