[6886.312113710133, 5475.486491934077, 4479.745245562575, 3905.089133180129, 3166.2648247852385, 2912.7128810443655, 2575.4156693776413, 2343.9203563505107, 2197.6851328132543, 1972.9202129989542, 1870.7334508697954, 1829.896878987011, 1735.7401888647078, 1733.2213474015384, 1652.6341836927206, 1602.937672124162, 1601.363572710512, 1555.125523070373, 1555.125523070373, 1505.7774823708305], 
[7013.6501385017145, 4454.870591885583, 3473.580722921869, 2831.466551304673, 2445.663342228326, 1969.8546109653273, 1932.9660917865695, 1772.3600605525376, 1660.7924583895885, 1660.7924583895885, 1561.385607881611, 1528.9767078474536, 1495.5878147454196, 1495.5878147454196, 1386.6816290298311, 1360.9230143911725, 1360.9230143911725, 1257.3733591552273, 1237.6016851868858, 1183.3338032902302], 
[8353.625699494194, 5121.751843199758, 4133.700877502161, 3865.3964019950913, 3475.7221596287127, 3278.7933466421664, 3158.981542611224, 3018.041899023574, 2840.1819830753925, 2616.6206847124236, 2306.8725151438953, 1983.2223345188524, 1822.5052421162668, 1814.2904924746879, 1674.8750527520156, 1548.8125446203956, 1457.010106296832, 1454.8163942681874, 1313.614224866722, 1313.614224866722], 
[6731.287368884896, 5344.4268961258185, 4096.453623453071, 3405.2248187267173, 3129.3895785458985, 2737.716268621056, 2378.246896064308, 2185.0051152469305, 1876.9928674602895, 1813.0516082938884, 1721.89452495784, 1691.6428839435368, 1671.7163607819093, 1608.7412475464366, 1572.328528896739, 1538.7781789244498, 1477.483350598051, 1428.5492197275087, 1385.7225805077624, 1293.2222636929137], 
[7573.448164078465, 5097.513048460149, 4299.876067316865, 3710.207792507538, 3180.8196808922416, 2917.62346470974, 2636.448458914615, 2358.0054336435433, 2104.4838991147567, 1979.571480413714, 1889.9457358611796, 1790.3740951599289, 1732.6300298929373, 1663.0293153255336, 1631.4923278876672, 1401.0190075158268, 1401.0190075158268, 1369.549238149499, 1354.53520306044, 1298.6412692972108], 
[7673.163411153217, 5523.940904359377, 4570.519159578009, 3985.503550997206, 3820.7548471380164, 3494.3235329170907, 3422.797819312642, 3244.0041734965375, 3244.0041734965375, 3244.0041734965375, 3199.667305649843, 3029.3765446761095, 2723.7609578138163, 2307.169410847665, 2053.92003270595, 1940.9902363722772, 1892.065482335339, 1815.3090121257073, 1764.157532557092, 1639.9078450948714], 
[8152.276942101053, 5381.877148334857, 4817.848273023023, 4095.912430146306, 3784.2873127368084, 3176.4786276497275, 2809.2479298968383, 2516.9932238899323, 2305.8237851587537, 2157.744905112041, 1996.7567378980011, 1870.5490852083733, 1722.1041249841555, 1636.4068259001542, 1556.3961891073645, 1481.0291092461327, 1409.9044583465607, 1393.6076330900617, 1379.9454344457072, 1315.136885554376], 
[6767.616956000826, 5205.123474849773, 4022.9778566089008, 3430.289520311944, 2822.683330132797, 2334.2513942425066, 2081.067801053105, 1993.2328968213571, 1844.0283897185386, 1625.1334721908402, 1625.1334721908402, 1552.2606793802074, 1483.0304245257353, 1261.3075436162396, 1261.3075436162396, 1193.7272653746584, 1166.3383262098314, 1162.6027538340734, 1147.0639369118758, 1101.0579141702938], 
[6988.349306641181, 5555.09580066918, 4735.354005405881, 4184.374309925746, 4011.12653345309, 3907.570734975378, 3757.2744048384097, 3585.8893716116036, 3236.754549370875, 2862.2310324770315, 2673.4794335843, 2360.3690514783675, 2102.762581365364, 2007.1031062643572, 1853.2868640297334, 1770.1497797797488, 1688.6818033172258, 1646.003811315979, 1620.794436786698, 1496.295613929216], 
[7516.341422742205, 5325.427854340345, 3920.4025312954627, 3465.9599139225948, 2898.139489854627, 2476.708954724899, 2139.6070068212553, 1889.6372702615636, 1641.3046637377277, 1440.745354377884, 1396.0720581559808, 1365.194479308248, 1284.5334659974646, 1245.1509900290043, 1239.4743722272303, 1185.5714237856587, 1104.2485612895034, 1104.2485612895034, 1104.2485612895034, 1013.2512762768101], 
[6541.069476188651, 4778.110947631395, 4006.480667390189, 3508.160813314318, 3085.9720439730104, 2941.002311763049, 2621.7387522478784, 2329.3298471841395, 2201.106018182321, 1948.4356861487638, 1680.7658804548098, 1587.763290142132, 1495.444766465006, 1276.1642716882998, 1261.2493413621653, 1261.2493413621653, 1106.6225017635231, 1106.6225017635231, 1106.6225017635231, 959.9189439015372], 
[7099.749227351993, 5093.644635213528, 3843.1842932989657, 3055.263854789724, 2662.6819727918937, 2662.6819727918937, 2526.781035778925, 2221.3453251878077, 2180.291662855882, 2125.642402750326, 2125.642402750326, 1910.8086543366999, 1875.6300523089985, 1875.6300523089985, 1875.6300523089985, 1859.0069100569071, 1812.5705516733874, 1812.5705516733874, 1812.5705516733874, 1811.2393197691008], 
[6637.483819481306, 4837.634230813448, 4227.653454128885, 3840.1468417968795, 3465.216501368024, 3017.948179573799, 2736.3123678001766, 2459.165530998081, 2219.966402792097, 2014.8614091681025, 1772.4951434922675, 1747.0907254374079, 1659.0653756480021, 1606.0307601874283, 1446.3596958358826, 1446.3596958358826, 1446.3596958358826, 1360.2412614350508, 1315.5019202598883, 1315.5019202598883], 
[7782.681755689129, 5396.840524994201, 3887.730013884532, 3660.7650913297093, 2960.1106472000215, 2422.1153121609486, 2194.8533974524125, 1986.563085752194, 1885.6354997500189, 1775.3355429063836, 1760.6388675571302, 1699.3027081744121, 1537.1122029258513, 1537.1122029258513, 1369.2210782130442, 1369.2210782130442, 1369.2210782130442, 1329.5441867179356, 1305.8269183957284, 1253.1202715731674], 
[6814.928821901827, 5081.941084401922, 4118.290283917404, 3695.0085691881777, 3340.208261107067, 3152.015597256608, 2801.8622280639015, 2555.710196866755, 2304.6266739876337, 2114.8841050439923, 1840.3528798877646, 1667.2233856674522, 1667.2233856674522, 1621.9386449362237, 1453.3192469397063, 1453.3192469397063, 1453.3192469397063, 1382.5095927204407, 1344.0973700007985, 1344.0973700007985], 
[8579.445011058611, 5428.351071866463, 4572.681058158856, 4273.491107119827, 3723.832595679747, 3558.144770292547, 3244.310220130389, 2709.6564104938893, 2587.0031460546497, 2472.5017135402827, 2429.377435211999, 2168.2606557138006, 2096.07516658341, 2050.0663665537127, 2050.0663665537127, 1987.8305876280024, 1865.2331829635734, 1865.2331829635734, 1865.2331829635734, 1865.2331829635734], 
[5784.106791238839, 4757.444780239856, 3877.3944327359545, 3319.4735356889933, 2901.068251885182, 2604.2638993831924, 2361.3969681272183, 2208.305923466897, 2003.6370542731804, 1963.2111601895267, 1845.0127916171211, 1795.4550793554745, 1753.8729102126397, 1730.977130112562, 1722.4811065790886, 1655.4093282567655, 1546.6252727392186, 1538.930048521922, 1494.8519585227616, 1494.8519585227616], 
[5868.560741039092, 5000.311300492352, 4175.641500998077, 3480.6760412110675, 3181.0019787580663, 2848.293261187695, 2461.9418069197345, 2230.9602011523352, 2007.67165302586, 1828.1675689948574, 1798.6658527365546, 1464.9284017070668, 1383.7832108849195, 1383.7832108849195, 1303.0043679134724, 1276.3268774610997, 1276.3268774610997, 1249.7955304783382, 1109.4447555350375, 1109.4447555350375], 
[7287.251522770376, 5651.995186866057, 4223.272418844162, 3613.381088633044, 3222.343724704835, 2845.3118507805657, 2470.304149599805, 2309.3503581410478, 2120.2779397731606, 1971.4382844110924, 1728.5584364497188, 1704.0791092021175, 1690.4922239190014, 1655.002258243265, 1574.7320439502423, 1457.1551926358711, 1379.360296981837, 1379.360296981837, 1379.360296981837, 1211.3601027852371], 
[6991.091934987793, 4920.319240390091, 4020.565747905659, 3370.7346041424216, 3148.5276364987494, 2820.126581947778, 2488.2721764856087, 2238.733408863216, 1929.3591740788595, 1792.8778233640433, 1542.3022048485132, 1542.3022048485132, 1448.7423133495072, 1448.7423133495072, 1444.4648553089487, 1283.6391393480465, 1269.5154882037614, 1246.2993301585739, 1224.0033680067884, 1190.076638856119], 
[7244.021977179544, 5142.538613745981, 4396.357136239179, 3696.751138551119, 3275.683723332777, 3023.910966917014, 2755.6074995396525, 2593.402896025783, 2367.462894691913, 2264.1089412850624, 2148.8172180224374, 1964.9488885892877, 1942.8331130176184, 1890.4656766104195, 1809.1432892429323, 1742.6679987704028, 1646.1085313955246, 1606.1448278073335, 1508.0263501347583, 1424.952127519885], 
[8217.532426076545, 5852.0207572646395, 4747.098514603581, 4149.345477185107, 3156.133325975643, 2923.3346793754126, 2589.564923541611, 2339.634621490812, 2135.9287498900976, 1958.5250055572028, 1884.0268793189275, 1833.1921240551596, 1689.7558913800353, 1542.2343986016513, 1429.198280752431, 1402.6116017472482, 1338.644516981326, 1251.711396584214, 1251.711396584214, 1116.9015844347316], 
