[3.7495535278373576e+16, 3669407781253627.0, 64716386927839.86, 1535321894200.018, 370091550783.40765, 117048529514.23676, 50916976424.51095, 39681117261.45888, 33054785699.93571, 29592551755.8206, 26713380249.829506, 18389530233.82417, 16404731327.288042, 16111849761.281351, 16111849761.281351, 15918409827.731188, 15918409827.731188, 15674638625.405802, 14371332618.384705, 11540741350.405848], 
[4.895181059376444e+17, 6406416597873453.0, 27971963388615.92, 883866246207.1063, 71088758624.90874, 62407711995.66116, 52346608310.89202, 36953374189.11732, 29691153064.6293, 26052937125.189575, 23102107462.47606, 17675219250.819405, 17675219250.819405, 17675219250.819405, 16101745890.687986, 14967958931.723658, 13172381547.161392, 11092805064.435413, 11092805064.435413, 10749075174.824062], 
[8.691700073133556e+18, 6542761245425372.0, 29143570045342.844, 4440088924533.636, 314388352911.5249, 157418172723.2921, 81743648473.64012, 63456988506.925255, 42203034735.05615, 42203034735.05615, 42203034735.05615, 39885561666.67576, 39885561666.67576, 38659436201.32746, 37688747867.473335, 33455252050.150806, 33455252050.150806, 33455252050.150806, 33455252050.150806, 33335500343.06847], 
[5.187704411295231e+17, 323562554489668.1, 3034490719652.583, 193764854788.85727, 105221594495.75357, 45151488395.7217, 34093809492.750343, 32815011249.192806, 30683199264.1746, 30683199264.1746, 30683199264.1746, 30683199264.1746, 28048217375.828644, 22132906168.03032, 22132906168.03032, 21388295890.562523, 18366945900.753845, 15882440591.288399, 14510868817.476406, 14510868817.476406], 
[1077513889141514.9, 11276552967817.5, 644892958673.0566, 115021419135.25385, 86890869353.4191, 45793220523.45275, 36025821579.026146, 19984508153.464405, 14911242528.043737, 14911242528.043737, 14911242528.043737, 12450584721.836843, 12083841602.12869, 11457795454.57085, 11444021973.572887, 9434982649.156292, 9434982649.156292, 9434982649.156292, 9434982649.156292, 9434982649.156292], 
[91090764873222.22, 16352701416915.342, 987239355343.982, 196685466767.8694, 82866706540.28853, 77471590736.35489, 68220359590.20501, 56693384157.95706, 45886740896.071175, 39456218969.3951, 35377876754.69545, 30180098363.742733, 25798139153.85608, 23542431997.633472, 23542431997.633472, 23542431997.633472, 20960257162.645035, 20960257162.645035, 20960257162.645035, 19364388918.83292], 
[4686687549063648.0, 2912194305015501.5, 92294184955434.23, 3489673368476.768, 185905697460.81006, 76950159818.839, 51558155300.443275, 38980954261.38188, 31518388047.34616, 28828754810.839844, 26204781576.047523, 22555953900.430405, 19831028727.36572, 18976780337.344353, 16894060076.713623, 12815409652.099985, 10259076840.956469, 9276326401.07069, 9276326401.07069, 8146271915.85748], 
[1.6785943597942778e+16, 4778909100952266.0, 95603161518969.7, 743134446298.4064, 83490724524.4139, 72797709769.108, 48556796148.093956, 32247398158.386425, 25939067989.610336, 22463838391.59637, 20555903566.78529, 16360042243.89388, 12959791176.656885, 12959791176.656885, 12959791176.656885, 12959791176.656885, 11062893572.023888, 9280498728.018267, 9174240192.07645, 9145950329.916723], 
[1244214664780227.0, 58421733664275.15, 87432926847.81824, 64439818247.44032, 48382919653.9088, 37996492146.947296, 30639492326.355385, 21024761173.174892, 21024761173.174892, 19622771044.112198, 19383586569.21566, 19383586569.21566, 16676052957.167837, 13751930599.992758, 11060766097.03434, 7642545075.452712, 7603407513.518855, 7333585531.464507, 7333585531.464507, 6342264045.812284], 
[1.0366179760428216e+17, 1.9968613302327828e+16, 36980943483179.09, 1115629946809.577, 85601442981.5046, 66083234733.68849, 49946270880.7569, 42822505595.82382, 37277765025.30832, 30137502810.46565, 27819748036.71739, 24444566504.982456, 21058894615.02613, 20149713429.795063, 15690706001.499458, 13192519608.636292, 11306388698.297993, 11306388698.297993, 11306388698.297993, 11306388698.297993], 
[5.3859603479393064e+16, 6452589587067388.0, 292340613953092.94, 11040077507801.111, 122538862366.38683, 90859234047.46222, 82390847001.05087, 73702352019.11891, 64797794859.25888, 63008503427.6536, 61155382142.407486, 48012601319.59348, 44600510984.58247, 39867483172.98182, 37526711599.420685, 37526711599.420685, 37526711599.420685, 35987879125.34782, 35987879125.34782, 33839222984.043667], 
[2.648004785623218e+17, 749963981102344.6, 6696495635999.075, 170408427829.31604, 86684316259.01906, 73285779785.76453, 53168775974.373955, 43299192466.17466, 38796603767.73928, 38796603767.73928, 38244615187.72233, 34488198342.12552, 30520069053.915237, 24376786363.59087, 21499013725.98328, 21499013725.98328, 20203218483.10794, 19678028561.943745, 16596496521.01769, 14626526952.27259], 
[2.343583764244457e+16, 314902203574323.6, 9119243687576.965, 489034312137.0703, 112909569059.58032, 79319088193.13893, 69629459782.66385, 55365260412.22059, 32998448818.711327, 23283753023.698742, 19381370712.040546, 19381370712.040546, 18286455584.00347, 18286455584.00347, 17835829732.435608, 15134723024.19466, 13690758912.87108, 13690758912.87108, 12571846795.424858, 12571846795.424858], 
[2.556510876774121e+17, 2911117963094316.5, 18815336204171.57, 411931703843.239, 46129656904.84663, 39268297235.322784, 39268297235.322784, 34426927139.33255, 31977288483.1567, 29603199031.068565, 29603199031.068565, 29603199031.068565, 29603199031.068565, 28394322954.024075, 24930506036.79356, 20113490764.19433, 19518117263.040188, 19518117263.040188, 19518117263.040188, 19518117263.040188], 
[7562416488677256.0, 734156037451166.0, 6833442697208.592, 188019925886.38074, 62373733768.845894, 46559379420.831184, 37766472162.91701, 26508403910.488846, 22684029483.81902, 22684029483.81902, 22684029483.81902, 16633648630.71136, 16365445223.220886, 16365445223.220886, 15101514396.583824, 15015453512.489824, 15015453512.489824, 15015453512.489824, 14269412899.142046, 12240135010.10222], 
[5.984696543506747e+17, 344672907630302.9, 5762961571841.71, 145563656170.58136, 48643931906.76931, 37884613387.676155, 29177985884.928875, 26343602662.925873, 24254997398.906475, 20310755328.805214, 16865009196.066748, 14162487401.796383, 13545382229.522009, 11507714240.578268, 8299462835.8133545, 8148987477.543779, 7550526072.732112, 7550526072.732112, 7550526072.732112, 6225870787.900958], 
[3.437381429402895e+17, 3.18890537719662e+16, 132142698621440.94, 3039142724075.893, 115148858286.43582, 73503900416.64018, 52447875589.32669, 52447875589.32669, 52092341005.43704, 46980228834.87775, 46980228834.87775, 44632743706.38603, 39005222692.66053, 38871069417.468094, 36156230172.9521, 34994622254.05409, 27976504250.67223, 27976504250.67223, 27243207083.256424, 27243207083.256424], 
[2.29330453913324e+17, 228967635988152.62, 3491120434254.6167, 235529181725.31012, 51518401028.23554, 31775866054.716488, 24633472516.685043, 19380103378.0688, 17653442104.326565, 17183979253.614063, 17064280454.750044, 15362328036.380768, 15362328036.380768, 13842978675.399197, 11205468736.408, 11205468736.408, 11205468736.408, 9564688999.449722, 9564688999.449722, 8849721604.915937], 
[1.6777437351578195e+17, 9222462414606358.0, 794010113933.1084, 62061806242.24634, 38764145856.8662, 30642840144.468872, 27130197411.98353, 25662530641.58999, 21512429669.49868, 18027194345.729828, 18027194345.729828, 17713262915.012398, 14180461155.205189, 13087638963.41756, 13087638963.41756, 12953153027.355484, 10719251732.571306, 10719251732.571306, 9607226835.055365, 9321335485.258532], 
[3.432992697219781e+16, 307797277991929.56, 23938183192158.715, 220563613262.62045, 44310950208.11939, 36482474165.14773, 25199184748.850426, 18307943548.023457, 14382649794.822557, 12433966538.96772, 12433966538.96772, 10058854288.435099, 10058854288.435099, 9995244815.87809, 9995244815.87809, 8574650759.994734, 7107004991.09897, 7107004991.09897, 6771161690.944795, 6771161690.944795], 
[519304955781148.25, 361619758610774.2, 316778795944.1004, 58281015209.32266, 34767222654.26086, 33452109783.74902, 25178513701.97696, 21436172798.340343, 17487969632.295734, 14722059236.579397, 14075112280.69444, 14075112280.69444, 14075112280.69444, 11181867745.086536, 10700411559.511292, 10468306804.63442, 9450326717.321157, 9450326717.321157, 7324519199.894931, 7324519199.894931], 
[6.92897511927254e+16, 1.0585151093288154e+16, 30041421236574.832, 1610414394214.0503, 73886693121.10136, 40799474922.62945, 32374851993.01576, 24265100776.772606, 17318894638.23175, 17318894638.23175, 17318894638.23175, 17318894638.23175, 13512690868.49627, 13081592224.769117, 12995855208.314636, 12995855208.314636, 12592648245.032486, 11339796274.838667, 11339796274.838667, 11249863375.6924], 
[1.4418062301028816e+17, 102734307685239.05, 1798903615695.7502, 76550700057.00499, 49382360904.13804, 44342213900.81818, 42663770563.755714, 34970591975.67662, 34970591975.67662, 29332023966.858753, 23804185504.816147, 23804185504.816147, 23804185504.816147, 23804185504.816147, 23804185504.816147, 23435398935.782356, 23130532724.92251, 23130532724.92251, 23130532724.92251, 22677253497.776333], 
[1.3297639582249728e+16, 1910652605846845.5, 5360123159264.55, 122377626582.02698, 61648847803.35117, 52888982178.43342, 48832671973.093735, 42052163839.379654, 36199367872.56451, 32862190955.637856, 24120730015.62744, 20643381395.06466, 18392670896.22965, 18392670896.22965, 17264051929.285362, 17264051929.285362, 15815379014.487709, 15815379014.487709, 15005772903.24585, 14953448634.928398], 
[1.930765607846675e+16, 1573635982510833.8, 16748875643657.986, 59871762807.95375, 42222826724.67029, 38693620275.62546, 31143282928.122406, 31143282928.122406, 28227807635.992947, 26025532434.385803, 22912129108.749786, 22912129108.749786, 22912129108.749786, 22912129108.749786, 22912129108.749786, 22912129108.749786, 22264635030.452015, 20477030704.746845, 20477030704.746845, 20477030704.746845], 
[3.523530535047458e+17, 37729372930866.46, 7301231898726.454, 161510722524.0079, 110589523732.16823, 110589523732.16823, 93199674766.72252, 72822948572.54794, 58445303168.0623, 50976238128.58921, 43137754831.8533, 34227738214.24821, 34227738214.24821, 34227738214.24821, 34227738214.24821, 32247308950.902073, 32247308950.902073, 30192834163.479332, 24383698321.49653, 24383698321.49653], 
[3.1178084764957274e+17, 394860187435844.2, 75346469995831.08, 2360194198945.4536, 85690207993.00989, 55144594300.22046, 42442924770.49837, 32240241914.731934, 27830388065.749508, 19635134286.690304, 18215580401.02718, 18215580401.02718, 18215580401.02718, 18215580401.02718, 17709520827.365467, 17709520827.365467, 17097640947.151997, 15968641729.13391, 15210611541.113857, 15146297715.546513], 
[1.114303360222113e+18, 5796553586409870.0, 32092050846661.492, 1306977444898.797, 53232754785.32355, 37462562282.69316, 29768556756.521828, 28088497386.361115, 21024173605.23985, 16630875449.113361, 14021802796.750896, 14021802796.750896, 13674924129.649624, 13229067925.765713, 13229067925.765713, 13229067925.765713, 13229067925.765713, 13229067925.765713, 12488338107.050642, 12488338107.050642], 
[1.8504860461486968e+18, 1.859144449677793e+16, 33488816162249.16, 3885725530946.7236, 180060175731.4808, 54089195532.8167, 44038955208.42, 27307308020.055447, 24255969274.50769, 23827122315.94924, 20681924053.050858, 20681924053.050858, 16526855195.70117, 15103067587.677094, 15103067587.677094, 14869014953.318275, 14831949495.512508, 12423325554.621872, 10317078243.608927, 10317078243.608927], 
[4.662268280686703e+18, 635135638651390.1, 111777060020814.25, 199175687100.74377, 84915088186.67819, 57205684284.632355, 48010965189.57087, 35426171536.90784, 27322377641.28531, 27181100614.26998, 25740523129.302612, 25740523129.302612, 23616318005.955402, 23616318005.955402, 23616318005.955402, 23616318005.955402, 22243592175.113834, 22043131378.09284, 22043131378.09284, 22043131378.09284], 
