[9953.901856700186, 8915.81243756433, 4449.762924059876, 2656.8419799469375, 2187.617544635343, 1863.555299669916, 1607.2123981045372, 1239.8971334308246, 1036.732744361714, 792.6203416760444, 662.1906864718352, 568.3424835752759, 483.24997913257187, 440.94123415871644, 437.1660877890105, 390.5176898122906, 342.11606815401615, 306.2269659284258, 296.2977576319193, 271.9991954916653], 
[23930.286832119906, 15088.569620634606, 8691.540843624718, 3796.2934806098497, 2521.9960784186965, 1495.5167601104515, 1153.5164480979197, 859.5374583862294, 734.0960819013914, 600.419183450931, 584.7916343782572, 518.9039031971901, 394.84791158880245, 378.7697090957085, 346.07636951090666, 321.19054464440165, 321.1869691537263, 278.8687849221553, 270.90098517011035, 263.4373296935682], 
[30635.92227566323, 12790.686528744503, 7611.310093866209, 4601.413406596611, 3255.2797795489196, 3255.2797795489196, 2656.175834305095, 1868.6512752351537, 1486.4569252471679, 1104.2619206077263, 889.6899338512334, 800.8107606878938, 680.8463302844156, 602.4595438955924, 484.5960226362535, 404.67698107998183, 342.2444314711794, 340.8763096998106, 296.111045015704, 276.0293620937476], 
[30565.417749577347, 11069.360735452514, 7192.688433780206, 2680.2381414172214, 1626.1747230535127, 1626.1747230535127, 1411.8183581813576, 1111.5560603110023, 823.4034828353299, 648.1721890112915, 477.97949200495157, 429.2554680912048, 378.9011844679266, 310.92138430248053, 283.6249168667368, 282.07204026361364, 252.14480042233822, 252.14480042233822, 230.22535527120652, 222.09876251002012], 
[18570.49510114633, 9870.301397305784, 6673.416629241436, 4106.228877764128, 3011.359642401577, 2617.7335312977616, 1750.7789582512016, 1546.3465835212614, 1016.8508358389812, 891.8320796168084, 786.4647287149041, 688.4001827696219, 453.6860319726453, 304.10544066744757, 284.08104311148014, 267.85578537233624, 221.40675324860572, 179.57992440658754, 179.57992440658754, 179.57992440658754], 
[14338.088166453817, 13120.237892848176, 4490.747971839434, 2679.1148484926753, 2250.323485767936, 2082.606349551897, 1878.8661197972838, 1624.8279014718228, 1264.2364744225843, 1070.7880405413835, 787.29634266054, 606.1303895307747, 534.0955958569926, 428.0897688578713, 428.0897688578713, 357.79204980445877, 339.7766114581113, 330.12274194921156, 308.8519348603397, 273.5472341342887], 
[21707.05914300729, 14112.965301282651, 7228.804273298189, 4438.218847015284, 3396.8330349734138, 2440.0119018494233, 1883.7848133038103, 1400.9100121192964, 1195.0273559734048, 913.4187691730544, 833.1244807609596, 649.390111491409, 578.6262196053156, 517.1535869808798, 408.91039711309605, 338.64070231636646, 317.77863796934463, 267.6085626418061, 267.6085626418061, 266.8644706248723], 
[33773.64538644352, 13462.040279116529, 9030.49027309172, 6049.062465979798, 4380.871483394216, 2801.9036717418335, 2063.989290615956, 1614.067817864168, 1478.0015330863143, 1270.948343316263, 1108.9349544568377, 950.3177810917326, 879.007899784567, 761.2050895483102, 633.0189212370528, 581.0188244214728, 436.82351764975306, 415.03740305634324, 370.96273888265364, 317.04328194112855], 
[25519.431366676687, 11533.136534621848, 7382.2400217766535, 4641.430129674422, 3824.2555195279197, 3427.9636548092562, 3095.984348635208, 2776.503774099738, 2205.453538957122, 1898.2628366906429, 1699.5333504976406, 1593.0758050557863, 1436.7097620069483, 1259.8258719716218, 1024.8396232431876, 948.3559846031151, 781.7489763548849, 704.6612271941711, 563.3273607805462, 452.7483617161049], 
[31502.67186327339, 15221.045041560017, 11222.372962281997, 5633.056318200216, 4115.642725114796, 3567.8729513217168, 2692.481295363708, 2308.4237073526965, 2037.1153972937066, 1708.0362939694546, 1463.6788663888074, 1216.545920841461, 992.302288794105, 825.0132148591146, 620.9382790809938, 459.6976511294833, 378.57949637500786, 283.60165852958426, 283.60165852958426, 228.34332247332358], 
[26380.95278194049, 12435.12807662244, 8300.165098218293, 3049.007070539414, 2636.557465376443, 2468.8738962802904, 1997.882081270973, 1997.882081270973, 1682.4016779506821, 1445.7839396311037, 1300.7773518148404, 1173.523485995509, 976.9091595373151, 811.5209307399488, 649.7903290141643, 648.7547452270205, 386.7080207831126, 386.7080207831126, 363.7949380771544, 341.70685969653044], 
