[13658.211012869062, 4385.740163439781, 2671.7693566204257, 1975.9322552240028, 1006.398160129431, 684.8351421075918, 554.4261471298975, 495.68304405495525, 379.58323793320216, 346.2736617436115, 295.7283621943337, 257.88583635797687, 257.88583635797687, 227.1081818045637, 213.1789972324006, 209.43047984733585, 209.43047984733585, 188.81351193054954, 181.02216747870577, 181.02216747870577], 
[9189.579564787431, 4643.545932330724, 2801.9664065764437, 1700.4812399950495, 1009.1372657736359, 906.3231540822059, 737.4703743151697, 577.0478152191392, 427.3739053766996, 316.35298107280266, 245.8956190535099, 224.55544724370063, 169.94040645930488, 131.8237497401829, 118.7002443392661, 103.09450336550682, 96.01130184095943, 91.40447842405614, 88.46037786907809, 79.78241495159342], 
[13094.503052755756, 6261.796549108866, 4441.528462056658, 2049.224768685713, 881.3251865776763, 524.296873733719, 350.55391862776935, 275.3860359590775, 197.77076744582757, 162.07401783550367, 130.7273507990008, 119.09056063959223, 97.81066807904988, 81.66985684444619, 78.39916688303119, 77.96333128286045, 71.87897918827841, 69.41184045614779, 63.071378502532816, 61.44359141917243], 
[5555.407628344985, 4499.402480985119, 2531.918955196806, 1464.0885769407755, 998.2844062203044, 660.8179937298745, 403.31843905803925, 305.7384483078165, 240.38071181299424, 214.26345387004403, 181.11261213236526, 180.4411553544719, 175.8626914236716, 171.57637217411425, 166.8486796273582, 163.32052695291765, 154.51123163128716, 150.13617785411148, 150.13617785411148, 149.3835995343742], 
[15504.371396004934, 7150.377911168483, 4560.872336482448, 2707.225579944862, 1605.9719366619952, 757.7935344522657, 541.6373605027096, 415.46225441014326, 302.8416280515759, 243.72127203648233, 218.70624354390557, 205.08619482744476, 187.32426493116338, 151.9439701376699, 145.54637277335797, 145.54637277335797, 143.77439873164948, 142.23708111281903, 137.38386883315414, 132.1608907560112], 
[11042.762137717382, 4114.003116146894, 3340.714992168423, 1727.5865153787568, 1118.3933523000806, 799.516177693638, 656.0173111357232, 456.33650537357585, 355.97682388210313, 328.85492650785415, 283.51102994082476, 257.0089451446406, 248.47751353236646, 239.69606109995257, 231.01153740678413, 217.77016148204825, 212.3571359115734, 205.5265911822858, 202.63990985604448, 196.9608312550146], 
[14910.572354767428, 9264.75605217325, 4313.802757677101, 2495.252488377517, 1341.296663087841, 1013.875254263079, 644.5110878210006, 468.6591739046022, 428.1145155628099, 355.24806041960227, 311.2036112954355, 290.6690753643456, 279.55226641419125, 271.663132157464, 249.52573442317103, 245.39762441979457, 235.461201639025, 235.461201639025, 223.4249679480892, 223.4249679480892], 
[14090.892392145508, 8092.660455725092, 3674.1122535038853, 1733.4627022836787, 1141.9004922913803, 823.6842389963233, 555.6152910670064, 423.47870641200024, 328.44859674123023, 270.33884379310837, 234.70385717358556, 180.91765313281473, 146.27717075820146, 129.80924298811232, 118.95331131311882, 118.95331131311882, 115.83995604985593, 114.09435974632314, 105.57188577646369, 100.67905767440122], 
[15764.691979878346, 8657.823825157635, 5496.045663802581, 2816.971439559074, 1754.1938658841752, 1080.9479741547295, 784.9308926078386, 565.8288374328394, 432.33331048543835, 404.73454514371105, 401.25410235316406, 364.5154220446733, 346.36034689774544, 334.34218073315213, 255.69909803503697, 227.09378293795143, 219.87870684935578, 219.87870684935578, 200.7430318421377, 183.11947512121506], 
[17080.372687870367, 8896.107888361134, 5481.785331551285, 2567.6501776663954, 1569.7439843148125, 1039.893492618186, 698.5901445555684, 610.6455716997366, 516.6443393940144, 447.4143253761899, 430.5768989834344, 332.6373524240256, 282.4620055091473, 232.34105037138139, 224.9064984457126, 168.7516977268346, 157.78447610261665, 145.86728934491694, 135.93269955532307, 128.2762316502117], 
