[-208.18424032920575, -208.18424032920575, -915.3671286443931, -915.3671286443931, -915.3671286443931, -915.3671286443931, -915.3671286443931, -917.5725084347764, -950.2531193100021, -950.2531193100021, -950.2531193100021, -950.2531193100021, -957.7280215200444, -957.7280215200444, -957.7280215200444, -968.8312303947279, -987.3245919995102, -991.2643643214682, -993.0244492381933, -993.0244492381933], 
[79.8575867647503, -617.2928210643038, -653.5497966211464, -743.7204481215149, -771.3388674067633, -900.6954212096463, -911.6430705890949, -911.6430705890949, -939.622285667164, -939.622285667164, -970.8132012163277, -971.2359541312663, -971.2359541312663, -971.2359541312663, -982.720255167453, -982.720255167453, -983.4251651741649, -985.4570974322003, -987.5932323846965, -990.637035330606], 
[-809.3702048064631, -809.3702048064631, -809.3702048064631, -812.8398228838599, -812.8398228838599, -854.1667079116188, -910.9280590070957, -910.9280590070957, -910.9280590070957, -968.9511524731314, -968.9511524731314, -983.3835768425258, -983.3835768425258, -983.3835768425258, -983.3835768425258, -992.762647576962, -992.762647576962, -992.762647576962, -992.762647576962, -996.1397558596964], 
[-115.71188037906666, -115.71188037906666, -115.71188037906666, -197.15262082748052, -391.98243199185674, -641.0096453121462, -888.0696754730416, -888.0696754730416, -960.6274195532009, -960.6274195532009, -960.6274195532009, -960.6274195532009, -960.6274195532009, -965.7727742928288, -965.7727742928288, -965.7727742928288, -965.7727742928288, -968.1184306249203, -996.2713376039073, -996.2713376039073], 
[-413.8272145186104, -413.8272145186104, -648.9702160622969, -915.007300084803, -915.007300084803, -915.007300084803, -915.007300084803, -915.007300084803, -915.007300084803, -916.1523720374477, -916.1523720374477, -916.1523720374477, -976.5034937385212, -976.5034937385212, -976.5034937385212, -981.7238116453838, -981.7238116453838, -983.3463266842654, -988.2727880406829, -988.2727880406829], 
[-794.5221929090325, -794.5221929090325, -794.5221929090325, -805.8224680553349, -805.8224680553349, -805.8224680553349, -805.8224680553349, -901.4742622748382, -976.777574930217, -979.0553026268574, -979.3703109509983, -979.3703109509983, -979.3703109509983, -991.733799397463, -991.733799397463, -991.733799397463, -991.733799397463, -991.733799397463, -991.733799397463, -991.733799397463], 
[-290.96262477252947, -290.96262477252947, -770.1525795887194, -799.024034836258, -839.2026025751595, -839.2026025751595, -839.2026025751595, -839.2026025751595, -839.2026025751595, -896.5778981643524, -961.4554708062564, -961.4554708062564, -961.4554708062564, -961.4554708062564, -970.8815050004603, -970.8815050004603, -981.5538853150242, -981.5538853150242, -981.5538853150242, -984.1891205438093], 
[-319.329009147694, -319.329009147694, -372.6542373426032, -418.85168931468195, -932.5821367246169, -932.5821367246169, -932.5821367246169, -932.5821367246169, -932.5821367246169, -950.9318052608426, -950.9318052608426, -962.339552458814, -969.5434933989404, -969.5434933989404, -969.5434933989404, -979.6681894259012, -979.6681894259012, -979.6681894259012, -990.1786227966744, -990.1786227966744], 
[-71.14431748428922, -466.6585370028189, -466.6585370028189, -466.6585370028189, -536.0287209950263, -799.6460471075895, -832.4444942385386, -832.4444942385386, -975.000758968418, -975.000758968418, -975.000758968418, -975.000758968418, -975.000758968418, -975.000758968418, -975.000758968418, -979.242842870323, -985.6001819715182, -985.6001819715182, -985.6001819715182, -991.1053140108702], 
[895.6539542876337, -436.285873306771, -436.285873306771, -436.285873306771, -842.1747527619456, -842.1747527619456, -847.3850600814758, -847.3850600814758, -977.6506934583916, -977.6506934583916, -977.6506934583916, -977.6506934583916, -977.6506934583916, -977.6506934583916, -977.6506934583916, -977.6506934583916, -985.9175111556773, -985.9175111556773, -989.0976629358903, -989.0976629358903], 
[309.89995455767075, -65.69161055862605, -414.3711227524641, -414.3711227524641, -837.0513104815478, -943.863449820583, -963.9753384204491, -963.9753384204491, -963.9753384204491, -963.9753384204491, -971.3753099941837, -971.3753099941837, -971.3753099941837, -977.1441688192554, -977.1441688192554, -989.0484230693921, -989.0484230693921, -989.0484230693921, -994.1352816954335, -994.1352816954335], 
[650.6330304277519, -921.8194971732892, -921.8194971732892, -921.8194971732892, -927.6950620975264, -927.6950620975264, -947.34661589251, -947.34661589251, -947.34661589251, -947.34661589251, -947.34661589251, -967.1533663759457, -967.1533663759457, -968.3277885749785, -968.3888219334132, -981.8386315902007, -981.8386315902007, -981.9001748650339, -984.6272874861696, -984.6272874861696], 
[-298.14807126644064, -298.14807126644064, -515.6046677184079, -515.6046677184079, -659.8664620925489, -666.0718211789961, -925.8464320042801, -931.7258079518787, -931.7258079518787, -931.7258079518787, -931.7258079518787, -959.4339454090548, -959.4339454090548, -959.4339454090548, -964.1198911876521, -969.8398975999042, -978.6703881652793, -990.3878257164105, -993.928083051155, -993.928083051155], 
[-381.47847354525607, -383.9772161047913, -477.73268277034083, -477.73268277034083, -684.7072069588583, -947.7338342526998, -947.7338342526998, -965.7600600004248, -965.7600600004248, -965.7600600004248, -965.7600600004248, -977.4707015353576, -977.4707015353576, -977.4707015353576, -977.4707015353576, -977.4707015353576, -977.4707015353576, -980.5216122159331, -980.5216122159331, -989.7756399582101], 
[-618.1805288233151, -624.0825400027552, -624.0825400027552, -632.1393908239286, -814.8350011518437, -875.8979058883726, -896.2766793505666, -896.2766793505666, -918.8735133502823, -918.8735133502823, -957.6525503784609, -957.6525503784609, -958.8948525555564, -972.1949926921179, -972.1949926921179, -972.1949926921179, -993.6006315343802, -994.6418581275861, -994.6418581275861, -994.6418581275861], 
[2131.4236055630295, -527.4681575051239, -527.4681575051239, -665.8323846109213, -665.8323846109213, -886.2311312319241, -948.8959931424989, -948.8959931424989, -948.8959931424989, -977.61447170234, -977.61447170234, -977.61447170234, -984.9449273370485, -984.9449273370485, -987.1082983992945, -988.4637527414687, -988.4637527414687, -988.4637527414687, -988.5023918967868, -993.2238835444275], 
[507.6852712603877, -369.65648955249674, -369.65648955249674, -650.8472918337498, -687.2469374607198, -687.2469374607198, -819.4931038206817, -819.4931038206817, -903.1033892335322, -903.1033892335322, -920.0614851116954, -935.0450427950193, -959.6753150496975, -959.6753150496975, -978.0543494726281, -978.0543494726281, -978.0543494726281, -978.0543494726281, -978.0543494726281, -985.7071741860294], 
[-148.27745148234874, -464.6844247214791, -883.3761526378871, -883.3761526378871, -883.3761526378871, -883.537077846205, -883.537077846205, -942.1350801766858, -942.1350801766858, -961.4301123197375, -961.4301123197375, -961.4301123197375, -961.8104057908838, -972.141802911576, -972.141802911576, -972.141802911576, -973.7492422512273, -981.0485409042815, -984.0437406784121, -992.7520964539534], 
[-372.0590977949216, -372.0590977949216, -372.2593207412493, -372.2593207412493, -609.2728727235037, -609.2728727235037, -676.3736248776448, -936.7775075095092, -936.7775075095092, -937.9561560358085, -944.7438577121368, -944.7438577121368, -957.4474391150153, -957.4474391150153, -972.6598512566773, -972.6598512566773, -972.6598512566773, -981.9736389678241, -985.4950693926122, -987.0048400819832], 
[-168.0769637573128, -168.0769637573128, -624.0191570666815, -762.7348334503047, -762.7348334503047, -762.7348334503047, -762.7348334503047, -811.6235395163967, -816.583941370649, -896.4166822611089, -972.9090714238314, -972.9090714238314, -972.9090714238314, -972.9090714238314, -972.9090714238314, -972.9090714238314, -985.0578059171459, -985.4546647485429, -985.4546647485429, -992.9895418628978], 
[-426.36292256614183, -426.36292256614183, -426.36292256614183, -659.4448939678077, -854.655548293055, -855.1063865696011, -855.1063865696011, -905.0184290679996, -905.0184290679996, -905.0184290679996, -905.0184290679996, -905.0184290679996, -952.8823974400068, -993.7619017189141, -993.7619017189141, -993.7619017189141, -993.7619017189141, -993.7619017189141, -993.7619017189141, -993.7619017189141], 
[-391.27586961044983, -468.6063011493052, -468.6063011493052, -758.2597982760735, -785.9816062555718, -785.9816062555718, -830.8402954913263, -853.8809317916581, -866.8030268220568, -899.1254840732851, -978.4133242675928, -978.4133242675928, -978.4133242675928, -978.4133242675928, -978.4133242675928, -987.8374670322663, -987.8374670322663, -987.8374670322663, -987.8597412768792, -992.3202564499217], 
[-771.8146613128586, -771.8146613128586, -771.8146613128586, -771.8146613128586, -771.8146613128586, -771.8146613128586, -866.6253171437395, -898.9110087334965, -898.9110087334965, -919.652239793529, -988.8791991941423, -988.8791991941423, -988.8791991941423, -988.8791991941423, -988.8791991941423, -988.8791991941423, -988.8791991941423, -988.8791991941423, -988.8791991941423, -996.8962933753687], 
[-284.6980998423146, -284.6980998423146, -341.4245071643411, -835.7116206261319, -835.7116206261319, -835.7116206261319, -869.342064812514, -894.5169880789055, -894.5169880789055, -930.4849008692529, -932.597893016606, -956.2736488394421, -956.2736488394421, -994.825146030245, -994.825146030245, -994.825146030245, -994.825146030245, -994.906187783427, -994.906187783427, -994.906187783427], 
[-250.933920473449, -649.5021708203441, -649.5021708203441, -721.9120991060738, -721.9120991060738, -782.6337771742552, -815.6647812990026, -842.1098976147714, -948.2468284325284, -985.1851940511796, -985.1851940511796, -985.1851940511796, -985.1851940511796, -985.1851940511796, -985.1851940511796, -985.1851940511796, -985.1851940511796, -990.9466815493016, -991.3281536751913, -991.3281536751913], 
[-235.20982589729215, -545.531733963553, -545.531733963553, -618.6867980021036, -888.9878721027293, -888.9878721027293, -888.9878721027293, -929.9952528815229, -938.8880645266438, -938.8880645266438, -938.8880645266438, -956.2758969722099, -956.2972647093404, -970.0720599891529, -988.448618868697, -988.448618868697, -988.448618868697, -988.448618868697, -988.448618868697, -988.448618868697], 
[-6.208975224246728, -433.0138475466731, -433.0138475466731, -617.6505465910437, -617.6505465910437, -805.7077748527222, -805.7077748527222, -805.7077748527222, -892.4606764449004, -927.6335073281527, -927.6335073281527, -944.0041201798753, -953.7376201733803, -978.9998980391002, -985.7145484524707, -985.7145484524707, -985.7145484524707, -985.7145484524707, -985.7145484524707, -985.7145484524707], 
[202.62225282602117, 202.62225282602117, -724.4001877059609, -724.4001877059609, -831.8346953367109, -831.8346953367109, -880.900640646204, -880.900640646204, -880.900640646204, -898.5975397806212, -910.0559816253051, -955.0677924587324, -956.7580407966093, -956.7580407966093, -956.7580407966093, -967.4939301733754, -985.6342930568502, -988.254694853507, -988.254694853507, -989.1365865079266], 
[29.859736317874876, -658.9275856328209, -658.9275856328209, -904.6274015488684, -928.4741943579616, -928.4741943579616, -928.4741943579616, -935.4653501319272, -935.4653501319272, -935.6030587257046, -935.6030587257046, -963.8310382731671, -963.8310382731671, -963.8310382731671, -990.6453117644853, -990.6453117644853, -990.6453117644853, -990.6453117644853, -992.2699894799621, -996.5185141015064], 
[-357.0901261472876, -357.0901261472876, -357.0901261472876, -357.0901261472876, -615.269478038665, -748.169429522801, -751.7436834298114, -916.2863877813611, -941.7870284508889, -941.7870284508889, -965.5619533529298, -965.5619533529298, -965.5619533529298, -976.4544086596214, -976.4544086596214, -977.4624339052757, -995.9013355374086, -996.9131857209815, -996.9949906825709, -996.9949906825709], 
