[462.3291602676479, 462.3291602676479, -107.69105908324036, -107.69105908324036, -349.4227861477833, -721.6054000477578, -721.6054000477578, -728.5127572513732, -862.901496656091, -862.901496656091, -906.2452625592224, -939.9882284364826, -939.9882284364826, -967.9278828407367, -985.9599779376596, -985.9599779376596, -986.0699179334947, -989.6185811531582, -989.6185811531582, -995.5251936733733], 
[-512.4474999297786, -518.1718594472065, -797.4462767526732, -797.4462767526732, -797.4462767526732, -797.4462767526732, -922.1496164269428, -922.1496164269428, -922.1496164269428, -922.1496164269428, -981.0455139241258, -981.0455139241258, -981.0455139241258, -988.1667462767151, -992.583479854152, -992.583479854152, -992.583479854152, -992.583479854152, -992.583479854152, -994.8421341969939], 
[206.82855573514144, -409.74537638330423, -907.7054703509671, -907.7054703509671, -907.7054703509671, -907.7054703509671, -907.7054703509671, -907.7054703509671, -907.7054703509671, -907.7054703509671, -907.7054703509671, -907.7054703509671, -971.7517172994137, -971.7517172994137, -971.7517172994137, -977.9251267966719, -979.4552240353112, -987.1809981979936, -991.4470440737559, -991.4470440737559], 
[2470.871068813728, -276.83815784262595, -543.854318273461, -766.3962225922344, -766.3962225922344, -927.6773081283949, -932.4871150712517, -932.4871150712517, -932.4871150712517, -946.8516342177844, -968.3113197501967, -968.3113197501967, -968.3113197501967, -980.3016550970661, -980.3141021332765, -980.3141021332765, -980.4061649632715, -980.4061649632715, -990.7946979118693, -990.7946979118693], 
[345.29292340264897, 345.29292340264897, -473.40944293556106, -551.8663030796395, -551.8663030796395, -843.4530057397257, -845.3193484414005, -904.0752936004634, -904.0752936004634, -904.0752936004634, -938.6991302958781, -951.2915612256232, -968.6221221362771, -968.6221221362771, -977.3825690498529, -982.8044340606948, -982.8044340606948, -990.7204026779782, -994.0370887462128, -994.0370887462128], 
[-212.06827115125657, -212.06827115125657, -800.6206708197883, -800.6206708197883, -805.6648457192922, -805.6648457192922, -805.6648457192922, -869.1850405769475, -869.1850405769475, -915.8319348047761, -939.4875012319357, -948.1158378948438, -948.1158378948438, -948.1158378948438, -967.9874336445135, -977.8531871012616, -979.2480278054984, -979.2480278054984, -985.0661383568614, -990.2908156545186], 
[199.24208985819155, -186.82035629238078, -349.0738082371993, -745.5721450108355, -955.9736260087453, -955.9736260087453, -955.9736260087453, -955.9736260087453, -955.9736260087453, -955.9736260087453, -955.9736260087453, -976.3922017741555, -976.3922017741555, -976.3922017741555, -978.6021966869473, -979.7898693430951, -979.7898693430951, -982.1579622316261, -983.2341766245218, -986.9902344219279], 
[-680.8069954503294, -680.8069954503294, -680.8069954503294, -680.8069954503294, -680.8069954503294, -902.7370467009819, -916.8549373949437, -922.9722728739214, -929.333619982365, -931.8689172624304, -931.8689172624304, -931.8689172624304, -974.7306128681091, -974.7306128681091, -988.8553435544201, -988.8553435544201, -996.530385046234, -996.530385046234, -996.530385046234, -996.530385046234], 
[-175.28826387880065, -175.28826387880065, -455.56451517184246, -820.9662396261458, -838.8543797026073, -838.8543797026073, -838.8543797026073, -838.8543797026073, -838.8543797026073, -934.823303145805, -934.823303145805, -949.0771286693042, -966.7386502243802, -970.6711073803494, -980.822684837436, -980.822684837436, -980.822684837436, -985.4354357094011, -992.9935011064596, -994.2380956255986], 
[-673.1025830642169, -673.1025830642169, -673.1025830642169, -786.2231552867885, -788.3105416882214, -788.3105416882214, -900.4903078800257, -900.4903078800257, -900.4903078800257, -900.4903078800257, -944.2879795027496, -966.2842417140832, -966.2842417140832, -966.2842417140832, -967.2339638735269, -987.8117003682615, -987.8117003682615, -987.8117003682615, -987.8117003682615, -987.8117003682615], 
[913.720734131198, 505.4318423687944, -624.3342536738727, -764.7300510156872, -764.7300510156872, -779.6763167948809, -802.4995247346816, -867.332755784199, -867.332755784199, -871.8413764639691, -932.2736448627777, -978.1509103618818, -978.1509103618818, -982.0763354457713, -982.1640420733792, -982.1700593676129, -989.1307219579459, -989.1307219579459, -989.1307219579459, -992.127647474675], 
[-819.1339702622123, -819.1339702622123, -819.1339702622123, -825.6390730039107, -896.3323311076825, -922.0969632092113, -922.0969632092113, -922.0969632092113, -986.5755344824204, -986.5755344824204, -986.5755344824204, -986.5755344824204, -986.5755344824204, -986.5755344824204, -986.5755344824204, -986.5755344824204, -987.6058154363575, -987.6058154363575, -987.6058154363575, -987.6058154363575], 
[-341.8794880511996, -341.8794880511996, -432.41911527012985, -432.41911527012985, -457.9082138879437, -720.6677491274156, -869.3098467902403, -877.11534110987, -877.11534110987, -931.4536350414038, -962.9177852963414, -992.8788137347881, -992.8788137347881, -992.8788137347881, -992.8788137347881, -992.8788137347881, -992.8788137347881, -992.8788137347881, -995.7043320967849, -995.7043320967849], 
[580.91698528959, -760.3011336955022, -798.6851460304873, -798.6851460304873, -798.6851460304873, -798.6851460304873, -841.6158747701874, -841.6158747701874, -841.6158747701874, -946.0376228077037, -947.9873329316348, -947.9873329316348, -947.9873329316348, -976.4090058742216, -976.4090058742216, -986.7131726153655, -986.7131726153655, -987.3794082085755, -987.3794082085755, -994.5786332191536], 
[25.18918917915289, -546.5943051636447, -546.5943051636447, -546.5943051636447, -681.221641834728, -681.221641834728, -829.9876728442221, -829.9876728442221, -922.6853954246009, -963.549525752149, -963.549525752149, -963.549525752149, -963.549525752149, -963.549525752149, -983.1999024753114, -983.1999024753114, -983.9360445106552, -983.9360445106552, -984.3867961046941, -984.3867961046941], 
[1383.8496339679632, -796.9019141022311, -796.9019141022311, -796.9019141022311, -796.9019141022311, -796.9019141022311, -927.7786220629002, -958.7361778983442, -958.7361778983442, -958.7361778983442, -958.7361778983442, -958.7361778983442, -958.7361778983442, -958.7361778983442, -982.9043841588044, -982.9043841588044, -983.1584579185264, -983.1584579185264, -983.1584579185264, -989.5115962105937], 
[891.6270375061999, 508.070217091725, -111.54765649771969, -863.9982227054163, -874.648707414559, -874.648707414559, -894.7054800634917, -968.34086116428, -968.34086116428, -968.34086116428, -977.9283379079588, -977.9283379079588, -990.0006042889303, -990.0006042889303, -990.0006042889303, -990.4122642215358, -990.4122642215358, -990.4122642215358, -994.0270868961964, -997.2331678651138], 
[2431.8713166613356, -504.024811246052, -504.024811246052, -739.2578805197586, -739.2578805197586, -823.9169631265906, -876.5686551744195, -904.8723479842558, -931.1970796858811, -931.1970796858811, -931.1970796858811, -986.8041848123376, -986.8041848123376, -986.8041848123376, -986.8041848123376, -994.1132463371454, -994.1132463371454, -994.1132463371454, -994.1132463371454, -994.1132463371454], 
[85.17766466119951, -225.3334870014868, -300.4361803523641, -409.82009308912825, -879.7591036737088, -879.7591036737088, -879.7591036737088, -879.7591036737088, -879.7591036737088, -942.7684828118485, -954.535031405638, -954.535031405638, -957.1442132231068, -962.96043103598, -963.2548719875113, -973.8383468837757, -973.8383468837757, -979.0035030243791, -987.7665206720261, -988.1847463975648], 
[-731.1611623987785, -731.1611623987785, -731.1611623987785, -731.1611623987785, -731.1611623987785, -748.7585241387492, -926.948832312259, -934.8543523545246, -971.5977451544582, -971.5977451544582, -971.5977451544582, -971.5977451544582, -971.5977451544582, -971.5977451544582, -971.5977451544582, -972.7706759528884, -975.251691020365, -975.251691020365, -980.2677982655856, -990.4796419031743], 
[903.8463421641577, -116.08734274208689, -559.170853599132, -559.170853599132, -579.0988922439146, -740.605346541925, -740.605346541925, -882.4112832131273, -883.511541837272, -908.477081524903, -908.477081524903, -951.572394290723, -951.572394290723, -952.0263988556262, -952.0263988556262, -964.3696045046252, -991.2069008765714, -991.2069008765714, -991.2069008765714, -991.2069008765714], 
[254.89718683093474, -477.9823008050105, -710.1266231402913, -757.0339665419289, -851.1897349351588, -851.1897349351588, -891.8287007281268, -904.8202806229604, -938.2758446324688, -941.0820185952517, -957.3662522497809, -963.4494107804262, -963.4494107804262, -976.583769315392, -976.583769315392, -976.7615129405342, -976.7615129405342, -985.7138292178431, -994.735250984454, -994.735250984454], 
[-494.70544507546634, -496.9013203849747, -515.2901360712983, -515.2901360712983, -764.0472386657103, -887.5513118676121, -887.5513118676121, -887.5513118676121, -946.5144544700252, -951.8530339856155, -951.8530339856155, -985.5158156041211, -985.5158156041211, -985.5158156041211, -985.5158156041211, -985.5158156041211, -985.5158156041211, -985.5158156041211, -985.5158156041211, -992.8520857129758], 
[-9.533773107563093, -490.243298206024, -502.6324939957839, -502.6324939957839, -700.754178912116, -729.0956929325413, -862.4054068081518, -862.4054068081518, -904.2439870728116, -930.5764164236567, -930.5764164236567, -942.3462415695286, -975.1046703951486, -987.9822964011063, -987.9822964011063, -987.9822964011063, -987.9822964011063, -987.9822964011063, -988.632277917371, -988.632277917371], 
[-543.363618410033, -543.363618410033, -543.363618410033, -848.4345015274273, -848.4345015274273, -848.4345015274273, -908.0844134258666, -908.0844134258666, -908.0844134258666, -908.0844134258666, -960.4508669289187, -974.0935178646897, -974.0935178646897, -974.0935178646897, -977.4637794601706, -977.4637794601706, -990.4007558394347, -990.4007558394347, -990.4007558394347, -990.4007558394347], 
[350.3000634707837, -460.1287533613306, -619.9063602272295, -672.5364885325594, -672.5364885325594, -848.0955499602278, -848.0955499602278, -974.3471767191706, -974.3471767191706, -974.3471767191706, -974.3471767191706, -974.3471767191706, -974.3471767191706, -976.1577529072108, -976.1577529072108, -976.1577529072108, -976.1577529072108, -982.4838533064749, -990.1844173708607, -990.1844173708607], 
[-691.1387699534287, -691.1387699534287, -691.1387699534287, -791.7062113554207, -791.7062113554207, -791.7062113554207, -791.7062113554207, -884.9704620065083, -904.875651396268, -904.875651396268, -905.7558766573876, -909.8714199558362, -952.9172599683741, -979.3022162169901, -979.3022162169901, -979.3022162169901, -979.3022162169901, -988.1799532692343, -988.1799532692343, -988.1799532692343], 
[-210.5537550576155, -799.6986619211218, -799.6986619211218, -799.6986619211218, -894.8120355782161, -894.8120355782161, -949.1875404545457, -949.1875404545457, -954.6060337689635, -954.6060337689635, -954.6060337689635, -959.5425788555954, -959.5425788555954, -996.1008545369306, -996.1008545369306, -996.1008545369306, -996.1008545369306, -996.1008545369306, -996.1008545369306, -996.8658746813097], 
[-764.1862893378313, -764.1862893378313, -764.1862893378313, -764.1862893378313, -764.1862893378313, -788.1412078762926, -788.1412078762926, -878.3886728151685, -915.6737313151898, -915.6737313151898, -960.1610237789132, -960.1610237789132, -970.7212710404261, -970.7212710404261, -970.7212710404261, -975.5772544951742, -975.5772544951742, -990.220801706249, -990.5557096532931, -994.6408545004367], 
[-447.354904332396, -447.354904332396, -578.5806810157635, -883.9493453329409, -883.9493453329409, -883.9493453329409, -883.9493453329409, -902.3539618929492, -912.0783608569675, -918.2774976706932, -962.4092094127119, -965.5890526772284, -970.1672948363304, -970.1672948363304, -976.8365327652513, -976.8365327652513, -977.3921733277872, -981.5653388112365, -982.7947526876758, -992.3105055164913], 
