[201.3974696773439, 201.3974696773439, -728.2574052405932, -728.2574052405932, -728.2574052405932, -728.3116349988579, -874.6084444273954, -874.6084444273954, -874.6084444273954, -970.7136537717743, -970.7136537717743, -970.7136537717743, -972.2874301399182, -974.2421517921146, -981.9360489403853, -981.9360489403853, -981.9360489403853, -981.9360489403853, -981.9883232692839, -984.055781655545], 
[-714.4662390863881, -714.4662390863881, -714.4662390863881, -714.4662390863881, -714.4662390863881, -799.5970630567466, -811.334952663704, -888.62692908527, -890.1744989928313, -910.9939600704154, -936.5102613740974, -960.4368794276672, -960.4368794276672, -960.4368794276672, -966.7549255597153, -989.8038140964745, -989.8038140964745, -989.8038140964745, -989.8038140964745, -989.8038140964745], 
[2428.888867944884, -459.2456501748113, -459.2456501748113, -762.7901374029274, -762.7901374029274, -874.599860482108, -915.7468502293059, -915.7468502293059, -933.3348585076932, -951.9371163082889, -985.052317151106, -985.052317151106, -985.052317151106, -985.052317151106, -985.052317151106, -985.052317151106, -986.007772618225, -986.007772618225, -989.9073368108404, -989.9073368108404], 
[-69.6081359499384, -69.6081359499384, -399.5091220119283, -794.0616572117459, -794.0616572117459, -933.9041838271187, -933.9041838271187, -933.9041838271187, -933.9041838271187, -933.9041838271187, -933.9543837344811, -962.4314256034999, -962.4314256034999, -962.4314256034999, -992.4609120121737, -992.4609120121737, -992.4609120121737, -992.4609120121737, -992.4609120121737, -996.0247316940905], 
[-724.8361091708938, -724.8361091708938, -724.8361091708938, -724.8361091708938, -827.1708078562655, -827.1708078562655, -888.3931064301275, -888.3931064301275, -888.3931064301275, -888.3931064301275, -888.3931064301275, -888.781905770542, -941.9347649367669, -941.9347649367669, -971.9867024376374, -971.9867024376374, -978.6574461300532, -986.2480223195521, -986.2480223195521, -986.2480223195521], 
[568.0148695845294, -197.3970584444544, -197.3970584444544, -197.3970584444544, -773.1764280847192, -773.1764280847192, -822.6756755732318, -887.2363716769079, -928.2360687135442, -928.2360687135442, -949.4117042677897, -949.4117042677897, -949.4117042677897, -949.4117042677897, -955.6994800049908, -955.6994800049908, -971.6824329754733, -985.4426186263032, -988.6998109664609, -992.3480047636458], 
[-614.1795174119718, -614.1795174119718, -614.1795174119718, -614.1795174119718, -883.020492414907, -918.30822491557, -962.7411463960004, -985.9345178170694, -985.9345178170694, -985.9345178170694, -985.9345178170694, -985.9345178170694, -985.9345178170694, -985.9345178170694, -985.9345178170694, -985.9345178170694, -985.9345178170694, -987.5313638570727, -994.337079096107, -994.337079096107], 
[-12.660149340226667, -222.3314298789437, -873.3674047400848, -873.3674047400848, -873.3674047400848, -873.3674047400848, -873.3674047400848, -921.0889065900222, -927.4057588272232, -951.8818673344276, -951.8818673344276, -958.0538605975382, -958.0538605975382, -977.9027077565091, -983.4285097568272, -983.4285097568272, -985.8051116308585, -985.8051116308585, -988.311908407406, -988.311908407406], 
[478.32323570046447, 478.32323570046447, 14.040187995051042, -788.7460528477031, -788.7460528477031, -880.2386595894625, -880.2386595894625, -880.2386595894625, -880.2386595894625, -880.2386595894625, -969.1688979959243, -969.1688979959243, -969.1688979959243, -983.2545231994138, -983.2545231994138, -983.2545231994138, -983.2545231994138, -991.5439436657161, -991.5439436657161, -991.5439436657161], 
[-580.748863215555, -671.057496869943, -671.057496869943, -671.057496869943, -865.9573774551906, -865.9573774551906, -865.9573774551906, -883.0843843763746, -956.8340049934906, -956.8340049934906, -956.8340049934906, -981.1591684692402, -981.1591684692402, -981.1591684692402, -982.8782747416589, -982.8782747416589, -983.8887305943475, -988.2560577089389, -990.430507891524, -992.938086720194], 
[919.4168550417457, -207.59705784485982, -309.5453544759001, -309.5453544759001, -437.5086821503696, -795.2726514514933, -882.34512556463, -882.34512556463, -882.34512556463, -882.34512556463, -942.2781527686906, -958.1034050053275, -958.1034050053275, -958.1034050053275, -969.929030457867, -975.9438038470274, -975.9438038470274, -982.4849237722494, -988.43337536413, -988.43337536413], 
[-485.42231684607407, -708.9322443956315, -875.8378608403216, -875.8378608403216, -877.9101681925058, -877.9101681925058, -877.9101681925058, -880.8404816904052, -896.3779202344488, -973.2866706995784, -973.2866706995784, -973.2866706995784, -977.5578140507425, -983.0628446591619, -988.3072718648139, -993.9208300663245, -993.9208300663245, -993.9208300663245, -993.9208300663245, -993.9208300663245], 
[-54.618083245602406, -212.5549214878506, -432.04982308501656, -486.09746592711053, -743.1784820654375, -774.7036183392061, -876.3533495760533, -876.3533495760533, -952.7068561011274, -952.7068561011274, -952.7068561011274, -952.7068561011274, -960.2353782082121, -976.3058811061849, -976.3058811061849, -976.3058811061849, -988.3534652796855, -988.3534652796855, -989.0551096524496, -994.1859381881388], 
[-846.2332002905082, -846.2332002905082, -846.2332002905082, -846.2332002905082, -846.2332002905082, -873.3288717266546, -873.3288717266546, -900.8331229320762, -917.522836251959, -955.6423878443159, -955.6423878443159, -955.6423878443159, -962.5130203506533, -967.0617002136268, -967.0617002136268, -967.0617002136268, -990.2548302481486, -990.2548302481486, -990.2548302481486, -990.2548302481486], 
[-441.5738603689732, -441.5738603689732, -514.391181691718, -514.391181691718, -667.7274204380087, -667.7274204380087, -821.2193331032404, -840.3728440135038, -842.8460706732162, -905.3845688482295, -968.979705142567, -968.979705142567, -968.979705142567, -981.732611140645, -981.732611140645, -981.732611140645, -983.8312771399521, -987.9869590007816, -994.8515218477369, -994.8515218477369], 
[-648.1804295204926, -648.1804295204926, -860.724351952419, -931.1324268081262, -931.1324268081262, -931.1324268081262, -986.7125537367356, -986.7125537367356, -986.7125537367356, -987.8272043466399, -987.8272043466399, -987.8272043466399, -990.05471543765, -990.05471543765, -990.05471543765, -990.05471543765, -990.7068094730867, -990.7068094730867, -990.7068094730867, -990.7068094730867], 
[294.528996441094, -228.34032827102908, -228.34032827102908, -742.3568943688856, -742.3568943688856, -742.3568943688856, -840.6263073578326, -840.6263073578326, -913.8713300478337, -913.8713300478337, -923.584183994406, -938.7442074668902, -960.5535948217483, -976.332635889272, -976.332635889272, -983.4324045842998, -983.4324045842998, -989.1520199080358, -993.2851168543292, -993.2851168543292], 
[-30.293350653934453, -30.293350653934453, -812.975749593557, -952.3462410514527, -952.3462410514527, -952.3462410514527, -952.3462410514527, -952.3462410514527, -952.3462410514527, -952.3462410514527, -952.3462410514527, -953.5288327341668, -953.5288327341668, -961.3558305208691, -987.6260114425704, -987.6260114425704, -987.6260114425704, -991.8279953054758, -991.8279953054758, -991.8279953054758], 
[613.1583106785797, 569.6085239302076, -84.30175054961649, -634.0917975267755, -634.0917975267755, -821.4973470638656, -821.4973470638656, -903.7375473014978, -903.7375473014978, -926.0229140409281, -926.0229140409281, -926.0229140409281, -938.2553306429708, -950.6499789621031, -967.8429489386423, -967.8429489386423, -967.8429489386423, -975.5027319372125, -983.7469868323715, -983.7469868323715], 
[-491.01487863683536, -580.5463461193142, -580.6118963487738, -580.6118963487738, -580.6118963487738, -870.2377984209086, -870.2377984209086, -870.2377984209086, -919.0557816972736, -919.0557816972736, -919.0557816972736, -961.2740415544924, -961.2740415544924, -964.7159958094735, -964.7159958094735, -966.4247112365338, -980.5178980878856, -982.6166875091182, -989.6470084756046, -993.5419001071682], 
[1369.3141883217731, 1107.5754443692963, 482.3547662414205, -24.102556215969457, -488.30094757723907, -488.30094757723907, -760.7666699329823, -766.4747536631236, -766.4747536631236, -929.7264325189053, -972.0994941374975, -972.0994941374975, -993.4832049957496, -993.4832049957496, -993.4832049957496, -993.4832049957496, -993.4832049957496, -993.4832049957496, -993.4832049957496, -993.4832049957496], 
[-245.47412350968773, -245.47412350968773, -245.47412350968773, -245.47412350968773, -689.3288563768958, -689.3288563768958, -879.9480310812871, -924.9059282795007, -924.9059282795007, -924.9059282795007, -924.9059282795007, -947.2801149940168, -972.6495615164348, -972.6495615164348, -972.6495615164348, -978.584322557927, -978.584322557927, -993.0127169227815, -995.5709707298671, -995.5709707298671], 
[-555.7854654659028, -555.7854654659028, -555.7854654659028, -568.1902508041389, -919.779988606813, -928.5512196503504, -928.5512196503504, -928.5512196503504, -928.5512196503504, -954.8197335057044, -954.8197335057044, -954.8197335057044, -955.3147304837138, -979.718113930226, -979.718113930226, -979.718113930226, -986.5515102539802, -986.5515102539802, -986.5515102539802, -986.5515102539802], 
[-420.7076092173595, -420.7076092173595, -480.5891550975185, -480.5891550975185, -779.4750247674501, -779.4750247674501, -920.2491480388244, -925.1301001694528, -925.1301001694528, -925.1301001694528, -960.2651618269862, -960.2651618269862, -964.5334031970863, -964.5334031970863, -964.5334031970863, -977.9272772329081, -984.925659217275, -984.925659217275, -984.925659217275, -993.6726209503188], 
[-640.7042380784967, -818.694578764676, -818.694578764676, -818.694578764676, -818.694578764676, -818.694578764676, -818.694578764676, -831.3481831140905, -889.7130817763978, -949.1335910906073, -949.1335910906073, -957.488333782516, -968.9891531036724, -968.9891531036724, -968.9891531036724, -968.9891531036724, -989.074807477443, -989.074807477443, -991.4893027928658, -991.4893027928658], 
[140.83606873955546, 140.83606873955546, -141.70310952209036, -141.70310952209036, -612.6238807788105, -853.3572022661317, -853.3572022661317, -853.3572022661317, -856.4728070683459, -952.9108370257192, -952.9108370257192, -952.9108370257192, -952.9108370257192, -986.5094345414053, -986.5206486807314, -986.5206486807314, -986.5206486807314, -986.5241955707498, -986.5241955707498, -990.9700285362017], 
[-308.7769300135268, -308.7769300135268, -670.7910673691094, -670.7910673691094, -670.7910673691094, -722.5594699029491, -800.6884428103705, -869.9514127759368, -869.9514127759368, -887.3359022791526, -938.1530563102821, -938.1530563102821, -953.7451278138251, -986.5424633077876, -986.5424633077876, -988.618475480998, -995.025132414578, -995.025132414578, -995.025132414578, -995.025132414578], 
[-608.1049894598639, -659.8587217490633, -659.8587217490633, -688.2363304087635, -688.2363304087635, -688.2363304087635, -688.2363304087635, -860.0310742772587, -879.2065783928956, -985.2134953856936, -985.2134953856936, -985.2134953856936, -985.2134953856936, -985.2134953856936, -985.2134953856936, -985.2134953856936, -986.8953943563996, -986.8953943563996, -986.8953943563996, -986.8953943563996], 
[-300.05087039871694, -300.05087039871694, -300.05087039871694, -392.2468192526027, -392.2468192526027, -711.7335399192689, -807.5917991423099, -866.6654822912676, -954.2365583010372, -954.2365583010372, -954.2365583010372, -982.1442035301246, -982.1442035301246, -982.1442035301246, -982.1442035301246, -982.1442035301246, -984.5665881238375, -986.2152965105103, -992.0093227998749, -992.0093227998749], 
[-155.10036145243237, -361.0937275649949, -463.12899073152107, -821.7826468656418, -872.7517501804098, -903.6837150366712, -937.2952013908991, -937.2952013908991, -937.2952013908991, -989.7107601487259, -989.7107601487259, -989.7107601487259, -989.7107601487259, -989.7107601487259, -989.7107601487259, -994.3024211496561, -994.3024211496561, -994.3024211496561, -996.0768970137942, -996.0768970137942], 
