[-805.2997760400834, -805.2997760400834, -805.2997760400834, -805.2997760400834, -877.9473483293383, -898.2465844505787, -936.5725648157558, -965.2460935555805, -965.2460935555805, -965.2460935555805, -976.8212361673017, -976.8212361673017, -976.8212361673017, -986.5614779835114, -991.417052877652, -991.417052877652, -991.417052877652, -991.417052877652, -991.417052877652, -996.6932643409106], 
[292.123821090551, -849.4042763288993, -849.4042763288993, -929.2719093463834, -929.2719093463834, -929.2719093463834, -935.432654159433, -935.432654159433, -935.432654159433, -941.3398271656662, -954.1565618518224, -973.4003347796338, -973.4003347796338, -973.4003347796338, -973.4003347796338, -975.8322524628949, -984.5195583522404, -991.3651165131453, -991.3651165131453, -991.3651165131453], 
[-548.6935445093687, -548.6935445093687, -548.6935445093687, -675.3573791619483, -767.2893859231602, -849.7298153102213, -849.7298153102213, -849.7298153102213, -849.7298153102213, -956.1676730884194, -956.1676730884194, -956.1676730884194, -956.8565638477239, -956.8565638477239, -991.2806981949429, -991.2806981949429, -991.2806981949429, -991.6826211919387, -991.6826211919387, -991.6826211919387], 
[1485.8254453971022, -531.5282871822255, -538.477233037835, -538.477233037835, -538.477233037835, -855.8601239709885, -855.8601239709885, -948.761580441932, -948.761580441932, -976.663929926162, -976.663929926162, -976.663929926162, -979.4355070090041, -979.4355070090041, -979.4355070090041, -979.4355070090041, -988.6921129378146, -988.6921129378146, -992.7126015586077, -992.975731829541], 
[8.233620115971235, 8.233620115971235, -292.92164466661495, -292.92164466661495, -755.9962689756211, -755.9962689756211, -755.9962689756211, -806.254754385199, -872.1617805849277, -914.8220829839522, -938.294094964044, -938.294094964044, -943.4063176009676, -943.4063176009676, -944.9518798925528, -944.9518798925528, -972.7579602017884, -980.6860757864724, -980.6860757864724, -980.6860757864724], 
[138.86790880091598, -554.5837791275403, -557.3881146716004, -597.8058031728991, -630.2766962587418, -633.6269347946857, -633.6269347946857, -729.8793672852519, -867.3635812525647, -900.0181842138277, -905.8191883246757, -933.151787333393, -933.151787333393, -956.005176652637, -956.005176652637, -978.2616305918466, -986.6997500772984, -986.6997500772984, -986.6997500772984, -988.4428353754225], 
[-430.25202724745145, -478.87800948349286, -536.8269749225734, -763.9261989081526, -763.9261989081526, -763.9261989081526, -763.9261989081526, -921.2176067855678, -921.2176067855678, -921.2176067855678, -921.2176067855678, -938.42226218178, -974.7955465727816, -974.7955465727816, -974.7955465727816, -979.8533775688936, -988.9548892008244, -988.9548892008244, -988.9548892008244, -993.3201155180018], 
[557.1343531923192, -820.9330210159751, -820.9330210159751, -820.9330210159751, -820.9330210159751, -820.9330210159751, -820.9330210159751, -820.9330210159751, -820.9330210159751, -952.0104090315372, -952.0104090315372, -952.0104090315372, -968.0805181131946, -968.0805181131946, -968.0805181131946, -983.9275894400062, -987.217836900516, -987.217836900516, -987.217836900516, -988.1373350796521], 
[-661.4927206342059, -661.4927206342059, -661.4927206342059, -661.4927206342059, -823.0962787627727, -877.9077031970677, -877.9077031970677, -877.9077031970677, -927.1989094603691, -933.2496590895995, -937.8462681591568, -969.4677819300316, -969.4677819300316, -969.4677819300316, -977.9482933807352, -978.780967142249, -978.780967142249, -978.780967142249, -990.7319827202358, -990.7319827202358], 
[390.0026450111545, -192.45198664059876, -779.1519826226357, -780.7298450989704, -780.7298450989704, -780.7298450989704, -801.9591760430942, -927.3776578828098, -927.3776578828098, -927.3776578828098, -927.3776578828098, -954.5555474014379, -954.5555474014379, -954.5555474014379, -954.5555474014379, -957.4544482820592, -970.2395505566423, -970.2395505566423, -971.1689881944997, -979.8395551512522], 
[-622.7450708484547, -622.7450708484547, -622.7450708484547, -743.6837342524597, -743.6837342524597, -743.6837342524597, -881.9800864919865, -906.7493271138547, -906.7493271138547, -906.7493271138547, -971.0964288073732, -971.0964288073732, -971.0964288073732, -984.0036846191334, -984.0036846191334, -984.0036846191334, -984.0036846191334, -984.0036846191334, -984.0036846191334, -984.9324426885721], 
[-352.43583389657124, -352.43583389657124, -657.7062481826217, -894.9877907792734, -894.9877907792734, -894.9877907792734, -894.9877907792734, -894.9877907792734, -951.5117648319043, -951.5117648319043, -955.4665990622589, -955.4665990622589, -958.8608280651933, -959.5578310872921, -959.5578310872921, -993.195539692058, -993.195539692058, -994.3376405273557, -994.3492380293475, -994.3492380293475], 
[-430.7249261523639, -430.7249261523639, -649.0277602145197, -649.0277602145197, -932.0190396193983, -932.0190396193983, -945.027829521219, -945.027829521219, -945.027829521219, -945.027829521219, -978.720020011032, -978.720020011032, -978.720020011032, -978.720020011032, -978.720020011032, -978.720020011032, -979.9505374217614, -982.5349834993185, -990.1680440815353, -990.1680440815353], 
[-222.13385996909142, -340.3507099155544, -942.8751101016592, -944.2328895364452, -944.2328895364452, -944.2328895364452, -958.595219685992, -958.595219685992, -971.6055512572701, -971.6055512572701, -971.6055512572701, -971.6055512572701, -971.6055512572701, -986.1978427110984, -986.1978427110984, -996.5569831451895, -996.5569831451895, -996.5569831451895, -996.5569831451895, -996.5569831451895], 
[1330.7676119163089, 1173.462883094297, -333.37504418115736, -424.3302564049792, -653.5618249329584, -983.311300906992, -983.311300906992, -983.311300906992, -983.311300906992, -984.4555552295659, -984.4555552295659, -984.4555552295659, -984.4555552295659, -984.4555552295659, -984.4555552295659, -984.4555552295659, -989.7077503986892, -989.7077503986892, -989.7077503986892, -991.1334563205862], 
[-173.7176264283845, -859.8821907944972, -859.8821907944972, -890.9039234157782, -890.9039234157782, -890.9039234157782, -891.4695757783154, -891.4695757783154, -952.5385999873783, -956.7570167000398, -956.7570167000398, -992.1811463322573, -992.1811463322573, -992.1811463322573, -992.1811463322573, -992.1811463322573, -992.1811463322573, -992.1811463322573, -992.1811463322573, -993.1192188513928], 
[-415.688162101741, -504.13779554924486, -761.0753779043011, -815.4653343877848, -943.5136550072854, -943.6383396990437, -943.6383396990437, -943.6383396990437, -943.6383396990437, -943.6383396990437, -974.5234416012146, -981.8236662822097, -982.1190425937982, -982.1190425937982, -982.1190425937982, -985.8195257833207, -985.8195257833207, -985.8195257833207, -988.9947927642907, -988.9947927642907], 
[209.63603498478756, 104.29469218555323, -253.65760635082415, -383.1108839221132, -734.4736001282035, -734.4736001282035, -924.8065372688948, -924.8065372688948, -929.8788106889467, -968.401133227271, -968.401133227271, -975.5984171117766, -975.5984171117766, -981.1531119668465, -988.4087981064155, -988.4087981064155, -989.9236999127496, -990.4296339212816, -996.8757914713884, -996.8757914713884], 
[886.6473184166387, -280.16782761784634, -529.7454468912945, -651.9630748422442, -652.1700490888921, -669.5086671437261, -760.2718463352322, -877.8599750673512, -877.8599750673512, -915.8803160409786, -940.3758325005275, -940.3758325005275, -980.311236866615, -980.311236866615, -980.311236866615, -980.311236866615, -987.1664858429774, -996.5700841129598, -996.5700841129598, -996.649254312195], 
[509.38687506911174, -124.51328288395348, -545.550734254958, -685.3109801204193, -799.2180974343428, -799.2180974343428, -829.0708954221674, -887.8534082081936, -908.9199906556021, -959.0858661507212, -959.0858661507212, -959.0858661507212, -959.0858661507212, -986.5607740238197, -986.5607740238197, -986.5607740238197, -995.477684924863, -997.427881820011, -997.427881820011, -997.427881820011], 
[-539.250048232919, -539.250048232919, -539.250048232919, -556.4021806459576, -897.7102080740254, -926.9295431522571, -926.9295431522571, -926.9295431522571, -951.9092855379157, -951.9092855379157, -951.9092855379157, -960.88879862308, -960.88879862308, -970.329600527947, -970.329600527947, -981.0456735576945, -989.3043452002938, -995.4084741998755, -995.4084741998755, -995.4084741998755], 
[-86.81772010810482, -398.5677228874241, -398.5677228874241, -398.5677228874241, -719.9534936400061, -783.6341750030873, -860.9243021622884, -904.8302198612129, -904.8302198612129, -918.7221435394205, -918.7221435394205, -918.7221435394205, -968.5621609052503, -978.035943106881, -991.8537020060527, -991.8537020060527, -991.8537020060527, -994.6203631703834, -994.6203631703834, -994.8047130420174], 
[1011.3955640676204, -240.64744446200382, -290.1200667189065, -699.9720362104854, -699.9720362104854, -699.9720362104854, -704.6947350476172, -719.8108169522764, -874.0603734013383, -892.8209523629148, -906.1961514454691, -912.624556455368, -942.2300845859836, -943.3983493212738, -974.9968773701556, -974.9968773701556, -985.1755466620916, -985.1755466620916, -985.1755466620916, -992.3321998752679], 
[-688.5123864505014, -688.5123864505014, -688.5123864505014, -688.5123864505014, -688.5123864505014, -807.7155317931042, -851.0125431327806, -851.0125431327806, -851.0125431327806, -926.5129595890523, -926.5129595890523, -928.9533681265777, -954.8868598765367, -961.7696106047591, -961.7696106047591, -979.4260036815234, -992.5097156870214, -992.5097156870214, -992.5097156870214, -992.5097156870214], 
[90.9598353661595, -473.65705248678387, -607.8443792527432, -862.1546367262414, -862.1546367262414, -906.5947382979045, -906.5947382979045, -933.7447752160585, -933.7447752160585, -942.9193716334905, -949.6604604582404, -949.6604604582404, -955.5081761886438, -965.7009249828926, -982.2724478678379, -982.2724478678379, -983.8864353784547, -983.8864353784547, -983.9405737684374, -988.9819762484741], 
[-6.102076759375564, -365.1549405155779, -365.1549405155779, -629.0636536354052, -629.0636536354052, -680.6235530983022, -680.6235530983022, -922.9514357066377, -922.9514357066377, -922.9514357066377, -923.1944176177277, -953.2949915927271, -953.2949915927271, -961.8582829105999, -969.4801740294442, -969.4801740294442, -969.4801740294442, -985.4732623541303, -985.4732623541303, -987.1660160718202], 
[-573.308975751698, -573.308975751698, -573.308975751698, -573.308975751698, -573.308975751698, -812.1161732382635, -899.7575190345835, -899.7575190345835, -899.7575190345835, -899.7575190345835, -912.0809495010647, -931.5809190562053, -947.4931502348073, -953.9513625518523, -989.15515402601, -989.6548114452221, -989.6548114452221, -989.6548114452221, -989.6548114452221, -989.6548114452221], 
[-685.3831482258722, -792.8313682133105, -792.8313682133105, -918.8826703823429, -918.8826703823429, -918.8826703823429, -918.8826703823429, -918.8826703823429, -918.8826703823429, -918.8826703823429, -965.1350435487079, -981.6813511046541, -981.6813511046541, -981.6813511046541, -981.6813511046541, -981.6813511046541, -981.6813511046541, -982.1724938167708, -986.549651956499, -991.3611197477964], 
[345.4844267469264, -599.0562717394018, -599.0562717394018, -793.0858423172899, -799.3487044691881, -803.0613963518297, -831.81643177255, -900.2010684044893, -900.2010684044893, -900.2010684044893, -900.2010684044893, -951.7633299192038, -966.3987021637166, -976.6623913191925, -976.6623913191925, -991.5787749961283, -991.5787749961283, -991.5787749961283, -991.5787749961283, -991.5787749961283], 
[-29.82065159903607, -29.82065159903607, -639.5654792190564, -639.5654792190564, -639.5654792190564, -772.3816180118085, -861.9387795564427, -863.8695611372048, -866.4505754333193, -941.8980392722347, -952.0578805255543, -952.0578805255543, -953.7282946223677, -953.7282946223677, -958.7635831640122, -974.1584531169393, -980.5266066229049, -980.5266066229049, -982.1075057922997, -987.0264833871678], 
