[114.4518041479937, -247.86623296032406, -724.159000168773, -724.159000168773, -724.159000168773, -744.703899354365, -932.8432469871957, -932.8432469871957, -932.8432469871957, -932.8432469871957, -951.4913423990441, -951.4913423990441, -951.4913423990441, -951.4913423990441, -981.888193977767, -983.3009016692977, -983.3009016692977, -983.3009016692977, -983.3009016692977, -983.3009016692977], 
[-337.69464331858603, -511.80800446528605, -517.9281142242287, -923.1526671261607, -973.2181212180058, -973.2181212180058, -973.2181212180058, -973.2181212180058, -973.2181212180058, -973.2181212180058, -973.2181212180058, -991.5102603834476, -991.5102603834476, -991.5102603834476, -992.0693006932531, -992.0693006932531, -992.0693006932531, -992.0693006932531, -992.0693006932531, -992.4052911318886], 
[44.72201402274209, 44.72201402274209, -267.5630812653212, -467.47165666804244, -705.8315649607573, -705.8315649607573, -859.7206360079757, -859.7206360079757, -860.8862068508051, -945.1310434711437, -955.687797741652, -955.687797741652, -974.1624420836366, -974.1624420836366, -975.7250896818848, -976.6795626768965, -976.6795626768965, -978.82463217465, -992.7276436960399, -993.2217107499563], 
[-744.9146687025097, -744.9146687025097, -744.9146687025097, -798.0533481253324, -798.0533481253324, -798.0533481253324, -903.3931347384687, -903.3931347384687, -938.2990710158866, -941.2136743349113, -989.3066063950364, -989.3066063950364, -989.3066063950364, -989.3066063950364, -991.1831009835986, -991.1831009835986, -991.1831009835986, -991.1831009835986, -991.1831009835986, -991.1831009835986], 
[-381.30186526543514, -382.0354844204634, -494.8052265539671, -791.9010694555915, -791.9010694555915, -791.9010694555915, -791.9010694555915, -923.9362391425545, -923.9362391425545, -923.9362391425545, -943.7315397755709, -943.7315397755709, -947.1063680101419, -985.8401901138109, -985.8401901138109, -985.8433389380667, -985.8433389380667, -990.2364591319035, -992.6920727918689, -993.889968827059], 
[-518.7304789447458, -518.7304789447458, -774.9551982656965, -774.9551982656965, -774.9551982656965, -774.9551982656965, -899.9109939413622, -899.9109939413622, -957.5300393673455, -972.7705567861677, -972.7705567861677, -991.2987718201038, -991.2987718201038, -991.2987718201038, -991.2987718201038, -991.2987718201038, -991.2987718201038, -994.5695156714901, -994.5695156714901, -994.5695156714901], 
[-636.6802656555872, -636.6802656555872, -636.6802656555872, -665.6607581991414, -665.6607581991414, -665.6607581991414, -665.6607581991414, -902.6868946677555, -939.5976890699003, -939.5976890699003, -967.3241679849922, -967.3241679849922, -967.3241679849922, -967.3241679849922, -975.8397160593368, -975.8397160593368, -976.1089431528083, -985.2161552842422, -985.2161552842422, -988.8634860103602], 
[-386.9692733296715, -392.71545793742234, -865.2067008563494, -865.2067008563494, -865.2067008563494, -865.2067008563494, -899.709046690339, -899.709046690339, -899.709046690339, -919.7757453988281, -919.7757453988281, -931.0506196428048, -931.0506196428048, -931.0506196428048, -956.058188597824, -973.4837606421363, -973.4837606421363, -979.777048040648, -981.8472458094698, -987.2588618027706], 
[163.25202772948614, 163.25202772948614, 163.25202772948614, -219.89405460953105, -646.8419396390884, -873.64369185819, -873.64369185819, -873.64369185819, -873.64369185819, -934.5858320596695, -934.5858320596695, -934.5858320596695, -951.4686167617513, -979.4659418593567, -979.4659418593567, -979.4659418593567, -983.329030415332, -985.059497073187, -985.5782604430833, -992.2739996787808], 
[21.03492377598411, -321.12980731153993, -321.12980731153993, -576.3108802864789, -706.6531850669409, -706.6531850669409, -774.9460064610585, -862.7372826291877, -928.0557084950873, -928.0557084950873, -928.0557084950873, -959.3397287300721, -959.3397287300721, -959.3397287300721, -978.1722968929649, -978.1722968929649, -978.1722968929649, -978.1722968929649, -986.1535287137074, -986.1535287137074], 
[-461.30860480465435, -461.30860480465435, -697.975963990875, -873.2795256250596, -873.2795256250596, -929.5219554378834, -934.5356718033063, -934.5356718033063, -936.8224641287745, -936.8224641287745, -936.8224641287745, -936.8224641287745, -972.553571897733, -974.757280755496, -982.3473441483497, -982.3473441483497, -993.1378510000858, -993.1378510000858, -993.3012499652579, -993.3012499652579], 
[-405.2425529985701, -405.2425529985701, -818.1445576613381, -818.1445576613381, -818.1445576613381, -818.1445576613381, -836.1636268781602, -836.2691116098059, -945.55105188466, -945.55105188466, -945.55105188466, -946.1042350267121, -946.1042350267121, -967.4898846246459, -970.4854831282026, -974.323453153972, -974.323453153972, -993.8600885884961, -993.8600885884961, -993.8717193620435], 
[816.9991140332622, 202.16236689740822, -711.1866572716548, -713.3013402982907, -713.3013402982907, -845.8581894403549, -845.8581894403549, -845.8581894403549, -934.5449039652533, -934.5449039652533, -934.5449039652533, -943.293870204329, -975.4456056564073, -979.8625720713902, -979.8625720713902, -979.8625720713902, -985.2014885609111, -985.2014885609111, -989.9108133331285, -994.1970776899035], 
[800.9429441738125, 392.0216491198305, 383.6099790861331, -802.6053108511804, -802.6053108511804, -951.2222282575945, -951.2222282575945, -951.2222282575945, -951.2222282575945, -951.7515678131111, -951.7515678131111, -951.7515678131111, -951.7515678131111, -971.8851904366911, -977.7508577482578, -981.8578884524941, -981.8578884524941, -981.8578884524941, -981.8578884524941, -997.312185072695], 
[-240.9163070694549, -441.1976587464319, -441.1976587464319, -695.1862480763778, -695.1862480763778, -717.1408967480083, -843.971188158516, -947.570716178204, -947.570716178204, -947.570716178204, -947.570716178204, -947.570716178204, -965.0913018097941, -965.9272076726219, -965.9272076726219, -989.4083670476866, -989.4083670476866, -989.6813334584298, -990.3842846376363, -990.5857349918776], 
[-201.32561544946554, -201.32561544946554, -445.98037062519654, -554.2106390412318, -702.7491163893299, -702.7491163893299, -726.5337903845898, -914.2519992490809, -931.344204138059, -960.8102988157414, -960.8102988157414, -963.5917007447767, -963.5917007447767, -970.9579471849621, -986.4576960779591, -986.4576960779591, -986.4576960779591, -986.4576960779591, -994.206068633002, -994.206068633002], 
[-79.27727542311266, -604.2304371745226, -604.2304371745226, -671.8644915525799, -673.6976108516757, -878.2829265793375, -930.6472579945699, -930.6472579945699, -930.6472579945699, -936.5678748086959, -936.5678748086959, -936.5678748086959, -983.4520009447542, -983.4520009447542, -986.9696491579595, -986.9696491579595, -987.8205629826011, -990.0519888842531, -990.0519888842531, -990.643196958733], 
[1206.1944050246111, -562.9407055858441, -564.6317714160317, -564.6317714160317, -623.3449382783224, -623.3449382783224, -748.9809226060013, -790.3598993858201, -953.8711550777073, -953.8711550777073, -953.8711550777073, -955.6264289521544, -960.4874762281341, -976.7913130332154, -977.9415554565253, -978.7609600794729, -987.1588116807816, -987.1588116807816, -989.032740323206, -989.032740323206], 
[-321.82812863534036, -321.82812863534036, -759.2604823960269, -759.2604823960269, -799.5044927434499, -799.5044927434499, -799.5044927434499, -954.7344154150463, -954.7344154150463, -954.7363291911915, -962.7311549796129, -962.7311549796129, -962.7311549796129, -968.9433180089393, -972.7182832982203, -979.5272746423044, -987.6014462895204, -987.6014462895204, -987.6014462895204, -991.7800626489299], 
[565.837424276946, 483.94711707163674, 121.00861058430792, -119.39692642823059, -409.80145243421555, -793.4763327708629, -911.055648609011, -911.055648609011, -911.055648609011, -911.055648609011, -911.055648609011, -911.055648609011, -954.4189214240434, -975.556770557864, -976.5279601059805, -978.4878311435884, -983.1851652398046, -983.1851652398046, -988.230746750652, -989.9331211195132], 
[1109.3839758927884, -513.6224462337655, -513.6224462337655, -513.6224462337655, -784.9055060378698, -784.9055060378698, -785.2337464988805, -990.1359159983608, -990.1359159983608, -990.1359159983608, -990.1359159983608, -990.1359159983608, -990.1359159983608, -990.1359159983608, -992.232693715829, -992.232693715829, -992.9997311009259, -994.5716364533732, -994.5716364533732, -994.5716364533732], 
[33.42250409440885, -370.1577322353372, -779.1960225426909, -825.3206327154983, -909.218259745195, -909.218259745195, -909.218259745195, -909.218259745195, -911.9307939782321, -927.0563667576566, -927.0563667576566, -927.0563667576566, -971.663300116999, -976.4526207160226, -976.4526207160226, -990.0056411769225, -990.0056411769225, -990.0056411769225, -998.0210391508177, -998.0210391508177], 
[1190.7063985478835, 1190.0423202325564, -466.2739895816768, -610.4963991895811, -851.2776143866176, -896.999328876581, -896.999328876581, -896.999328876581, -896.999328876581, -929.8604460564422, -949.4125477203467, -974.3715717783898, -974.3715717783898, -974.3715717783898, -978.2280092943021, -978.2280092943021, -978.2280092943021, -993.0043606061544, -993.0043606061544, -993.0043606061544], 
[-479.1780637108478, -479.1780637108478, -786.2488798482937, -786.2488798482937, -901.5406614463162, -901.5406614463162, -901.5406614463162, -924.2636248351604, -966.0475726824775, -966.9472529332406, -966.9472529332406, -966.9472529332406, -968.9837014227418, -968.9837014227418, -987.7234141265633, -987.7234141265633, -993.1953186195522, -993.1953186195522, -993.1953186195522, -993.1953186195522], 
[750.5612634434774, 46.84376584261872, -497.6161585148745, -718.7574087943343, -874.7461901378416, -874.7461901378416, -874.7461901378416, -935.3258447440329, -935.3258447440329, -938.1367779676293, -938.1367779676293, -939.0382464517004, -984.7799771046186, -987.3737003011427, -987.3737003011427, -988.2049966855712, -988.2049966855712, -988.2049966855712, -988.2049966855712, -988.2049966855712], 
[-54.67791732597141, -821.6383712116924, -821.6383712116924, -821.7846882977631, -821.7846882977631, -821.7846882977631, -870.1485097007458, -873.5003789928477, -907.0295450159904, -945.8743342878007, -945.8743342878007, -945.8743342878007, -945.8743342878007, -945.8743342878007, -961.4015800946731, -967.8704651356678, -976.4824968074531, -976.8239443779261, -977.0998288779172, -977.0998288779172], 
[-422.0825891488927, -422.0825891488927, -575.6449469034685, -575.6449469034685, -840.0128444985296, -860.1229260779503, -860.1732204660632, -907.0312073145583, -912.7832778522479, -912.7832778522479, -913.482428042223, -938.1104319348259, -938.1104319348259, -938.1104319348259, -955.9385974828695, -962.7965753150818, -981.0786860949175, -981.0786860949175, -987.3072173992997, -989.4343913157632], 
[172.83140520475126, -753.4194248883168, -789.8123593471099, -885.3970219312773, -890.6208330155, -917.5532306098751, -917.5532306098751, -968.3775294011343, -968.3775294011343, -971.0766076460365, -971.0766076460365, -971.0766076460365, -971.0766076460365, -987.6404477860311, -987.6404477860311, -987.6404477860311, -988.4771673605148, -988.4771673605148, -988.4771673605148, -990.7816667971517], 
[-321.406057439401, -321.406057439401, -321.406057439401, -321.406057439401, -676.5721975410024, -839.6427020460067, -839.6427020460067, -935.8535006879109, -935.8535006879109, -935.8535006879109, -935.8535006879109, -969.7861066484617, -969.7861066484617, -981.9019949104406, -984.6445093939244, -984.6445093939244, -985.2954006688033, -985.2954006688033, -987.8143916986685, -996.065700198268], 
[-784.336029227815, -784.336029227815, -784.336029227815, -823.2373097418182, -823.2373097418182, -823.2373097418182, -905.5348797074032, -907.3865549913953, -907.3865549913953, -907.3865549913953, -913.9614438974038, -935.4576677713064, -950.4665321392487, -951.5144385979298, -955.9772104327184, -977.3529223266252, -977.3529223266252, -977.3529223266252, -977.5825955865868, -992.7492371567678], 
