[928.3690506590863, 928.3690506590863, -549.5625620634704, -549.5625620634704, -924.8635704923237, -924.8635704923237, -924.8635704923237, -924.8635704923237, -944.1866171588517, -944.1866171588517, -984.0459214304891, -984.0459214304891, -984.0459214304891, -984.0459214304891, -984.0459214304891, -984.0459214304891, -984.0459214304891, -984.0459214304891, -994.9075699456198, -995.0781652300336], 
[219.7391490900768, 214.55219814084558, -568.4101792785217, -568.4101792785217, -649.0779473156831, -835.9244108932204, -888.9386429459835, -969.3342835923687, -969.3342835923687, -969.3342835923687, -969.3342835923687, -969.3342835923687, -969.3342835923687, -969.3342835923687, -969.3342835923687, -970.3747766481798, -979.8478287978342, -979.8478287978342, -985.9731576366693, -989.2643517312822], 
[119.48992934955618, 118.05945550846195, -731.3955777057118, -731.3955777057118, -870.5172731532213, -903.7927409330766, -903.7927409330766, -903.7927409330766, -903.7927409330766, -923.1225948309941, -923.1225948309941, -987.3570176421823, -987.3570176421823, -987.3570176421823, -987.3570176421823, -987.3570176421823, -987.5237627368555, -987.5237627368555, -987.5237627368555, -993.2326747058344], 
[-461.5209513491816, -461.5209513491816, -898.1773463037551, -934.7231299252719, -957.0311721090951, -957.0311721090951, -958.0617758663335, -958.0617758663335, -958.0617758663335, -964.6874306208869, -964.6874306208869, -968.7380452709216, -968.7380452709216, -980.5490132265912, -980.5490132265912, -982.1739715336148, -990.0050365009109, -990.0050365009109, -991.0451880821097, -991.0451880821097], 
[94.38498612785702, -391.9131251043792, -698.708110330545, -907.7428577939905, -907.7428577939905, -907.7428577939905, -907.7428577939905, -923.4818875894979, -923.4818875894979, -936.2700550940367, -957.5487574763395, -957.5487574763395, -957.9267743191117, -976.10793826579, -976.10793826579, -994.4884601811049, -994.4884601811049, -994.4884601811049, -994.4884601811049, -995.127286295004], 
[-486.24049317746005, -648.7945173184211, -648.7945173184211, -648.7945173184211, -923.8022633466799, -937.8883083490605, -937.8883083490605, -937.8883083490605, -937.8883083490605, -937.8883083490605, -937.8883083490605, -937.8883083490605, -947.1049993217079, -969.2055993169799, -972.1246982040694, -972.1246982040694, -982.9949989422414, -992.8583051526523, -992.8583051526523, -992.8583051526523], 
[-316.35653585512966, -554.5772634393254, -659.3245852613591, -724.6415704750424, -724.6415704750424, -769.8311713571879, -955.9577878945134, -955.9577878945134, -975.450923632936, -975.450923632936, -981.2063555857965, -981.2063555857965, -981.2063555857965, -982.1374847614828, -982.1374847614828, -991.3945475545263, -991.5320783299863, -991.5320783299863, -991.5320783299863, -991.5320783299863], 
[-604.3690196677187, -604.3690196677187, -604.3690196677187, -604.3690196677187, -782.9098906205884, -837.8684371422274, -837.8684371422274, -947.8896237963908, -947.8896237963908, -947.8896237963908, -947.8896237963908, -954.9757189247895, -954.9757189247895, -957.9923306631905, -973.1528897119822, -987.0514842487885, -987.0514842487885, -987.0514842487885, -988.8661871629063, -991.8860167325462], 
[834.754840772328, 834.754840772328, -266.57359611125173, -916.5684399683663, -916.5684399683663, -916.5684399683663, -953.306810435378, -953.306810435378, -953.306810435378, -953.306810435378, -953.306810435378, -960.0957120632941, -960.0957120632941, -960.2039048533323, -961.5508329396356, -964.5117411696084, -979.363031330919, -986.7222494412752, -992.7514444939948, -993.4639596762039], 
[-183.66733973242913, -568.6059998242501, -568.6059998242501, -888.512346618106, -888.512346618106, -888.512346618106, -892.123405854551, -913.3912989970536, -919.4011409561635, -919.4011409561635, -947.6679259689223, -963.56448971258, -968.1348264333841, -973.5041128012232, -988.490380399773, -992.86223649, -992.86223649, -992.86223649, -992.9694019002893, -992.9694019002893], 
[401.1134050847563, -33.79145026947583, -192.05520331782213, -727.2253995982612, -727.2253995982612, -867.3368988502452, -938.6727654604202, -938.6727654604202, -938.6727654604202, -949.5546386894152, -965.537642830815, -966.2077689747105, -968.9005762371315, -973.4005947175062, -973.4005947175062, -978.2463345005058, -985.2553441399078, -987.0837780253706, -988.5018320882782, -989.6426017148344], 
[1196.1211130158817, -212.11241456301218, -393.2476488237046, -393.2476488237046, -456.6695087611147, -767.8078975450262, -767.8078975450262, -947.5343118385857, -947.5343118385857, -947.5343118385857, -947.5343118385857, -947.5343118385857, -947.5343118385857, -947.5343118385857, -947.5343118385857, -970.97249350273, -976.7578866022417, -996.4462527608491, -996.4462527608491, -996.4462527608491], 
[83.57890128229769, 83.57890128229769, 38.59088468050345, 36.52773746420462, -831.3570998060999, -831.3570998060999, -832.6116334631575, -953.7023262141322, -953.7023262141322, -953.7023262141322, -953.7023262141322, -971.4361244844976, -972.2103676539236, -972.2103676539236, -989.4742331830633, -989.4742331830633, -989.4742331830633, -989.4742331830633, -989.4742331830633, -989.4742331830633], 
[-889.4809257931241, -889.4809257931241, -889.4809257931241, -889.4809257931241, -897.4482352681832, -955.1399968728166, -956.1728345271436, -956.1728345271436, -956.1728345271436, -969.4565815223244, -988.7299433837711, -988.7299433837711, -988.7299433837711, -988.7299433837711, -988.7299433837711, -988.7299433837711, -988.7299433837711, -988.7299433837711, -991.1450066730821, -991.1450066730821], 
[-93.643449362507, -93.643449362507, -686.9167647852476, -686.9167647852476, -686.9167647852476, -702.6972338297297, -855.5749755250749, -855.5749755250749, -873.0903499366234, -892.872899634511, -948.2447660934397, -967.342614250281, -967.342614250281, -967.342614250281, -967.342614250281, -967.342614250281, -986.4423591959027, -986.4423591959027, -998.0485545597038, -998.0485545597038], 
[-175.6207144468924, -897.5046909951418, -897.5046909951418, -897.5046909951418, -897.5046909951418, -897.5046909951418, -897.5046909951418, -921.3913576933751, -921.3913576933751, -921.3913576933751, -939.3142378297671, -967.4720776549706, -967.4720776549706, -967.4720776549706, -967.4720776549706, -970.9793535688087, -975.0749523411108, -983.3849219339077, -988.3562417741692, -991.9279465205017], 
[-190.20968177070858, -311.1290121243188, -429.7517227227378, -630.3522456484604, -730.2991171507589, -785.6326482997437, -859.0516394819929, -859.0516394819929, -859.0516394819929, -912.0013121300055, -930.2279478189563, -940.5478304632344, -955.2184510418396, -971.789734341141, -975.170412953286, -975.170412953286, -975.170412953286, -989.0585565953967, -989.0585565953967, -989.9469517270558], 
[-463.2012449057769, -463.2012449057769, -463.2012449057769, -463.2012449057769, -583.5566725638129, -959.2101582315784, -959.2101582315784, -959.2101582315784, -959.2101582315784, -959.2101582315784, -959.2101582315784, -959.2101582315784, -973.3205912396533, -973.3205912396533, -973.3205912396533, -987.0971249433502, -987.0971249433502, -987.0971249433502, -988.1588499880405, -988.1588499880405], 
[-404.4564725689453, -581.486851816024, -718.5688041650144, -718.5688041650144, -718.5688041650144, -857.7737726261008, -857.7961570210387, -857.7961570210387, -923.9093306238595, -923.9093306238595, -956.7106203591984, -956.7106203591984, -956.7106203591984, -962.6546949151374, -969.0769011032718, -969.0769011032718, -969.0769011032718, -970.321493890915, -973.5166999352942, -989.6203913808657], 
[-174.22139961110656, -174.22139961110656, -534.4729592199496, -534.4729592199496, -629.2073809207247, -961.4825930291108, -961.4825930291108, -961.4825930291108, -961.4825930291108, -961.5813464996693, -963.9420216416067, -963.9420216416067, -963.9420216416067, -963.9420216416067, -976.3480225337024, -981.5532841009075, -981.5532841009075, -984.634845992383, -984.634845992383, -987.4221233488669], 
[-350.04839985836577, -350.04839985836577, -350.04839985836577, -836.2457677213607, -836.2457677213607, -836.2457677213607, -836.2457677213607, -836.2457677213607, -841.9419910048707, -900.4359735484626, -900.4359735484626, -900.4359735484626, -948.2236199195764, -948.2236199195764, -972.4315008833877, -972.4315008833877, -989.5083434545298, -989.5083434545298, -989.5083434545298, -989.5083434545298], 
[-438.9397494883136, -438.9397494883136, -629.6315745084064, -764.3046051912655, -764.3046051912655, -764.3046051912655, -764.3046051912655, -884.1036655635576, -937.3167408832751, -937.3167408832751, -960.3970957222833, -960.3970957222833, -960.3970957222833, -960.3970957222833, -994.059567543146, -994.059567543146, -994.059567543146, -994.059567543146, -994.5946846609528, -994.5946846609528], 
[808.711164557672, -396.19955339691467, -519.8877684576435, -519.8877684576435, -911.570742773951, -911.570742773951, -911.570742773951, -911.570742773951, -911.570742773951, -959.9964442995969, -959.9964442995969, -959.9964442995969, -959.9964442995969, -984.8404189851035, -984.8404189851035, -987.3598848851569, -987.3598848851569, -987.3598848851569, -987.3598848851569, -987.3598848851569], 
[-74.74999226626198, -393.54990951456443, -393.54990951456443, -870.6723258186128, -870.6723258186128, -870.6723258186128, -870.6723258186128, -973.2665554949607, -973.2665554949607, -973.2665554949607, -973.2665554949607, -973.2665554949607, -974.3475557549034, -975.7284417471761, -980.9710203436568, -980.9710203436568, -980.9710203436568, -982.8180368318083, -982.8180368318083, -987.8563702878114], 
[-540.6937498731484, -542.0740237549958, -910.3354101696259, -910.3354101696259, -910.3354101696259, -910.3354101696259, -910.3354101696259, -921.840155328271, -943.2947484666173, -961.8933725202045, -961.8933725202045, -978.3597427788529, -978.3597427788529, -981.0090425291203, -994.3551917103966, -994.3551917103966, -994.3551917103966, -994.3551917103966, -996.0031448317054, -996.0031448317054], 
[429.0105522888007, -223.55765625855224, -223.55765625855224, -300.56986202981193, -873.9257261254713, -958.9104078312093, -958.9104078312093, -958.9104078312093, -958.9104078312093, -958.9104078312093, -958.9104078312093, -958.9104078312093, -974.4502519254479, -975.5886995415232, -975.8660247098062, -983.0303101273793, -984.0761441802912, -984.0761441802912, -987.3431045332876, -988.764727310041], 
[-18.63100383361541, -257.96862103401804, -258.259770018946, -662.8125187709081, -856.0900865418752, -856.0900865418752, -886.4501332503362, -897.6718559164733, -914.8424646490224, -914.8424646490224, -923.4104196643643, -923.4104196643643, -931.8332990460759, -945.4533985502325, -970.3316313326967, -979.1383003566983, -979.1383003566983, -987.9386724158319, -987.9386724158319, -989.8145531960223], 
[31.317931970524114, 31.317931970524114, -699.1659343011131, -699.1659343011131, -762.8970645925183, -762.8970645925183, -762.8970645925183, -893.8327908480929, -921.6245366559742, -921.6245366559742, -967.4104983216115, -967.4104983216115, -967.4104983216115, -967.4104983216115, -968.9037561601557, -976.7690670848721, -976.7690670848721, -980.8648514199356, -992.7669940446949, -994.8111668028827], 
[-60.69717657480794, -211.17554842067943, -211.17554842067943, -907.5541182838839, -907.7989211163649, -907.7989211163649, -907.7989211163649, -907.7989211163649, -921.3646271459828, -921.3646271459828, -921.3646271459828, -956.7225111356455, -956.7225111356455, -977.4895891509751, -977.4895891509751, -983.3758887336259, -983.3758887336259, -983.3758887336259, -989.1635509280808, -989.1635509280808], 
[-664.4738402057924, -664.4738402057924, -664.4738402057924, -814.0311390336124, -814.0311390336124, -814.0311390336124, -887.596215120283, -894.735591935117, -937.763092819308, -937.763092819308, -948.392402879831, -948.392402879831, -964.1011429704165, -964.1011429704165, -978.2558274136256, -989.2169113253352, -995.7067244124102, -995.7067244124102, -995.7067244124102, -996.3405349816366], 
