[450.53671470494123, -444.23178922629484, -444.23178922629484, -627.7260950467758, -627.7260950467758, -787.0118747747063, -899.1037983778884, -899.1037983778884, -943.7443988451345, -943.7443988451345, -982.1795728557734, -982.1795728557734, -982.1795728557734, -982.1795728557734, -983.6793982006544, -984.3038432958372, -984.3038432958372, -985.1416174236413, -987.650629535246, -992.9807050085825], 
[570.2637419580531, 569.123391407576, 298.9566416192397, -559.8143076110856, -559.8143076110856, -719.4062937168998, -914.1003591982156, -914.1003591982156, -914.1003591982156, -914.1003591982156, -927.7863776538866, -927.7863776538866, -968.9860650629674, -969.5522292183117, -969.5522292183117, -988.0120668934262, -988.0120668934262, -988.0120668934262, -988.0120668934262, -988.0120668934262], 
[-129.21507559895656, -424.193784085945, -818.1193805469317, -818.1193805469317, -867.7393994685758, -874.3915108043163, -874.3915108043163, -874.3915108043163, -874.3915108043163, -912.3418791235633, -956.2098289400236, -956.2098289400236, -964.1791673590616, -977.3675515282381, -977.3675515282381, -977.3675515282381, -977.3675515282381, -977.456242800662, -981.1367850399694, -994.5744520336646], 
[253.35489718144527, -644.2770245176483, -644.2770245176483, -644.2770245176483, -644.2770245176483, -713.2527608259826, -814.2532039288577, -814.2532039288577, -913.0428407691743, -979.8480462300184, -979.8480462300184, -979.8480462300184, -979.8480462300184, -995.6418021170336, -995.6418021170336, -995.6418021170336, -995.6418021170336, -995.6418021170336, -995.6418021170336, -995.6418021170336], 
[-590.7057225054465, -590.7057225054465, -614.1966254485963, -715.9987914495299, -735.8249695579977, -936.2176038747314, -936.2176038747314, -942.8899384838103, -942.8899384838103, -942.8899384838103, -953.1789252507447, -953.1789252507447, -960.1550388448057, -972.0178201674202, -997.5258585596495, -997.5258585596495, -997.5258585596495, -997.5258585596495, -997.5258585596495, -997.5258585596495], 
[519.0694461359749, -759.629878820731, -759.629878820731, -759.629878820731, -759.629878820731, -853.054970436923, -873.700735041632, -939.7481157393871, -939.7481157393871, -939.7481157393871, -939.7481157393871, -959.2279600147397, -959.2279600147397, -966.0431409819658, -966.0431409819658, -966.0431409819658, -966.0431409819658, -980.4354409726283, -986.8059618992437, -986.8059618992437], 
[423.422966074716, 423.422966074716, 245.74577485306918, -290.9384354284059, -376.5995110504258, -826.884876984095, -828.2637340108747, -874.5364028346494, -874.5364028346494, -948.1069302901543, -948.1069302901543, -966.0847095108488, -976.6111007762404, -977.1696947636624, -977.1696947636624, -982.6684479944093, -982.6684479944093, -982.6684479944093, -984.4773171182906, -990.5083246554638], 
[-255.84661440291814, -255.84661440291814, -468.22330679904906, -697.1552106796894, -697.1552106796894, -770.1133075126118, -872.7318468036441, -872.7318468036441, -872.7318468036441, -899.2821310335863, -950.2405665728656, -956.1911306839024, -983.6927841440845, -983.6927841440845, -983.6927841440845, -988.160139121553, -988.160139121553, -989.7076972375878, -989.7076972375878, -990.3746499076655], 
[-357.5287925433198, -538.0927431010142, -538.0927431010142, -538.0927431010142, -538.0927431010142, -538.0927431010142, -884.8956224151094, -884.8956224151094, -884.8956224151094, -884.8956224151094, -935.9805886786589, -935.9805886786589, -952.9369418962475, -963.1809233513471, -980.4355848157053, -981.6854453786309, -981.6854453786309, -981.6854453786309, -983.2998604127172, -994.1142586159713], 
[-700.7473609680172, -700.7473609680172, -700.7473609680172, -700.7473609680172, -700.7473609680172, -700.7473609680172, -821.5225991408456, -821.5225991408456, -821.5225991408456, -864.4429491171911, -864.4429491171911, -972.5281634278393, -972.5281634278393, -974.8352149299511, -974.8352149299511, -979.023947170436, -980.6383342412466, -988.8519328154889, -988.8519328154889, -992.1105403023702], 
[-452.8185111347883, -452.8185111347883, -452.8185111347883, -596.2605181677352, -596.2605181677352, -659.8329651548866, -689.8070393244541, -901.0436952196667, -919.3053990697026, -919.3053990697026, -959.7378601928673, -962.5562318353603, -962.5562318353603, -962.5562318353603, -971.4436346177274, -983.8788660523006, -983.8788660523006, -983.8788660523006, -990.6239011184159, -990.6239011184159], 
[-715.3616949112832, -715.3616949112832, -715.3638591541509, -715.3638591541509, -827.8828749509706, -878.8480916175308, -902.0217714566401, -902.0217714566401, -902.0217714566401, -902.0217714566401, -902.0217714566401, -945.1496866665282, -945.4462273462574, -962.0511593315756, -968.074926815635, -968.074926815635, -968.074926815635, -978.8756056172423, -978.8756056172423, -988.5439282296255], 
[-135.33983532113052, -826.3048949831646, -826.3048949831646, -826.3048949831646, -826.3048949831646, -826.3048949831646, -887.3964698861869, -887.3964698861869, -887.3964698861869, -887.3964698861869, -924.5609934668568, -930.0662535795043, -943.3253613050397, -976.7636124746738, -976.7636124746738, -983.5517312573963, -983.5517312573963, -986.0438280881501, -989.5266592107558, -995.1551104901322], 
[-610.1931650572574, -610.1931650572574, -610.1931650572574, -610.1931650572574, -640.4941883138138, -781.1462600225382, -809.6538863612457, -880.6560780900661, -890.7493045273307, -930.4710201570077, -930.4710201570077, -930.4710201570077, -966.8424414275896, -981.1680183244672, -981.1680183244672, -989.6828185776526, -989.6828185776526, -989.6828185776526, -992.0068851465588, -992.0068851465588], 
[-502.1349093396375, -502.1349093396375, -582.1905807548756, -582.1905807548756, -778.423597137163, -860.6379664072347, -889.3309361756775, -889.3309361756775, -941.9736538373726, -941.9736538373726, -941.9736538373726, -968.4519833981136, -968.4519833981136, -968.4519833981136, -968.4519833981136, -978.2154950706944, -978.2154950706944, -978.2154950706944, -978.4490376587606, -992.6126266143633], 
[462.538114556937, -484.17729512207916, -484.17729512207916, -574.9042896910162, -576.5804330968091, -871.0935545513862, -871.0935545513862, -871.0935545513862, -871.0935545513862, -871.0935545513862, -871.0935545513862, -966.6346450247336, -966.6346450247336, -966.6346450247336, -976.9690305422772, -976.9690305422772, -976.9690305422772, -981.8954562880781, -987.7453501846809, -990.1441943704046], 
[-77.80381617595151, -621.6075498357292, -621.6075498357292, -621.6075498357292, -837.5887893861385, -837.5887893861385, -837.5887893861385, -860.6520470178399, -860.6520470178399, -955.7938103507879, -955.7938103507879, -955.7938103507879, -970.0812097577108, -970.0812097577108, -970.0812097577108, -970.0812097577108, -970.0812097577108, -970.0812097577108, -978.5200587848667, -985.0092940053296], 
[-482.80863078109803, -482.80863078109803, -710.662618021445, -710.662618021445, -710.662618021445, -805.733003090454, -950.6124431864039, -950.6124431864039, -950.6124431864039, -950.6124431864039, -957.7785976857172, -957.7785976857172, -957.7785976857172, -957.7785976857172, -961.7096662736948, -977.419544568645, -981.3305229323066, -987.5130086824923, -989.4996702062426, -994.0991182316972], 
[-359.15518489014596, -359.15518489014596, -585.0434301108365, -585.0434301108365, -585.0434301108365, -585.0434301108365, -894.0914998958469, -894.0914998958469, -894.0914998958469, -894.0914998958469, -894.0914998958469, -958.4881891512734, -958.8513555098342, -965.5893831068885, -966.6574782064866, -978.8814136928353, -987.2118239835885, -990.0834536493371, -990.0834536493371, -994.7917070823738], 
[703.4469627737919, -524.9515611862082, -591.2596208969742, -766.08778796037, -766.08778796037, -766.08778796037, -766.08778796037, -821.0466424646686, -958.8976894943584, -958.8976894943584, -958.8976894943584, -958.8976894943584, -958.8976894943584, -971.9891053972719, -979.8306636660495, -979.8306636660495, -983.6078345133006, -988.9537459460965, -990.6279593240214, -990.6279593240214], 
[1117.8390238283696, 251.19125087420002, 117.52386645196816, 117.52386645196816, -729.7467907485709, -856.8859231661186, -856.8859231661186, -856.8859231661186, -919.0552677904333, -919.0552677904333, -933.2870146704394, -968.3937879839646, -968.3937879839646, -968.3937879839646, -976.876890570418, -976.876890570418, -979.8416725797797, -989.1309669604137, -989.2391410699244, -989.2391410699244], 
[148.9155399642093, 148.9155399642093, -602.00098046217, -737.4499713069266, -838.6877368448831, -838.6877368448831, -901.8573446074806, -901.8573446074806, -995.4611272484127, -995.4611272484127, -995.4611272484127, -995.4611272484127, -995.4611272484127, -995.4611272484127, -995.4611272484127, -995.4936922358761, -995.4936922358761, -995.4936922358761, -995.4936922358761, -995.4936922358761], 
[-908.8353738661764, -908.8353738661764, -908.8353738661764, -908.8353738661764, -908.8353738661764, -919.6439057747017, -919.6439057747017, -945.8220252189064, -945.8220252189064, -945.8220252189064, -945.8220252189064, -955.3483341742789, -955.3483341742789, -987.1524439260191, -987.9464074250546, -987.9464074250546, -991.4259105883083, -991.4259105883083, -991.4259105883083, -992.8228444464215], 
[-491.0893645523224, -491.0893645523224, -827.2492600203005, -827.2492600203005, -844.9584771004611, -844.9584771004611, -907.3537773311675, -907.3537773311675, -907.3537773311675, -907.3537773311675, -981.1858579885529, -981.1858579885529, -981.1858579885529, -981.1858579885529, -981.1858579885529, -981.1858579885529, -990.9895437244103, -990.9895437244103, -990.9895437244103, -995.5639466981853], 
[722.2410127946137, 98.22572007758049, -763.650105362248, -763.650105362248, -896.6789253803997, -903.1061884203975, -907.286652391987, -907.286652391987, -907.286652391987, -963.3542343537775, -963.3542343537775, -963.3542343537775, -963.3542343537775, -963.3542343537775, -968.6341836158578, -985.7919084032973, -985.7919084032973, -986.6799733485548, -989.1326489631415, -991.5387575224954], 
[-439.19542102425794, -439.19542102425794, -489.953989148149, -550.1011828323426, -550.1011828323426, -550.1011828323426, -550.1011828323426, -867.0972295440787, -867.0972295440787, -958.3037870307236, -958.3037870307236, -958.3037870307236, -958.3037870307236, -958.3037870307236, -961.1908029870697, -995.1164180216899, -995.1164180216899, -995.1164180216899, -995.1164180216899, -995.1164249250297], 
[18.731337222176535, -865.91282918875, -865.91282918875, -865.91282918875, -865.91282918875, -922.9192062343552, -922.9192062343552, -958.7391177122297, -958.7391177122297, -958.7391177122297, -958.7391177122297, -964.8650216134126, -964.8650216134126, -983.3844585302327, -983.3844585302327, -984.5880984995827, -989.7438902443051, -990.9535247316693, -990.9535247316693, -993.3234823798329], 
[243.69064772264278, -279.8977131939413, -806.6757258071475, -806.6757258071475, -806.6757258071475, -806.6757258071475, -806.6757258071475, -806.6757258071475, -917.0746937990724, -917.6148579779875, -934.396953995802, -955.8500847519173, -955.8500847519173, -956.4466311650611, -975.8229402099645, -975.8229402099645, -980.6873411485568, -988.6878989465329, -990.0453099548406, -990.1232379772954], 
[-826.1780330741552, -826.6226853938948, -826.6226853938948, -826.6226853938948, -831.8025500297201, -859.9625789490187, -859.9625789490187, -923.2800656708228, -946.419599425812, -946.419599425812, -949.0851721212623, -962.5928672423846, -974.1684994432484, -974.1684994432484, -974.4278840964791, -979.6964713962437, -980.7845503881396, -985.3804312999555, -985.3804312999555, -993.6508282326054], 
[-463.60789427920906, -463.60789427920906, -529.6206457631212, -626.5928631777409, -626.5928631777409, -739.6508524898934, -794.2681461838367, -889.4626558555109, -903.6327844092189, -903.6327844092189, -903.6327844092189, -951.0772365213777, -957.2533806186635, -957.2533806186635, -968.48285057783, -975.8853170327496, -975.8853170327496, -979.6903566864568, -979.6903566864568, -989.7917635272731], 
