[-264.2294397130106, -264.2294397130106, -289.6686758677987, -646.7897848919345, -648.110379955082, -782.6862957747547, -962.1934645615464, -962.1934645615464, -962.1934645615464, -962.1934645615464, -962.1934645615464, -962.1934645615464, -962.1934645615464, -962.283129839537, -962.283129839537, -974.5173155355343, -974.5173155355343, -992.3159507498224, -992.3159507498224, -992.3159507498224], 
[-866.3732313976873, -866.3732313976873, -866.3732313976873, -866.3732313976873, -866.3732313976873, -866.3732313976873, -866.3732313976873, -894.7461266704227, -935.1225235145755, -935.1225235145755, -935.1225235145755, -935.1225235145755, -954.7525120509729, -954.7525120509729, -956.8703399784445, -972.136897386852, -977.958122585092, -987.4896453273054, -987.4896453273054, -987.9545571539189], 
[-670.8589437378204, -690.6479626287353, -692.3076719778046, -692.3076719778046, -878.6209305801676, -878.6209305801676, -892.1288733472015, -907.1868609817836, -907.1868609817836, -923.1930289236101, -926.1581572240763, -935.0543799334802, -962.6904977851038, -962.6904977851038, -962.6904977851038, -971.5577283016047, -978.5732735453822, -988.7760540686897, -988.7760540686897, -989.7706255482739], 
[-314.1783387810276, -385.3875369779927, -385.3875369779927, -642.126297607992, -666.918313016634, -666.918313016634, -835.1166032857823, -916.1815586293733, -916.1815586293733, -921.8605567723249, -958.8784330586208, -961.5007416280148, -961.5007416280148, -961.5007416280148, -963.0240976648498, -968.0461157127675, -985.2533705136086, -985.2533705136086, -989.4790668168215, -993.8719368104099], 
[-650.9142736365321, -650.9142736365321, -652.0244255503242, -737.8529000605927, -737.8529000605927, -818.4389557394052, -818.4389557394052, -818.4389557394052, -818.4389557394052, -912.2810473363875, -920.4264137088867, -968.0330228980531, -981.5632284088857, -981.6863494035347, -981.6863494035347, -981.6863494035347, -981.6863494035347, -981.6863494035347, -988.9195209498602, -993.6967662404062], 
[321.5690039881256, -372.68348172763933, -452.13389166599984, -748.0001357289345, -748.0001357289345, -927.4558408695327, -927.4558408695327, -927.721495229148, -933.5972827758832, -933.5972827758832, -933.5972827758832, -981.0683729247672, -981.0683729247672, -990.8091524489906, -990.8091524489906, -990.8091524489906, -990.8091524489906, -990.8091524489906, -990.8091524489906, -990.8091524489906], 
[-723.1016688968406, -723.1016688968406, -723.1016688968406, -723.1016688968406, -723.1016688968406, -723.1016688968406, -723.1016688968406, -924.3113501456189, -924.3113501456189, -938.828259819129, -938.828259819129, -938.828259819129, -946.3096854227098, -946.3096854227098, -946.3096854227098, -990.648218875263, -990.648218875263, -995.3343315574108, -995.3536662675479, -995.3536662675479], 
[-157.2001673164009, -158.0166900305702, -659.9745289800735, -659.9745289800735, -771.3821405104611, -771.3821405104611, -863.500723205947, -863.500723205947, -863.500723205947, -926.9933091204759, -926.9933091204759, -926.9933091204759, -963.4236098285713, -971.613295027233, -971.613295027233, -971.613295027233, -984.7005408596834, -985.1804191088719, -987.4684462820636, -989.4234897121353], 
[-296.18366019044777, -574.3168095578004, -574.3168095578004, -666.403489406409, -828.5240040469088, -852.0930036077414, -852.0930036077414, -852.0930036077414, -866.2333985211006, -894.7358246161511, -894.7358246161511, -961.6315821266703, -961.6315821266703, -983.6862224719963, -993.3776867837599, -993.3776867837599, -993.923885073688, -993.923885073688, -995.4705653809218, -995.4705653809218], 
[-348.0581509915489, -730.9422491221281, -730.9422491221281, -730.9422491221281, -846.879632313329, -908.4506790655719, -922.0028540693799, -922.0028540693799, -922.0028540693799, -922.0028540693799, -939.761766756083, -952.1889098097491, -952.1889098097491, -964.4720714448345, -967.4553867000773, -974.8674506730135, -975.1169951400303, -979.4231576232169, -987.2850304573119, -989.5731491091482], 
[-665.6082705373406, -665.6082705373406, -680.3265491942593, -680.3265491942593, -680.3265491942593, -893.0378667881077, -895.7769573223619, -895.7769573223619, -895.7769573223619, -918.0509876893545, -918.0509876893545, -941.421539223362, -941.421539223362, -941.421539223362, -973.887920842378, -994.5486277703595, -994.5486277703595, -994.5486277703595, -994.5486277703595, -994.5486277703595], 
[-568.4080591106125, -568.4080591106125, -704.790266478766, -769.2919316901864, -769.2919316901864, -849.6016651912314, -849.6016651912314, -901.2918653975044, -901.2918653975044, -918.971428956037, -927.6634716331533, -950.832076342633, -950.832076342633, -967.7436470841718, -997.2102633882682, -997.2102633882682, -997.2102633882682, -997.2102633882682, -997.2102633882682, -997.2102633882682], 
[-384.20841735926854, -384.20841735926854, -384.3698251576741, -486.4873779297901, -644.7785168450775, -793.3794623285278, -958.2949313428348, -958.2949313428348, -958.2949313428348, -958.2949313428348, -958.2949313428348, -958.2949313428348, -958.2949313428348, -958.2949313428348, -958.2949313428348, -967.1210143157515, -967.1210143157515, -977.8278845526165, -989.0669791344051, -989.0669791344051], 
[-773.6774317638656, -773.6774317638656, -773.6774317638656, -773.6774317638656, -773.6774317638656, -930.9414584998729, -930.9414584998729, -930.9414584998729, -933.5356038670963, -933.5356038670963, -933.5356038670963, -933.5356038670963, -933.5356038670963, -950.2358142850366, -974.9995876950644, -974.9995876950644, -977.3613602891234, -978.8999192242441, -981.0606979949744, -981.0606979949744], 
[2466.813381791446, -638.2382075339733, -831.3857270777723, -909.0929192527259, -909.0929192527259, -909.0929192527259, -923.5803309514243, -923.5803309514243, -923.5803309514243, -923.5803309514243, -969.571223475014, -969.571223475014, -969.571223475014, -969.571223475014, -973.0265858644901, -980.701925291006, -984.3261523673686, -987.1353724412962, -987.5439892875486, -991.347543376444], 
[-720.4035244373617, -859.445894837206, -877.3147981527118, -893.4934008107576, -893.4934008107576, -893.4934008107576, -893.4934008107576, -899.9444755897711, -934.0131989809788, -940.7646930543439, -958.5902129058375, -958.5902129058375, -958.5902129058375, -958.5902129058375, -965.894260327609, -977.8521521117843, -977.8521521117843, -986.5013665218582, -986.5013665218582, -989.0962606690598], 
[48.31233853132517, 48.31233853132517, 48.31233853132517, -577.1306150838257, -577.1306150838257, -608.2980313226097, -608.2980313226097, -846.0139110666823, -917.3678973980866, -939.1066913564641, -941.7599247409313, -941.7599247409313, -947.6868837017936, -948.3408871134151, -948.3408871134151, -957.1869188039382, -975.5663258021718, -984.3127192239723, -984.3127192239723, -994.3267987679203], 
[840.875180535691, -812.0183395404722, -812.0183395404722, -812.0183395404722, -812.0183395404722, -846.2702857054804, -877.8934570310064, -877.8934570310064, -877.8934570310064, -894.8765452116081, -894.8765452116081, -901.7254723319437, -941.5896799626822, -941.5896799626822, -957.2393319420041, -974.1208036518157, -974.1208036518157, -984.3146983181958, -987.0874177345838, -988.8888090843709], 
[-11.380190042354798, -336.66308698926207, -687.6606860480058, -802.9231081658829, -802.9231081658829, -940.8049915957096, -940.8049915957096, -940.8049915957096, -954.1344001565607, -954.1344001565607, -954.1344001565607, -954.1344001565607, -954.1344001565607, -962.0175993064736, -962.0175993064736, -969.1184005397904, -979.8854411912351, -979.8854411912351, -992.2098369746464, -992.2098369746464], 
[-214.83769872752202, -332.31216023694685, -332.31216023694685, -506.7637637806405, -506.7637637806405, -653.0028611299263, -776.429474695727, -818.545761538088, -865.9021216620508, -911.4744191086322, -911.4744191086322, -960.237946609618, -960.237946609618, -960.237946609618, -960.237946609618, -969.3012245132712, -988.9861276191853, -990.1022431426418, -990.1022431426418, -990.1022431426418], 
[-699.9964762639601, -700.2452698978975, -700.2452698978975, -700.2452698978975, -797.7616272545886, -797.7616272545886, -797.7616272545886, -839.059716118627, -839.059716118627, -888.0110939040337, -909.1567670348333, -916.6889681835232, -976.6720715890439, -976.6720715890439, -976.6720715890439, -988.8578107791398, -989.210977502485, -989.210977502485, -992.5037866538416, -992.5037866538416], 
[34.54864450032778, 34.54864450032778, 29.58701951340231, -642.1221225359955, -642.1221225359955, -880.5238811065913, -910.6662732687568, -910.6662732687568, -917.4630118521717, -955.3783362384698, -955.3783362384698, -978.4326641767013, -978.4326641767013, -978.4326641767013, -978.4326641767013, -990.7105972710283, -990.7105972710283, -991.0648672361623, -991.0648672361623, -993.7649526433842], 
[116.34017364348756, -329.47633240751577, -329.47633240751577, -721.7749784418208, -895.0413470708091, -895.0413470708091, -908.442712497032, -908.442712497032, -908.442712497032, -973.7463350516532, -973.7463350516532, -973.7463350516532, -983.1625239945598, -983.1625239945598, -983.1625239945598, -988.9520962094255, -988.9520962094255, -988.9520962094255, -988.9520962094255, -989.7524878370377], 
[-669.1156113675345, -669.1156113675345, -681.0524800784882, -829.980419344935, -829.980419344935, -834.0152129149662, -834.0152129149662, -938.4942948806278, -980.5227510068167, -980.5227510068167, -980.5227510068167, -980.5227510068167, -980.5227510068167, -980.5227510068167, -980.5227510068167, -980.5227510068167, -990.7511727825889, -990.7511727825889, -990.7511727825889, -990.7511727825889], 
[-486.093614975406, -688.2638806273706, -753.6422196076558, -753.6422196076558, -899.4965998669171, -899.5011287752641, -912.1116111441052, -912.1116111441052, -964.3652588107952, -964.3652588107952, -964.3652588107952, -964.3652588107952, -964.3652588107952, -974.5821263889127, -980.3681780705617, -980.3681780705617, -980.3681780705617, -980.3681780705617, -981.9265917721765, -982.251187320595], 
[452.21722945954, 452.21722945954, -362.4583629918251, -362.4583629918251, -632.5929813260664, -926.828298946892, -926.828298946892, -926.828298946892, -926.828298946892, -954.7432517609615, -973.44207605956, -973.44207605956, -973.44207605956, -973.44207605956, -973.44207605956, -991.5726060790664, -991.5726060790664, -991.5726060790664, -991.5726060790664, -991.5726060790664], 
[256.15549679194964, -770.978560407441, -770.978560407441, -947.9821641510043, -947.9821641510043, -947.9821641510043, -965.5925140767623, -969.1738587328294, -969.1738587328294, -969.1738587328294, -971.4336086673487, -975.2582415481384, -975.2582415481384, -975.2582415481384, -975.2582415481384, -990.4808497897044, -990.4808497897044, -990.4808497897044, -991.3275694412974, -991.3275694412974], 
[-142.71168290534126, -653.6653817608874, -653.6653817608874, -653.6653817608874, -653.6653817608874, -815.4933312798278, -882.3371864076056, -882.3371864076056, -882.3371864076056, -919.0289128059574, -919.0289128059574, -963.0504799454113, -963.0504799454113, -963.0915839840155, -963.0915839840155, -975.3522500751436, -986.4704317182985, -986.4704317182985, -997.3686980641902, -997.3686980641902], 
[278.2249781350663, 278.2249781350663, -511.1468980015093, -511.1468980015093, -705.8826653992737, -705.8826653992737, -928.851362327393, -928.851362327393, -928.851362327393, -957.1425637496211, -957.1425637496211, -971.4685407406204, -986.1090932958168, -986.1090932958168, -986.1090932958168, -986.1090932958168, -986.1090932958168, -986.9119243186904, -986.9119243186904, -988.7655256336345], 
[-14.693506786961507, -227.81382568238848, -227.81382568238848, -720.006478344239, -720.006478344239, -729.2362797559889, -936.504921580567, -936.504921580567, -936.504921580567, -936.504921580567, -943.9521371172913, -951.9443426014373, -951.9443426014373, -977.5567766777083, -977.5567766777083, -977.5567766777083, -977.5567766777083, -982.4451254195847, -987.3981996973041, -993.6806174882342], 
