[-28.790319186444094, -49.66121247686692, -203.1715091542767, -507.76121727300307, -507.76121727300307, -714.8039213714997, -782.796320895361, -906.119184344878, -965.3549037280543, -965.3549037280543, -965.3549037280543, -965.3549037280543, -969.354349614306, -975.2496817029819, -975.2496817029819, -975.2496817029819, -981.590045890912, -987.1949925619697, -987.1949925619697, -987.1949925619697], 
[-671.9576916583648, -671.9576916583648, -688.7978380405173, -688.7978380405173, -688.7978380405173, -769.6475613095441, -878.2078120256901, -919.7990928343593, -922.8147999421757, -922.8147999421757, -938.085461694276, -951.183322419931, -981.728363094443, -981.728363094443, -982.7018833502892, -982.7018833502892, -985.3997449494137, -990.113798010544, -990.113798010544, -990.113798010544], 
[-436.2607658419728, -436.2607658419728, -468.4033388391573, -468.4033388391573, -809.645109196075, -809.645109196075, -809.645109196075, -946.7884718607489, -946.7884718607489, -946.7884718607489, -946.7884718607489, -946.7884718607489, -996.4920536506459, -996.4920536506459, -996.4920536506459, -996.4920536506459, -996.4920536506459, -996.4920536506459, -996.4920536506459, -996.4920536506459], 
[-560.2123146510396, -560.2123146510396, -560.2123146510396, -560.2123146510396, -702.7079527263013, -702.7079527263013, -706.7772533805626, -790.4522437737778, -900.6759833912674, -900.6759833912674, -938.0703006103026, -938.0703006103026, -947.3508738295898, -979.8836476283316, -979.8836476283316, -982.2035233216567, -982.2035233216567, -982.2035233216567, -988.8106929496815, -995.5161612310278], 
[445.28341479152914, -348.6210050434504, -617.6147026807523, -617.6147026807523, -617.6147026807523, -730.4029686741347, -772.5849025003306, -783.2478101930308, -864.2191428563517, -930.1657484697507, -934.7801164313105, -934.7995498423749, -969.2350625620975, -969.2350625620975, -969.2350625620975, -971.8131475257372, -986.7317226499911, -986.7317226499911, -986.7317226499911, -989.3941410441603], 
[-635.9355229430756, -635.9355229430756, -635.9355229430756, -876.1670095964591, -876.1670095964591, -876.1670095964591, -876.1670095964591, -876.1670095964591, -950.4021903300863, -950.4021903300863, -950.4021903300863, -961.3803787027666, -965.552768749628, -965.552768749628, -981.7582866571865, -992.2686662466542, -992.2686662466542, -992.2686662466542, -992.2686662466542, -993.3216026049496], 
[-249.36867486808637, -266.1683469722218, -647.7066644607912, -647.7066644607912, -833.1160499398117, -833.1160499398117, -833.1160499398117, -833.1160499398117, -858.9350304996658, -958.3323901663822, -958.3323901663822, -962.7351284153694, -962.7351284153694, -962.7351284153694, -968.8523444624233, -993.0028344945221, -993.0028344945221, -995.3860947814239, -995.3860947814239, -996.7219000658811], 
[-364.9901821694591, -483.6829665810625, -483.6829665810625, -501.03950357402306, -780.0089646361295, -817.0450716071707, -826.7843027528764, -826.7843027528764, -881.9142471763893, -955.2737622944321, -955.2737622944321, -955.2737622944321, -955.2737622944321, -973.8129007147351, -973.8129007147351, -974.0503260710966, -977.087283126037, -977.087283126037, -986.4584086779203, -993.0760579965029], 
[-468.87983021937123, -533.2304836268427, -533.2304836268427, -649.0498426930092, -649.0498426930092, -697.2066513328757, -864.7731347509814, -908.8627173627278, -908.8627173627278, -943.1077328449297, -943.1077328449297, -943.1077328449297, -955.1518535983299, -972.8991448337539, -972.8991448337539, -976.8816715105158, -981.621622581977, -983.8525673309362, -989.8602558259049, -989.9090004065], 
[-687.7187717454259, -740.5946242921832, -740.5946242921832, -753.9275399764501, -806.3430263738285, -908.2732894935027, -908.2732894935027, -908.2732894935027, -926.4574234851829, -935.8536391349338, -971.4655731929852, -971.4655731929852, -971.4655731929852, -971.4655731929852, -971.4655731929852, -971.4655731929852, -979.596651814192, -984.8446487582786, -993.6644059701813, -993.6644059701813], 
[72.01988126507808, -505.95818603259653, -779.5510192812867, -793.0539954934779, -793.0539954934779, -793.0539954934779, -858.6409085553425, -875.7839457235959, -875.7839457235959, -905.3221769775745, -906.5466782548294, -947.3097431941685, -954.1972308796522, -974.2313281069298, -981.7171590751595, -985.5622468167926, -986.6909971322608, -986.6909971322608, -986.8191452816716, -986.8191452816716], 
[-704.0823653438564, -704.0823653438564, -704.0823653438564, -719.0609856475912, -719.0609856475912, -773.0421367787628, -909.7241202021372, -926.7015593180065, -926.7015593180065, -926.7015593180065, -938.6552428825349, -939.4739884292907, -982.7088657055842, -982.7088657055842, -993.473116895364, -993.473116895364, -993.473116895364, -993.473116895364, -995.0204337729796, -996.2241037324166], 
[127.90602967578934, 127.90602967578934, -702.6710934604018, -702.6710934604018, -702.6710934604018, -702.6710934604018, -702.6710934604018, -865.041008205509, -908.811280149138, -908.811280149138, -962.4826164052101, -980.1572165298267, -986.5560069972261, -986.5560069972261, -986.5560069972261, -986.5560069972261, -986.5560069972261, -986.5560069972261, -986.5560069972261, -987.7277671327914], 
[-62.4600459511347, -667.313039591392, -667.313039591392, -667.313039591392, -928.3341414074016, -928.3341414074016, -930.2602219536045, -930.2602219536045, -930.2602219536045, -930.2602219536045, -930.2602219536045, -948.3147975261547, -948.3147975261547, -980.9276279122216, -980.9276279122216, -994.7441928758342, -994.7441928758342, -994.7441928758342, -994.7441928758342, -994.7441928758342], 
[-347.5768121565545, -347.5768121565545, -347.5768121565545, -347.5768121565545, -630.1294812708921, -660.8434278860386, -871.5896975810485, -886.084009544848, -907.8642353469364, -907.8642353469364, -919.0120578266093, -919.0120578266093, -941.6002202589293, -977.1419931952267, -977.1419931952267, -977.1419931952267, -990.2911066076482, -990.5498578055777, -990.5498578055777, -990.5498578055777], 
[-226.2614109899472, -226.2614109899472, -586.6428142448069, -586.6428142448069, -586.6428142448069, -586.6428142448069, -813.7354261988289, -828.4545131289492, -883.0179495395314, -931.6524912890567, -931.6524912890567, -968.5461937954401, -968.5461937954401, -993.6553442144921, -993.6553442144921, -993.6553442144921, -993.6553442144921, -993.6553442144921, -993.7088509399372, -993.7088509399372], 
[704.6432960392997, -336.11270791275876, -336.11270791275876, -887.1667415135355, -887.1667415135355, -887.1667415135355, -948.6046965241674, -948.6046965241674, -948.6046965241674, -948.6046965241674, -949.2484284182058, -976.2721361840987, -976.2721361840987, -977.2388930161634, -977.2388930161634, -977.2388930161634, -986.7643071582047, -986.7643071582047, -986.7643071582047, -990.8291052041553], 
[176.98127752487403, -443.33632509451354, -814.4506586551888, -939.8416242768736, -939.8416242768736, -939.8416242768736, -939.8416242768736, -939.8416242768736, -939.8416242768736, -953.2427489914379, -953.2427489914379, -953.2427489914379, -953.2427489914379, -970.3550505902946, -970.3550505902946, -970.3550505902946, -975.990801901843, -984.6968595710788, -984.6968595710788, -991.5223221399962], 
[-348.75917147953487, -348.75917147953487, -564.0742307187827, -564.0742307187827, -661.5713612729758, -943.4244221532091, -943.4244221532091, -979.9482271455714, -979.9482271455714, -979.9482271455714, -979.9482271455714, -979.9482271455714, -979.9482271455714, -979.9482271455714, -989.6220267995741, -989.6220267995741, -989.6220267995741, -989.6220267995741, -989.6220267995741, -989.6322622770313], 
[46.25112754217662, -578.9698852446985, -827.5454435285593, -827.5454435285593, -827.5454435285593, -846.371422370294, -846.371422370294, -871.8026227078727, -920.1074884424338, -920.1074884424338, -976.5361023651609, -976.5361023651609, -976.5361023651609, -976.5361023651609, -976.5361023651609, -984.7896599446235, -984.7896599446235, -984.7896599446235, -986.2140852039192, -990.9539308748192], 
[-712.4873230819838, -712.4873230819838, -802.5408978460302, -802.5408978460302, -929.5399386446634, -930.3174737874923, -930.3174737874923, -949.9642572393169, -949.9642572393169, -978.7957864331026, -978.7957864331026, -978.7957864331026, -978.7957864331026, -978.7957864331026, -979.2495324671911, -989.8536774470394, -989.8536774470394, -990.6259756219456, -990.6259756219456, -992.6307586768219], 
[2046.7982938901591, -247.40195903880488, -806.5256471693256, -806.5256471693256, -909.4271639026302, -909.4271639026302, -954.5422447174918, -954.5422447174918, -978.3033309547898, -978.3033309547898, -978.3033309547898, -978.3033309547898, -978.3033309547898, -978.3033309547898, -982.4404883865728, -982.4404883865728, -986.4530600748238, -986.4530600748238, -987.2241946732322, -988.4314092009539], 
[281.8803035954777, -748.615089249311, -748.615089249311, -748.615089249311, -946.0947934767305, -961.5126120428789, -961.5126120428789, -974.800864568947, -974.800864568947, -980.6679814467402, -980.6679814467402, -980.6679814467402, -980.6679814467402, -980.6679814467402, -987.9596428951638, -987.9607142966028, -987.9607142966028, -989.8541846844961, -990.9033354047867, -990.9033354047867], 
[-179.20335865193294, -179.20335865193294, -854.394972013413, -854.394972013413, -854.394972013413, -854.394972013413, -854.394972013413, -854.394972013413, -909.1530374603127, -919.3106159454763, -956.5066726783178, -956.5066726783178, -987.2485377628187, -987.2485377628187, -987.2485377628187, -987.2485377628187, -987.905507534016, -987.905507534016, -987.905507534016, -987.905507534016], 
[91.87694644756743, -9.35784113853174, -434.6699675908435, -434.6699675908435, -467.5209816696806, -467.5209816696806, -537.2677735158879, -797.4875859339827, -802.8887935031612, -926.6805484913052, -926.6805484913052, -935.7761067779591, -935.7761067779591, -985.1748511574805, -985.1748511574805, -985.1748511574805, -985.1748511574805, -985.1748511574805, -985.677308638853, -985.677308638853], 
[-109.05182039486738, -109.05182039486738, -109.05182039486738, -628.2096913271607, -628.2096913271607, -824.3414943188421, -890.8451451471452, -932.0165998752412, -963.8534330029465, -963.8534330029465, -963.8534330029465, -963.8534330029465, -976.1122276473279, -976.1122276473279, -976.1122276473279, -976.1122276473279, -985.2507300705447, -991.2944952293277, -991.2944952293277, -993.5870639478254], 
[109.70915895743838, -33.974186392570346, -33.974186392570346, -513.3555946451211, -629.6523716349684, -754.6505550668323, -754.6505550668323, -897.4401740503887, -930.3524299261002, -930.3524299261002, -940.900257252718, -953.882533030083, -990.1021560348253, -990.1021560348253, -990.1021560348253, -990.1021560348253, -990.1640526664065, -990.1640526664065, -990.1742390208037, -990.1742390208037], 
[-817.9139334637057, -817.9139334637057, -817.9139334637057, -817.9139334637057, -934.8314660706615, -934.8314660706615, -934.8314660706615, -934.8314660706615, -934.8314660706615, -935.0228827516344, -935.0228827516344, -978.0958019574435, -978.0958019574435, -983.431555699845, -983.431555699845, -983.431555699845, -983.431555699845, -983.431555699845, -985.2000981013649, -985.2000981013649], 
[-14.790572264610773, -211.85374522607003, -441.2972770071882, -441.2972770071882, -441.2972770071882, -877.789412056544, -880.6598557431037, -880.6598557431037, -882.5689423732578, -903.7070462252359, -903.7070462252359, -920.3723899571222, -942.7096802241906, -947.3301199179508, -947.3301199179508, -966.5064870123864, -966.5064870123864, -977.8636411712826, -977.8636411712826, -989.038792691054], 
[-422.22979808484035, -520.6971428609879, -932.7674497183524, -932.7674497183524, -932.7674497183524, -932.7674497183524, -932.7674497183524, -932.7674497183524, -939.1803499782935, -939.1803499782935, -967.868804883371, -969.3878651215688, -969.3878651215688, -969.3878651215688, -969.3878651215688, -970.9287203241631, -972.4505152533424, -983.7060177971259, -983.7060177971259, -988.4735194828556], 
