[-842.7269011057031, -842.7269011057031, -842.7269011057031, -964.6366068677027, -966.0713890907688, -966.0713890907688, -966.0713890907688, -966.0713890907688, -966.0713890907688, -966.5496391412822, -966.5496391412822, -966.5496391412822, -968.8788393815397, -968.8788393815397, -977.0064307528426, -977.0064307528426, -987.7397376954038, -990.0005326037726, -990.0005326037726, -993.0145164099663], 
[399.951292656144, -766.9133205656582, -766.9133205656582, -766.9133205656582, -789.3327299781132, -789.3327299781132, -937.1803852933302, -937.1803852933302, -937.1803852933302, -943.5719302332034, -943.5719302332034, -958.2611274518493, -974.5718663766785, -974.5718663766785, -974.5718663766785, -974.6493709379756, -978.929982446956, -985.9756921998589, -985.9756921998589, -987.341273261788], 
[155.8481619594354, 84.62913644063224, -823.2367325396779, -823.2367325396779, -823.2367325396779, -843.1398794714532, -843.1398794714532, -962.8000270073359, -962.8000270073359, -962.8000270073359, -963.8767487083953, -963.8767487083953, -963.8767487083953, -969.3860491236902, -969.3860491236902, -977.6482456394502, -977.6482456394502, -984.4914927832307, -988.0033768727649, -988.7903330239675], 
[-326.3732499511806, -781.7718398924904, -781.7718398924904, -785.9280583098671, -846.6894060464932, -862.9494312989841, -888.4447092739997, -888.4447092739997, -888.4447092739997, -900.4925475343043, -971.4772299152763, -972.9585439734286, -991.9611139676826, -991.9611139676826, -991.9611139676826, -991.9611139676826, -991.9611139676826, -994.4227048351062, -997.9539220957851, -997.9539220957851], 
[-473.4985883974899, -539.3435838302871, -539.3435838302871, -675.7007399371968, -675.7007399371968, -762.263452506581, -883.6338952720369, -889.3016199246149, -889.3016199246149, -889.3016199246149, -946.0576010444877, -946.0576010444877, -964.0912506155171, -974.575268184821, -974.575268184821, -983.6992975650162, -992.1676320925638, -992.1676320925638, -992.1676320925638, -992.1676320925638], 
[-424.27699344431073, -424.27699344431073, -633.1150884457818, -822.9395307350071, -870.6528600998465, -870.6528600998465, -870.6528600998465, -892.1282133540245, -892.1282133540245, -920.7377625742522, -920.7377625742522, -964.6176063405703, -964.6176063405703, -979.9041828280265, -979.9041828280265, -979.9041828280265, -982.7183008233923, -982.7183008233923, -983.3081702598421, -984.4307909011976], 
[217.351280842405, 217.351280842405, -296.4680747772869, -853.2500299078076, -929.6756919322754, -929.6756919322754, -929.6756919322754, -929.6756919322754, -931.7149759515995, -931.7149759515995, -931.7149759515995, -988.6625515232341, -988.6625515232341, -988.6625515232341, -988.6625515232341, -988.6625515232341, -988.6625515232341, -996.2758734495525, -996.2758734495525, -996.2758734495525], 
[1377.7888856111822, 923.0530537530269, -165.32989616549162, -165.32989616549162, -508.4520580064765, -537.0017154815555, -913.728711572964, -913.728711572964, -943.1663880377434, -943.1663880377434, -944.5668688658168, -949.3407372682827, -952.3636153709216, -952.3636153709216, -974.4984053933131, -979.9445494326914, -979.9445494326914, -988.51312487957, -988.5287901619669, -989.2992347034331], 
[-551.520407131103, -551.520407131103, -575.8736485202733, -685.4474860600569, -851.8794838677052, -851.8794838677052, -851.8794838677052, -865.8313151618385, -913.4286554027827, -927.2090082776768, -935.5278964585481, -935.5278964585481, -979.0018815389876, -979.0018815389876, -979.0018815389876, -979.0018815389876, -979.0018815389876, -989.1719669906806, -989.1719669906806, -989.1719669906806], 
[-138.02146861839344, -138.02146861839344, -380.8578198314606, -849.6369001230305, -849.6369001230305, -849.6369001230305, -849.6369001230305, -849.6369001230305, -849.6369001230305, -869.8899728579407, -870.6520876978681, -917.9721181008862, -976.3290001079279, -976.3290001079279, -976.3290001079279, -976.3290001079279, -976.3290001079279, -986.1505361070025, -987.6900756917688, -987.6900756917688], 
[569.1404420492609, 461.6733216000532, -130.32839003982076, -563.1279244932612, -580.0922811320843, -960.447784704443, -960.447784704443, -960.447784704443, -960.447784704443, -960.447784704443, -960.447784704443, -965.5454437730722, -965.5454437730722, -974.4834495185768, -974.4834495185768, -974.4834495185768, -983.7347396058162, -983.8355776386206, -988.5132270735442, -988.5132270735442], 
[-120.24459829954958, -507.7060124281503, -779.1459930599888, -779.1459930599888, -779.1459930599888, -847.6517120548963, -847.8266486551727, -858.5075876772194, -955.7930413130366, -955.7930413130366, -960.9084010260715, -962.0098468482207, -966.930406637793, -967.4476366516174, -988.6232250143778, -988.6232250143778, -988.6232250143778, -988.6232250143778, -988.6232250143778, -993.025560819126], 
[-525.3048786921622, -525.3048786921622, -788.1661964940585, -788.1661964940585, -795.2304937338291, -795.2304937338291, -795.2304937338291, -865.0987655324188, -978.5176952457149, -978.5176952457149, -978.5176952457149, -978.5176952457149, -978.5176952457149, -978.5176952457149, -978.5176952457149, -978.5176952457149, -978.5176952457149, -980.6304104916029, -983.2076712107308, -986.3743672234186], 
[-592.5726126040835, -592.5726126040835, -593.9406996027844, -593.9406996027844, -849.1834863165816, -849.1834863165816, -866.207379420576, -942.3136117116298, -942.3136117116298, -977.3100234109767, -977.3100234109767, -977.3100234109767, -977.3100234109767, -981.6967705680054, -981.6967705680054, -981.6967705680054, -986.6317626786655, -986.7978533494373, -986.7978533494373, -989.0848201780545], 
[434.38547590692906, -186.57509824618035, -717.853124397862, -717.853124397862, -717.853124397862, -717.853124397862, -925.719401061897, -925.719401061897, -934.7217598216814, -934.7217598216814, -955.0351809085302, -955.8873162984589, -955.8873162984589, -983.5247443443754, -988.3959937648697, -988.3959937648697, -988.3959937648697, -988.3959937648697, -988.3959937648697, -988.3959937648697], 
[-462.7211667260449, -654.8314014797371, -654.8314014797371, -894.0407452987193, -894.0407452987193, -894.0407452987193, -894.0407452987193, -894.0407452987193, -931.51079906085, -931.51079906085, -931.51079906085, -956.1053286734818, -956.1053286734818, -973.4004823914383, -973.4004823914383, -973.4004823914383, -981.2527436247015, -994.2905383919713, -994.2905383919713, -994.2905383919713], 
[-539.551576181297, -539.551576181297, -539.551576181297, -626.6852325912398, -626.6852325912398, -678.9946984564288, -880.1861109833219, -888.4562496822774, -888.4562496822774, -925.9293013532365, -950.4443888362498, -959.7131892952948, -971.6257366367412, -971.6257366367412, -976.8821801512723, -978.7500338995903, -981.2064088672237, -983.3055915188389, -987.0191448915116, -987.0191448915116], 
[797.1170230674202, -703.4441189239544, -703.4441189239544, -930.854606294142, -930.854606294142, -930.854606294142, -930.854606294142, -930.854606294142, -930.854606294142, -930.854606294142, -930.854606294142, -934.3877068489828, -966.0290652620306, -966.0290652620306, -977.8995664685838, -984.0080190687972, -984.0080190687972, -987.0899561099254, -987.0899561099254, -994.2217704848084], 
[-37.453949918290846, -95.01068079400943, -139.59084601070913, -817.6524746046085, -817.6524746046085, -817.6524746046085, -817.6524746046085, -862.6576544378831, -937.1288836548811, -937.1288836548811, -937.1288836548811, -948.2035758156642, -955.6895476294063, -955.6895476294063, -984.8398505568795, -984.8398505568795, -984.8398505568795, -984.8398505568795, -990.9017371356232, -990.9017371356232], 
[-407.8820320197724, -407.8820320197724, -721.1772152972986, -721.1772152972986, -721.1772152972986, -805.3178266934826, -805.3178266934826, -845.1416321862387, -956.0569416865927, -956.0569416865927, -956.0569416865927, -975.6746206277476, -975.6746206277476, -975.6746206277476, -975.6746206277476, -981.2782252849009, -983.2843542787248, -983.2843542787248, -989.3497808500414, -989.3497808500414], 
[340.9665970400579, 96.28080601644251, -521.5669626775369, -536.5220219496161, -536.5220219496161, -804.9856076326254, -849.0495592821485, -937.5734515624235, -941.0884601385957, -973.9850701780423, -973.9850701780423, -973.9850701780423, -978.4326093326983, -978.4326093326983, -978.4326093326983, -989.5023277655262, -989.5220191767329, -989.5220191767329, -991.5305412646603, -991.5305412646603], 
[-258.1986479831802, -258.1986479831802, -337.7383027277559, -449.2191137086004, -449.73649239733925, -909.25542543685, -934.3539506533155, -934.3539506533155, -934.3539506533155, -934.3539506533155, -934.3539506533155, -937.2911035778244, -937.2911035778244, -975.3991386812372, -977.4642284123876, -977.4642284123876, -977.4642284123876, -977.4642284123876, -988.3288680686065, -989.1038489727088], 
[991.6428231054242, -656.6973989406529, -656.6973989406529, -656.6973989406529, -686.4005369530965, -897.342275648115, -897.342275648115, -927.9195778790223, -927.9195778790223, -947.5903644585264, -962.1613313039005, -974.7370626005431, -974.7517331008102, -974.7517331008102, -974.7517331008102, -974.7517331008102, -974.7517331008102, -995.4339250110899, -995.4339250110899, -995.9242778574591], 
[-494.856357331516, -494.856357331516, -494.856357331516, -575.0676690716546, -731.6313566084955, -735.6802898884062, -871.0982269404825, -942.536796785411, -980.2238975357453, -980.2238975357453, -980.2238975357453, -980.2238975357453, -980.2238975357453, -980.2238975357453, -980.2238975357453, -985.0632739719695, -989.5310083347365, -989.5310083347365, -989.5310083347365, -989.5310083347365], 
[-329.1572033844061, -511.5040068891258, -660.4408757309607, -661.3612271852634, -661.3612271852634, -671.9974044052246, -864.1893478738261, -864.1893478738261, -864.1893478738261, -947.347464653415, -983.5541840682089, -983.5541840682089, -983.5541840682089, -983.5541840682089, -983.5541840682089, -983.5541840682089, -983.6896831836202, -986.7357355559475, -989.7300597478686, -993.349267855895], 
[-225.37893112248605, -444.18564697563056, -444.18564697563056, -797.5008916321979, -813.6522714492969, -813.6522714492969, -815.3312861583474, -923.6003133669213, -979.2640566449022, -989.2508464237725, -989.2508464237725, -989.2508464237725, -989.2508464237725, -989.2508464237725, -990.9966996519419, -990.9966996519419, -992.0758934175658, -992.0758934175658, -992.0758934175658, -992.0758934175658], 
[-433.35429002550916, -433.35429002550916, -433.35429002550916, -687.2129638827009, -856.3239146450801, -906.718214448934, -909.1592113482171, -909.1592113482171, -910.502692616668, -971.5692178235672, -971.5692178235672, -971.5692178235672, -971.5692178235672, -986.8238623424587, -986.8238623424587, -986.8238623424587, -986.8238623424587, -989.4671016016869, -991.5858598923387, -991.5858598923387], 
[-269.7293030321463, -386.6106299575531, -671.506874523162, -699.2387413042561, -817.2754567740196, -864.6649633067856, -915.5284582235038, -915.5284582235038, -915.5284582235038, -971.1165509050996, -971.1165509050996, -971.1165509050996, -993.2111630957644, -993.2111630957644, -993.2111630957644, -993.2111630957644, -993.5094188055529, -993.5094188055529, -993.5094188055529, -993.5094188055529], 
[-177.67241008899646, -406.5534691291854, -432.94418279116314, -691.5485072934521, -897.739895568154, -899.8175663108019, -899.8175663108019, -923.7572311472055, -956.358487038214, -966.4415494238779, -966.4415494238779, -966.4415494238779, -966.4415494238779, -978.109407540773, -979.4793886534366, -979.4793886534366, -979.4793886534366, -979.5114334372909, -996.4424023174768, -996.4424023174768], 
[361.8602432045866, 98.60778790353288, 98.60778790353288, -727.9129376996294, -819.0797926969863, -819.0797926969863, -888.8121169770577, -888.8121169770577, -888.8121169770577, -888.8147353860296, -932.7064531748792, -932.7064531748792, -932.7064531748792, -980.6095926505177, -980.6095926505177, -980.6095926505177, -980.6095926505177, -982.1875430115111, -994.5338186161885, -994.5338186161885], 
