[754.5902529028931, 754.5902529028931, -256.21103504946916, -385.1696840677704, -731.5406581688428, -837.5631305933341, -837.5631305933341, -837.5631305933341, -837.5631305933341, -972.637295799587, -972.637295799587, -973.2785436590974, -973.2785436590974, -973.2785436590974, -973.7960368533506, -973.7960368533506, -973.7960368533506, -973.7960368533506, -985.4288660459807, -994.8537076246755], 
[-338.54362991744335, -338.54362991744335, -338.54362991744335, -396.97425230489785, -681.1748179801186, -740.6813593952436, -740.6813593952436, -740.6813593952436, -870.1984758083879, -952.1023336770652, -952.1023336770652, -952.1023336770652, -953.7924676560201, -953.7924676560201, -954.4075003804288, -976.936477234511, -990.0727388167592, -990.0727388167592, -990.0727388167592, -990.0727388167592], 
[1192.2701296636537, 226.90873944822806, 226.90873944822806, -744.1858124858501, -744.1858124858501, -790.8582344845505, -909.9450109862677, -909.9450109862677, -909.9450109862677, -909.9450109862677, -931.9879180527249, -931.9879180527249, -931.9879180527249, -938.4447504841872, -963.7738734541508, -963.7738734541508, -983.1297422114515, -983.1297422114515, -985.9448783817699, -993.9110461542682], 
[-306.2015262392995, -306.2015262392995, -306.2015262392995, -541.200612368913, -605.5609291328908, -686.1374771052267, -844.3101522514944, -844.3101522514944, -881.0862748328551, -881.0862748328551, -921.0607164111204, -921.0607164111204, -948.0709799890075, -972.2189738278831, -985.7878508174438, -985.7878508174438, -985.7878508174438, -993.2457885151182, -993.2457885151182, -993.2457885151182], 
[-538.2434585260694, -538.2434585260694, -722.5414991745313, -770.3797791998433, -841.0808311546165, -841.0808311546165, -841.0808311546165, -944.7396721143325, -944.7396721143325, -944.7396721143325, -944.7396721143325, -944.7396721143325, -944.7396721143325, -973.0556519693943, -973.0556519693943, -977.6125856605044, -977.6125856605044, -988.5190460731964, -988.5190460731964, -988.5190460731964], 
[464.48516247699604, 92.38925597304296, 92.38925597304296, -601.5060970524913, -827.891279315902, -827.891279315902, -833.3216510807783, -904.309195809519, -943.8860003244382, -943.8860003244382, -948.4794552002814, -960.1620824146933, -972.8772691407254, -987.8921719725269, -987.8921719725269, -987.8921719725269, -987.8921719725269, -989.857411030844, -989.857411030844, -989.857411030844], 
[-396.1131190370065, -396.1131190370065, -396.1131190370065, -430.28099886901896, -430.28099886901896, -762.5264061116036, -854.762858284021, -988.1721287446887, -988.1721287446887, -988.1721287446887, -988.1721287446887, -990.1539691448837, -990.1539691448837, -990.1539691448837, -990.1539691448837, -990.1539691448837, -990.1539691448837, -994.9394602044299, -994.9394602044299, -994.9394602044299], 
[1783.261123780118, 1251.8063004069813, -123.4385133458245, -123.4385133458245, -889.5763560966691, -889.5763560966691, -889.5763560966691, -898.7901378777008, -982.856745059302, -982.856745059302, -982.856745059302, -982.856745059302, -982.856745059302, -982.856745059302, -982.856745059302, -982.856745059302, -984.2143811315639, -990.5973124261551, -990.5973124261551, -990.5973124261551], 
[77.5621456544477, -313.21159041086185, -578.3906142760045, -707.0660556150499, -856.8633381122703, -865.2737164234809, -865.3163798402446, -975.4570962924416, -975.4570962924416, -975.4570962924416, -975.4570962924416, -982.1815170214049, -982.1815170214049, -982.1815170214049, -982.1815170214049, -982.1815170214049, -983.6962367934493, -993.1571508495435, -993.1571508495435, -993.1571508495435], 
[638.8045254547242, 347.72273690040356, 116.93247151510332, -53.07513331944642, -433.5757410010591, -849.8871289171841, -907.7790106296568, -920.5017298314983, -936.5347044440736, -936.5347044440736, -936.5347044440736, -960.9917313359292, -960.9917313359292, -986.8656704395271, -986.8656704395271, -986.8656704395271, -989.8703753023009, -989.8703753023009, -989.8703753023009, -994.8578964081589], 
[-638.8493592233694, -748.6883837890683, -796.0294740859501, -796.0294740859501, -796.0294740859501, -840.362245787564, -840.362245787564, -937.7975977608477, -950.9571689586272, -950.9571689586272, -950.9571689586272, -950.9571689586272, -957.9073969156383, -957.9073969156383, -980.2528237074667, -980.2528237074667, -981.9352232023173, -990.4124169389777, -990.4124169389777, -990.4124169389777], 
[95.518538170375, -579.5680676371949, -579.5680676371949, -909.8434643548597, -909.8434643548597, -911.2132550024021, -911.2132550024021, -911.2132550024021, -956.8129614088577, -956.8129614088577, -956.8129614088577, -956.8129614088577, -957.7825216910011, -957.7825216910011, -961.8519586208009, -973.0095879585562, -996.1537660065816, -996.1537660065816, -996.1537660065816, -996.1537660065816], 
[-576.7807801782935, -576.7807801782935, -576.7807801782935, -576.7807801782935, -577.3832550483472, -743.8181457451155, -784.0476999654189, -893.6075144787945, -917.4602596533424, -923.7693895097324, -940.3440940746984, -940.3440940746984, -948.7412640571224, -948.7412640571224, -973.3654523392115, -988.0394020927446, -988.0394020927446, -988.0394020927446, -988.0394020927446, -988.0394020927446], 
[-595.2348128927122, -595.2348128927122, -849.9302802751953, -859.0784990457755, -873.7548073943202, -873.7548073943202, -873.7548073943202, -916.8790614238786, -916.8790614238786, -940.8956630095184, -967.2797733881548, -967.2797733881548, -971.4336184171249, -977.5674321581362, -977.5674321581362, -977.5674321581362, -981.196498047963, -981.9137536385286, -989.3993465746436, -991.891348930514], 
[36.86602665672285, 36.86602665672285, -515.1109408221678, -515.1109408221678, -537.1874742889079, -913.5200112013658, -968.889018441495, -968.889018441495, -968.889018441495, -968.889018441495, -968.889018441495, -973.4725505466315, -973.4725505466315, -981.0753432912536, -981.0753432912536, -986.2351568006032, -986.2351568006032, -986.2351568006032, -987.7118539175929, -993.814943183345], 
[-280.73455471665636, -356.6436448501669, -698.8339787560744, -698.8339787560744, -698.8339787560744, -715.4321308001036, -896.9579057587464, -896.9579057587464, -902.9394795294977, -902.9394795294977, -902.9394795294977, -938.9905533115071, -942.4772492650899, -959.6837045278083, -980.9430746431244, -980.9430746431244, -980.9430746431244, -989.5770143273115, -990.4832790589106, -990.4832790589106], 
[-269.4540859506676, -269.4540859506676, -522.1224206370889, -522.1224206370889, -797.8709849600754, -797.8709849600754, -876.1434169470856, -876.1434169470856, -978.2145071674586, -978.2145071674586, -978.2145071674586, -978.2145071674586, -978.2145071674586, -983.1812618145026, -986.6766402772881, -986.6766402772881, -986.6766402772881, -986.6766402772881, -992.5788223282806, -992.5788223282806], 
[-136.59903958649318, -138.26972671066608, -519.1233293290134, -946.0029638397966, -946.0029638397966, -946.0029638397966, -946.0029638397966, -946.0029638397966, -946.0029638397966, -946.0029638397966, -960.3776439411716, -960.3776439411716, -974.874410799029, -974.874410799029, -981.2952766715641, -989.2296010951303, -989.2296010951303, -989.2296010951303, -989.2296010951303, -989.2296010951303], 
[-17.107019243358195, -17.107019243358195, -392.89239998876087, -427.9385852057892, -427.9385852057892, -719.2176849578675, -890.0646741087754, -921.9506292282881, -921.9506292282881, -921.9506292282881, -924.781918081283, -969.25111999385, -973.1791663860324, -986.6707788756028, -986.6707788756028, -989.4863860745951, -989.4863860745951, -989.4863860745951, -989.4863860745951, -989.4863860745951], 
[845.2306514532324, 839.8997285587623, -109.76793019033107, -521.425663923047, -801.1313406928053, -801.1313406928053, -801.1313406928053, -849.0547799643398, -958.2026100367648, -958.2026100367648, -958.2026100367648, -962.1206707758683, -962.1206707758683, -962.1206707758683, -962.1206707758683, -968.9947150606907, -987.7689813666948, -989.4147728578364, -989.9037592526485, -993.1541010370875], 
[254.48516792963778, 141.19849050393418, -512.2801577017267, -848.7024693356102, -848.7024693356102, -848.7024693356102, -898.2849927496251, -908.1181363083755, -921.4516284554722, -962.0788908333716, -962.0788908333716, -979.1199413957997, -979.1199413957997, -979.1199413957997, -979.1199413957997, -979.1199413957997, -980.0184552801069, -980.0184552801069, -980.0184552801069, -989.571771435699], 
[774.9043277650519, -851.9157201524804, -851.9157201524804, -851.9157201524804, -851.9157201524804, -851.9157201524804, -931.1638978193691, -931.1638978193691, -931.1638978193691, -931.1638978193691, -931.7362250921485, -945.7085606124022, -948.0363919543721, -967.744947521334, -979.6557356458198, -983.9188862134818, -988.1266947483115, -992.0512765565112, -992.0512765565112, -994.0371471751138], 
[-500.17656423438564, -500.17656423438564, -500.17656423438564, -809.1853004506834, -935.8878294028609, -935.8878294028609, -935.8878294028609, -935.8878294028609, -935.8878294028609, -935.8878294028609, -946.0816178071202, -946.0816178071202, -946.0816178071202, -957.5052805911521, -969.7652443117721, -979.1666770267766, -979.1666770267766, -979.1666770267766, -988.4147582088336, -988.4147582088336], 
[748.4298042778894, 24.036708511476263, -732.1084208755815, -732.1084208755815, -732.1084208755815, -825.1382887458541, -895.3786676911471, -895.3786676911471, -961.495588824752, -961.495588824752, -961.495588824752, -961.495588824752, -961.495588824752, -975.0891443777672, -975.0891443777672, -982.992140604598, -982.992140604598, -982.992140604598, -982.992140604598, -982.992140604598], 
[763.8367672082318, 763.8367672082318, 161.8555425837776, -335.9529992734663, -350.66892971563675, -643.6641111654334, -821.4501015157218, -821.4501015157218, -841.7807407328205, -929.0283599293278, -964.1463052512947, -964.1463052512947, -964.1463052512947, -964.1463052512947, -964.4913698066813, -964.4913698066813, -967.6275396271953, -977.9129259052334, -984.5829849850328, -984.5829849850328], 
[52.31801300184179, -24.41719892236904, -131.10458479357635, -469.75249810271, -475.3163256714845, -581.0670282749877, -849.468358772287, -953.8226465779711, -953.8226465779711, -953.8226465779711, -953.8226465779711, -953.8226465779711, -953.8226465779711, -953.8226465779711, -984.5548362907181, -984.5548362907181, -985.3179609348584, -990.5724767357202, -990.5724767357202, -990.5724767357202], 
[302.3009437459118, 269.9901659888392, 111.50110134143961, -617.0387100847308, -621.3026427313118, -841.3099861995931, -841.3099861995931, -947.8873385914742, -947.8873385914742, -947.8873385914742, -947.8873385914742, -977.293144941484, -977.3857905815688, -977.3857905815688, -977.3857905815688, -977.3857905815688, -979.3084778536595, -979.3084778536595, -989.1507044790914, -989.1507044790914], 
[-350.69337195086325, -720.4598919660641, -720.4598919660641, -720.4598919660641, -720.4598919660641, -720.4598919660641, -914.7286223940033, -914.7286223940033, -914.7286223940033, -986.2673172233023, -986.2673172233023, -986.2673172233023, -986.2673172233023, -986.5320391625615, -986.5320391625615, -986.5320391625615, -986.5320391625615, -990.5327532380784, -990.5327532380784, -992.8352980687969], 
[-494.3894476364014, -679.7927431231419, -852.3730713769016, -880.6134568286536, -880.6134568286536, -880.6134568286536, -880.6134568286536, -946.6119180861338, -968.3343034820297, -968.3343034820297, -968.3343034820297, -968.3343034820297, -984.1549346792588, -985.2310164269177, -985.2310164269177, -986.3539679445137, -989.9302605845203, -989.9302605845203, -989.9302605845203, -989.9302605845203], 
[-193.5330420656254, -193.5330420656254, -193.5330420656254, -666.2746316843367, -681.8650458823034, -896.8388244815794, -923.9823279334894, -923.9823279334894, -923.9823279334894, -938.3116338578782, -938.3116338578782, -980.5974140548741, -984.2928875305752, -984.2928875305752, -984.2928875305752, -990.1289469634788, -990.1289469634788, -990.1289469634788, -990.1289469634788, -990.9137081391639], 
