[-482.9260290222286, -482.9260290222286, -521.8690643631929, -751.1467307779155, -770.5865806231304, -770.5865806231304, -922.6041787201734, -922.6041787201734, -922.6041787201734, -952.62165063649, -952.62165063649, -952.62165063649, -952.62165063649, -959.8735423659824, -982.8672358254987, -985.047837158609, -985.047837158609, -987.9362353746143, -987.9362353746143, -987.9362353746143], 
[3.0186466062051522, -108.37608351598715, -404.7678486335718, -404.7678486335718, -763.9662420579064, -763.9662420579064, -803.4000695525256, -803.4000695525256, -940.4573792204542, -940.4573792204542, -940.4573792204542, -968.6805352630075, -974.4211217718383, -974.4211217718383, -974.4211217718383, -987.5412714195368, -987.5412714195368, -987.7894946523849, -987.7894946523849, -990.7981320688255], 
[31.685891105804785, -294.6655620203261, -399.08572247193047, -642.2933265174772, -878.095484794742, -878.095484794742, -878.095484794742, -952.5617187326329, -952.5617187326329, -952.5617187326329, -952.5617187326329, -952.5617187326329, -957.025153894075, -963.6673499537986, -966.7784247242068, -976.2482233595978, -976.2482233595978, -978.0948303471367, -978.0948303471367, -986.1894660228768], 
[1231.3931913839278, -607.8875417748116, -607.8875417748116, -607.8875417748116, -801.4245225819473, -801.4245225819473, -801.4245225819473, -941.1112105458461, -984.1192908586336, -984.1192908586336, -984.1192908586336, -984.1192908586336, -984.1192908586336, -984.1192908586336, -984.1192908586336, -984.1192908586336, -984.3683448585975, -984.3683448585975, -989.7478265159988, -989.7478265159988], 
[-436.98526810524686, -436.98526810524686, -551.7452301490088, -822.5587445779618, -822.5587445779618, -822.5587445779618, -822.5587445779618, -822.5587445779618, -953.0525982324357, -953.0525982324357, -953.0525982324357, -953.0525982324357, -953.0525982324357, -953.0525982324357, -964.2636961707624, -970.8227679585999, -981.2599646793208, -984.3010644737836, -984.3010644737836, -990.6246843744204], 
[-222.14249279881733, -453.84411714862176, -528.9645646590197, -532.3978386287064, -574.3836557726604, -848.6866564060236, -848.6866564060236, -967.2697071644145, -967.2697071644145, -967.2697071644145, -967.2697071644145, -968.7643455329026, -976.9260410950191, -978.0660407265774, -979.8758863878654, -990.9678546588091, -990.9678546588091, -990.9678546588091, -999.5992108539525, -999.5992108539525], 
[-326.44949507543606, -571.5326616313212, -571.5326616313212, -571.5326616313212, -615.8295505592172, -711.5069377812035, -790.4653447049017, -869.1344896890054, -968.7388723051814, -976.9509783656538, -976.9509783656538, -976.9509783656538, -976.9509783656538, -976.9509783656538, -976.9509783656538, -976.9509783656538, -976.9509783656538, -990.9426141730142, -990.9426141730142, -992.4823100861237], 
[1331.9886788460426, -744.0402528108395, -744.0402528108395, -744.0402528108395, -744.0402528108395, -744.0402528108395, -882.2994452228372, -919.6117510404314, -919.6117510404314, -960.335237317679, -960.335237317679, -965.0628612109083, -965.0628612109083, -965.0628612109083, -965.9060585631722, -980.2390487323637, -980.2390487323637, -993.7436128973446, -993.7436128973446, -993.7436128973446], 
[-1.7022183208442812, -470.84347063736175, -765.6023777192364, -765.6023777192364, -920.2192431094417, -933.8003014511494, -933.8003014511494, -986.2216807486161, -986.2216807486161, -986.2216807486161, -986.2216807486161, -986.2216807486161, -986.2216807486161, -986.2216807486161, -986.2216807486161, -987.4879402862935, -987.4879402862935, -987.4879402862935, -987.4879402862935, -987.4879402862935], 
[340.3894062692202, 53.13062690430456, -611.7787730838334, -611.7787730838334, -625.4586083510832, -625.4586083510832, -692.1174673450272, -828.4722319288436, -919.9572422345054, -919.9572422345054, -936.4270801574381, -972.0529121014396, -972.0529121014396, -972.0529121014396, -972.0529121014396, -979.5668481124294, -979.5668481124294, -988.3381064698677, -988.3381064698677, -988.3381064698677], 
[923.5643591236251, 331.68823525957555, -501.3030269423745, -501.3030269423745, -813.1104667926795, -813.1104667926795, -813.1104667926795, -888.4148439799587, -915.7199038237985, -943.2525293567638, -947.965034214596, -947.965034214596, -980.1262267149398, -986.1464742846273, -986.1464742846273, -986.1464742846273, -986.1464742846273, -989.8514383061449, -996.0947477152498, -996.0947477152498], 
[1352.193253432968, -274.7238319348962, -450.73643788742413, -592.0157554062203, -602.4679855185364, -602.4679855185364, -648.182358077149, -928.9493163694489, -928.9493163694489, -928.9493163694489, -948.5023192996417, -948.5023192996417, -948.5023192996417, -965.879886900996, -965.879886900996, -965.879886900996, -979.252410730373, -979.252410730373, -986.8169542951572, -986.8169542951572], 
[214.82870629288095, -173.7163391724406, -173.7163391724406, -600.0114286831683, -666.3025631463565, -710.5161224299267, -865.0632614173812, -954.2898153901347, -961.4769827288007, -961.4769827288007, -961.4769827288007, -961.4769827288007, -961.4769827288007, -961.4769827288007, -981.4321650764706, -982.1933576712015, -990.1338826560236, -990.1338826560236, -994.7532365776267, -994.7532365776267], 
[549.3521282291811, 403.6132611039575, -790.7519114441409, -798.2366853704884, -798.2366853704884, -798.2366853704884, -798.2366853704884, -798.2366853704884, -883.8517417413336, -883.8517417413336, -914.7655982656162, -934.1222434825438, -979.6666498899573, -988.9612643575323, -988.9612643575323, -988.9612643575323, -988.9612643575323, -988.9612643575323, -988.9612643575323, -988.9612643575323], 
[-421.33849602604744, -421.33849602604744, -421.33849602604744, -421.33849602604744, -785.9731618896724, -785.9731618896724, -785.9731618896724, -856.2358926171024, -856.2358926171024, -863.3747284930319, -962.7458057031564, -991.9066539974689, -991.9066539974689, -991.9066539974689, -991.9066539974689, -991.9066539974689, -993.8299263887037, -993.8299263887037, -993.8299263887037, -993.8299263887037], 
[9.813664272119581, -152.33264997445463, -168.79974374097947, -168.79974374097947, -370.9352800688422, -646.9042657600153, -781.7250639062904, -928.2576767334931, -928.2576767334931, -928.2576767334931, -928.2576767334931, -928.2576767334931, -970.2575079978509, -970.2575079978509, -970.2575079978509, -971.3118322787578, -976.352314345597, -991.1630214268883, -991.1630214268883, -991.1630214268883], 
[-397.93253456371997, -397.93253456371997, -526.7122199241229, -541.3281531437374, -551.25650907472, -551.25650907472, -878.465857536455, -922.947913394064, -922.947913394064, -922.947913394064, -941.2100208337384, -941.2100208337384, -950.4733759430559, -981.43660335235, -985.2972810513085, -985.2972810513085, -985.2972810513085, -985.2972810513085, -987.2364524835132, -989.13335412607], 
[-688.5945825261706, -688.5945825261706, -688.5945825261706, -707.3068893759323, -785.360885765725, -873.7344620121916, -873.7344620121916, -873.7344620121916, -873.7344620121916, -924.7620912393044, -925.2749066264452, -985.210125833909, -985.210125833909, -985.210125833909, -992.3574991219933, -992.3574991219933, -992.3574991219933, -992.3574991219933, -992.3574991219933, -994.5733824239086], 
[390.4001561305222, 390.4001561305222, -765.0605629267826, -765.0605629267826, -765.0605629267826, -765.0605629267826, -765.0605629267826, -768.3217040657785, -924.9789488610573, -960.3772635826022, -960.3772635826022, -960.3772635826022, -960.3772635826022, -961.4210922765976, -961.99186613935, -972.2329766181568, -993.7690927529953, -993.7690927529953, -994.0179059644014, -994.206082671751], 
[-211.6520293506918, -211.6520293506918, -843.3873367913814, -843.3873367913814, -843.3873367913814, -901.7612570892671, -901.7612570892671, -901.7612570892671, -901.7612570892671, -964.5446755103975, -964.5446755103975, -966.7116757888064, -969.155836626646, -978.2118224513002, -978.2118224513002, -979.23672355528, -983.5758941958148, -993.0047226038041, -993.0047226038041, -993.0047226038041], 
[-877.6749522314009, -877.6749522314009, -877.6749522314009, -877.6749522314009, -877.6749522314009, -877.6749522314009, -877.6749522314009, -877.6749522314009, -877.6749522314009, -882.8690305722037, -894.9540277034937, -939.6244856497899, -940.9641137293404, -967.5572984656583, -975.702839142557, -975.702952911166, -985.9141550566397, -985.9141550566397, -985.9141550566397, -985.9141550566397], 
[11.831948586747671, 11.831948586747671, -432.67975132790957, -432.67975132790957, -545.2636376673788, -666.2306406666778, -816.0679668214216, -882.3988567610764, -882.3988567610764, -882.3988567610764, -923.1576643324656, -923.1576643324656, -952.5645289495299, -952.5645289495299, -987.5027871277982, -987.5027871277982, -993.5444335214047, -993.5444335214047, -993.5444335214047, -993.5444335214047], 
[-415.7917771608021, -415.7917771608021, -528.1800714702488, -753.4751446518935, -936.7070633765582, -936.7070633765582, -936.7070633765582, -936.7070633765582, -984.1484106474275, -984.1484106474275, -984.1484106474275, -984.1484106474275, -987.4448921327596, -987.4448921327596, -987.4448921327596, -987.4448921327596, -987.4448921327596, -987.4448921327596, -987.4448921327596, -995.7635116471612], 
[-816.251916887388, -816.251916887388, -816.251916887388, -816.251916887388, -816.251916887388, -920.3056794095168, -920.3056794095168, -920.3056794095168, -920.3056794095168, -920.3056794095168, -920.3056794095168, -990.3934362714256, -990.3934362714256, -990.3934362714256, -990.3934362714256, -990.3934362714256, -991.9602627796016, -991.9602627796016, -991.9602627796016, -991.9602627796016], 
[288.0116792425488, 288.0116792425488, 4.8813422105588415, -339.62432262909283, -511.8752232836488, -729.8887778846696, -927.3874118961218, -936.7051551499738, -945.990579544053, -945.990579544053, -946.0355437526338, -946.0355437526338, -951.5107074205536, -960.4262931233449, -971.5504093735005, -978.0265511497435, -996.6172809434739, -996.6172809434739, -996.6172809434739, -996.6172809434739], 
[21.485107484487912, -350.2187701916355, -350.2187701916355, -895.4022167788522, -895.4022167788522, -908.7257648694227, -908.7257648694227, -908.7257648694227, -908.7257648694227, -908.7257648694227, -908.7257648694227, -952.6182508636248, -952.6182508636248, -973.5777798508528, -973.6546106311869, -973.6546106311869, -984.4732210817509, -984.4732210817509, -984.4732210817509, -984.4732210817509], 
[200.6877395703675, 81.23933607838376, 81.23933607838376, -857.8066786777097, -917.1260353058117, -917.1260353058117, -917.1260353058117, -917.1260353058117, -917.1260353058117, -918.4488454060536, -918.4488454060536, -940.1394240407902, -966.2028328116792, -987.2454763008301, -988.6115956648105, -989.728867284212, -989.728867284212, -989.728867284212, -991.6906593071392, -991.6906593071392], 
[1031.5602033515256, -102.23406610669201, -642.0252916343599, -642.0252916343599, -850.2502433538257, -850.2502433538257, -850.2502433538257, -850.2502433538257, -850.2502433538257, -876.1930557922099, -923.3843852559476, -955.8935960490955, -970.4081758857342, -986.2329731677885, -986.2329731677885, -986.2329731677885, -986.2329731677885, -988.4230346403459, -988.4230346403459, -988.4230346403459], 
[-735.0286144279776, -824.7719674274481, -824.7719674274481, -824.7719674274481, -824.7719674274481, -873.2847983618536, -889.7720055633133, -905.2637706239394, -905.2637706239394, -905.2637706239394, -959.776143919586, -959.776143919586, -959.776143919586, -959.776143919586, -969.7966030910975, -980.8864873657682, -983.5729231671326, -983.5729231671326, -983.6846533893535, -990.3685585804517], 
[-107.27926748635377, -107.27926748635377, -743.6905958387149, -748.0638792151452, -748.0638792151452, -751.8667070403288, -921.4104271634269, -921.4104271634269, -981.9075528239055, -981.9075528239055, -981.9075528239055, -981.9075528239055, -981.9075528239055, -981.9075528239055, -981.9075528239055, -981.9075528239055, -981.9075528239055, -981.9075528239055, -988.2101739400249, -992.4426232553492], 
