[477.2352687082739, -253.06991581947068, -253.06991581947068, -256.3809066617396, -498.6906384323835, -620.7075823951409, -736.2702881394978, -736.2702881394978, -813.193560365642, -920.2561949285993, -929.6380014448088, -929.6380014448088, -970.9101248493629, -970.9101248493629, -970.9101248493629, -978.83673335031, -978.83673335031, -986.2654648636416, -986.2654648636416, -986.2654648636416], 
[-732.9407144110146, -770.22408145061, -795.5633670610492, -795.5633670610492, -843.0758629934307, -843.0758629934307, -876.4048220030264, -876.4048220030264, -972.9030695888607, -972.9030695888607, -972.9030695888607, -976.3295016564633, -976.3295016564633, -977.2114676967051, -977.2114676967051, -977.2114676967051, -977.2114676967051, -987.9972665305029, -993.8837730209829, -996.3018624431826], 
[391.3989318787785, 391.3989318787785, -412.0137248803611, -412.0137248803611, -441.0934478505526, -589.3884087797608, -896.8700505080218, -896.8700505080218, -897.1341503270984, -983.3399870488867, -983.3399870488867, -983.3399870488867, -987.1039289040816, -987.1039289040816, -987.1039289040816, -989.9584153057322, -989.9584153057322, -989.9584153057322, -989.9584153057322, -998.7182794156896], 
[520.5425074572688, -205.96512950799138, -205.96512950799138, -219.3993122531117, -763.6226988537907, -763.6226988537907, -763.6226988537907, -810.8276390111799, -810.8276390111799, -903.058723331485, -947.5342859336056, -958.2837167637797, -966.1624717362575, -979.6307656070483, -979.6307656070483, -979.6307656070483, -986.2840352431161, -989.1626101930076, -989.1626101930076, -989.1626101930076], 
[-358.9840332469072, -358.9840332469072, -711.3972733006065, -818.157127083037, -818.157127083037, -932.2434718472749, -944.8117092365011, -944.8117092365011, -944.8117092365011, -950.1185923736746, -970.9903776385527, -981.161611234936, -981.161611234936, -981.161611234936, -981.161611234936, -981.161611234936, -981.161611234936, -981.161611234936, -981.161611234936, -984.718257557421], 
[-196.6260615260926, -196.6260615260926, -624.3795488600465, -624.3795488600465, -654.3486931067546, -760.4010699788528, -902.9794274782146, -902.9794274782146, -902.9794274782146, -945.2759942887163, -952.9424686711525, -952.9424686711525, -952.9424686711525, -952.9424686711525, -968.0782583049889, -968.0782583049889, -980.3893969529637, -980.3893969529637, -982.5041764961974, -983.2834067408886], 
[-193.6859995345469, -198.17274315288853, -198.17274315288853, -704.8591560547386, -853.658466298564, -853.658466298564, -965.038855493025, -965.038855493025, -965.038855493025, -965.038855493025, -965.038855493025, -965.038855493025, -965.038855493025, -984.5422366752648, -995.0503857287131, -995.0503857287131, -995.0503857287131, -995.0503857287131, -995.0503857287131, -995.0503857287131], 
[1544.800879416755, 712.265834834963, -243.10769485615913, -373.4081880636121, -621.6464008529417, -621.6464008529417, -820.136739385182, -826.1051827256649, -918.14959605073, -927.7127970028846, -950.6202923630545, -950.6202923630545, -950.6202923630545, -967.2907638909548, -967.2907638909548, -969.6514881129083, -973.0440222969064, -985.4736157573589, -985.4736157573589, -985.8002996387136], 
[-394.87716564347033, -394.87716564347033, -734.9809242604501, -734.9809242604501, -897.0116824681527, -897.0116824681527, -897.0116824681527, -897.0116824681527, -915.5637487893323, -915.5637487893323, -928.5427698131174, -955.4204338699113, -955.4204338699113, -978.4590627530886, -978.5487288121994, -978.5487288121994, -978.5487288121994, -990.1252732343991, -990.2269787730949, -990.2269787730949], 
[465.88297612170754, 184.20105015955073, -558.769800063342, -558.769800063342, -661.9589751825047, -673.8077896290365, -837.6852588121204, -926.9908861678829, -926.9908861678829, -936.8934824235627, -944.0345937032565, -944.0345937032565, -948.7336874258363, -975.7258963367019, -975.7258963367019, -975.7258963367019, -982.642556109945, -982.975366108597, -989.7398465933063, -992.7237556830751], 
[-73.31053655217443, -73.31053655217443, -73.31053655217443, -481.16961113853085, -708.8494491861514, -866.135352106227, -866.135352106227, -888.7329703005292, -921.4037037443445, -923.4031888946072, -924.5741391616223, -924.5741391616223, -959.7390363332042, -987.246765317498, -987.246765317498, -987.246765317498, -994.5965813561013, -994.5965813561013, -994.5965813561013, -994.5965813561013], 
[663.1574361643434, -170.55440402737497, -362.3935565253079, -613.9668727042672, -692.0552543603484, -692.0552543603484, -692.0552543603484, -829.6618099128792, -948.8491686826935, -952.8650587452233, -952.8650587452233, -952.8650587452233, -977.6845091934929, -977.6845091934929, -978.528915822514, -978.528915822514, -983.0477166758081, -993.1743858631602, -993.1743858631602, -996.5804438002828], 
[-112.67539582164125, -112.67539582164125, -728.3676785358657, -728.3676785358657, -941.4835459637895, -941.4835459637895, -941.4835459637895, -941.4835459637895, -941.4835459637895, -941.4835459637895, -943.9327991735802, -945.4003789373176, -945.4003789373176, -975.1864259275073, -975.1864259275073, -983.2088754921749, -983.2088754921749, -985.7870006493615, -985.7870006493615, -991.5302753032536], 
[-47.120172670114016, -494.4774873488373, -502.2363580587721, -799.9475769960702, -846.8483838394311, -846.8483838394311, -848.1538041340533, -888.1464920491383, -888.1464920491383, -906.0002225757863, -962.9636766430007, -962.9636766430007, -962.9636766430007, -974.527442363842, -974.527442363842, -974.527442363842, -980.7202781544106, -982.4230584661234, -982.4230584661234, -985.8131580947964], 
[-587.4644376936621, -776.8226127346745, -776.8226127346745, -776.8226127346745, -776.8226127346745, -887.9415936722523, -887.9415936722523, -905.9558440530723, -913.2890074061847, -913.2890074061847, -939.0125087813035, -954.9200410806309, -978.8429763659657, -978.8429763659657, -980.8867458155183, -980.8867458155183, -980.8867458155183, -984.6390891734703, -984.6390891734703, -995.1989694017494], 
[-67.15894191459847, -417.9081633834005, -624.2233842794049, -683.9976125295245, -683.9976125295245, -801.6593815743325, -933.6372781525386, -933.6372781525386, -933.6372781525386, -953.7795025819603, -954.3899809326475, -968.9359060285017, -968.9359060285017, -971.1425622587225, -971.1425622587225, -983.2380746700695, -983.2380746700695, -983.2380746700695, -983.2380746700695, -983.2380746700695], 
[-626.379948009583, -626.379948009583, -626.379948009583, -626.379948009583, -626.379948009583, -795.5363889306315, -886.1173844211768, -886.1173844211768, -910.9397355622439, -910.9397355622439, -910.9397355622439, -953.6996705437748, -954.4496694201652, -976.9206590626535, -976.9206590626535, -989.1433767530968, -989.1433767530968, -996.468655762595, -996.468655762595, -996.468655762595], 
[-117.07281402362332, -205.9822971264141, -491.67939000984836, -491.67939000984836, -491.67939000984836, -884.5301840926559, -906.7923293991458, -906.7923293991458, -907.6333626820121, -972.5724247035238, -972.5724247035238, -972.5724247035238, -972.5724247035238, -986.6340549104424, -986.6340549104424, -991.3736524005882, -991.3736524005882, -991.3736524005882, -991.3736524005882, -991.3736524005882], 
[-612.7603093711808, -612.7603093711808, -612.7603093711808, -735.5194637600157, -735.5194637600157, -808.1541196899765, -808.1541196899765, -879.5410647169319, -879.5410647169319, -879.5410647169319, -950.0791709710109, -987.8610969227115, -987.8610969227115, -987.8610969227115, -989.8753180543067, -989.8753180543067, -989.8753180543067, -994.3045100306407, -994.3045100306407, -994.3045100306407], 
[715.612140481313, 676.0843095067466, -663.4077250411756, -663.4077250411756, -860.6497341189264, -860.6497341189264, -866.9169227385632, -866.9169227385632, -876.9110703180589, -943.8937758008902, -943.8937758008902, -974.7329347332442, -974.7329350368658, -974.7329350368658, -975.1543448517451, -975.1543448517451, -983.3280381130513, -995.2927169135946, -995.2927169135946, -995.2927169135946], 
[-133.38329120272215, -543.5142917053066, -543.5142917053066, -694.8641248951353, -897.5173538086256, -897.5173538086256, -897.5173538086256, -920.0078283481511, -924.1681135126018, -924.6242739690829, -924.6242739690829, -956.2920034852243, -956.2920034852243, -956.2920034852243, -968.8988519079036, -968.8988519079036, -979.9313901363369, -988.5527493860261, -988.5527493860261, -988.7095187689897], 
[158.6756131645759, 89.28639163417574, 89.28639163417574, -849.1639028802781, -849.1639028802781, -849.1639028802781, -849.1639028802781, -849.1639028802781, -926.5861420406907, -952.263388116875, -952.263388116875, -955.9431740102974, -968.8888691368596, -968.8888691368596, -978.4931998886927, -978.4931998886927, -978.4931998886927, -983.1610260844767, -988.3837092061935, -995.3428159239937], 
[146.55912999111388, 146.55912999111388, -258.6660433802441, -714.0205628544131, -747.7755303103559, -828.6096709455112, -828.6096709455112, -886.6742509799909, -950.7239302314543, -950.7239302314543, -959.5698231464306, -963.2793615375662, -968.7849259888142, -975.7262077769764, -975.7262077769764, -981.2022761191002, -981.4418816683013, -996.9943332623071, -996.9943332623071, -996.9943332623071], 
[-247.0953144489157, -277.0750569282018, -474.69994967688956, -474.69994967688956, -598.8183541355296, -743.2350538707749, -768.9718138455127, -836.4987526618778, -852.5930602724245, -945.3558135268322, -949.0951227647656, -971.9746489429382, -971.9746489429382, -971.9746489429382, -971.9746489429382, -971.9746489429382, -975.9779973344906, -976.8912383102536, -986.5510037634563, -986.5510037634563], 
[1194.1692450105506, 370.6361390642005, 34.662342800033684, -2.307842197908826, -476.9760581355939, -579.0946702978233, -919.7549213091434, -919.7549213091434, -951.0520773856359, -951.0520773856359, -951.0520773856359, -991.4602548125282, -991.4602548125282, -991.4602548125282, -992.4543155244637, -992.4543155244637, -992.4543155244637, -992.4543155244637, -992.4543155244637, -992.4543155244637], 
[-184.1290788308405, -184.1290788308405, -282.6114079117755, -779.925015841844, -779.925015841844, -779.925015841844, -779.925015841844, -779.925015841844, -831.7545305259107, -877.6441992588033, -938.8548286710177, -938.8548286710177, -947.7046430347945, -962.1582988070485, -988.9975732818027, -989.9389264440817, -989.9389264440817, -991.4983700699133, -992.9658794373288, -992.9658794373288], 
[-400.7851215945701, -400.7851215945701, -935.6356466396232, -935.6356466396232, -935.6356466396232, -953.7864238677543, -953.7864238677543, -953.7864238677543, -959.9794950003554, -959.9794950003554, -960.4422852578524, -960.4422852578524, -960.4422852578524, -967.6754410296433, -970.0840471279251, -978.8697382436604, -978.8697382436604, -991.3726310434552, -991.8967796312896, -991.8967796312896], 
[843.4333007095747, -10.566645683827232, -516.126787223804, -521.2220939953199, -740.7340657539365, -865.5079349609181, -865.5079349609181, -865.5079349609181, -966.717842195476, -966.717842195476, -966.717842195476, -976.4267701332842, -976.4267701332842, -976.4267701332842, -976.4267701332842, -980.2270812091805, -991.4020389059638, -991.4020389059638, -991.4020389059638, -991.4020389059638], 
[-341.0039454208546, -341.0039454208546, -341.0039454208546, -341.0039454208546, -539.3720499296412, -756.9929653317823, -756.9929653317823, -808.3366075794161, -808.3366075794161, -963.0874251434083, -963.0874251434083, -963.0874251434083, -963.0874251434083, -964.3490245232546, -964.3490245232546, -964.3490245232546, -973.4473463880255, -986.7485852981591, -986.7485852981591, -986.7485852981591], 
[1115.0126036437305, -194.0066076994484, -725.5427780194191, -725.5427780194191, -725.5427780194191, -725.5427780194191, -725.5427780194191, -725.5427780194191, -888.3696837277593, -888.3696837277593, -986.4088152700498, -987.306863528158, -987.306863528158, -987.306863528158, -987.306863528158, -987.306863528158, -991.0918034162307, -991.2074781864712, -991.2074781864712, -992.4477365518978], 
