[-398.9849316833738, -710.7338670081997, -710.7338670081997, -710.7338670081997, -710.7338670081997, -827.9242413246366, -872.8853947813351, -872.8853947813351, -872.8853947813351, -928.3682120601235, -984.2408298906006, -984.2408298906006, -984.2408310248605, -984.2408310248605, -984.2408310248605, -989.497734234803, -999.0150591918989, -999.0150591918989, -999.0150591918989, -999.0150591918989], 
[130.5574772191801, 130.5574772191801, -192.43116383020822, -544.588209465576, -544.588209465576, -865.8530052767285, -909.2402410822372, -909.2402410822372, -928.4004635379196, -937.2810957889981, -946.9839355805696, -957.5323976910212, -957.5323976910212, -964.0464574075869, -980.8184672150002, -980.8184672150002, -980.8184672150002, -989.6577492043594, -989.6577492043594, -991.610404751921], 
[-236.82722664184746, -353.95373639827153, -356.38738445794365, -380.1124453490181, -712.4697013143758, -712.4697013143758, -720.3489183629698, -808.7825495172754, -977.851358180667, -977.851358180667, -977.851358180667, -977.851358180667, -981.9725878607542, -981.9725878607542, -982.8604468939567, -982.8604468939567, -991.4944582499294, -991.4944582499294, -995.0323561383676, -995.0323561383676], 
[51.878618801235234, 44.15765888220221, -277.02968332865737, -361.7453282622075, -692.9304899932667, -812.862316727421, -887.5155739918658, -887.5155739918658, -887.5155739918658, -926.8378491237199, -926.8378491237199, -948.4936703181087, -959.5904617860975, -964.663762097421, -967.7312202417742, -974.3704049059338, -974.3704049059338, -982.8728384555719, -982.8728384555719, -987.9765951002053], 
[-590.7218575053762, -590.7218575053762, -590.7218575053762, -704.7654120000321, -707.1503437561532, -707.1503437561532, -707.1503437561532, -885.5567277725004, -903.2973861318485, -903.2973861318485, -925.9938433849466, -925.9938433849466, -956.5425178476911, -972.3992934630186, -972.3992934630186, -972.3992934630186, -981.1285899692206, -981.1285899692206, -982.7286184320751, -982.7286184320751], 
[-207.4588357015498, -806.9024689652168, -870.4957099277141, -870.4957099277141, -870.4957099277141, -948.692356997314, -948.692356997314, -948.692356997314, -948.692356997314, -954.3373867604787, -973.2945088717424, -979.3173705450718, -979.4773956766034, -979.4773956766034, -980.020408836357, -980.020408836357, -990.1446733370093, -990.1446733370093, -996.1480384059316, -996.7426865050761], 
[-194.88240979466457, -343.5358455955576, -510.81385436347756, -625.7081584701228, -706.5758416834865, -809.6589546174187, -809.6589546174187, -809.6589546174187, -818.1753770283817, -927.0130837909163, -968.1144667160394, -968.1144667160394, -968.1166401622046, -981.7577231546103, -981.7577231546103, -981.7577231546103, -992.1295517553184, -992.1295517553184, -992.1295517553184, -992.1314639444387], 
[-67.55694732891413, -67.55694732891413, -333.2442056415441, -585.015550815381, -585.015550815381, -585.015550815381, -943.81259126788, -945.8657503757001, -945.8657503757001, -945.8657503757001, -952.0080928671326, -977.7929339035734, -983.9962209864108, -983.9962209864108, -983.9962209864108, -983.9962209864108, -983.9962209864108, -990.0136321749399, -990.0136321749399, -990.9269097415905], 
[-44.28937907704926, -370.19641141432237, -931.6491269120309, -931.6491269120309, -931.6491269120309, -931.6491269120309, -931.6491269120309, -931.6491269120309, -931.6491269120309, -941.3470738372508, -941.3470738372508, -942.3482549788628, -964.1185018709458, -964.1185018709458, -974.3866211379699, -976.3861698339063, -979.4653179678447, -994.5700418232274, -997.3112627115315, -997.3112627115315], 
[-583.9580756302205, -583.9580756302205, -629.3309774824675, -728.3205082938684, -728.3205082938684, -728.3205082938684, -953.4775861066865, -953.4775861066865, -953.4775861066865, -953.4775861066865, -957.9163125665214, -960.3400197396, -960.3400197396, -969.8823628760682, -969.8823628760682, -969.8823628760682, -969.8823628760682, -974.7439905392077, -990.3039574737647, -990.3039574737647], 
[-524.9164052335298, -535.8722225825944, -535.8722225825944, -535.8722225825944, -551.365616873856, -929.0813902847415, -929.0813902847415, -929.0813902847415, -929.0813902847415, -929.0813902847415, -929.0813902847415, -944.5745264409528, -944.5764721036461, -944.5764721036461, -997.1032558046019, -997.1032558046019, -997.1032558046019, -997.1032558046019, -997.1032558046019, -997.1032558046019], 
[205.44035518655437, 205.44035518655437, -393.80156895269135, -797.095515330093, -797.095515330093, -797.095515330093, -955.391001593224, -955.391001593224, -955.391001593224, -955.391001593224, -956.0050154032563, -956.0050154032563, -956.0050154032563, -977.8154759560219, -986.0746037501656, -988.2963678779497, -988.2963678779497, -990.2000238760381, -990.2000238760381, -990.2000238760381], 
[1531.1774960842831, 128.14610977101074, 80.30943272532727, -760.8563137304635, -923.3190567086468, -923.3190567086468, -925.6913849864429, -925.6913849864429, -963.810595544127, -963.810595544127, -963.810595544127, -963.810595544127, -963.810595544127, -963.810595544127, -979.1197261161337, -980.2567885717182, -980.2567885717182, -990.1721018789749, -990.1721018789749, -990.1721018789749], 
[-47.630064316637004, -48.49594929469447, -887.6040635900913, -887.6040635900913, -887.6040635900913, -887.6040635900913, -956.102789009363, -956.102789009363, -956.102789009363, -956.102789009363, -956.102789009363, -966.4306708337391, -978.8510459186923, -978.8510459186923, -981.3573127121645, -981.3573127121645, -981.3573127121645, -981.3573127121645, -983.7740688670467, -984.8627370475537], 
[-397.09923254851253, -684.2162594975074, -684.2162594975074, -828.4910889631747, -886.2681751829375, -903.8724364515724, -903.8724364515724, -959.7868358413492, -959.7868358413492, -961.6875689309984, -961.6875689309984, -972.7525527232713, -972.7525527232713, -972.7525527232713, -972.7525527232713, -972.7525527232713, -986.1491771424691, -990.915676104148, -990.915676104148, -990.915676104148], 
[163.02692392237168, -358.7732230098452, -358.7732230098452, -579.35292831473, -653.0196401742902, -653.0196401742902, -791.4259577139258, -847.1982448208172, -930.628060355251, -963.6013364634102, -963.6013364634102, -963.6013364634102, -963.6013364634102, -963.6013364634102, -980.2988228598297, -980.2988228598297, -987.7512383364752, -987.7512383364752, -994.0106543246687, -994.0106543246687], 
[203.98996016332944, -628.5246804063959, -680.4361434702637, -801.0552344600122, -801.0552344600122, -801.1757939732669, -818.9011618530795, -828.1773225112883, -828.1773225112883, -852.6360589325163, -934.8549012787093, -934.8549012787093, -934.8549012787093, -946.9479955322337, -946.9479955322337, -979.216801868337, -979.216801868337, -979.7669908917125, -981.2673262814396, -991.3912324111398], 
[163.77994742635178, 163.77994742635178, 145.54977349661203, -823.7778906983048, -823.7778906983048, -829.6723324811273, -832.7369431403166, -832.7369431403166, -877.2111407001536, -877.2111407001536, -954.6006772868684, -954.6006772868684, -954.6006772868684, -968.7451742137358, -968.7451742137358, -981.5887042456875, -984.0512239583284, -984.7981891578722, -989.5194050122725, -989.5194050122725], 
[-71.16607012869508, -684.3362063472191, -684.3362063472191, -684.3362063472191, -684.3362063472191, -753.8810905519673, -857.9865254262617, -860.5823830214409, -940.4652178799934, -940.4652178799934, -962.0686135553594, -962.0686135553594, -962.0686135553594, -962.0686135553594, -962.0686135553594, -984.2374771967552, -987.3545380555801, -987.3545380555801, -995.1438411512655, -995.1438411512655], 
[-391.59147780811975, -391.59147780811975, -391.59147780811975, -812.8659873491282, -812.8659873491282, -915.5526040858209, -916.1685163458645, -916.1685163458645, -949.2346773860637, -949.2346773860637, -951.2835168685799, -968.0235771008174, -968.0235771008174, -969.6453149382031, -971.2475794288551, -976.5276355702439, -982.1056044793459, -986.7546791606856, -986.7546791606856, -986.7546791606856], 
[-804.5345721090557, -805.3451479079572, -854.7270932622909, -854.7270932622909, -854.7270932622909, -942.013765759782, -942.013765759782, -942.013765759782, -942.013765759782, -942.013765759782, -963.2833887386818, -963.2833887386818, -963.2833887386818, -974.4266594230919, -982.2402953495948, -994.7024789436142, -994.7024789436142, -994.7024789436142, -994.7024789436142, -994.7024789436142], 
[342.4873733496979, -476.6501169315643, -476.6501169315643, -879.5173851046611, -879.5173851046611, -904.1472410245293, -904.1472410245293, -904.1472410245293, -916.87933026168, -920.1141017259961, -930.0057971689205, -930.0057971689205, -930.0057971689205, -981.2732071780644, -991.282986143618, -991.282986143618, -991.282986143618, -991.282986143618, -995.5465142841335, -995.5465142841335], 
[2096.892864299185, 1421.5793880726233, -338.1620239684348, -338.1620239684348, -745.3329779185146, -745.3329779185146, -745.3329779185146, -897.1514956116558, -897.1514956116558, -918.0801425517648, -947.64166903634, -947.64166903634, -947.64166903634, -947.64166903634, -969.7007387490352, -969.7007387490352, -985.9770908995407, -985.9770908995407, -989.5236360061396, -989.5236360061396], 
[-193.91337830801353, -193.91337830801353, -848.0161453928797, -879.1772944361745, -879.1772944361745, -879.1772944361745, -968.4381376561122, -968.4381376561122, -970.4456989947481, -970.4456989947481, -970.4456989947481, -970.4456989947481, -970.4456989947481, -970.4456989947481, -977.7348434013745, -986.5737618769999, -986.5737618769999, -986.5737618769999, -988.9769602579065, -988.9769602579065], 
[-2.109015870354483, -2.109015870354483, -315.88027572740395, -506.2149062417065, -919.0685399393531, -919.0685399393531, -919.127263012022, -919.127263012022, -947.1131370582829, -956.827476895307, -964.6700645946471, -981.3277767313978, -981.3277767313978, -983.5500746298388, -990.9016148367622, -990.9016148367622, -990.9016148367622, -998.3146504345152, -998.3146504345152, -998.3146504345152], 
[159.45949471987637, 159.45949471987637, 159.45949471987637, -137.5427581171574, -556.0811418177159, -779.686106721824, -779.686106721824, -829.2144972416478, -942.7918718851723, -942.7918718851723, -942.7918718851723, -947.381445969326, -960.4593134721148, -983.6783860929651, -984.7216613030555, -984.7216613030555, -984.7216613030555, -991.3856744935897, -993.8806976755942, -993.8806976755942], 
[916.1008436089576, -759.0749030967258, -765.0642621723739, -765.0642621723739, -775.7495237496885, -775.7495237496885, -855.7850133015879, -855.7850133015879, -963.7431100595742, -963.7431100595742, -963.7431100595742, -963.7431100595742, -963.7431100595742, -972.1415605318751, -972.1415605318751, -977.3873920767785, -977.3873920767785, -981.4683601938505, -985.0020859585993, -992.0581453865706], 
[72.35452742003145, 72.35452742003145, 72.35452742003145, -815.4540567070336, -815.4540567070336, -815.4540567070336, -850.2054610807058, -854.3171676076614, -869.0580781492938, -874.5563213423726, -937.477488589006, -947.3946435325579, -968.4298330724745, -968.4298330724745, -968.4298330724745, -982.730684878211, -982.730684878211, -982.730684878211, -983.215118841794, -986.2891665017555], 
[-471.84428078068674, -471.84428078068674, -489.3387369505186, -570.8732559437178, -794.2023404083756, -821.0740609274014, -821.0740609274014, -831.0451281681193, -916.1711781184134, -946.6294843638103, -946.6294843638103, -962.9913101125718, -964.2601446939684, -964.2601446939684, -972.763668970247, -977.742704636252, -979.9841234425454, -982.3709957993908, -996.5966338616213, -996.5966338616213], 
[-486.73509846665, -486.73509846665, -486.73509846665, -711.6513661070808, -850.8413834652905, -850.8413834652905, -883.329050988763, -883.329050988763, -885.9514086718798, -964.4476037399018, -964.4476037399018, -964.4476037399018, -964.4476037399018, -975.4848749524289, -975.4848749524289, -977.3939897583631, -982.1614997907619, -986.7670497070134, -986.7670497070134, -986.7670497070134], 
