[867.6607830517382, 136.06172639388808, 136.06172639388808, 112.58324171966603, 3.599827216295523, 3.0218021532173225, 3.0218021532173225, 3.018851595445824, -92.437567372567, -209.1689436268058, -327.4741393253587, -327.4741393253587, -327.4741393253587, -327.4741393253587, -343.3437930711588, -343.3437930711588, -382.92116775594167, -431.5428330073269, -431.5428330073269, -432.31692330833084], 
[343.2893202017967, -44.588885299888204, -44.588885299888204, -44.588885299888204, -44.588885299888204, -44.588885299888204, -104.97959052693426, -104.97959052693426, -104.97959052693426, -104.97959052693426, -154.78815151677583, -165.67094279066606, -280.96838982113024, -294.09187512454866, -357.8253528642385, -357.8253528642385, -357.8253528642385, -443.8932355491929, -443.8932355491929, -443.8958648021851], 
[380.701632435942, 264.75365384609825, 264.6319715787822, 264.6319715787822, 135.58754836357718, 108.74530146654308, -75.6780004135938, -75.6780004135938, -230.05405027420642, -230.05405027420642, -230.05405027420642, -278.9533383876664, -278.9533383876664, -281.9477616912433, -315.11954139814316, -315.11954139814316, -332.5799098195735, -332.91155624453165, -349.5704883514011, -378.8681086557117], 
[853.0452448979263, 311.55337865510796, 98.04144663406066, 98.04144663406066, 98.04144663406066, -76.66779479090445, -76.66779479090445, -93.72093259753609, -140.88413864866897, -140.88413864866897, -277.64040560006094, -277.64040560006094, -324.05195555690693, -358.8106947962375, -386.28091309144463, -386.28091309144463, -386.28113742201555, -388.4639062563997, -417.24005349967865, -417.24005349967865], 
[756.8621189670598, 635.6823552829483, 185.32581329784102, 168.91021451164215, -135.26784798504696, -135.3873399763766, -157.08711238626267, -157.08881191268608, -326.6936033307679, -326.6936033307679, -338.49170047503935, -338.49170047503935, -374.90164375416117, -374.90164375416117, -389.2162582589483, -389.2162582589483, -389.2162582589483, -412.8022467415373, -412.8022467415373, -453.77555467150086], 
[511.43081902887207, 511.43081902887207, 511.43081902887207, 291.9998141879564, 291.9998141879564, 291.9998141879564, 27.80677012003889, -46.70446864483574, -285.08325704366285, -285.08325704366285, -285.08325704366285, -295.3398320981879, -336.1336271058881, -349.3680185290566, -349.3680185290566, -422.21984332404276, -422.21984332404276, -422.21984332404276, -422.21984332404276, -422.21984332404276], 
[893.2828241208326, 402.4502555532532, 402.4502555532532, 347.2128900571722, 267.3836760707977, -21.963746058891104, -21.963746058891104, -107.89890208217759, -174.50684210019472, -248.29780752007125, -305.47780557808255, -305.47780557808255, -388.78247794963715, -388.78247794963715, -388.78247794963715, -389.58094103982216, -389.58094103982216, -389.58094103982216, -416.471004068434, -416.471004068434], 
[59.59496337918176, 59.593229691193756, 55.53656721041693, -31.91565552593829, -60.79932591789577, -60.79932591789577, -107.12358620100588, -213.57850818587173, -269.9772215449764, -269.9772215449764, -311.89951733798716, -354.9252376352872, -377.70376165604375, -388.026626701621, -388.026626701621, -388.026626701621, -401.84381030349533, -408.8568325650483, -430.8498805181266, -430.8498805181266], 
[248.96151899819847, 248.96151899819847, 211.29735962954146, 211.29735962954146, 61.123159867995696, 61.123159867995696, -48.329329412471736, -185.98610202041823, -185.98610202041823, -185.98610202041823, -327.11633502038285, -329.94702848923384, -329.94702848923384, -344.7593938493058, -344.7593938493058, -376.41790111362616, -376.41790111362616, -391.6884140816575, -392.0922163808519, -419.0697056593699], 
[1446.8793900729638, 260.6315460949014, 260.6315460949014, 244.99578722438878, 9.369871601590091, -123.75235949664261, -139.5596713705453, -225.5671262099578, -232.16240268770537, -232.16264378997272, -292.1918062506402, -326.3606250120338, -326.3606250120338, -326.3606250120338, -326.3606250120338, -335.8412640361395, -361.5178985831503, -361.5178985831503, -361.5185079387953, -403.71280008197846], 
[273.8758706217843, 257.992265812088, 147.81509164971817, -40.40623361434456, -322.6266602070741, -322.6266602070741, -323.5199438066287, -326.3973606949899, -326.3973606949899, -326.3973606949899, -326.3973606949899, -326.3973606949899, -361.6999539329397, -401.3440061636887, -401.34468820986723, -401.34468820986723, -407.10677885103667, -428.07570597780784, -428.07570597780784, -466.17260813526525], 
[331.5720009822378, 331.5720009822378, 202.23978019505375, 202.23978019505375, -39.695322792167985, -96.11372132766849, -96.11372132766849, -96.11372132766849, -250.98875316036435, -270.3768544249857, -292.94888737971826, -292.94979215357074, -292.94979215357074, -292.94979215357074, -330.3687758910004, -330.3687758910004, -330.3687758910004, -354.8469705233217, -431.93873992459356, -431.93873992459356], 
[282.12838370971315, 282.12838370971315, 282.127332549122, -50.790439485366676, -50.790439485366676, -50.790439485366676, -115.17942931772541, -115.17942931772541, -165.16940966289997, -165.16940966289997, -249.41197766358178, -295.7930781162948, -340.97319497100693, -350.1591072621296, -430.7964514466978, -430.7964514466978, -430.7964514466978, -434.6384392016892, -443.6766680894754, -443.6766680894754], 
[244.99264172387473, 35.07358687066562, 35.07358687066562, 35.07358687066562, 35.07358687066562, -245.33001292297908, -245.33001292297908, -245.33001292297908, -259.3252252559805, -332.641568448926, -332.641568448926, -332.641568448926, -358.16228595359274, -358.16228595359274, -358.16228595359274, -358.16228595359274, -390.4797510740041, -416.8896412885426, -416.8896412885426, -426.49581747671436], 
[826.0737732253501, 391.4449053798513, 391.4449053798513, 174.637817514806, -322.1535251676384, -322.1535251676384, -323.1733921359853, -323.1733921359853, -323.1733921359853, -323.1743204819378, -323.1743204819378, -323.1743204819378, -339.0804485271043, -366.40097277458887, -366.40097277458887, -383.13064469626534, -404.02164348779377, -404.02164348779377, -414.31080978744797, -440.88812449519764], 
[769.8389973210983, 24.410571719595396, 24.410571719595396, 12.622929969771235, 12.622929969771235, 8.753470044607297, -0.34512764578209953, -19.483631913643706, -173.63782141681526, -184.4034782752866, -184.4034782752866, -184.4034782752866, -317.7777334120825, -317.7777334120825, -317.7777334120825, -317.7777334120825, -317.7777334120825, -321.8714525492271, -375.48549445884265, -375.48549445884265], 
[396.611629117848, 290.64380795627005, 290.64380795627005, -66.24141965965686, -66.24141965965686, -66.58220361145061, -188.70567033729935, -188.70567033729935, -227.17875906078245, -384.7461933164641, -453.23846137971634, -453.23846137971634, -453.23846137971634, -453.23846137971634, -453.23846137971634, -453.23846137971634, -453.23846137971634, -453.23846137971634, -462.2946226771913, -462.2946226771913], 
[300.0832506678862, 85.11835434255852, 85.11835434255852, 85.11835434255852, -205.25129413895564, -232.14019543635607, -232.14019543635607, -271.4818113864079, -314.3512887575894, -407.4478421486786, -407.4478421486786, -407.4478421486786, -440.97185105907005, -440.97185105907005, -443.2783317882311, -443.2784545974237, -443.2784545974237, -443.2784545974237, -443.2784545974237, -446.51766009839713], 
[714.4808098558908, 545.1844047765007, 446.95223377563104, 134.30463931087456, 133.43269415264263, 132.6256156634155, -15.7903282020049, -100.299547924781, -100.299547924781, -203.58355501807551, -376.6632340365629, -386.20793712151817, -386.20793712151817, -386.20793712151817, -386.20793712151817, -386.20793712151817, -386.20793712151817, -386.20793712151817, -386.20793712151817, -395.7971032448603], 
[1142.4060898818639, 139.1037631390036, 139.1037631390036, 139.1037631390036, 139.1037631390036, 139.1037631390036, -327.58089557089204, -327.5816681956794, -327.5816681956794, -368.7927489416121, -391.10378721179023, -426.74400921776214, -426.74400921776214, -426.74400921776214, -426.74400921776214, -426.74400921776214, -456.7431588415841, -456.7565627888913, -456.7565627888913, -465.8622166339527], 
[107.59071868111835, 107.59071868111835, 107.59071868111835, 35.45034721299237, 35.45034721299237, -46.774570320517114, -46.774570320517114, -46.774570320517114, -224.0245168322918, -329.24102905495937, -329.24102905495937, -329.24102905495937, -329.24102905495937, -383.6071869878825, -383.6071869878825, -383.6071869878825, -396.42303810988017, -430.0705029491448, -436.50668597241753, -436.50668597241753], 
[1024.6136165003218, 814.5891641932362, -47.13498096134492, -47.342562282836525, -47.3434410007323, -58.97951395918318, -58.97951395918318, -121.67740379510815, -145.93857754061605, -410.66928907053943, -410.66928907053943, -410.66928907053943, -410.66928907053943, -410.66928907053943, -410.66928907053943, -410.66928907053943, -410.66928907053943, -410.66928907053943, -410.66928907053943, -418.54575875591746], 
[668.670025575804, 346.0670954057423, 267.795755922435, 108.49643470141768, -72.78391845226736, -72.78391845226736, -72.78391845226736, -72.78391845226736, -78.87176818464962, -334.0919071966115, -334.0919071966115, -334.09194672337503, -401.48344972265187, -401.48344972265187, -401.48344972265187, -401.48344972265187, -401.48344972265187, -401.48344972265187, -401.48344972265187, -401.4835885602287], 
[1320.8720790834598, 941.9385121465821, -100.30076854260079, -100.30076854260079, -100.30076854260079, -100.30076854260079, -193.94851595066166, -193.94851595066166, -193.94851595066166, -252.5050324866744, -260.0415646169812, -417.61419361096586, -417.61419361096586, -417.61419361096586, -417.61419361096586, -417.61419361096586, -418.62394288482255, -419.0345655111793, -419.0345655111793, -419.0345655111793], 
[704.7087556616348, 257.5880943589001, 257.5880943589001, -122.63662954444607, -122.63662954444607, -122.63662954444607, -197.5459158068262, -297.7941996709834, -343.7720591703511, -364.16276978808474, -480.61323780302564, -480.6522228670665, -480.6522228670665, -480.65232793696873, -480.65232793696873, -480.65232793696873, -480.65232793696873, -480.65232793696873, -485.84622492661407, -485.84622492661407], 
[206.8600729112402, 206.32572945187246, 124.18410635771795, 10.672154797544522, 10.672154797544522, -107.35963104835332, -146.85352871179236, -217.079190431634, -260.5428352357734, -295.8679047388151, -295.8679047388151, -295.8679047388151, -317.6564019770316, -319.1567498764435, -319.1567498764435, -319.15683022210317, -337.3425577565947, -337.3425577565947, -337.3425577565947, -340.95796782426277], 
[734.4437810598754, 318.86090470575823, 318.86090470575823, 254.14858575477194, 41.539540666400285, 41.539540666400285, -159.32089623682145, -159.32089623682145, -186.06254358473097, -248.85965854944203, -331.24492750832644, -331.24492750832644, -331.24492750832644, -331.24492750832644, -361.3556743496189, -361.4205723073913, -366.3787540559806, -377.93379295494935, -414.60772459291763, -414.60772459291763], 
[-153.6241267432892, -153.6241267432892, -153.66832120492427, -153.66832120492427, -180.2197134101844, -180.2197134101844, -180.2197134101844, -180.2197134101844, -427.8665425079863, -427.8665425079863, -427.8665425079863, -427.8665425079863, -427.8665425079863, -427.8665425079863, -427.8665425079863, -427.8665425079863, -427.8665425079863, -427.8665425079863, -445.0636941140848, -445.0636941140848], 
[1245.2071340763764, 402.20487365949873, 402.20487365949873, 100.81058997916455, 42.04094539998562, 42.04094539998562, 1.9189031821740627, -386.1033441505662, -386.1033441505662, -386.1033441505662, -388.3525328262345, -388.3525328262345, -388.3525328262345, -388.3525328262345, -388.3525328262345, -403.9868341387003, -403.9868341387003, -407.6452493587984, -440.7684517165951, -440.7684517165951], 
[2.4737178743326353, -172.4354858047568, -172.43601299653858, -172.43601299653858, -320.2772448349575, -320.2772448349575, -320.2772448349575, -320.2772448349575, -320.2772448349575, -380.9794494314846, -380.9794494314846, -393.59196277204455, -393.59196277204455, -393.59196277204455, -393.59196277204455, -393.59196277204455, -393.59196277204455, -393.59196277204455, -403.03186549795714, -436.48213478129895], 
