[2453.561730870246, 2268.1488293932753, 1849.0983082518078, 1849.0983082518078, 1849.0983082518078, 1726.4209799548707, 1457.5249554212592, 1179.0126727010852, 1125.3723987071112, 688.316503359722, 688.316503359722, 406.8744267459483, 406.8744267459483, 406.8744267459483, 368.6480458001256, 306.52814093245934, 301.863288928007, 242.91813294320264, 242.91813294320264, 156.08915885600527], 
[2213.128171642956, 2213.128171642956, 1825.8431700398692, 1717.0218762131685, 1495.4156414818685, 1495.4156414818685, 1425.4394789742428, 1249.546093927483, 1194.9770481024261, 960.7270999205107, 871.2746248792982, 825.363296680966, 825.3367510660064, 636.9734593017733, 636.9734593017733, 529.7729250241728, 522.3173169911738, 458.5819273987013, 385.8054643918649, 385.8054643918649], 
[2490.6430813511806, 2440.8139753064197, 2172.631884259348, 2007.1770649717141, 1987.0047307007144, 1710.3095708475735, 1638.2496201658882, 1325.9410231459065, 1060.2276751254649, 916.6413613948971, 916.6413613948971, 636.1506517173557, 636.1506517173557, 635.1102155025392, 635.1102155025392, 506.7700800131606, 506.7700800131606, 315.3687765350328, 315.3687765350328, 315.3687765350328], 
[2155.2990663201417, 2155.2990663201417, 1414.299897612219, 1414.299897612219, 1414.299897612219, 1406.8563031804265, 1182.233905014522, 945.0397770822533, 761.7869860188689, 761.7869860188689, 679.9751577931916, 588.0736156311077, 560.5424831592695, 433.7524976379991, 433.7524976379991, 433.7524976379991, 376.2911140603096, 352.40473216464807, 340.4956369017177, 299.8058640434883], 
[2081.2639040285626, 2078.4053915784243, 2078.2421111431026, 2078.22689914767, 1510.2663532084835, 1510.2663532084835, 1326.7471201071057, 1143.5005024697894, 1034.2504182276443, 749.9684351046262, 749.9684351046262, 749.9684351046262, 600.7337277110587, 495.6485831702712, 349.1045106336446, 349.1045106336446, 287.28115442897615, 275.00418448781465, 205.74585085968965, 205.5601148065839], 
[2057.7587488989975, 2057.7587488989975, 1725.73228647945, 1382.7670299359243, 1361.9845908252114, 1346.3369860347902, 1346.3369860347902, 943.0866251266916, 943.0866251266916, 849.5116509292234, 608.050758934136, 605.1258632571548, 454.1116622894533, 391.50133568408864, 170.34285332669606, 170.34285332669606, 169.70768479373783, 169.70768479373783, 169.70768479373783, 169.70768479373783], 
[2120.89671918176, 2120.89671918176, 1941.176019147605, 1852.6158211710735, 1823.4336706252648, 1437.772050534018, 1289.6352680251093, 1208.1572473422139, 787.6775038489473, 787.6775038489473, 751.7738950865546, 580.3885175575465, 400.9963915806129, 303.64774477123046, 249.2527501551649, 248.18973467575915, 213.68015382026715, 202.80292250074217, 196.23826936227033, 81.66114986101275], 
[2478.6685572806155, 2328.6177269492155, 2117.1510285332747, 2016.3694025687264, 1710.0404567540613, 1307.958217055847, 1222.5512361481378, 1222.5512361481378, 875.227006881707, 701.1199758584521, 701.1199758584521, 643.8639042935988, 609.4548090511857, 609.4548090511857, 534.794709575338, 410.92897198986884, 386.23300782871866, 361.65238854486506, 262.6032185791805, 262.6032185791805], 
[2450.3445777634943, 2062.3945780311615, 1869.8446053734838, 1832.679682072539, 1393.9412217237586, 1393.9412217237586, 1393.9412217237586, 1325.896928565336, 1190.0764893071746, 891.2742918275508, 820.3936391351244, 429.38346899523367, 429.38346899523367, 429.37686644133464, 429.37686644133464, 315.9703531425562, 315.9703531425562, 315.9703531425562, 288.2175095816465, 288.2175095816465], 
[2422.7263099176207, 2217.339425732155, 2075.602932072957, 2056.5585507535866, 1843.506507436105, 1407.949086620407, 1208.6582452698713, 1208.6582452698713, 1013.7737007594051, 918.6805080080399, 918.6805080080399, 901.5463701464746, 842.9951315889148, 694.7934938292256, 499.05091554133924, 453.536904790858, 407.40084852099517, 376.4664215031862, 348.52380863260896, 311.42935765657376], 
[2450.011948751554, 2165.0211784710573, 1957.7128912696553, 1810.7778553440048, 1506.1976253146186, 1506.1916135032916, 1019.3099395226, 862.4517058314918, 804.6730800301066, 797.3506968145284, 719.8406905998236, 579.6724371840619, 521.8304120032785, 443.78623490812697, 280.1826986183828, 280.1826986183828, 237.98680983706527, 237.98680983706527, 151.51593101014078, 151.51593101014078], 
[1908.0853715442627, 1908.0853715442627, 1908.0853715442627, 1752.2325927658421, 1491.4860886352521, 1403.4697754844324, 1312.1885351809096, 1121.4530925004601, 1025.2927060434768, 952.5086926635281, 849.2679607947389, 639.9560738468549, 600.5804223196224, 450.3171967989106, 391.1200932594734, 298.4580548351041, 298.4158505628575, 192.88640984703807, 192.88640984703807, 192.88640984703807], 
[2337.4426363374705, 1994.3008799537233, 1950.1786838115313, 1676.840909628495, 1318.4193317098097, 1318.4193317098097, 1317.3378379552132, 1201.0918505808877, 947.468978320459, 947.468978320459, 819.1159886944201, 714.6706345590205, 627.781339973476, 533.5571980835075, 491.18665207293725, 473.0633989097514, 415.9817723398173, 337.52046705672274, 322.93998327394365, 255.00685059027455], 
[2295.8132029213775, 2295.783864799303, 2027.3695700080507, 1703.2333123876715, 1703.2333123876715, 1641.8127907293497, 1283.5959402081476, 957.4772453659425, 957.4772453659425, 867.4258621584754, 757.3130850950633, 757.3130850950633, 700.6618611399163, 627.0958401643916, 574.9740077395104, 368.04904320805235, 368.04904320805235, 252.4243254686803, 171.96788082223065, 171.96788082223065], 
[2439.9438236758674, 2439.9438236758674, 2089.2678877635212, 1843.9127878987701, 1735.0162726550966, 1655.9718808708767, 1336.240832208121, 1336.240832208121, 1201.8706634743944, 968.6245565240215, 822.5680993167662, 822.5680993167662, 737.5392556985853, 545.8456338597839, 545.8456338597839, 504.344357901874, 333.33892571660226, 308.7641289732155, 302.3657606915158, 202.2967853496607], 
[2307.427323917963, 2252.9923928016046, 2252.9923928016046, 1997.4787205304588, 1521.324510336406, 1521.324510336406, 1521.324510336406, 1388.133250114602, 1211.569356355145, 787.0278411499398, 787.0278411499398, 775.1465470023222, 765.7754507112054, 734.6704968708432, 535.3221516660169, 415.7256783352873, 384.7722491071863, 384.7722491071863, 378.1099446958633, 316.01798601321116], 
[2159.6952880351673, 1764.7654997913319, 1707.7467481963427, 1707.7467481963427, 1668.5270158090266, 1449.2447588454756, 1449.2447588454756, 1058.9182159064721, 967.6705562159846, 729.8669191490944, 729.8669191490944, 729.8669191490944, 668.1649517830447, 542.2977539149574, 542.2977539149574, 489.2154731185087, 489.2154731185087, 410.00297530804346, 307.0716296520027, 224.95241345650902], 
[2609.3273793483536, 1998.5562721212636, 1962.5666491798684, 1556.0296823461608, 1556.012006204975, 1537.6550829996913, 1122.156047330834, 1016.6945179302438, 1016.6945179302438, 1016.6945179302438, 1002.4717359890637, 864.8014322092363, 607.1618447407263, 407.6386808052407, 369.9709458215152, 369.9709458215152, 318.7106148763146, 300.82498018309616, 298.98095383699956, 260.1562639370377], 
[2398.0926578261924, 2398.0926578261924, 1953.7349628083807, 1721.1608137648973, 1721.1608137648973, 1573.2324554890138, 1298.1084297417124, 1192.7918691353889, 1192.7918691353889, 1093.5494208888877, 875.1893762638942, 875.1893762638942, 811.7571494310564, 568.9967079307589, 568.9967079307589, 444.62501133670594, 444.62501133670594, 386.40407452147883, 290.8782946372926, 290.8782946372926], 
[2336.3039595585396, 2336.3039595585396, 1313.0689359818002, 1313.0689359818002, 1313.0627045787633, 1292.3224471550411, 1151.1310328062355, 1151.1310328062355, 881.1286169277969, 881.1286169277969, 643.5427093693784, 595.3270123464363, 581.3554350073314, 515.0827181483974, 420.3245734779698, 205.84995803076708, 181.84735504948185, 172.91895598441124, 172.91895598441124, 171.38580210286227], 
[2409.827887662512, 1871.9143042841815, 1871.892718296357, 1857.8146665814274, 1767.8512382838994, 1365.3481995380348, 1136.7722022158646, 1049.5841398665798, 1049.5841398665798, 823.1483835079985, 740.7099464205326, 616.8309998929021, 616.8309998929021, 499.66699554537536, 499.66699554537536, 266.93690752131715, 246.95208512736917, 230.8896602686509, 196.58556125417772, 116.63060555728907], 
[1958.1708889266674, 1958.1708889266674, 1694.8392756220283, 1694.7966546991465, 1694.7966546991465, 1548.0677729989075, 1434.7548437916403, 1175.8759928260474, 1020.0560291885035, 876.0005524534549, 876.0005524534549, 657.2025418505305, 583.2693274670428, 458.1034767165811, 458.1034767165811, 442.3715293216769, 442.3715293216769, 405.1738015172414, 301.1092797958049, 301.1092797958049], 
[2435.767029679604, 2265.7954134705324, 1620.3368235067342, 1615.2607492332936, 1615.2607492332936, 1479.2004003233965, 1126.4277415195074, 1120.69226389379, 1001.6074876970433, 947.3430885745452, 640.0050173985005, 552.2133551234642, 552.2133551234642, 459.45556355358485, 367.751320992852, 367.751320992852, 367.751320992852, 247.29805102295177, 211.4896081400534, 171.4931136820087], 
[2014.8987357522215, 2014.8987357522215, 1613.1622439152934, 1613.1622439152934, 1613.139644822837, 1476.1307543414027, 1429.7358125166784, 918.9036203813803, 918.9036203813803, 885.6168595201648, 827.2185323115182, 536.4271857069739, 536.4271857069739, 453.9526048556463, 453.9526048556463, 453.9526048556463, 453.9526048556463, 351.0492695974558, 292.6650693546585, 149.21730569337706], 
[2541.2349040969902, 2430.6148353686226, 1941.924786821633, 1648.5602097772585, 1338.4764964630435, 894.6210766716849, 894.6210766716849, 894.6210766716849, 894.6210766716849, 891.7387704566077, 880.5000987208932, 395.0049990299199, 395.0049990299199, 382.1954575543782, 382.1954575543782, 321.55586554909996, 313.86301600169463, 270.39564995253704, 157.40302476194847, 157.39794008526133], 
[2346.7548180228205, 2346.7548180228205, 2251.9945268493707, 2066.4655693127575, 1736.090014983075, 1195.5975016195894, 1195.027818192185, 1159.3708746218153, 1110.5780947375106, 1055.5301116524256, 894.1639495993977, 739.9204619500279, 739.9204619500279, 697.8918962873599, 539.9495450061349, 539.4598989755782, 469.6765084952144, 429.60772898619643, 355.6031333119672, 355.6031333119672], 
[2281.0940307106857, 2281.0940307106857, 2128.207771190023, 1983.129067934191, 1895.877702897516, 1670.754266905254, 1368.0280609150136, 996.058133825456, 996.058133825456, 889.2108901379961, 824.2192872085611, 376.8071653914999, 376.8071653914999, 376.7981652466119, 376.7981652466119, 362.5894779305181, 362.5894779305181, 293.8894657656879, 241.94025769826294, 213.59125447187353], 
[2149.094127410814, 2149.094127410814, 2086.2508011007103, 1686.5134805464018, 1629.6948060087948, 1505.4754498658444, 1260.8724442728785, 861.5363425070009, 817.8018495643337, 817.8018495643337, 642.3812705220844, 541.4148870505032, 436.7340006407794, 429.594618847143, 294.24610258797975, 294.24610258797975, 286.2818561466802, 163.0472590266404, 163.0472590266404, 119.18980324992481], 
[2310.192479687156, 2101.2750651864717, 2101.2750651864717, 1814.1924880219558, 1330.3794098831308, 1330.3794098831308, 1269.8623375087936, 1034.498275178158, 846.4328468235822, 700.1831135331995, 632.9879449859409, 530.6410520963364, 488.43712456802405, 488.43712456802405, 454.0976064720144, 375.64053630551916, 364.97984705331874, 252.49282773762388, 239.76143976903631, 140.6969301363829], 
[2245.9627579533726, 2047.1651584202118, 1991.5583152168583, 1850.4106161414784, 989.1847768233911, 989.1847768233911, 989.1847768233911, 853.7692831532781, 853.7692831532781, 853.7692831532781, 675.2838044153891, 611.4288639873466, 562.7468863575136, 487.57549089076883, 306.75938113534403, 306.75938113534403, 297.7070467755134, 295.5697248026131, 273.73642487225106, 191.92690966594955], 
