[727.849480469114, 449.43823236688365, 286.0589978304321, 238.7301121409837, 180.8790913756344, 159.50544049008818, 16.624318044952588, -273.42687579018235, -297.73635526984344, -297.73635526984344, -297.7515489021481, -351.92872522673133, -351.92958669946813, -352.6401072955276, -358.55332463775255, -375.9359437197671, -390.58710168200025, -414.33039730901623, -414.33039730901623, -414.35505073148147], 
[867.1561929329982, 6.51166523878112, 6.51166523878112, 6.51166523878112, -11.79274028003158, -18.1039617653924, -187.1140302452061, -187.1140302452061, -187.16875803322068, -293.45067202805274, -293.45067202805274, -293.45067202805274, -340.00201381010277, -340.00201381010277, -364.4596266491618, -364.4596266491618, -434.5140450987127, -434.5140450987127, -434.5140450987127, -434.5140450987127], 
[928.8739002134962, 928.8728759667138, 738.5916918064047, -67.23463391525422, -67.23463391525422, -67.23463391525422, -75.16197021820801, -220.04690521906406, -223.32671221447555, -223.32671221447555, -231.60652399079277, -231.60652399079277, -321.2998468735497, -339.5479875430775, -353.4158086759974, -392.75231431230196, -425.6243652146707, -425.6243652146707, -425.6243652146707, -425.6243652146707], 
[822.8269230301319, 73.66147893816378, 73.66147893816378, 73.66147893816378, 73.66147893816378, -77.14426851479487, -77.14426851479487, -77.14426851479487, -77.14426851479487, -225.36985860895595, -225.36985860895595, -225.46337819774953, -277.45989739964654, -294.6177901669033, -294.6177901669033, -299.86207877365985, -326.3686620600355, -364.63844874708514, -397.486355736491, -397.486355736491], 
[726.1258556434975, 726.1258556434975, 52.756920574752485, 52.756920574752485, 52.756920574752485, 36.65865503589089, 36.65865503589089, 36.65750880850533, -358.7024967295836, -358.70398355027044, -358.70398355027044, -358.70398355027044, -358.70398355027044, -358.70398355027044, -405.7720193295988, -405.7720193295988, -405.7879827223831, -405.7880374263089, -409.6313620667571, -428.90368150903123], 
[420.36599475555875, 420.36599475555875, 420.36599475555875, 323.4617983073605, 323.4617983073605, 198.07975569854648, -193.93123759154594, -198.41613772168608, -198.41613772168608, -260.774824202924, -271.92617147429235, -271.92617147429235, -332.2528990967132, -332.2537815385722, -384.0295247075239, -384.0295247075239, -384.0295247075239, -384.0295247075239, -384.0295247075239, -402.40331913262867], 
[923.8223757616245, -156.85774020982757, -156.85774020982757, -199.44931711549526, -199.44931711549526, -199.44931711549526, -199.44931711549526, -272.1694415447795, -272.1694415447795, -289.66647037061966, -328.9055639979705, -334.22730702361275, -339.8221504201109, -364.3573006845976, -392.03919728309285, -434.2827580403578, -434.2827580403578, -434.2827580403578, -448.2645559920126, -456.9967261742596], 
[804.0842346877237, 620.120340222506, 274.55625629735096, 157.8104555172199, 143.06131084608, -76.42968482454887, -76.42968482454887, -76.42968482454887, -153.53476883200432, -201.23681084440295, -213.5915851678929, -282.6893749646467, -361.87267703399164, -406.88646214211116, -406.88646214211116, -406.88646214211116, -406.88646214211116, -406.88646214211116, -406.88646214211116, -454.42773823460226], 
[818.0588545779299, 657.3028915828743, 514.8879892479839, 308.6542163869967, -171.7982757151999, -171.7982757151999, -188.29969480925445, -188.29969480925445, -421.56619646835384, -421.56619646835384, -421.56619646835384, -434.8451402975333, -434.8451402975333, -434.8451402975333, -434.8451402975333, -434.8451402975333, -434.8451402975333, -437.0374636047823, -443.0643480731371, -449.51793136246783], 
[298.59452927869813, 298.59452927869813, 298.59452927869813, -157.84493958351283, -157.84493958351283, -157.84493958351283, -157.84493958351283, -209.4751676632685, -209.4751676632685, -209.49955907281628, -209.49955907281628, -212.25620407875914, -247.84333337808386, -296.69827542718235, -326.30896207515, -326.30896207515, -326.30896207515, -361.37853482549156, -406.4048828133842, -421.53536614544635], 
[1120.5721816412602, 547.6862707650967, 547.6862707650967, 263.0496358729846, 263.04792854028756, 86.85003316841494, -262.2198698181441, -323.66324727917987, -323.7860925873471, -377.82552066760604, -377.82552066760604, -398.9474964877957, -398.9474964877957, -398.9474964877957, -398.9474964877957, -398.9474964877957, -413.1820317303855, -427.26717520374723, -439.2089906036061, -458.4279310105642], 
[302.6735822106996, 302.6735822106996, 302.6735822106996, 194.84387046431152, -59.956668345548394, -59.956668345548394, -137.06159701978862, -139.05789097481994, -271.4694883101789, -271.4694883101789, -271.4694883101789, -271.4694883101789, -334.4950200901836, -334.4950200901836, -334.4950200901836, -334.4950200901836, -334.4955301402805, -338.4449459796983, -395.5144415135931, -395.5144415135931], 
[636.427559543346, 570.3209355225094, 534.8090749894211, 245.49546097621624, 167.17339711730335, -104.82625771014727, -174.07058635258812, -174.07058635258812, -174.0725922909122, -174.0725922909122, -235.97015606009876, -263.199822589986, -263.199822589986, -272.27838466668084, -327.93990756742085, -327.93990756742085, -327.93990756742085, -327.93990756742085, -327.93990756742085, -337.6943594631233], 
[497.30505308759996, 497.30505308759996, 469.93168151144584, 46.16924975259542, 46.16924975259542, -45.98614231397124, -188.03040074213743, -325.6573170806613, -325.6573170806613, -325.6573170806613, -330.48690630436215, -330.48690630436215, -351.0231816180925, -351.0231816180925, -351.0231816180925, -376.8487114685664, -376.85131543245, -409.161212814019, -437.4409399657681, -437.4409399657681], 
[1083.1714105618894, 311.7019351690619, 311.7019351690619, 311.7019351690619, 68.26635445381635, 68.26575775988556, 66.78374802872736, -125.77900965670972, -125.77900965670972, -149.67888372508395, -199.30157565855387, -228.3557263372976, -249.6492240301053, -324.8102972522744, -339.98872860036533, -345.62599185687895, -365.16941085592566, -376.6929197815497, -387.8203374395915, -436.1944124946897], 
[1084.8176860419562, 496.4716000083208, 246.33301979887005, 240.69530444088343, 240.69530444088343, -121.4921549621642, -121.4921549621642, -201.48421175864172, -201.48421175864172, -201.48421175864172, -201.48421175864172, -300.54239588151, -300.5430273649074, -340.842405682566, -390.21795096232626, -390.21795096232626, -390.21795096232626, -414.5594485918002, -424.10315419933517, -424.10315419933517], 
[681.1139877322062, 137.59272246307626, 137.3274802517485, 85.61294230505177, 68.54352601695427, -228.75959439546762, -228.75959439546762, -228.7611803441721, -228.7611803441721, -228.7611803441721, -382.8354879816335, -382.8354879816335, -382.8357552597291, -415.9127457520822, -415.9127457520822, -448.9592440999232, -448.9592440999232, -448.9592440999232, -448.9592440999232, -451.16405095363524], 
[475.67066163271727, 382.7269582511541, 328.49735553599396, 152.01129147075812, -93.26728359608074, -373.40383948074117, -373.40383948074117, -373.40383948074117, -373.40383948074117, -373.40383948074117, -393.44587509681145, -393.44587509681145, -393.44587509681145, -433.6559393527707, -433.6559393527707, -433.6560444895382, -433.65941021442, -433.65941021442, -433.65941021442, -462.25188953965454], 
[885.030224422791, 827.8728003300737, 202.87137453329922, 202.87137453329922, -65.92465672070375, -65.92678528750156, -211.38578446544722, -244.33409198566162, -244.33409198566162, -244.33409198566162, -244.33409198566162, -273.3267126151464, -273.3267126151464, -306.51096491579926, -313.1904498950289, -400.11769294955593, -416.7604065166769, -416.7604065166769, -449.63469467790196, -451.1750574359163], 
[890.7548964374646, 465.05545040848585, 407.13265314341515, 344.1030946984315, 331.89058374623824, -104.56500608122877, -252.5139597602451, -292.020105135151, -292.020105135151, -292.020105135151, -292.020105135151, -324.5035132700426, -324.50431584367675, -367.1744952963646, -371.564938456868, -378.3867410076814, -378.3867410076814, -401.4827483605876, -403.2302383446405, -403.2302383446405], 
[178.4936576512447, 81.4690996713249, 81.4690996713249, 81.4690996713249, 27.569017515837572, 27.569017515837572, -145.12689318753894, -285.1564896792321, -300.97649797620954, -300.9767230610771, -300.9767230610771, -300.9767230610771, -335.5514015691583, -402.8362961376638, -402.8364589009244, -402.8364589009244, -402.8364589009244, -403.1739569292485, -403.1740956435163, -418.2681004351885], 
[962.035988687029, 556.2968245671573, 556.2968245671573, 143.85835561015062, -204.87476006192833, -204.87476006192833, -294.0239787825823, -294.0239787825823, -368.22818123126535, -368.22818123126535, -368.22818123126535, -368.22818123126535, -368.22818123126535, -368.2289089756552, -368.2289089756552, -388.9222636065749, -398.0940497345029, -398.0940497345029, -398.09422494809434, -398.09422494809434], 
[1289.0594934410576, 342.26168984991784, 61.61194169815042, 53.47253012871613, -185.22912743066144, -185.22912743066144, -185.22912743066144, -185.22912743066144, -226.96321571573435, -226.96321571573435, -248.13109988321213, -328.62081921617664, -328.62081921617664, -375.65388409525724, -378.0296493834358, -435.94470973056997, -435.94470973056997, -435.94470973056997, -435.94470973056997, -435.94470973056997], 
[641.8585294092013, 641.8585294092013, 226.55062701875545, 226.55062701875545, 226.55062701875545, -43.26064773238198, -47.74332423001505, -47.74332423001505, -184.7430365512805, -184.7430365512805, -184.7430365512805, -198.56068998767387, -315.8118389808898, -319.22179505677843, -319.22179505677843, -380.2960808575486, -380.2960808575486, -419.9362180699478, -419.9362180699478, -434.8187426040123], 
[264.97156756093466, 45.919803699927115, 45.52650731704887, -33.86919345668383, -40.674011207675505, -50.28321208969345, -50.28321208969345, -274.5827366529011, -274.5827366529011, -274.5827366529011, -287.46577549641694, -287.46577549641694, -304.4104299669988, -304.4104299669988, -379.9647351313472, -379.9647351313472, -379.9647351313472, -379.9647351313472, -379.9647351313472, -393.14320703658314], 
[672.0382234295294, 495.97205851723265, 111.67554728338916, -80.87011612343667, -80.87011612343667, -155.43398199298258, -155.43398199298258, -228.27223393170055, -286.3910120003404, -346.76731541057865, -347.6724300493646, -347.6724300493646, -347.6724300493646, -347.6724300493646, -378.3235796772226, -409.7419558818952, -409.7419558818952, -409.7419558818952, -409.7419558818952, -426.5534598614915], 
[133.31570374532714, 133.31570374532714, 130.9705228841956, 18.74964053614997, 18.74964053614997, -85.20327558760283, -89.87566638832851, -91.92598644564242, -161.07113862826117, -271.124884652823, -271.124884652823, -271.124884652823, -310.3837517220918, -361.4796891453192, -361.4796891453192, -361.4796891453192, -361.5781757567431, -361.5781757567431, -361.5781757567431, -361.6047514865361], 
[893.9321599885484, 893.9321599885484, 459.51671038660197, 459.51671038660197, 219.27465341678396, 212.01733549849564, 143.465287374632, 143.465287374632, 49.148431894468104, -155.76975001152476, -155.76987787469596, -155.76987787469596, -289.7804640928182, -383.8345373737143, -422.01483722470897, -422.01483722470897, -422.01483722470897, -422.01483722470897, -453.82112966305164, -456.83334753188507], 
[766.3604519697683, 766.3604519697683, 417.598312723219, 143.81925273066975, 56.01730941737469, 43.86356866787082, 43.86356866787082, -231.55415578877927, -351.7502759402942, -351.7502759402942, -351.7502759402942, -351.7502759402942, -351.7502759402942, -351.7502759402942, -358.8773511515934, -358.8773511515934, -400.987538414256, -400.987538414256, -400.987538414256, -400.987538414256], 
[552.7377831410079, 552.7377831410079, 287.52746779606457, -61.36563787241488, -61.36563787241488, -107.6797736681985, -107.6797736681985, -217.69281275753337, -217.69281275753337, -217.73822726542255, -273.4353367004879, -273.4353367004879, -276.9601662356948, -276.9601662356948, -289.89501662243947, -304.6724228772432, -330.5862066131416, -330.5862066131416, -399.23095224935156, -409.4628773518702], 
