[945.4402696814652, 583.0294489858782, 365.39262323348066, 172.86461933065766, -75.53872269976506, -169.3308446279289, -228.0133689975463, -241.03260073425736, -241.03260073425736, -241.03260073425736, -326.5986874401632, -336.881190694207, -367.259669065526, -367.259669065526, -405.0922637907386, -405.0922637907386, -407.30922055271265, -412.22776746082496, -417.0375959050075, -425.0638597759264], 
[756.3147367679778, 572.1247858483721, 334.9549126137566, 196.8561643672939, 145.94629116340957, -25.154651304131335, -25.154651304131335, -253.05652354479145, -253.2171120886099, -263.56958228714984, -263.56958228714984, -338.3186550563061, -354.2250091923093, -366.18813513413374, -367.0945910624469, -377.13925589172567, -377.13925589172567, -410.9153967760328, -410.91677535321304, -410.91677535321304], 
[1085.1266280597458, 1085.1266280597458, 559.8773929352315, 533.7684811499244, 509.11054177784285, 133.840407375469, 39.018438582527665, 39.018438582527665, -9.56602502103658, -38.166215862014894, -180.78097213922007, -298.17460720817746, -298.17460720817746, -314.25699433587215, -314.25715054182047, -314.25715054182047, -324.9389250527846, -376.48171618987857, -376.48171618987857, -376.48171618987857], 
[1220.7484752356042, 454.8033839956796, 409.3795211852979, 180.77535252202347, 43.24552719232247, 14.282114543472971, -11.583897015593948, -11.583897015593948, -84.69368716655526, -122.71495930118209, -122.71495930118209, -206.2789307057746, -206.2789307057746, -212.44629363550195, -273.1790296186848, -364.1013680600777, -364.1013680600777, -415.0852080210145, -421.5413215557769, -421.5413215557769], 
[690.0891126465831, 575.1392374834738, 66.28811869905553, 66.28811869905553, -30.397230522721543, -30.397230522721543, -85.53364321873522, -198.34719525021058, -278.8641074977302, -278.8641074977302, -339.7783230817138, -387.0239764286081, -387.85007022118924, -387.85007022118924, -413.5745066985043, -413.5745066985043, -420.7321949553587, -457.05965952669493, -457.05965952669493, -457.05965952669493], 
[627.6788531831164, -75.38419327720976, -75.3858423548271, -75.3858423548271, -382.8876775685286, -382.8876775685286, -382.8876775685286, -382.8876775685286, -382.8876775685286, -387.3614316263567, -388.8454084196587, -388.8454084196587, -388.8454084196587, -388.8461675472141, -417.726188221784, -418.6174637008718, -466.72463940105786, -466.72463940105786, -466.72463940105786, -467.8478957307622], 
[124.05195116707375, 124.05195116707375, 124.05178994824985, 106.73213015412853, -174.80315362566108, -174.80315362566108, -174.80315362566108, -176.24058738410116, -333.6037400840075, -333.6037400840075, -371.4494520957636, -371.4494520957636, -371.4494520957636, -410.1319933767561, -410.1319933767561, -410.1319933767561, -410.1319933767561, -427.23749184631663, -427.23749184631663, -441.75416275478756], 
[698.1001169048106, 698.1001169048106, 691.145653211702, 182.34186277015624, 182.34186277015624, -168.30933066227936, -172.75040136196026, -193.28215693234358, -193.28215693234358, -251.41680343619106, -378.2847814116103, -378.2847814116103, -378.3104479093436, -378.34672950998817, -426.1430685010744, -429.9641260595025, -433.90785497669754, -433.90785497669754, -433.90785497669754, -433.90785497669754], 
[757.3985743293001, 386.61505285279804, 386.61505285279804, 55.34528615910699, 55.34528615910699, -223.65772637978722, -225.3255095384651, -270.23438435470297, -270.23438435470297, -337.8422413223725, -337.8422413223725, -433.26503895884684, -433.26503895884684, -433.2654132593303, -433.2657051516113, -433.2657051516113, -433.2657051516113, -433.2657051516113, -433.2657051516113, -433.2657051516113], 
[227.60352181488247, 96.06449517364467, 96.06449517364467, -6.536752007379732, -171.38172203558764, -171.38590945703226, -173.66349915964975, -251.08464017180975, -251.08464017180975, -292.58863491107047, -300.75100289687833, -326.75968145456, -326.75968145456, -326.75968145456, -351.6034814470062, -375.00228599990515, -391.8501457333282, -405.89857770907645, -414.86898377653523, -424.93955235678595], 
[382.4790588432537, 382.4783833073584, 382.4783833073584, 25.898662323321332, -153.43909441938774, -153.43909441938774, -190.39362272534134, -190.39362272534134, -315.4840831517557, -315.4840831517557, -324.4934118602305, -324.4934118602305, -332.5410424754637, -332.5410424754637, -332.5410424754637, -363.2176823485962, -363.2176823485962, -401.5187876853583, -403.6313105330422, -413.73121609563805], 
[685.014454317085, 619.3701684111586, 403.17728348025696, 264.1262330834862, 0.03451705989749598, -97.31262060228914, -158.6951904445521, -158.6951904445521, -158.6951904445521, -158.6951904445521, -276.12819933594903, -342.87657536189124, -342.87657536189124, -342.87657536189124, -462.8147758521694, -462.8147758521694, -462.8147758521694, -462.8147758521694, -462.8147758521694, -462.81510609015277], 
[705.4513992592654, 705.4513992592654, 173.1200006769668, -238.92895211513724, -239.01326595748486, -239.01326595748486, -411.2625108721355, -411.8119307430764, -411.8119307430764, -411.8119307430764, -411.8119307430764, -454.75672003699026, -454.75672003699026, -462.49908532829875, -462.49908532829875, -462.49908532829875, -466.04936261824093, -473.5909050730386, -473.5909050730386, -474.31616616189797], 
[598.1476484870304, 598.1476484870304, 298.07574209142285, -46.27705062460285, -46.27705062460285, -46.27705062460285, -76.99542683025999, -176.993300935427, -228.2481421278692, -228.2481421278692, -276.39624607103235, -276.39624607103235, -276.39624607103235, -353.14372632227276, -353.14372632227276, -385.5372224629506, -408.17707322939947, -408.17834506192276, -430.7886513022719, -459.96546069490694], 
[1088.761963488108, 1038.715767743088, 323.82514066053795, 321.6418603393814, 77.18912393491814, 77.18912393491814, 76.77393987326411, -261.6547073031709, -261.6547073031709, -369.2456271050361, -369.2456271050361, -369.2456271050361, -369.2456271050361, -424.65624043342996, -424.6565634878706, -424.6565634878706, -424.6565634878706, -424.6565634878706, -429.2931876606626, -429.2931876606626], 
[786.4476822919084, 786.4476822919084, 431.3853606644499, 42.509940842066726, 42.509940842066726, -25.387729111766987, -67.84600295860804, -136.93178115160566, -228.11679692601518, -247.268269870786, -247.268269870786, -247.268269870786, -247.26836383378463, -345.55833728607087, -352.7988458225476, -352.7988458225476, -352.7988458225476, -429.5837767240709, -429.5837767240709, -442.91767329151287], 
[385.7966024829211, 257.25345937361067, 212.43140022576802, 177.8580305719422, -11.884459104590974, -11.884459104590974, -252.4896778951542, -252.4896778951542, -310.62277628853485, -310.62277628853485, -310.62277628853485, -338.7325743839958, -338.7325743839958, -338.7325743839958, -371.3853156222293, -371.8985506300928, -383.8707364677378, -392.8285250069843, -412.1715255975265, -412.1715255975265], 
[998.6953340376156, 707.2695726673453, 339.32644188142524, 339.32644188142524, 124.78188332871684, 9.33636135312804, -43.6938162872903, -43.6938162872903, -353.56839701900594, -353.56862371132723, -359.74383844847966, -359.74383844847966, -359.74383844847966, -359.74383844847966, -372.6086600648192, -372.6086600648192, -387.84158121445614, -387.8424708244122, -406.06684621307505, -442.167016019424], 
[262.0779392962064, 262.0779392962064, 226.20313280921255, 130.24898757727988, 27.275043094581406, -243.85047067420402, -243.85047067420402, -272.42264765250167, -272.8161344302592, -272.8161344302592, -367.9679361906032, -367.9679361906032, -369.7089073353877, -369.7089073353877, -369.7089073353877, -369.7089073353877, -387.97242649430115, -387.97242649430115, -414.07646333151376, -436.35915032432627], 
[290.1136813952461, 290.1136813952461, -17.831128795264192, -18.51011921037201, -18.53101075116689, -146.71096117019943, -164.0633549921193, -164.0636329241853, -164.7543563768337, -218.4523773245171, -269.1297424052098, -316.3111034717763, -319.2928587086666, -394.3497626835561, -394.3497626835561, -394.3497626835561, -394.3497626835561, -394.3497626835561, -399.9463155494966, -399.9463155494966], 
[91.08037505939546, 91.08034898573555, 34.6777518556238, -47.998536728135434, -100.15809569826388, -100.15809569826388, -169.21665502113433, -169.21665502113433, -169.21665502113433, -210.18233443707527, -210.18233443707527, -247.09983078656427, -399.51397653693977, -399.51397653693977, -414.18181025678086, -414.18181025678086, -414.18181025678086, -415.288608594405, -415.76712789980394, -415.76712789980394], 
[549.6971229375888, 445.47804973683196, -90.33031900974237, -90.33031900974237, -90.33031900974237, -161.5475091506816, -161.5475091506816, -172.56665993240523, -252.17460262205753, -305.5129925523195, -328.4017074420999, -391.82697575119965, -398.177945114727, -437.6310547109755, -437.6310547109755, -437.6310547109755, -437.6310547109755, -437.6310547109755, -440.36545974611926, -440.36545974611926], 
[65.95325850657389, 65.9524820104491, 65.91346641399412, -227.21592381988972, -298.39078904820246, -298.39078904820246, -298.49441232861466, -298.49441232861466, -298.49441232861466, -298.49441232861466, -380.85320251416886, -429.82593720897603, -444.03796808960897, -444.03796808960897, -444.03796808960897, -453.46485407431584, -453.46485407431584, -454.3837487949386, -454.3837487949386, -454.3837487949386], 
[408.38470895293165, 408.38470895293165, 408.38470895293165, 408.38470895293165, -171.61458335125644, -177.9381082713292, -192.83000773610138, -192.83000773610138, -192.83000773610138, -227.6009708196068, -269.08162961258773, -334.31469310525756, -334.31469310525756, -334.31469310525756, -334.31469310525756, -341.611340366126, -381.4739895236136, -381.4739895236136, -381.70400724749953, -381.70400724749953], 
[707.6878073315015, 634.2258788688578, 257.6963563393557, 257.6963563393557, 97.73148951724488, -19.270620486386917, -85.07920019569724, -157.132100879167, -157.132100879167, -217.10896603534803, -217.10896603534803, -315.2471844303492, -315.2471844303492, -315.2471844303492, -315.2471844303492, -329.1925784991371, -365.17052566294944, -365.17052566294944, -365.17052566294944, -365.17052566294944], 
[815.9114529779392, 251.133959904913, 0.40689064009853837, -200.55864958393403, -200.55864958393403, -200.55864958393403, -200.55864958393403, -259.44685948307074, -259.4474224974691, -259.4474428697108, -259.4474428697108, -293.51391818939294, -388.6129141672062, -388.6129141672062, -405.477227293719, -408.5104641945253, -418.5913596473579, -436.1189426309828, -436.1189426309828, -436.119480091627], 
[343.3938394257325, 35.310823153598676, 35.310823153598676, 35.310823153598676, 7.41952719372955, -14.944595947258335, -14.944595947258335, -119.41057905170317, -263.2058516679515, -263.2058516679515, -263.2058516679515, -275.265253807838, -275.265253807838, -327.02446211464917, -347.8020812027805, -363.9867108461183, -363.9867108461183, -376.0580163367175, -380.74080321978664, -393.9262898478925], 
[302.45635208037345, 302.45635208037345, 139.2820456686428, 42.48905712174587, -71.71885847350444, -152.59462498549846, -198.0310495569006, -198.0310495569006, -258.2349196532729, -258.2349196532729, -258.2349196532729, -338.71982869720847, -338.71982869720847, -413.81312924472917, -413.81312924472917, -425.60613916577825, -425.60613916577825, -425.60613916577825, -425.60613916577825, -425.60613916577825], 
[403.59262872113345, 403.59262872113345, 34.71750082915469, 34.71750082915469, -287.13558712050144, -287.13558712050144, -287.13558712050144, -287.137213233653, -287.137213233653, -311.88557771536637, -311.88557771536637, -312.55354365467576, -312.55354365467576, -313.77535731514, -313.77535731514, -313.77535731514, -329.09791180918967, -425.56257896597924, -425.56436580593316, -427.9353174082786], 
[337.68071903761654, 337.68071903761654, 337.17730923792396, 69.03431973004194, 69.03431973004194, -84.10830305159959, -84.10991672876685, -196.0778477975574, -196.0778477975574, -196.0778477975574, -324.9235951750338, -324.9235951750338, -376.82959748236834, -376.8298530302209, -376.8298530302209, -402.802985951289, -402.802985951289, -407.4727323744215, -420.5738710557708, -448.6246701632729], 
