[371.9393520042169, 331.9090544686918, 207.31550260895838, 203.61354873755386, 203.61354873755386, 203.61354873755386, 157.4606008640015, 157.4606008640015, 144.94000049604702, 119.90309559033176, 119.90309559033176, 114.00452795911787, 94.33649212447052, 94.33649212447052, 90.58551042988266, 77.57525275927429, 77.57525275927429, 77.57525275927429, 77.57525275927429, 56.74182430946995], 
[364.939300534823, 300.4685491252977, 278.2284073584369, 214.11474890030996, 214.11474890030996, 185.60328647245007, 171.9841935573604, 109.69414098370663, 109.69414098370663, 107.35774580317712, 107.35774580317712, 107.35774580317712, 105.44693961761939, 105.44693961761939, 76.11319097729026, 67.21139327408842, 67.21139327408842, 67.21139327408842, 67.20519096018357, 67.20519096018357], 
[349.43440495861347, 271.220787427673, 163.63264011186425, 157.86124624185138, 157.86124624185138, 157.86124624185138, 122.70688147221901, 115.02333172769734, 115.02333172769734, 108.61115391713025, 102.44131036027471, 102.15076957926689, 91.51374947206463, 58.729962553980236, 58.729962553980236, 58.729962553980236, 58.729962553980236, 58.729962553980236, 58.729962553980236, 58.729962553980236], 
[370.909014913257, 274.87062982101986, 219.42510579925565, 204.31849247716298, 178.09490778683926, 115.83945400996123, 115.83945400996123, 112.78950899412533, 112.78950899412533, 112.78950899412533, 110.99443710553902, 89.92516478832619, 89.92516478832619, 89.92516478832619, 84.44223075879282, 76.30212961219718, 75.1673044919103, 75.1673044919103, 75.1673044919103, 75.1673044919103], 
[275.8909596683414, 275.8909596683414, 255.79772768456226, 219.89054091167657, 219.89054091167657, 147.135062037267, 147.135062037267, 147.13504924805463, 135.20308870019397, 116.0869608285335, 110.3470257964238, 101.46606371429266, 101.45110484351648, 87.44653566189757, 75.22869848210294, 75.22869848210294, 58.82044802922384, 58.82044802922384, 58.82044802922384, 58.82044802922384], 
[331.394183711155, 331.394183711155, 293.88409949681943, 273.41620538271616, 182.36365162788968, 182.36365162788968, 135.2866178897231, 135.2866178897231, 134.8149714153507, 134.8149714153507, 102.19830517124004, 102.19830517124004, 97.96541465077742, 97.96541465077742, 97.96541465077742, 87.56654464654669, 87.56654464654669, 72.92674904268677, 72.92674904268677, 72.92674904268677], 
[299.2601734891222, 240.71840417728865, 155.90120812445545, 155.90120812445545, 155.90120812445545, 155.90120812445545, 124.49601536732891, 110.32737740783949, 110.32737740783949, 106.59756680697848, 106.59756680697848, 96.0952453803092, 96.0952453803092, 91.61027241133868, 90.61475599249026, 83.08441126362277, 75.72149971448815, 75.72149971448815, 75.72149971448815, 75.72149971448815], 
[328.15884929727673, 310.7643481215719, 224.58483381183794, 219.19908804759808, 219.19908804759808, 219.11287752751844, 174.64178489519236, 167.00455699705253, 166.38357197540176, 132.78047501259908, 122.84783497006237, 117.07601806611689, 103.50926909502301, 103.44837769895415, 81.13487890063827, 81.13487890063827, 73.18964804567109, 73.18964804567109, 71.63633611511848, 71.63633611511848], 
[290.36476805885616, 236.59706861826152, 236.59706861826152, 227.79397958652294, 171.17758041281587, 127.36423027805446, 127.36423027805446, 127.36423027805446, 115.05031587669322, 115.05031587669322, 115.05031587669322, 115.05031587669322, 102.82411285358535, 95.49081643321797, 95.49081643321797, 90.45383311359564, 90.45383311359564, 78.76045466741395, 78.76045466741395, 78.76045466741395], 
[279.6730369334469, 279.6730369334469, 231.31695860133615, 231.31695860133615, 142.88173445252914, 142.88173445252914, 142.8223890802849, 140.68828798248393, 87.72305507925051, 87.72305507925051, 87.72305507925051, 87.71777700953044, 87.71777700953044, 75.61674311775872, 75.61674311775872, 75.61674311775872, 74.7344581221645, 64.2576232941935, 64.2576232941935, 64.2576232941935], 
[299.0977783020268, 299.0977783020268, 222.29205547646336, 222.29205547646336, 194.39478857317573, 156.44626810566126, 135.57092042870548, 123.63201477402153, 99.361691817489, 99.361691817489, 99.361691817489, 99.361691817489, 89.88593497254604, 89.88593497254604, 89.88593497254604, 89.88593497254604, 76.6552151233846, 67.52246556837943, 67.52246556837943, 55.283052827392346], 
[336.3058568930453, 310.93052919475394, 262.93629042655544, 225.10555610435392, 217.11221694341089, 185.97878851722146, 155.08677029793557, 127.55021738783911, 127.55021738783911, 127.55021738783911, 81.79764245020368, 81.79764245020368, 79.39590198853328, 79.39590198853328, 79.39590198853328, 79.39590198853328, 79.39590198853328, 79.39590198853328, 79.39590198853328, 79.39590198853328], 
[332.6628062866272, 332.6559160514213, 279.82681940370543, 265.5679416977983, 227.92277731996415, 167.22110897150048, 167.22110897150048, 140.45126705195463, 114.76135167539424, 114.76135167539424, 101.62592346947534, 101.62592346947534, 85.06890668182479, 85.06890668182479, 78.39616601047167, 75.7779835080332, 75.7779835080332, 66.74577804566033, 66.74577804566033, 66.74577804566033], 
[328.5412447738966, 318.96593365479714, 310.950479070191, 264.3259180026364, 210.49813932243183, 203.4707573293734, 173.30788665410927, 143.6497396117133, 120.87621753964171, 102.79984827781661, 102.79984827781661, 102.79984827781661, 102.79984827781661, 91.50838608696772, 91.50838608696772, 84.38029749808844, 72.52183641210077, 72.52183641210077, 72.52183641210077, 72.51429965206205], 
[397.38419916316013, 354.26552107220147, 207.47352976897085, 207.47352976897085, 207.47043594783537, 176.01134201347793, 150.43375640698056, 137.3140269156386, 137.3140269156386, 117.87893671909268, 110.16743855059208, 100.20850141570818, 100.20850141570818, 100.20850141570818, 83.77458498665035, 81.58768773147561, 81.58768773147561, 81.58768773147561, 63.51932577308745, 63.51932577308745], 
[388.2757021458408, 323.58696848085503, 253.80272345667044, 241.920234087301, 228.84083954373926, 182.2718423572726, 149.1002662464585, 149.1002662464585, 127.14378181210981, 123.71341226238233, 106.36221107275408, 106.36221107275408, 106.36221107275408, 106.36221107275408, 106.36221107275408, 88.78871796261666, 70.12439226499913, 70.12439226499913, 70.12439226499913, 70.12439226499913], 
[307.582462045236, 289.7123727575525, 289.7123727575525, 219.51629270349156, 206.42157515397633, 206.42157515397633, 199.75755391021463, 125.25353521735025, 125.25353521735025, 125.2329465343686, 125.2329465343686, 119.18356802869796, 119.18356802869796, 105.41270186754957, 105.41270186754957, 105.41270186754957, 94.12173849538314, 94.12173849538314, 87.56680734956349, 73.63568591264016], 
[321.61315748435004, 294.6907762027271, 212.99394204593256, 208.82445719362858, 170.62073363981523, 170.62073363981523, 158.738489231831, 131.90419945117836, 131.90419945117836, 131.90419945117836, 131.90419945117836, 131.90419945117836, 97.19306336551027, 85.24685432343716, 85.24685432343716, 85.24685432343716, 85.24685432343716, 75.99111767682194, 75.99111767682194, 75.99111767682194], 
[276.0971247758272, 276.0971247758272, 214.49866579510552, 212.11139111307557, 205.22253483580113, 164.40457482535408, 164.40457482535408, 147.70337197738354, 145.83284220147402, 127.42438970797345, 127.42438970797345, 100.15998711741534, 100.15998711741534, 100.15998711741534, 86.68181359895324, 86.68181359895324, 86.68181359895324, 69.8683247825464, 69.8683247825464, 69.8683247825464], 
[434.9945480266975, 242.303568809298, 242.303568809298, 230.90380418398834, 222.43512319381892, 222.43512319381892, 157.68372446946773, 157.68372446946773, 157.68372446946773, 147.52717405365152, 111.62133213793834, 111.62133213793834, 111.62133213793834, 99.7746563756863, 99.7746563756863, 97.08218976300375, 89.96870726034503, 89.96870726034503, 73.68321139185318, 73.68321139185318], 
[313.075415143587, 313.075415143587, 301.39842005434343, 295.78744556270306, 178.87730858022056, 178.87522649417656, 178.87522649417656, 178.87522649417656, 165.65258343772263, 138.47376612011124, 98.84990163462524, 98.84990163462524, 98.84990163462524, 75.21240260931921, 75.21240260931921, 75.21240260931921, 75.21240260931921, 74.39167699871295, 58.22959749595604, 58.22959749595604], 
[232.55822897387878, 232.55822897387878, 232.55822897387878, 221.87429550543803, 132.11173470394124, 132.11173470394124, 132.11173470394124, 126.4162600333583, 126.4162600333583, 121.94308814118128, 112.37778364384778, 112.37778364384778, 93.27935469232968, 93.27935469232968, 93.27935469232968, 93.27935469232968, 93.27935469232968, 91.01908699412664, 80.27577749062398, 76.6670518637157], 
[301.72462997708755, 270.19269206494295, 270.19269206494295, 218.03129296325343, 188.65974533717315, 154.7565735684732, 154.7565735684732, 143.3226287567781, 133.37419344043872, 133.11266425831974, 131.69601669453652, 115.43291644835952, 105.7052583015267, 105.7052583015267, 104.47414726351069, 87.1739308160866, 68.30396543222074, 57.54344834105123, 57.54344834105123, 57.54344834105123], 
[354.94683986973587, 324.9109489355379, 205.26788414400542, 205.26788414400542, 170.39648085761894, 138.93766361209032, 138.93766361209032, 138.93766361209032, 138.93766361209032, 138.93766361209032, 138.93766361209032, 92.77845896679358, 92.77845896679358, 92.77845896679358, 92.77845896679358, 73.64815525359087, 70.1467303785129, 70.1467303785129, 70.1467303785129, 70.1467303785129], 
[336.7756258671792, 210.61125311889234, 208.6164804784161, 208.6164804784161, 190.51655653221562, 190.51655653221562, 190.44551034803132, 133.2286693841051, 133.22697921045136, 133.22697921045136, 120.80906897456582, 120.80906897456582, 120.80906897456582, 109.16261013726276, 101.7828208300493, 78.95178763231237, 78.95178763231237, 78.95178763231237, 78.95178763231237, 78.95178763231237], 
[387.8451420962928, 374.1990464531072, 293.34018077453504, 254.19848409888397, 207.98626142563143, 203.62123762937546, 167.85324094229372, 167.85324094229372, 101.15313992240388, 101.15313992240388, 101.15094235352042, 78.64969726759813, 78.64969726759813, 78.64969726759813, 78.64969726759813, 78.64969726759813, 78.64735083303762, 78.57414570936004, 78.56559839589173, 78.56559839589173], 
[382.8576198240205, 327.51942844139364, 327.51942844139364, 181.99729091640705, 181.99729091640705, 168.20965711338357, 159.41839863801007, 138.0840819698569, 138.0724461225725, 96.65314722033466, 96.65314722033466, 96.65314722033466, 96.65314722033466, 96.65314722033466, 88.23677459605416, 85.2564229250376, 71.19051695649951, 71.19051695649951, 71.19051695649951, 70.92975068548363], 
[356.21728430057175, 243.40559580877425, 243.12250074084758, 218.3148620438705, 170.37812684128227, 163.0903396953386, 154.99420393539722, 142.12231985156944, 125.63037339561191, 102.18896716072564, 102.18896716072564, 102.17798064811998, 96.26082211813568, 95.57307131049157, 95.57307131049157, 92.00443343700755, 80.11700193142495, 80.11700193142495, 79.01782457712278, 79.01782457712278], 
[381.83077880150864, 366.87741233382826, 281.66180565020966, 268.17838213390667, 189.7199500203963, 188.56107273246482, 128.35842812938446, 124.1376604150766, 109.32540213569825, 109.32540213569825, 109.32540213569825, 103.23215170619189, 102.71431974504286, 102.71431974504286, 99.31956583304994, 95.44103161892374, 92.38497670165282, 92.38497670165282, 72.04328757446252, 62.086598070998456], 
[378.45061596476904, 292.80836730070934, 199.53397975136224, 199.53397975136224, 164.28659849109454, 164.28659849109454, 154.08597906876713, 135.18960009138047, 135.18960009138047, 94.87778439744196, 88.11264929341108, 88.11264929341108, 88.11264929341108, 66.37117314072357, 66.37117314072357, 66.37117314072357, 66.30188377961004, 65.36445726770259, 65.36445726770259, 65.36445726770259], 
