[2249.5138269292947, 2249.5138269292947, 2249.494720678083, 576.2178057844553, 376.0724230312307, 376.0724230312307, 376.0724230312307, 376.0724230312307, 340.1719008985393, 340.1719008985393, 137.0844798166068, 137.0844798166068, 77.76389625846664, 53.05541653753167, 53.05541653753167, 23.518726073795023, 17.259667217350437, 14.799505230452013, 14.799505230452013, 11.661395863147797], 
[12746.978876605117, 2577.190183824148, 2473.4542076988155, 2473.4542076988155, 1733.8820544837772, 1733.8774878732966, 1570.9830397575397, 673.5337858072344, 161.73085853182388, 155.74642814434097, 142.70321701665767, 84.05998881259428, 58.56257372701107, 58.56257372701107, 32.722898189032406, 21.990119032552748, 16.808067589093028, 16.80658444582976, 16.757282992273872, 12.470962038423874], 
[22246.47706306728, 12971.837647564798, 1182.9361278855151, 265.7765772882576, 265.76275754410614, 265.76275754410614, 265.76275754410614, 265.76275754410614, 265.76275754410614, 183.07511712938197, 183.07511712938197, 183.07511712938197, 116.48030215014658, 116.48030215014658, 23.684923895107502, 23.684923895107502, 23.684923895107502, 11.951821829717503, 11.951821829717503, 11.869328876873963], 
[54192.37157604369, 9969.33757478782, 718.1993407254175, 718.1993407254175, 718.1993407254175, 551.2990480336974, 193.63976795077372, 124.53156060897294, 17.535637090562076, 17.535637090562076, 17.535583488150998, 17.535583488150998, 17.535583488150998, 17.535583488150998, 17.535583488150998, 16.68484791650088, 16.676547343644962, 14.508394625599458, 14.508394625599458, 13.70409353123074], 
[3864.7463552699037, 3864.7463552699037, 3864.7463552699037, 2652.813166291801, 1077.4997257354953, 123.25281903607174, 123.25281903607174, 73.92926296787168, 73.92926296787168, 64.57169915071688, 64.57169915071688, 37.457283406860356, 37.457283406860356, 29.57706753457248, 13.84177051125084, 13.84177051125084, 13.022431069534658, 11.725283549852167, 11.725283549852167, 8.423220799212327], 
[14411.71244924736, 13937.824615151036, 11605.168810035546, 5274.227210131877, 3707.610489333978, 304.10769012191133, 304.10769012191133, 256.79507355757113, 256.79507355757113, 213.11151786976092, 212.3131645889295, 163.30594776245334, 76.92744998683749, 30.608626399060817, 23.933051128895872, 16.368882649855106, 16.368882649855106, 16.368882649855106, 10.000571100682322, 10.000571100682322], 
[897.5872080606072, 897.5872080606072, 897.5872080606072, 897.5872080606072, 897.5872080606072, 312.6029131750943, 310.64280839917967, 310.64280839917967, 309.0623059412196, 245.77453780099864, 122.66049652745788, 77.05111808244472, 77.05111808244472, 46.85666931712011, 39.17303564621037, 39.17303564621037, 24.679776240245115, 17.66089914899649, 17.66089914899649, 17.66089914899649], 
[53278.57401266055, 27759.059077253445, 1843.6650273409912, 1843.6650273409912, 924.9571512395775, 924.9571512395775, 422.44429702538287, 359.2810170311118, 359.2810170311118, 359.2810170311118, 126.83632072307728, 51.87295284947897, 48.83167141430557, 32.95519433475901, 20.432091943156824, 20.432091943156824, 15.71575988362271, 15.71575988362271, 15.701281028092536, 15.701281028092536], 
[23497.95999163145, 23497.95999163145, 9071.600525383292, 9071.600525383292, 3422.0523574044178, 2281.319277152753, 868.1176371603576, 868.1176371603576, 552.7819742303185, 552.7794201138396, 434.52993437914506, 235.5050489660935, 177.6871357450085, 69.9654987047739, 42.85019240916591, 20.15125745384457, 17.5401266348766, 16.761750155925167, 13.729454170901782, 9.213414398445888], 
[3513.676516404104, 3513.676516404104, 3513.6684909739456, 2060.5977243549787, 1433.9260664962278, 1433.9260664962278, 842.8061471632677, 345.786161420152, 151.50239955569353, 151.50239955569353, 137.54143332862625, 95.39331405247984, 83.97561408680701, 38.5567937968036, 26.26287366193659, 20.887051983345277, 20.887051983345277, 11.000324306597072, 11.000324306597072, 10.971273130009612], 
[4244.519351790106, 4244.400655107033, 3525.91744255707, 3525.91744255707, 1509.5658085045466, 778.4853314880892, 595.5660067635478, 135.34181718670393, 83.41333937647457, 83.41333937647457, 66.91041050918348, 27.603602384698785, 26.815571158884676, 26.299712158559373, 24.916672738128643, 20.294245968937133, 20.294245968937133, 15.644475959513663, 14.515710881435622, 14.29638092054556], 
[38085.44966955293, 11726.736348277413, 1511.1479842405392, 1342.0640275176713, 828.9662238272352, 808.1898118203312, 389.28314186116404, 249.5969909322839, 178.6690404114697, 36.462105507119276, 27.972264249893193, 22.893314308326552, 22.893314308326552, 22.893314308326552, 19.80435501078336, 18.770259939022168, 12.633881190813291, 12.560980955570974, 12.560980955570974, 10.272149034137124], 
[13438.021439056749, 13438.021439056749, 10040.954554872049, 9892.085887952526, 77.6123398104626, 77.6123398104626, 77.6123398104626, 77.6123398104626, 77.6123398104626, 77.6123398104626, 42.914278018488304, 42.914278018488304, 29.841969130712002, 24.21451000552935, 19.268086016405455, 19.268086016405455, 14.064445394287226, 13.384318089809149, 13.384318089809149, 11.602754457463906], 
[15199.860824348378, 2133.153597045039, 2102.876940706103, 1927.0683048409144, 1489.3175322975637, 566.3125642991846, 216.8139061447511, 175.6383297026344, 175.6383297026344, 109.1452385005926, 100.62517414288212, 48.51198624454285, 20.109821013557703, 19.289438012458103, 17.709276039173865, 17.709276039173865, 14.37766379183349, 13.048645245567895, 13.048645245567895, 13.048645245567895], 
[41287.78252407549, 23565.95077699304, 18117.964225572934, 3736.687909540678, 1125.0841243734485, 1125.0825658334352, 1125.0825658334352, 886.6529858326805, 886.6529858326805, 626.8332570905745, 543.550545915523, 221.20749742321271, 172.29315437390392, 172.29315437390392, 120.33514296983533, 45.07153206061093, 31.79444349916165, 30.386446594186, 15.871785038941464, 15.871785038941464], 
[27263.547239475087, 23022.501179548715, 18456.638104950143, 10213.3532681057, 1144.037865200011, 112.47934803083382, 112.41363940108084, 112.41363940108084, 112.41363940108084, 108.4875976349752, 108.4875976349752, 90.24149327017648, 42.27795860825649, 34.14860778460334, 34.14860778460334, 25.963013887373993, 18.671056272782916, 17.875261913728345, 12.81825000609652, 10.530767453151563], 
[19299.505014610426, 10171.734175175174, 1986.241525921358, 1986.241525921358, 1986.240921428601, 1665.4207024038215, 1665.4207024038215, 619.2738884660403, 619.2738884660403, 145.80469601817512, 145.80469601817512, 86.03065737528539, 17.81812678851275, 17.797485941251573, 17.797485941251573, 13.409289913135717, 12.193967674522382, 10.573788261096402, 10.573788261096402, 9.353918686804125], 
[4868.261709164769, 279.50204925287295, 279.50204925287295, 279.4032828462646, 259.6996723340965, 256.87289275652796, 256.87289275652796, 256.87289275652796, 174.50065211742492, 88.03629457748517, 88.03629457748517, 46.17695152926209, 46.17695152926209, 38.77879233047199, 21.68791783894963, 21.54104461593436, 15.116425816121813, 11.651978284704066, 11.651978284704066, 11.651978284704066], 
[25853.46962603311, 3358.767538458667, 3358.767538458667, 3158.4157203019045, 1796.6314622402845, 1396.4492257287259, 1361.8171893031963, 717.6598027221069, 344.6336863518505, 207.42967033589517, 207.42967033589517, 146.34904163318723, 146.15335172113134, 81.95130856441281, 23.14109681543402, 23.14109681543402, 23.14109681543402, 23.13707879711345, 14.309457382229699, 10.203666995789083], 
[2929.102277539061, 2675.5585108180253, 2675.5585108180253, 824.2361671999786, 25.96246757931708, 25.96246757931708, 25.96246757931708, 22.26263437987838, 22.256213116604393, 22.256213116604393, 22.256213116604393, 17.333628243017873, 14.882106825612887, 14.882106825612887, 14.862322242790816, 13.402978142887726, 13.402978142887726, 13.402978142887726, 12.310427934944489, 10.106381904011407], 
[5644.571284166296, 653.5109777728079, 653.5109777728079, 653.5109777728079, 90.68446216675878, 90.68446216675878, 84.69963272073694, 84.69963272073694, 84.69963272073694, 84.69963272073694, 84.69963272073694, 80.14808070680861, 37.53439824978278, 37.53439824978278, 28.97074777932189, 28.968280182352096, 28.009333791259348, 22.355027947934882, 22.355027947934882, 22.351979417857596], 
[8858.181194527238, 8858.181194527238, 8001.813595184957, 2615.4570329791395, 2615.4570329791395, 367.52998769933254, 367.52998769933254, 119.4966877322465, 84.26427264923203, 83.93698748561113, 83.93698748561113, 49.918886274574135, 20.76233562056882, 20.76233562056882, 20.76233562056882, 19.76066116627098, 19.283721325595156, 13.969278970763924, 8.860654692946706, 8.76437464664832], 
[13961.388788633863, 13961.388788633863, 13961.388788633863, 3145.6224020465993, 3145.6224020465993, 1445.5497279354345, 1445.5497279354345, 231.825805846025, 231.60395862883064, 231.60395862883064, 231.60395862883064, 137.2917094466455, 102.94583816704817, 102.94583816704817, 90.19010166559762, 44.62386360198859, 35.00844358502016, 18.22354453075442, 17.641264996665353, 17.641264996665353], 
[13124.693942371847, 2821.5721651312633, 2821.5721651312633, 1575.868214918425, 409.44875070607145, 409.44875070607145, 69.78416660326745, 18.582092673821542, 18.582092673821542, 18.582092673821542, 18.582092673821542, 17.665018474965983, 17.332950219243383, 17.332950219243383, 14.407632939385373, 11.087936989442294, 10.501727421021986, 9.417024309678549, 7.991398613226499, 7.99131133640158], 
[9733.810874377205, 9733.810874377205, 9730.12792126524, 9728.749866960203, 8178.413799269081, 3083.6622554931905, 1487.491853817421, 704.3494916819966, 704.3494916819966, 252.10100522204345, 252.10100522204345, 142.9600524295998, 100.29881586406412, 25.54597061764488, 25.54597061764488, 25.54597061764488, 17.37552236088662, 12.495278505846791, 12.495278505846791, 12.495278505846791], 
[19526.479327939818, 19526.479327939818, 19526.20728065558, 19444.75851672732, 6293.4762277904365, 198.88416394750772, 198.88416394750772, 198.88416394750772, 99.0866143190183, 99.0866143190183, 97.40400531909428, 97.40400531909428, 95.63024602005036, 95.63024602005036, 33.77765123866349, 33.77765123866349, 33.77765123866349, 21.871960149323062, 20.103972095684245, 5.280483800408763], 
[40697.43893247325, 40697.43893247325, 2075.995620919008, 2075.995620919008, 512.1522655417114, 512.1465012457005, 512.0687895896922, 383.2503437228071, 383.2503437228071, 227.3536312691369, 227.3536312691369, 109.97473190857448, 109.97473190857448, 37.37688000875345, 33.437472914555855, 16.45838799881261, 16.45838799881261, 16.45838799881261, 16.45838799881261, 11.221803493838145], 
[4964.58081763054, 4963.645115854868, 3559.0841622422454, 3559.0841622422454, 3559.0841622422454, 1767.1215519785967, 338.76503998101117, 338.76503998101117, 215.00165977983127, 182.31568169063448, 182.31568169063448, 98.68502592007425, 95.68525398474644, 34.98318627717503, 30.09482387919947, 19.77477300362114, 19.77477300362114, 19.77477300362114, 19.083479872629557, 19.083479872629557], 
[20396.006481989527, 20396.006481989527, 4648.154686220982, 4648.154686220982, 4648.154686220982, 995.7974218206924, 995.7974218206924, 459.9624793543114, 250.30611621319846, 91.32719491467871, 91.32719491467871, 76.51996574155602, 46.786347070246606, 38.554360886022934, 38.554360886022934, 13.18726437273061, 13.18726437273061, 13.18726437273061, 13.18726437273061, 9.907562591076744], 
[36801.500297054736, 4198.640338750774, 1771.4646362062008, 1771.4646362062008, 1771.4646362062008, 1771.4646362062008, 203.48896176820398, 203.48896176820398, 115.0705455947263, 86.00541463123416, 86.00541463123416, 86.00541463123416, 86.00541463123416, 27.366620654148576, 27.366620654148576, 17.446774258371793, 17.446774258371793, 17.446774258371793, 17.446774258371793, 12.380029329044797], 
