[792.0951987083968, 611.4548503429762, 399.86998461556607, 399.86998461556607, 148.41584903807768, 148.41584903807768, 36.19816714240005, -96.90068147751629, -96.90068147751629, -96.936150960438, -147.26566750803545, -319.5838983158112, -319.5838983158112, -324.53587315175037, -356.7208742411731, -397.39631651162875, -397.39631651162875, -397.39631651162875, -397.39631651162875, -397.39631651162875], 
[828.10689239253, 258.5681050222249, 255.2974166877301, 127.45470995835785, -61.320651558350335, -61.320651558350335, -199.83971568041403, -199.83971568041403, -199.8403493133497, -246.6011051654429, -246.6011051654429, -274.09236448549245, -288.11007898991363, -297.8120605749421, -297.8120605749421, -350.34527935885535, -429.5453257885358, -429.5453257885358, -429.5453257885358, -429.5453257885358], 
[690.5470488335386, 432.7971924648276, 73.07191024839585, 73.07191024839585, 73.07191024839585, 46.16038141021329, 46.16038141021329, 46.16038141021329, -190.986007397045, -190.986007397045, -193.49728519626325, -193.49728519626325, -250.6761862137821, -250.6761862137821, -359.4699740259352, -396.40286135429864, -396.40286135429864, -396.40286135429864, -396.8724726032133, -426.2888638458837], 
[702.4230269670443, -112.62178023494954, -118.31008959416368, -118.31008959416368, -118.31008959416368, -118.31008959416368, -118.31008959416368, -281.02359438455426, -281.02359438455426, -380.80813144349804, -380.80959494601075, -380.80959494601075, -381.7939858267898, -381.7939858267898, -391.12778120906376, -391.12778120906376, -397.23527886656154, -397.23527886656154, -397.23527886656154, -400.7397806734174], 
[1107.666557715741, 831.3053634309749, 527.9308300033913, 93.31806812567106, 26.026774426401403, -127.97091186020236, -230.7739091684948, -283.35183345518647, -342.68062979802596, -342.68062979802596, -356.92438123368106, -356.9253056023814, -386.59578289191666, -444.55756543989366, -444.55756543989366, -444.55756543989366, -449.28513581114, -449.37885787027784, -458.5541225931326, -458.5541225931326], 
[-68.12079246072017, -68.12079246072017, -136.98721525331342, -136.98721525331342, -136.98721525331342, -156.28586543750947, -303.5582412095852, -367.8096427808041, -367.81004257060476, -367.81004257060476, -367.81004257060476, -435.3599635146742, -435.3599635146742, -435.363719433043, -435.363719433043, -435.3641884240017, -438.73103589465666, -452.49559217751437, -470.4754101077146, -472.801385935913], 
[238.87300747776715, 238.87300747776715, 214.58110455044016, 214.58110455044016, 214.58110455044016, 214.58110455044016, 87.16474784973832, -18.913237491196696, -179.8529725726416, -331.5712622335092, -332.19375222153144, -332.19375222153144, -332.19375222153144, -332.19375222153144, -362.11051587462686, -362.11051587462686, -374.9557366707959, -374.9557366707959, -374.9994494122027, -374.9994494122027], 
[864.4667092767443, 790.6693310966127, 378.83397150507255, 120.50446473324848, -37.96862800574695, -37.96862800574695, -37.96862800574695, -85.53291749140902, -85.53291749140902, -153.22955318641795, -153.40290669943596, -241.93936227236264, -241.94063713770925, -241.94063713770925, -352.7996759975125, -352.7996759975125, -364.83732815895394, -375.38063706829655, -413.0710650968702, -413.0710650968702], 
[125.04911061955545, -7.463520105941768, -7.463520105941768, -13.34736380570854, -22.310591023550046, -22.310591023550046, -175.4310375106419, -175.47176013282456, -265.01292407337337, -323.15838910924424, -323.15838910924424, -390.51830955231094, -390.51830955231094, -401.5708008262762, -422.07733377063056, -422.07733377063056, -452.55853356851395, -452.55853356851395, -464.6993415653019, -477.2206349400518], 
[410.04997594672795, 137.3775780509128, 137.37738641644705, -33.340718465368525, -58.886124552127285, -196.60249058273064, -196.60249058273064, -196.60249058273064, -196.60249058273064, -396.06805623610256, -396.06805623610256, -396.06805623610256, -396.06805623610256, -396.06898358948223, -396.06898358948223, -396.06898358948223, -412.7025208607446, -412.7025208607446, -420.7369288711544, -420.7369288711544], 
[1003.7400796744284, 425.79759047043035, 185.30076133647844, -112.67267336810335, -112.67267336810335, -112.67267336810335, -112.67267336810335, -112.67267336810335, -153.22748643986245, -282.95188310828394, -282.95188310828394, -282.95188310828394, -346.613772762743, -346.613772762743, -346.613772762743, -385.998132667599, -441.11055287079256, -441.11055287079256, -441.11055287079256, -441.11055287079256], 
[1064.1417239612229, 566.1236106572308, 298.1767245882463, 125.06442954855379, 125.06442954855379, -152.1612481072774, -152.1612481072774, -152.1612481072774, -152.1612481072774, -178.63974646704503, -282.1496163087969, -383.394314135111, -387.52950443001055, -387.52950443001055, -479.3475774322699, -487.42629690433625, -487.42629690433625, -487.42629690433625, -490.50188433280385, -490.50188433280385], 
[829.415315017802, 612.711514860328, 201.5615049457307, 201.5615049457307, 101.38608373476757, 101.38608373476757, 80.35499465108899, 52.330860567729246, -223.52701444800363, -223.52701444800363, -223.52701444800363, -352.00625123177804, -352.00625123177804, -352.00625123177804, -352.00625123177804, -355.82628781590336, -392.21198270259794, -406.91526206746585, -406.91526206746585, -409.9283371981568], 
[644.7514753968521, 644.7514753968521, 319.2269063033732, -53.13466256970082, -53.13466256970082, -53.13466256970082, -193.7274459828855, -271.20146437147497, -367.97011625881134, -367.97011625881134, -367.97011625881134, -367.97011625881134, -385.16196509170095, -385.16196509170095, -404.99520566192473, -406.7719052010998, -422.96280862702173, -431.4347970990615, -440.53082542548043, -443.9875306748147], 
[1367.538963397395, 864.255550228035, 864.255550228035, 168.93523697126534, 168.93523697126534, 168.93523697126534, -34.40551808515971, -34.40551808515971, -34.40551808515971, -106.53845620973925, -147.9771790429768, -147.9771790429768, -244.31405364726265, -390.587719054933, -390.587719054933, -390.587719054933, -391.28778524167103, -394.9715738409643, -404.1594267694484, -423.3067769186281], 
[333.17054750786747, 333.17054750786747, 22.183121285617176, 22.183121285617176, 22.183121285617176, 22.183121285617176, 22.183121285617176, -25.83861974997933, -221.32406633880606, -221.32406633880606, -221.32406633880606, -286.38491091038475, -288.7215670862839, -291.00628469664684, -331.7128830240764, -359.1978660788611, -376.16171800845143, -407.02825674864135, -407.02825674864135, -449.0800241734301], 
[468.2463462118452, 468.2463462118452, 143.34036847357254, 143.34036847357254, 110.04725702827807, 110.04725702827807, 110.04725702827807, -58.391602277874654, -151.94790598105902, -158.7407782630558, -258.16829041379367, -258.16829041379367, -394.9784317805274, -394.9784317805274, -394.9784317805274, -394.97918873411203, -430.2180806985479, -430.2180806985479, -430.2180806985479, -430.2180806985479], 
[348.24435292158523, 348.24435292158523, 286.4538957399434, 131.08819841940283, 131.08819841940283, 45.31406712276657, -45.118220134910246, -57.247168247763966, -57.247168247763966, -65.48282640789478, -310.2938642631067, -310.2938642631067, -312.9023619279426, -312.9023619279426, -312.9023619279426, -331.37808055027983, -357.39947972481923, -357.39947972481923, -362.82377524410873, -378.63176986970547], 
[799.5193612103894, 668.4058677615178, 66.37673405155647, 31.957146805051025, 31.957146805051025, 31.957146805051025, -55.16967832044082, -189.44919267371444, -189.45044883609683, -189.45044883609683, -189.45044883609683, -252.6147731651769, -252.6147731651769, -252.61544468327585, -360.0392379107463, -360.0392379107463, -362.8271539435273, -362.8271539435273, -362.8271539435273, -362.8271539435273], 
[426.21286884614165, 426.21286884614165, 22.426929904227336, 22.426929904227336, -52.92534174879188, -55.88457688766567, -236.13082933328292, -236.13082933328292, -236.13082933328292, -251.19407522291908, -285.16924820215235, -285.16924820215235, -426.10074611739844, -426.10074611739844, -426.10074611739844, -449.270977779615, -449.270977779615, -449.270977779615, -449.27256700845055, -449.27256700845055], 
[1326.2323535471266, 678.9783033109661, 392.5314927123097, 36.82187540212408, 36.82187540212408, -52.984982690519246, -52.984982690519246, -52.984982690519246, -84.8473063705186, -136.55112925773057, -275.3511422928744, -275.3511422928744, -275.3511422928744, -371.967704502972, -373.4697844990685, -396.65157690962184, -396.65157690962184, -396.65157690962184, -396.65203096962625, -445.5017458190126], 
[690.7558573543254, 690.7558573543254, 659.4193528188505, 342.9534212559644, 118.25739523916002, 118.25739523916002, 26.691801892496528, -27.414663009452568, -292.35936756184935, -299.46773009182164, -317.7986308427778, -318.2283239713527, -318.2283239713527, -448.2340150265335, -448.2340150265335, -448.2340150265335, -448.2340150265335, -465.2878220305647, -465.2878220305647, -465.2878220305647], 
[219.84179144606708, 218.7989973892992, 218.7989973892992, 140.36804547786744, 140.36804547786744, -205.2446480638091, -205.2446480638091, -205.2446480638091, -213.06150239207585, -247.0587392987792, -292.4931693532577, -292.4931693532577, -363.5963996502085, -363.5963996502085, -363.5963996502085, -363.5963996502085, -392.43359644921884, -392.43359644921884, -392.43359644921884, -392.4338253742203], 
[420.2738293129114, 420.2738293129114, -269.3014608368012, -269.3014608368012, -269.3014608368012, -269.3014608368012, -269.3014608368012, -269.3014608368012, -347.20674106272367, -347.20674106272367, -366.09615688161443, -366.09615688161443, -366.09615688161443, -366.09615688161443, -366.10113606507446, -366.4866818363673, -370.7274881249588, -431.3124135960761, -431.3124135960761, -431.3124135960761], 
[629.6600207391041, 629.6600207391041, 542.846867888238, 260.6922181428814, 46.341810281453036, -82.25671490722425, -247.70947670383217, -247.70947670383217, -315.2033248720701, -336.44899297515593, -336.449629946879, -336.449629946879, -341.7756711704464, -341.7756711704464, -350.9184296021009, -360.52552383729727, -361.2306468733908, -361.2306468733908, -377.1352080604541, -393.4874187686813], 
[194.245851294379, 194.245851294379, 194.245851294379, 194.245851294379, 160.72820024866485, 156.98384060123055, -252.80323669442308, -252.80323669442308, -252.80323669442308, -252.80323669442308, -252.80323669442308, -259.95596145410695, -320.7364963573377, -320.7388244015806, -344.29615943434953, -344.29615943434953, -397.21453861848863, -398.0277679198534, -398.0277679198534, -398.0277679198534], 
[868.9940312117615, -54.20230707925259, -54.20230707925259, -54.203760834613774, -73.13651093023526, -163.79360731240052, -163.79360731240052, -163.79360731240052, -168.05970391363104, -169.65342433162158, -257.23811287319444, -280.0555114242512, -280.0555114242512, -360.6541950562988, -385.27251439824084, -385.27251439824084, -385.28342685063785, -385.28342685063785, -410.5718779041349, -410.5718779041349], 
[175.01510403081045, 161.3782049141147, 37.11920463426111, 37.11920463426111, -16.74869463613402, -233.16611237390663, -233.16611237390663, -233.16611237390663, -330.26092910117586, -330.26092910117586, -352.92760782387404, -352.92760782387404, -398.3880377824011, -402.4711967298963, -402.4711967298963, -402.4711967298963, -402.4711967298963, -447.2257485349144, -447.2257485349144, -447.2257485349144], 
[882.6267814619221, 497.73189910091446, 149.29288621627154, -5.698715420595988, -5.698715420595988, -5.698715420595988, -5.698715420595988, -56.91784006761111, -285.5504916070595, -285.5504916070595, -400.79066604087905, -400.79066604087905, -404.57748095202464, -404.57748095202464, -404.57754081203484, -427.0653035246564, -434.7664275034645, -436.6827478037205, -436.6827478037205, -436.6827478037205], 
[928.7904599688502, 205.91084912584847, 205.91084912584847, 89.53970594963619, 52.73137415415556, 52.73137415415556, -301.16457103165897, -301.16457103165897, -301.16457103165897, -301.17299382357317, -307.91804046925574, -313.41634275856467, -342.20705609589004, -410.5168820216756, -410.5168820216756, -410.5168820216756, -410.5168820216756, -410.5168820216756, -410.5168820216756, -432.6479510681737], 
