[741.1063433132058, 663.670258865506, 548.7319318003827, 12.869156354550455, 12.869156354550455, 12.859155950460831, 12.859155950460831, -0.47521107767926196, -0.47521107767926196, -24.40192588189575, -24.40192588189575, -131.36435945729284, -235.0095018347012, -263.50792494621936, -263.50792494621936, -264.4516575618943, -264.4516575618943, -348.6542131237662, -397.33594672839376, -397.33594672839376], 
[349.84850776743133, 349.84850776743133, 349.84850776743133, 132.6371752947059, 132.6371752947059, 15.958911509502514, -243.73315902958194, -243.73315902958194, -243.73315902958194, -243.73315902958194, -323.84865246957594, -382.262516275231, -418.26520462514145, -449.4021672110167, -449.4021672110167, -450.793299758434, -450.793299758434, -450.793299758434, -450.7936858157053, -452.63603237924076], 
[959.7211059416943, 687.5687758538229, 124.0060618689306, 123.20520533313459, 75.03392151434059, -93.48952722144247, -139.18998992709697, -170.72981895131, -301.7932703479846, -306.66819077297373, -312.93676040598024, -342.71111286807104, -359.31147057825865, -359.31147057825865, -374.894958912997, -424.6226650850132, -424.6226650850132, -438.57203733246297, -438.57203733246297, -438.57203733246297], 
[818.713698236016, 793.6902164872033, 670.8829217479879, 468.20433924537394, -67.0516807098004, -282.86960575898655, -282.86960575898655, -354.76294547908583, -359.9954487981409, -359.9954487981409, -359.9954487981409, -359.9954487981409, -359.9954487981409, -360.31877497175935, -410.71275759818604, -428.78296594453764, -428.7833298151429, -448.5453582065803, -448.5453582065803, -448.5453582065803], 
[1133.777041759514, 522.0089547751921, -31.379488426320336, -31.379488426320336, -31.379488426320336, -31.379488426320336, -279.7054586945753, -279.7054586945753, -325.21830692109904, -414.92695712193324, -414.92695712193324, -414.92695712193324, -414.92695712193324, -421.13770801460555, -421.9820061152126, -422.29520572502236, -450.72830012631687, -450.72830012631687, -450.72830012631687, -474.34498265091935], 
[681.3799447022247, 681.3799447022247, 440.3155053936264, 329.72294860041836, -40.384003156392, -40.384003156392, -52.109205027797316, -159.1611425666157, -159.1972256675457, -159.1972256675457, -235.46029697737958, -339.8004916930059, -363.2856242557503, -371.7580760347545, -371.7580760347545, -371.7580760347545, -371.7580760347545, -384.536617754008, -386.1316654167632, -387.64150511109585], 
[529.8373999185001, 529.8350426831917, 529.8350426831917, 421.3014360911101, 50.13274139014686, 50.13274139014686, -41.092907738992665, -138.11977964958328, -158.36138447935497, -193.2872561381336, -200.59217880893232, -200.59217880893232, -295.06093004503214, -359.8532787010055, -384.8169675001393, -427.1401266057336, -427.1401266057336, -443.7060574718624, -443.7060574718624, -443.7060574718624], 
[938.9720359429132, 592.6118803800466, 304.3972662498902, 77.16632138130524, 77.16632138130524, 64.06721607552186, 42.099181322776985, -206.3441792411245, -206.3441792411245, -303.8446453708607, -303.8446453708607, -303.8446453708607, -303.8446453708607, -335.7295532732877, -351.70646697073244, -398.681315962745, -398.681315962745, -437.01149291645976, -450.92442084036196, -450.92442084036196], 
[515.0577184996828, 515.0577184996828, 450.4024783608136, 218.9934086395249, 35.64329378063837, -108.49651076502721, -242.79971523788578, -242.79971523788578, -242.79971523788578, -259.3355165667539, -274.13741274223764, -300.36216193167456, -300.36216193167456, -338.91957141453264, -345.58894375805636, -351.9793632176476, -371.84031053402634, -391.59563477452934, -391.59563477452934, -413.9531580897462], 
[723.8138813532744, 723.8138813532744, 258.643046139542, 258.643046139542, 246.37477978979553, -143.70204183539767, -143.70204183539767, -143.70204183539767, -275.56481344854694, -275.56481344854694, -374.25537219944624, -379.8870796596258, -389.1349863881052, -389.1349863881052, -389.1349863881052, -400.5812787745101, -428.23553673911573, -428.23553673911573, -448.5773673800185, -448.5773673800185], 
[911.0700922107126, 911.0700922107126, 384.2291557375146, -140.98195436344275, -140.98195436344275, -140.98305895016637, -155.05470977236422, -155.05470977236422, -155.05470977236422, -262.049116278239, -262.049116278239, -295.38378335120603, -298.8391191275069, -298.8391191275069, -334.1174438420164, -334.1174438420164, -372.9872204564433, -372.9872204564433, -372.9872204564433, -423.26291296196797], 
[644.1729810013187, 545.5115352677751, 41.585792575121445, 19.677036013755583, 19.677036013755583, 19.677036013755583, -104.05800138470784, -107.56354102122992, -245.7454373043097, -267.20542748061104, -267.20542748061104, -314.1593904810022, -392.5206444627968, -402.1240458657375, -402.1240458657375, -402.125928070966, -413.574900577619, -415.55237381419965, -418.8803742053655, -457.54254808102917], 
[580.9842466172813, 422.65991771906613, 422.65991771906613, 422.65991771906613, 260.7113213118988, 25.31921980980667, -182.50014833297104, -220.23806452422525, -223.63604317282176, -223.63604317282176, -247.71858801037973, -292.30768912623864, -292.30768912623864, -292.30768912623864, -301.19546202562174, -319.6694230443901, -404.0680479260794, -404.0680479260794, -404.0680479260794, -422.78550988382756], 
[1001.7953228231722, 796.8423998896699, 123.18291425170719, 123.18291425170719, 123.18291425170719, -197.9714523766176, -197.9714523766176, -225.29753070418957, -225.29753070418957, -225.29753070418957, -225.29753070418957, -282.57104327791035, -282.57104327791035, -396.99610147311205, -396.99610147311205, -396.99610147311205, -396.99610147311205, -396.99610147311205, -396.99610147311205, -396.99610147311205], 
[301.9079786931844, 301.9079786931844, 301.9079786931844, 260.8767421913042, 3.2485385853217963, -39.76141363974307, -39.76141363974307, -39.76141363974307, -203.6480818795613, -203.6480818795613, -311.2583347612017, -378.68333016664513, -378.68333016664513, -378.68333016664513, -380.3054638358582, -380.3054638358582, -380.3054638358582, -400.2025491271346, -400.99918854448345, -406.0547550749888], 
[822.2562810059242, 585.027378434728, 418.3070959790714, 397.56172530419326, 262.47488478612195, 262.47488478612195, 138.80973988572043, 63.5518816986837, -145.09028136912224, -145.09028136912224, -145.09028136912224, -159.60254210634042, -271.23934700200937, -271.23934700200937, -311.1429172128811, -311.1429172128811, -311.1429172128811, -337.4748791245863, -370.4905940696241, -370.4905940696241], 
[361.1187809634729, 361.1187809634729, -35.85618872653225, -35.85618872653225, -35.85618872653225, -167.62465910703503, -229.60411987114497, -229.60411987114497, -229.60411987114497, -229.60411987114497, -314.3925505368139, -314.3925505368139, -314.3925505368139, -314.5156816603867, -427.3261790158926, -427.3261790158926, -437.1134467849191, -437.1134467849191, -442.5441394727745, -456.35921532399584], 
[502.644669288346, 423.39197856608916, 423.39197856608916, 223.70314202416444, 223.70314202416444, 106.60627821263836, 61.855745985981116, -278.09390965789504, -278.09390965789504, -359.7716677995086, -359.7716677995086, -359.7716677995086, -359.7716677995086, -359.7716677995086, -446.82986017877784, -446.82986017877784, -446.82986017877784, -446.83301374784367, -446.83301374784367, -446.83301374784367], 
[592.3737013015168, 592.3737013015168, 455.4785175519029, 142.957060448201, -41.45116619440671, -60.3670468715689, -85.99254516169935, -170.28661390010814, -170.28661390010814, -221.8103409650729, -279.9811301502989, -279.9811301502989, -279.9811301502989, -346.29367983802473, -346.29367983802473, -346.29367983802473, -357.4382152764738, -358.24099329673106, -410.0420285165963, -410.0420285165963], 
[1068.0039982696385, 872.4253001554134, 545.7773276498453, 144.6482255838721, -62.09569958666992, -90.49609348564792, -169.98905195358162, -169.98905195358162, -219.16264726116208, -264.2035453978452, -349.2754714161308, -349.2754714161308, -382.4797656459118, -382.4797656459118, -382.4797656459118, -382.4797656459118, -405.2873010012805, -418.05529969398947, -418.0725857083671, -420.96093975531664], 
[807.5188474748604, -59.10528612634698, -59.10528612634698, -59.10531545407554, -59.10531545407554, -59.10531545407554, -59.10531545407554, -206.34346844146535, -206.34346844146535, -206.34346844146535, -206.34346844146535, -207.82598169632274, -256.40367074617336, -260.2782707402457, -260.2782707402457, -378.7451922990575, -378.7994121242699, -378.7994121242699, -378.7994121242699, -378.7994121242699], 
[353.23817486041344, 313.1605925647233, 313.15918960715453, -53.66373364928489, -53.70295609963654, -199.3488845587937, -261.210519402691, -261.21206062162594, -296.65299258443133, -296.65299258443133, -296.65299258443133, -296.65299258443133, -304.61343068266433, -364.0315405882883, -364.499427439834, -379.2928389493906, -389.8974398456097, -425.44994913470885, -425.44994913470885, -427.0971852197713], 
[674.4883797492978, 674.4883797492978, 84.2406291645841, 52.10542878388139, 51.57138622166167, -88.59770551479585, -88.59770551479585, -145.91500846493466, -241.4135389907761, -267.8539441509571, -267.8539441509571, -275.42944929187865, -296.6371964633662, -296.6371964633662, -296.6403000538694, -331.7486028336214, -351.2238506874663, -351.2238506874663, -351.2238506874663, -351.22473458994926], 
[-59.733424694909445, -59.733424694909445, -59.733424694909445, -76.93987848101426, -76.93987848101426, -167.79211612324536, -167.79211612324536, -261.6479905488319, -345.293467870625, -345.293467870625, -350.0093989165582, -384.1772861774067, -384.1772861774067, -407.1948793058758, -407.1948793058758, -432.65142603676543, -432.65142603676543, -432.65142603676543, -445.8496059519447, -445.8496059519447], 
[279.14410763147407, 275.12902301162353, 134.39894584956232, 134.39894584956232, 134.39894584956232, -122.10443240363787, -122.10443240363787, -200.92860603327466, -299.40974126801166, -300.00328738827415, -300.00328738827415, -311.0525159362068, -311.052966545966, -327.1455661725745, -327.1455661725745, -420.87262767407435, -420.87262767407435, -420.87262767407435, -424.9576548097529, -444.7603824008644], 
[630.0307996754075, 16.19568770506919, 16.19568770506919, -32.52507612194711, -111.20603179049868, -180.76104412083407, -180.76104412083407, -204.72538315753076, -204.72538315753076, -247.44914392519357, -247.44914392519357, -345.30552590516436, -369.3642324351126, -401.8657268005293, -401.8657268005293, -401.8657268005293, -425.1323850561636, -425.47754197467447, -439.2659208203634, -446.3383666550568], 
[833.2009462865781, 194.91566861104525, 194.91566861104525, 31.079872484450675, -74.64272124017589, -74.64272124017589, -180.6773683697026, -210.48649218186694, -210.48649218186694, -311.7072819992556, -311.7072819992556, -360.547206248591, -360.547206248591, -360.547206248591, -378.77455281661406, -408.90756082896405, -408.90756082896405, -408.90756082896405, -426.61864396847017, -426.61864396847017], 
[616.9010265207778, 609.7058994512181, 609.7058994512181, 402.2194486547593, 261.5058514912033, -156.16055482641013, -156.16055482641013, -181.39991016936528, -181.39991016936528, -264.0410366499607, -332.10809161275074, -332.1081451765017, -332.1081451765017, -332.10924087374195, -393.2465583323271, -421.32771157858485, -421.4101504513415, -421.4101504513415, -441.7298829217553, -459.1831733051349], 
[531.0597214509498, 302.1143243492269, 171.15073723788157, -94.69596908816163, -204.53995259400523, -243.90802471726437, -243.90890180090588, -243.90890180090588, -303.7400243167706, -303.7400243167706, -306.24280504630553, -385.5067841984099, -385.5067841984099, -385.5067841984099, -385.5067841984099, -385.5067841984099, -385.5067841984099, -418.05947440962825, -418.05947440962825, -429.9746409536337], 
[827.0244756552772, 589.9896206162564, 589.9896206162564, 186.4522427768843, -60.24851055625072, -95.69262212763408, -95.69262212763408, -277.1789897861661, -330.74141610601407, -388.3619693074033, -417.4383748932029, -417.4383748932029, -417.4383748932029, -417.4383748932029, -417.4383748932029, -417.4383748932029, -417.4383748932029, -431.69960251386186, -441.2955312481755, -441.2955312481755], 
