[2354.9566631429084, 2354.9566631429084, 2354.9124686480477, 2093.576094034234, 2072.3553589157195, 2020.8177934349583, 1687.9360725400093, 1687.9360725400093, 1429.9365692740732, 1327.8468360211377, 1204.438825279517, 1008.5391723553993, 936.9330418329994, 557.3056662138994, 557.3056662138994, 557.3056662138994, 557.3056662138994, 491.71193679019524, 491.71193679019524, 491.71193679019524], 
[2795.6238377325717, 2635.3958199823987, 2517.5136395590907, 2305.2847216837504, 1831.9404482954183, 1831.9404482954183, 1831.9404482954183, 1831.9404482954183, 1607.5884083988292, 1532.265155271568, 1401.5489878133342, 1401.5323110326374, 1390.3644719478218, 1204.065522774349, 1204.065522774349, 756.9313761250639, 756.9313761250639, 756.9313761250639, 756.9313761250639, 756.9313761250639], 
[2586.703430216628, 2302.8334735403596, 2302.8334735403596, 2237.556059261981, 2006.6853692864588, 2006.6853692864588, 1942.5416814205, 1719.7806081170133, 1364.247868689534, 1364.247868689534, 1331.7030442896278, 1331.7030442896278, 992.4574223061971, 906.8453325257759, 878.130477247301, 780.392182368845, 780.392182368845, 569.4346815448305, 565.6611455353209, 542.7810936520062], 
[2599.2898884665724, 2390.1723041835726, 2138.3392725113326, 2091.45487729915, 2091.45487729915, 1895.7835113446756, 1895.7835113446756, 1519.850530422598, 1462.1165591964714, 1402.4609370504547, 1238.0221479368317, 1098.7233141574604, 849.9141277035852, 810.427279764499, 736.2303318332479, 691.6346797325748, 654.7114965190733, 566.753325271584, 514.6902644869464, 514.6663722177474], 
[2800.7029673687416, 2261.5167266261974, 2047.1249825934715, 2047.1249825934715, 2047.1249825934715, 1871.5444625581108, 1840.6930500075155, 1525.8568966531734, 1525.854485580307, 1457.8201178144323, 1388.006695315935, 1378.4008689817767, 1000.5499754207468, 758.6550971051254, 758.6550971051254, 752.0695970392319, 360.7755969780612, 310.2558036933757, 310.2558036933757, 310.2558036933757], 
[2646.334718409299, 2551.4411401461266, 2551.4411401461266, 2446.707389904552, 2160.1130600749543, 1978.7709942308063, 1978.7709942308063, 1557.486121178522, 1443.1581382132545, 1196.6585525604025, 1196.6585525604025, 1196.6310374885275, 1196.6310374885275, 1196.6310374885275, 1178.8697356723317, 757.273152956101, 757.273152956101, 681.0379051323293, 473.4238944192892, 473.4238944192892], 
[2859.099423922211, 2666.4917691329842, 2581.5887809450483, 2305.379443529985, 2134.6845920218257, 2134.6845920218257, 1917.3252149768841, 1629.6525806335799, 1298.2884815275243, 1298.2884815275243, 1298.2884815275243, 1298.2884815275243, 1115.2703488704162, 946.0129719380727, 810.5688321441024, 772.9024375728911, 746.0416882705393, 671.1331769263238, 604.7904606938093, 597.5060585577872], 
[2103.282673214832, 1886.7316612764098, 1886.7316612764098, 1886.7316612764098, 1650.7567858476307, 1650.73303900968, 1650.7044455581495, 1262.9359068931772, 1262.9359068931772, 1262.2284970148503, 796.1971940795111, 796.1971940795111, 796.1971940795111, 476.81957575855586, 476.81957575855586, 441.38021879073096, 427.25109553993, 409.9585309371883, 353.10270332904594, 328.70639874506935], 
[2784.694481619839, 2527.556045739131, 2527.4374057675304, 1732.4136672484967, 1657.7614655315056, 1652.8028275338982, 1652.7806363766083, 1646.8083354538733, 1199.7631271908822, 980.0626703272336, 980.0626703272336, 709.3759719643082, 709.3759719643082, 709.3759719643082, 709.3759719643082, 709.355265261263, 709.355265261263, 621.0304843584596, 621.0304843584596, 620.8405301213918], 
[2395.971087629873, 2395.971087629873, 1614.4054317307057, 1614.3993405948045, 1614.3993405948045, 1614.3914783650716, 1614.3914783650716, 1440.6392079612892, 1171.0892347194579, 1171.0892347194579, 957.1283270908721, 957.1283270908721, 957.1283270908721, 816.1492249758668, 814.289883018202, 640.6896373647704, 631.1262022629193, 630.01655920548, 562.4592977487315, 562.4592977487315], 
[2847.113264445344, 2765.9218995068404, 2150.4472204971826, 2150.4472204971826, 1865.7153781310503, 1865.7153781310503, 1757.6443324248048, 1736.3777869521678, 1547.1261993539354, 1152.9870794585418, 1014.5344892220267, 1014.5344892220267, 907.668855109279, 665.8822744839256, 589.2632092605712, 496.01497018295856, 496.01497018295856, 496.009932809095, 422.0935486828883, 422.0935486828883], 
[2771.445679838266, 2396.8645635940334, 2012.9913446388855, 1984.9826288331162, 1896.7215498704743, 1896.7215498704743, 1780.0347451891544, 1499.1982283921743, 1081.8863263889698, 1081.8863263889698, 1081.8863263889698, 1081.856132851583, 963.6692377714814, 780.1669766926548, 618.934954056899, 537.098360784735, 537.098360784735, 537.098360784735, 537.0965587893403, 507.14034990502654], 
[2606.8082450570546, 2391.4540182519922, 2197.829402850177, 2197.829402850177, 2081.6994548293833, 1895.0803037930737, 1827.6286672272622, 1676.4166970288684, 1676.4166970288684, 1585.25319636933, 1585.2151031476847, 1423.5130747830415, 1247.8976576453229, 1201.5707239574388, 1147.856221516695, 693.8572060239867, 693.8572060239867, 693.8572060239867, 567.7502790804778, 567.7502790804778], 
[2576.6624852151617, 2576.6624852151617, 2542.491633778087, 2355.318048804176, 2310.8416389671643, 1845.0793612392188, 1757.1733393967852, 1625.6760665467355, 1512.9522851575562, 1070.6618712937086, 1070.6618712937086, 920.5063248209324, 920.5063248209324, 920.5063248209324, 724.4673278246122, 724.4673278246122, 569.4090186070525, 569.4090186070525, 398.89226132822597, 398.89226132822597], 
[2846.413221654901, 2663.524992015873, 2545.1679865163533, 2313.9186268950107, 2071.4234508476798, 2071.4234508476798, 1765.7446777258701, 1633.4925160081445, 1633.4925160081445, 1363.5264213079663, 1120.6280602856864, 1120.6280602856864, 968.8818237381715, 968.8818237381715, 922.5535722574764, 922.5535722574764, 669.6623609509446, 669.6623609509446, 543.4072107071901, 541.5596159451004], 
[2252.437176663754, 2252.437176663754, 2252.437176663754, 2199.3446488284712, 1988.204199720521, 1988.204199720521, 1871.3596753746583, 1510.848673247137, 1510.848673247137, 1360.0215816772118, 1309.7134002020555, 954.0638597369633, 801.6922646838693, 801.6922646838693, 801.6922646838693, 780.2468824315848, 463.5913626269943, 463.5913626269943, 463.5913626269943, 420.1055326351034], 
[2381.1104491125, 2381.1104491125, 2381.1104491125, 2380.1172345047307, 2050.6589490081797, 2036.3877885854413, 1768.7746548222606, 1618.5448110077318, 1494.555811463299, 1152.9409196394988, 1152.9409196394988, 973.8426267279413, 973.8426267279413, 973.8426267279413, 973.8426267279413, 872.1093311474216, 807.337910368219, 738.1011781281804, 524.1909599457146, 524.1909599457146], 
[2555.601733144322, 2375.181458812778, 2374.8993578835434, 2283.1426818269647, 2071.6977367392255, 1877.546395234253, 1619.9842452914754, 1619.9842452914754, 1577.540575931884, 1109.30051031221, 1109.1281591558834, 1082.4195445341925, 1078.3767402078943, 814.0662282448136, 620.9491873574389, 545.1354374777087, 545.1354374777087, 545.1354374777087, 536.7847324170257, 414.3635402475733], 
[2738.3081327099553, 2692.9690717760786, 2554.7334915252595, 2502.651703509997, 2011.9761338929993, 1911.8555145132332, 1418.1559103976806, 1418.1559103976806, 1406.2198797682947, 1406.2198797682947, 1158.5197950027214, 1158.5197950027214, 1062.6176052775318, 1062.6176052775318, 918.0979608749807, 918.0979608749807, 918.0979608749807, 889.351836174198, 879.44956001531, 714.8859951878043], 
[2273.394237678411, 2273.394237678411, 2029.4916908516661, 2029.4871638906905, 1723.4596260912213, 1723.4596260912213, 1723.4596260912213, 1389.223394301709, 1389.223394301709, 935.353353468164, 921.7848003219805, 716.8844208758857, 518.316693129352, 518.316693129352, 518.2949053472282, 504.56975673528984, 504.56975673528984, 433.2312270040185, 333.24857485841835, 333.24857485841835], 
[2603.512592050682, 2387.6188239890407, 1808.9671376556564, 1749.053641676291, 1629.862985134937, 1629.862985134937, 1458.7720184633345, 1290.657579662582, 1290.657579662582, 1115.7184059994138, 972.9595851461164, 858.9454011362608, 858.9454011362608, 679.9400120233537, 469.2996688303468, 469.2996688303468, 469.2996688303468, 431.0458284411332, 340.57945547830315, 338.8921650528375], 
[2604.3587720277064, 2561.905327168695, 1999.3322080441792, 1999.3322080441792, 1999.3322080441792, 1681.8462899162837, 1651.1458981842595, 1651.1458981842595, 1649.1418734701613, 1502.1607739440105, 996.3194567301529, 996.3194567301529, 996.3194567301529, 738.2200929589504, 738.2200929589504, 738.2200929589504, 738.2200929589504, 653.6745067874722, 600.2673415507248, 575.3530003257782], 
[2447.8017355350435, 2177.1527590763058, 2177.1527590763058, 2177.1527590763058, 2017.9446283899208, 1824.413787601137, 1775.8071125699726, 1775.8071125699726, 1475.6469434518729, 1475.4320145260026, 1354.4690668351338, 1228.3783723284973, 1160.3503445441243, 1117.162701970465, 1096.5238626438077, 446.16651207709737, 446.16651207709737, 446.16651207709737, 337.7750743938327, 268.3895775829333], 
[2726.308646713877, 2234.9641023718937, 2234.9641023718937, 2234.9641023718937, 1960.2382074125005, 1955.0765960524632, 1770.6399740440952, 1137.419926581788, 1137.419926581788, 1137.419926581788, 1132.468881183964, 1121.569380318442, 1121.569380318442, 1061.2805853828008, 728.5603588179886, 672.2709511681182, 672.2709511681182, 672.2709511681182, 601.4360538289645, 518.3497438398937], 
[2351.633364686391, 2348.7135741687825, 2224.9271336881775, 1983.8133708971177, 1983.8133708971177, 1845.5030904836806, 1772.467914362944, 1772.467914362944, 1428.7585484168314, 1221.6805593202034, 1214.735328233715, 1069.1565997738655, 1069.1565997738655, 1069.1565997738655, 714.3641429458171, 714.3641429458171, 497.7748265838909, 497.7748265838909, 497.7748265838909, 497.7748265838909], 
[2500.7551572596335, 2492.0335808556324, 2296.387611437748, 2296.387611437748, 2023.103413572808, 2023.103413572808, 1971.0722795690938, 1613.7474955145742, 1483.0309408395738, 1471.5418727709746, 1471.5418727709746, 1280.1384058329065, 1280.1384058329065, 776.6469065692075, 718.7237986301251, 718.7237986301251, 548.9914479863126, 509.60783242325937, 426.8222828576391, 282.1633170894595], 
[2441.0674435853907, 2158.8186855990716, 2158.8186855990716, 2158.8186855990716, 2158.8186855990716, 2158.796658574204, 2130.514327202483, 2026.1856220347279, 1543.1426491663617, 1543.1426491663617, 1498.4318124615577, 1363.6618739240366, 1329.182312357363, 992.1169901426923, 992.1169901426923, 946.7070454156053, 733.5453560762554, 629.0936476872322, 628.3338620781876, 541.6785136407549], 
[2639.9438442662845, 2217.2629047887394, 2217.2629047887394, 1982.6572009113913, 1982.4311937594298, 1873.4863795097333, 1730.3865723022818, 1730.3865723022818, 1475.9482233947904, 1475.9482233947904, 1385.1837470540986, 1185.9982999194285, 869.6401807326697, 796.6089418693414, 796.6089418693414, 796.604221713744, 678.9608471136931, 678.9608471136931, 675.6586269369952, 650.135072140147], 
[2753.4737133099525, 2182.402970727132, 2182.402970727132, 2136.607969383605, 2120.264652850935, 1803.1047189338574, 1803.1047189338574, 1803.1047189338574, 1779.5754133390728, 1717.8040526777995, 1414.2723918047334, 1414.2723918047334, 805.116525762135, 805.116525762135, 805.116525762135, 795.6364818725237, 735.1580419948822, 683.5923277738095, 683.5923277738095, 671.2047177444126], 
[2231.98380561618, 2231.98380561618, 2231.98380561618, 1759.8271122295832, 1759.8271122295832, 1759.8271122295832, 1581.9715682311307, 1533.8843267199088, 1433.1927447091036, 1324.1549050154263, 1151.2503366564224, 1130.3674226650683, 896.8606647335722, 651.7901099474066, 651.7901099474066, 559.8220728752555, 403.3919286244019, 299.3731251877315, 299.3731251877315, 292.9083100218463], 
