[261.65016645813273, 261.65016645813273, 261.65016645813273, 261.65016645813273, 179.4756985725919, 40.390160104818165, 40.390160104818165, -100.5142193566578, -184.31582255774578, -296.8852646336551, -296.8852646336551, -296.8852646336551, -296.8852646336551, -325.99785875000913, -360.9947313220598, -407.93271650976465, -411.14975120939647, -415.0179883603763, -425.040105439946, -425.040105439946], 
[711.6547310076944, 711.2232047476664, 239.33940365545413, 139.08448947620934, 139.08448947620934, 139.08440975915948, 139.0814993563581, -24.61452307680139, -74.6033773920463, -233.02398558881822, -251.08329031832946, -251.08329031832946, -315.2234228732873, -374.0136498355621, -425.6435421374333, -425.6435421374333, -425.6435421374333, -425.962547511497, -439.7503874746472, -439.7503874746472], 
[474.555132712552, 474.555132712552, 447.5126970226379, 436.60921110446463, 242.0228761928937, 19.35038142253177, -8.906535537510479, -8.906535537510479, -250.22724033813762, -250.22724033813762, -250.22724033813762, -250.22724033813762, -250.77733520514514, -300.43338827852017, -300.43338827852017, -343.69576071915384, -343.69576071915384, -343.69576071915384, -343.69576071915384, -365.36962894479154], 
[773.6020492772107, 773.6020492772107, 620.314477833846, 300.97404744624214, 193.2299314064411, 181.34119504977457, -40.723162282688804, -40.723162282688804, -96.84253511293315, -223.9563853400258, -223.9563853400258, -223.9563853400258, -223.9563853400258, -281.47058509717687, -309.58491474903985, -356.36266998895246, -396.6572048244436, -406.08668656224506, -406.08668656224506, -406.0877799440579], 
[536.9459113496684, 346.51685503629074, 346.51685503629074, 192.61415843468058, 192.61415843468058, -0.402934146292921, -0.402934146292921, -199.19833261890608, -199.19833261890608, -222.3987197611184, -376.41693272105823, -376.41693272105823, -376.41693272105823, -376.41693272105823, -376.41693272105823, -376.4171654966878, -397.94046187120296, -397.94046187120296, -397.94046187120296, -397.94046187120296], 
[847.3579476872712, 142.01823489539788, 142.01823489539788, 64.78171177446723, 64.78171177446723, 37.82420838336259, -94.40608737339801, -139.4396213824437, -349.04131563697524, -349.04131563697524, -349.04131563697524, -349.04131563697524, -383.9406487986002, -383.9406487986002, -383.9406487986002, -383.9406487986002, -395.6628611898954, -416.29774057229656, -416.29774057229656, -416.29774057229656], 
[902.4174404319974, 489.5721316117571, 68.33948220714149, 68.33948220714149, -33.200842131458046, -33.200842131458046, -33.200842131458046, -167.6395222716979, -270.93898902848974, -270.9394309074232, -304.8901356221568, -331.47942488712624, -365.46051486455525, -404.13192862425467, -404.13192862425467, -413.17196260340916, -430.502838156357, -430.502838156357, -433.4228409134596, -448.87737309190663], 
[634.1367406731417, 634.1367406731417, 149.17576561683063, 149.17545732839903, 149.1742671458676, -50.72535548877903, -50.72535548877903, -50.72535548877903, -150.16982674036302, -242.62639071249254, -277.816387349985, -277.816387349985, -277.816387349985, -334.99885678156676, -350.31858173674686, -350.31858173674686, -350.31858173674686, -350.31858173674686, -403.31889397041857, -417.73950892933055], 
[140.4060051182256, 40.195077286873925, -64.55381455888181, -64.55381455888181, -237.2302389237683, -270.04927022522, -270.06119802891357, -270.09206241723086, -270.09977609154475, -270.09977609154475, -270.09977609154475, -297.0804541303375, -369.56760310735217, -369.56763243470357, -376.0553655447556, -392.0244494371999, -392.0244494371999, -441.3516432895038, -448.9612498270353, -449.77224447485503], 
[555.7553714496953, 11.655976859808447, 11.655976859808447, 11.655976859808447, 5.783525011445306, -57.04811083799967, -57.04811083799967, -202.44645296501284, -202.44645296501284, -202.44645296501284, -243.98913558695733, -326.4573757160173, -342.04160339711893, -342.04160339711893, -359.22520715040326, -370.28124494474696, -414.6871534293483, -414.6871534293483, -414.6871534293483, -461.14957373418275], 
[56.999836316725805, 56.999836316725805, 56.999836316725805, 54.27380247470012, 54.27380247470012, -144.2019214509749, -226.6697147592456, -226.6697147592456, -256.34122415773714, -256.34122415773714, -256.34122415773714, -256.34122415773714, -295.6695686884043, -316.0138695802728, -316.0138695802728, -326.2218401117117, -359.775331470051, -421.86225123315853, -421.86225123315853, -421.86225123315853], 
[538.6468803298653, 367.15584635806863, 363.29955490277666, 113.4560275546437, 86.7800390881921, -79.72462704752502, -341.08397958194894, -341.08397958194894, -341.08397958194894, -341.08397958194894, -341.08412398510563, -341.16649311477397, -435.0257880962134, -435.0257880962134, -435.05184673319843, -435.05184673319843, -442.10352819851335, -442.10352819851335, -442.1037519311986, -442.1037519311986], 
[902.5981180996089, 739.6226569386374, 297.53182947635753, -27.638906697699156, -27.638906697699156, -164.80298079657274, -164.80298079657274, -164.80298079657274, -168.41333165887926, -185.95236991280035, -230.3891474084196, -236.60436662252408, -334.33471044541875, -355.62914204381116, -355.62982549353535, -355.62982549353535, -401.57686864651726, -401.57686864651726, -401.57686864651726, -410.01065303890505], 
[202.49061059480312, 202.49061059480312, 190.72759504098246, 180.73352303769275, -4.491028732892346, -78.22333843939163, -78.22333843939163, -253.41946431497593, -327.0237585019927, -327.0237585019927, -341.7134093519754, -341.7134093519754, -455.91234146614306, -455.91234146614306, -455.91234146614306, -455.91234146614306, -455.91234146614306, -456.5412483875711, -456.5412483875711, -462.981954596341], 
[480.0636592684467, 445.2503231332688, 445.2503231332688, 441.75425490847306, 131.43560489065328, -100.53449009118003, -100.53449009118003, -100.53449009118003, -254.3154467499036, -254.3154467499036, -254.3154467499036, -254.3154467499036, -274.09239260531655, -336.9495810302859, -336.9495810302859, -336.9495810302859, -360.8337240783676, -378.07933870384136, -401.9190494258012, -401.9190494258012], 
[1138.3959720566454, 832.7540720582572, 370.5609533421068, 370.5609533421068, 370.5609533421068, 172.69757577606754, 172.69757577606754, -69.76251045282032, -77.03778572081194, -77.03778572081194, -312.96300850818943, -312.96300850818943, -312.96300850818943, -354.7807511522145, -416.62225364826867, -416.62225364826867, -416.62225364826867, -416.62225364826867, -443.32300501732584, -443.32300501732584], 
[273.5179977365808, 273.5179977365808, 273.5179977365808, 212.7514597190625, 193.0555098849926, -33.200836329705, -142.0973221300988, -274.31260793433944, -328.67454348446586, -328.67454348446586, -328.67454348446586, -328.67454348446586, -343.3776681430589, -343.3776681430589, -362.9108386114593, -368.3490276569163, -368.3490276569163, -400.37378690051906, -419.1254770236818, -420.60331879732604], 
[326.60294421042283, 183.2673279725791, 183.2673279725791, 183.2673279725791, -32.10741898523116, -48.72438677891006, -156.984080014494, -156.984080014494, -284.2728934670157, -284.2728934670157, -284.2728934670157, -284.2728934670157, -291.6265286170898, -369.33029477925595, -369.33029477925595, -369.33029477925595, -369.33029477925595, -377.6324336954114, -381.65092750031073, -412.7662859462981], 
[266.77749425337913, 241.05294842702574, 195.004009219443, 191.75923933791046, 118.1306288204197, 60.37158406219726, 17.90684859785779, -86.34811227301952, -182.2152659363971, -273.4432275480149, -273.4432275480149, -273.6751402015665, -277.91699940446847, -277.91699940446847, -314.82634692793715, -350.4877291934801, -350.4877291934801, -351.81458727967197, -362.8217853269034, -377.47595454679083], 
[484.3457629053398, 484.3457629053398, 10.363514420807064, 10.363514420807064, 7.216072322895627, -93.26879086184101, -93.26879086184101, -109.13036224281916, -176.274983525173, -176.274983525173, -220.09974100672116, -248.37729463213373, -248.37729463213373, -248.3774847327055, -314.5580784042213, -314.5580784042213, -399.07223744647285, -399.07223744647285, -413.4413477057436, -413.4413477057436], 
[775.3778043108782, 393.1869269087516, 138.3741064978244, 138.3741064978244, 138.3741064978244, 18.571636573423916, -121.55142822810183, -122.09508679031, -122.09508679031, -122.34800958823183, -219.74564104544197, -229.47535683578315, -256.13890479584234, -256.13890479584234, -300.551758176763, -355.7278979680541, -378.68283213362815, -384.3289633301541, -384.3289633301541, -417.0503498666884], 
[655.032881388975, 457.8035360413211, 457.8035360413211, 169.66979423676207, 169.66979423676207, 169.6586264695061, -12.141332827675114, -294.2497346858252, -294.2497346858252, -301.3714168241842, -301.3714168241842, -301.372790665391, -367.34604064580725, -371.9831370348783, -371.9831370348783, -411.430399170141, -411.430399170141, -448.61593891647544, -448.6311105934396, -448.63512901608135], 
[1170.6221815658305, 282.02912083991885, 199.76626120971434, 199.76626120971434, -88.7719404707326, -88.7719404707326, -88.7719404707326, -248.64950370812412, -248.64950370812412, -248.64950370812412, -248.64997031526548, -250.34318675723688, -271.54966736070094, -354.14353898251295, -354.14353898251295, -359.6582421437605, -406.5926901537538, -414.49539719639677, -416.76573032092153, -428.3510969215256], 
[1010.2660419651681, 218.27499330781018, 179.8036668783392, 48.962036081452425, 48.962036081452425, -22.382739673632898, -34.60184377753728, -34.60184377753728, -220.5458759346339, -220.54588668595727, -312.5926920153551, -318.63231051573814, -334.6714311070774, -334.69871354469853, -334.69871354469853, -396.60618702164356, -396.60618702164356, -396.60618702164356, -437.2266886616309, -455.48263345651014], 
[1279.384550155902, 467.2980408967012, 354.8462245187959, 205.9439015009939, 140.84822400294843, 140.84822400294843, 76.73249536751575, 0.2264605025009132, 0.22597728779072668, 0.22392709417101742, -86.43713599379731, -164.36159466125048, -164.36159466125048, -207.72354176288655, -207.72354176288655, -276.3326883538076, -278.2670902704119, -278.2670902704119, -278.2670902704119, -278.2670902704119], 
[1144.5103509331757, 773.2612473100576, 550.7538944229811, 470.8788733513471, 178.05306646562894, 48.198372684688024, -117.50283311563317, -254.74530776019276, -277.1364757130701, -277.1364757130701, -277.37839812330446, -320.39415090841464, -320.39415090841464, -338.58896068391056, -385.15486423128624, -391.3302617096483, -412.96834516848696, -412.96834516848696, -437.27806519987666, -437.27806519987666], 
[97.06032884194315, 97.06032884194315, 97.06032884194315, 97.06032884194315, 29.465791134989104, 29.465791134989104, -51.40913883751102, -66.55231959370388, -221.70349975161872, -221.70349975161872, -344.7183386813275, -403.90265138391914, -403.90265138391914, -403.90265138391914, -403.9040440680142, -409.5528389739246, -409.5528389739246, -432.18420642254705, -447.722787693943, -448.80832712739647], 
[261.5470657242812, 261.5470657242812, 113.2136783180307, 67.99073802263831, -10.72281591543765, -10.72281591543765, -10.72281591543765, -64.80945038753737, -336.17142739583886, -336.17142739583886, -336.17142739583886, -336.20440568456553, -396.0392758967115, -396.04608136476605, -396.04608136476605, -396.04608136476605, -408.4693607271405, -432.10728256985146, -445.59876237600787, -445.59876237600787], 
[1079.4159247606574, 154.0111393547611, 154.0111393547611, 154.0111393547611, 139.17085893846274, -171.90071307476182, -171.90071307476182, -199.80028691946512, -199.80028691946512, -199.80028691946512, -333.70991742365385, -333.71061366147364, -333.71061366147364, -333.71061366147364, -353.3510298986542, -382.4634980846373, -383.18560896991295, -386.8777674228677, -396.26001863352144, -413.7347235523491], 
[252.56355238434867, 252.56355238434867, 252.56355238434867, 252.56355238434867, -57.447297792168854, -150.22896148765267, -150.22896148765267, -150.22896148765267, -189.5799548416527, -209.8162889839623, -209.8162889839623, -261.01880035508293, -305.89173741535603, -312.28858620669394, -329.7585001868783, -343.2413502067011, -379.6961760165919, -379.6961760165919, -379.6969229000629, -395.3802004027005], 
