[514.3069496407105, 93.15878609436561, 93.15878609436561, 21.74389973189693, 21.74389973189693, 21.54147160683499, -130.81021059712634, -130.81021059712634, -227.80430355646433, -355.29219604682044, -355.29219604682044, -355.29219604682044, -370.28423827320125, -370.28423827320125, -379.1813465881813, -379.1813465881813, -379.1813465881813, -396.6391687747993, -434.6642101424658, -434.6642101424658], 
[669.5461525173716, 593.9712645306975, -30.278412160823223, -30.278412160823223, -30.278412160823223, -30.278412160823223, -30.279239221180887, -288.37822930643586, -288.37822930643586, -359.92057169619477, -381.8682062049127, -381.8682062049127, -381.8682062049127, -387.0908642561515, -387.0908642561515, -449.6332203079703, -449.6332203079703, -449.6332203079703, -449.6332203079703, -449.6332203079703], 
[563.4231742150441, 366.5966468211391, 366.5966468211391, 304.7708977792279, 204.76343007116668, 66.42318023737027, -86.18933555268814, -86.18933555268814, -86.18933555268814, -181.97574999039296, -306.431441766056, -306.431441766056, -306.431441766056, -306.431441766056, -306.431441766056, -329.7719367501742, -330.68403109920683, -420.49203201930095, -420.49203201930095, -420.49203201930095], 
[488.9372165314269, 488.9372165314269, 115.18668720387177, 115.18668720387177, 115.18668720387177, 21.612239384174927, 21.612239384174927, 21.347038598709787, -11.511671998608733, -87.07718240568477, -181.46857263433452, -296.6677601439245, -296.6677601439245, -296.6677601439245, -296.6677601439245, -322.62586567865947, -322.62586567865947, -327.0419507727711, -354.4647518892124, -372.7729411294671], 
[469.8690802991033, 225.0547387300187, 225.0547387300187, 130.3772458991308, 78.97962117375789, -197.42001447862248, -207.73082139938504, -207.73082139938504, -222.75336093016676, -222.75336093016676, -373.0812337416748, -373.0812337416748, -373.0812337416748, -373.0812337416748, -373.08135240741916, -373.08135240741916, -401.6821414283223, -412.3921650686709, -412.3921650686709, -439.3624820616808], 
[114.33401781054408, 114.33401781054408, -84.75825741453951, -112.85954349137506, -112.97641754092331, -126.32493074089172, -126.32493074089172, -134.9204431734098, -250.86635992678586, -334.39745641607, -368.2060051457321, -368.2060051457321, -368.2060051457321, -368.2060051457321, -393.2562059772531, -424.85500484799485, -424.85500484799485, -440.4625986947119, -440.4625986947119, -458.4061855410798], 
[820.6842134341614, 605.8075879611881, 23.84352080396252, 23.84352080396252, 23.842933511368074, 5.446115026358257, 5.446115026358257, -195.4166447640817, -195.4583491953956, -195.4583491953956, -195.4583491953956, -195.4583491953956, -307.70552111622135, -307.70552111622135, -307.70552111622135, -384.35873792783974, -384.35873792783974, -387.6530249226027, -395.8527297212509, -395.8527297212509], 
[798.01798884746, 464.95612902854054, 54.461832758165315, 54.461832758165315, 34.394124333869854, 34.394124333869854, 13.504410619963323, -142.2249719720632, -150.78151074041358, -150.78151074041358, -292.4794126136544, -292.4794126136544, -301.95988104575054, -301.95988104575054, -301.95988104575054, -350.25996494499634, -350.25996494499634, -352.69952528387944, -378.39508413780675, -427.0955246722812], 
[116.85371058357737, 116.85275183743602, 116.85128829865118, 75.6168607556275, 60.42412999591261, 60.42174561479169, -32.475364100699835, -95.64614861524456, -168.59135227884906, -248.7769757511606, -248.7769757511606, -270.8768534939047, -270.8768534939047, -270.8768534939047, -355.2091147401037, -355.2091147401037, -355.2091147401037, -362.66307362678464, -372.09295833637225, -372.09295833637225], 
[-89.12753227220514, -128.17326893661317, -128.17326893661317, -128.17326893661317, -128.17326893661317, -128.17326893661317, -128.25291930354967, -227.12261764568757, -227.12261764568757, -241.8241449244482, -280.6674441635314, -343.08789254092363, -350.25356887162934, -366.5066717708014, -381.6992339051686, -381.6992339051686, -381.88229930227106, -445.04996724188817, -445.04996724188817, -445.04996724188817], 
[169.26867050400665, 169.26867050400665, 169.26867050400665, 114.48157881592249, -72.38334767325063, -210.1807831772988, -289.2645262831114, -289.2645262831114, -289.2645262831114, -289.2645262831114, -289.2840869648745, -429.71335568469055, -429.71335568469055, -429.71335568469055, -429.7134019485492, -429.7134019485492, -429.7134019485492, -429.71352034587585, -446.550881574099, -446.550881574099], 
[197.8290279533021, 197.8290279533021, 197.8290279533021, -25.264630885528277, -152.9742754945193, -152.9742754945193, -173.5976965203858, -173.5976965203858, -173.5976965203858, -173.5976965203858, -211.46910270357813, -211.46910270357813, -219.2454574895852, -236.4137563202611, -268.57012667539294, -296.5484634970618, -397.6110646711329, -413.6013909383524, -413.6013909383524, -413.6013909383524], 
[128.6295765850124, 128.6295765850124, 128.6295765850124, 19.673191355700396, 19.673191355700396, -10.032769247812269, -10.032769247812269, -31.751282021412692, -193.98469959658252, -243.22900639186736, -243.22900639186736, -247.21064446351212, -252.4710874704839, -365.7325732940029, -372.2812325405412, -426.95647217602135, -426.95647217602135, -426.95647217602135, -426.95647217602135, -426.95647217602135], 
[511.37528565818025, 511.37528565818025, 150.39721744462338, 150.39721744462338, 90.42602590631839, 47.568279204924124, -254.37362740728145, -254.37362740728145, -254.6328044414926, -254.6328044414926, -264.32543830186256, -264.4133403063563, -286.75123248820705, -286.75123248820705, -393.36047262605695, -393.36047262605695, -393.36047262605695, -393.5089200396702, -397.1706384838652, -422.96626549867636], 
[224.7367629228994, 224.64460506671026, 224.54303703055132, -36.872211662487416, -36.872211662487416, -167.28863044656913, -167.28863044656913, -167.28863044656913, -167.62184156220843, -167.62184156220843, -167.62184156220843, -294.69487794211767, -320.6847939431499, -321.0276647670886, -321.0276647670886, -341.9216800194771, -344.3320146415875, -344.3320146415875, -379.12544600255944, -417.822198062374], 
[605.9819553749915, 605.9819553749915, 248.49577120782203, 193.28457483032764, 193.28457483032764, 59.69929316861703, 59.02216702922249, -447.51117775626255, -447.51117775626255, -447.51117775626255, -447.51117775626255, -447.53317537896515, -447.53317537896515, -447.53388956218294, -447.53388956218294, -448.4514398418689, -470.33730044206436, -474.2668994011775, -474.2668994011775, -474.2668994011775], 
[755.9979624355246, 178.76269216165053, 178.76269216165053, 178.76269216165053, 73.43923192012858, -139.57844677687723, -246.59090006576193, -252.73703350208737, -266.01146218134966, -301.30239866301514, -353.0506634309987, -391.0878582103857, -391.0878582103857, -391.0878582103857, -398.87743850875484, -398.87743850875484, -435.96256087062096, -435.96256087062096, -435.96256087062096, -435.96256087062096], 
[643.1980482813344, -30.01920419597718, -30.01920419597718, -106.61599507205216, -107.36119163233559, -204.02234616727003, -204.02234616727003, -222.20659756891735, -222.20659756891735, -330.4844242162577, -330.4844242162577, -351.3464953380479, -413.2196682699557, -413.2196682699557, -413.2196682699557, -413.2196682699557, -413.2196682699557, -447.5409091741248, -453.19936100278966, -453.19936100278966], 
[597.0160752771224, 474.73952639797244, 101.16829364605144, -92.86251273297802, -92.86628386423564, -92.86628386423564, -92.86628386423564, -92.86628386423564, -221.76015738443618, -319.2380971460857, -319.2380971460857, -349.09126967959855, -376.792897216178, -376.792897216178, -423.8677305724556, -423.8677305724556, -423.8677305724556, -466.7857414494676, -466.7857414494676, -466.7857414494676], 
[395.0203486007665, 395.0203486007665, 395.0203486007665, 85.17916299157889, -138.6079496550925, -138.6079496550925, -138.6079496550925, -186.9065708980408, -186.9065708980408, -186.9065708980408, -228.69665807381693, -340.8980636708401, -340.8980636708401, -353.47769405455415, -353.47769405455415, -400.3311491018601, -400.3311491018601, -400.3314507009079, -402.9909691897824, -418.41086238856724], 
[300.22605289401747, 300.22605289401747, 300.22605289401747, -128.15202293675293, -128.15202293675293, -209.79321066912303, -209.79321066912303, -301.02783779943627, -334.4054915758203, -334.40593047306476, -334.40593047306476, -334.40593047306476, -334.40593047306476, -336.3900884953573, -410.7536980894623, -410.7558406795061, -415.4133971496793, -429.2249724115833, -447.8645074717936, -447.8645074717936], 
[1013.5213562810147, 749.9569472088285, 749.9569472088285, 410.7270763617962, 359.94985667868445, -3.651119449065334, -93.54426597796589, -198.4720912882026, -200.3569270677135, -200.3569270677135, -365.59690495148527, -369.9369520876988, -369.9369520876988, -369.9369520876988, -371.43652462791005, -421.8284871226282, -458.22421884539636, -458.22421884539636, -458.22421884539636, -471.0071319405514], 
[1232.4849966533006, 841.2088188538632, 502.6496898820561, 454.87884675888995, 454.87884675888995, 191.76895173753326, 0.6469104230156972, 0.6469104230156972, -26.199427527760122, -181.7036678389627, -181.7036678389627, -181.7036678389627, -181.7036678389627, -183.72605649935593, -293.14452101385774, -293.14452101385774, -355.9056915625864, -372.5274578795684, -372.5274578795684, -372.52860801069727], 
[798.7151525763334, 798.7151525763334, 656.1787490862748, 617.7613604282237, 316.06466034440564, -62.7832780761251, -109.02670609777164, -109.02670609777164, -132.05205347226314, -153.12693664967645, -342.8062012091475, -397.42767227300925, -397.42767227300925, -397.8304495461956, -397.8304495461956, -397.8304495461956, -397.8304495461956, -397.8304495461956, -397.8304495461956, -397.83075561399966], 
[1184.5861041562077, 771.4265643572976, 527.4860078658185, 6.633051963059131, 6.632066850734191, -15.423858825999389, -30.663992658166933, -256.42658843064896, -302.73685665091045, -337.41755355067096, -337.41755355067096, -337.41755355067096, -337.41755355067096, -379.4797007271043, -386.2481284058224, -389.54652222593387, -411.64372780596386, -411.64372780596386, -411.64372780596386, -416.6812984466917], 
[678.018832839517, 458.4174147683543, 444.45105740075746, 289.70174325706955, 210.41973256615017, -64.50172552706323, -232.1712213691148, -353.640532842905, -353.640532842905, -377.3416754366988, -377.3416754366988, -377.34201274070375, -377.34201274070375, -377.5287198773381, -378.8199806985501, -380.96429996250123, -380.96429996250123, -392.4884639908319, -393.96460790786267, -435.8911830513239], 
[146.1017409911973, 102.90211381034067, 102.90211381034067, 102.90211381034067, 102.90211381034067, 16.33267850920936, -97.90239882885163, -97.90239882885163, -276.55078568722126, -278.97100548494757, -278.97100548494757, -332.7430742784268, -332.7430742784268, -332.7430742784268, -332.7430742784268, -418.40734212216455, -418.40734212216455, -423.391256151784, -423.391256151784, -451.20632310217434], 
[996.4169115498537, 654.3236971142278, 121.07668985082353, -233.15469222805467, -233.23735510618525, -233.2386307421284, -277.8742010981163, -277.87462059588825, -368.6236955341659, -368.6236955341659, -368.6236955341659, -389.6040667658161, -389.6040667658161, -389.6040667658161, -403.1448465116829, -418.1576568763312, -418.1576568763312, -446.82352421009534, -446.82352421009534, -448.62394335957555], 
[143.78392880383217, 39.594665794524644, 39.594665794524644, -248.37229037878149, -248.37229037878149, -248.37229037878149, -297.92711226470215, -297.92711226470215, -297.92711226470215, -334.6078818773948, -354.1635303425876, -354.1635303425876, -355.243378955121, -372.7802282030003, -372.86268568586524, -394.91838212064687, -398.0319781036543, -404.17353979431346, -405.34879184472777, -425.0678683814191], 
[287.0897107570836, 217.95119479086088, -205.58458890061132, -205.58458890061132, -207.2388615188217, -207.2388615188217, -207.2388615188217, -207.2388615188217, -207.2388615188217, -207.2388615188217, -207.2388615188217, -261.5278546602625, -337.91059651724834, -337.91059651724834, -337.91059651724834, -337.91059651724834, -353.109916351657, -359.9091970810036, -403.63054517387263, -403.63054517387263], 
