[378.8576769739909, 294.23624297897004, 294.23624297897004, 294.16396630682675, 149.02599281519008, -32.65382498087496, -108.84657841210662, -242.87667178251502, -242.87667178251502, -328.3720282383399, -328.3726922483392, -378.7206958883563, -378.7206958883563, -378.7206958883563, -382.3902566301106, -382.3902566301106, -382.3902566301106, -405.114112874572, -417.07539274259506, -417.07539274259506], 
[972.8163738036342, 211.11603615006015, 131.62107399017543, 131.62107399017543, 129.4183343678303, 129.4183343678303, 39.8874750876754, -37.60106410018392, -385.1365506123108, -385.1365506123108, -385.1365506123108, -385.1365506123108, -385.1365506123108, -385.1365506123108, -385.41751974691846, -385.41751974691846, -385.41751974691846, -405.09337202910086, -440.35600405097296, -449.08534646443366], 
[1366.6737928139805, 224.05749713822536, 224.05749713822536, 220.64595389071678, 187.7995350779821, 187.79648310596042, -19.305554861998928, -87.2114080661047, -163.79584392567347, -241.6035190644347, -264.4895415743908, -264.49076376050203, -264.49076376050203, -332.81262115868566, -333.397575673592, -365.1649534331225, -388.4125084730638, -388.4125084730638, -400.22112062133334, -400.22186474975575], 
[715.1807780563306, 629.9097179801706, 344.6825065540429, 130.9079822471739, 115.14976930346427, 115.14976930346427, 2.2475151270127753, 2.2472889879663853, -132.83908997553328, -224.74336105689918, -235.99139925550344, -235.99139925550344, -342.2600986388959, -342.2600986388959, -402.1137745282022, -402.1137745282022, -402.12643598267687, -438.1970171362891, -438.1970171362891, -438.203119948075], 
[409.60985033682823, 409.60985033682823, 221.98832969600744, -43.61310010356158, -43.61310010356158, -192.0082004057391, -213.16914029960287, -213.16914029960287, -217.2192840904023, -217.2192840904023, -217.2192840904023, -278.0194106855477, -361.63313466310217, -383.559479754929, -385.2122121181773, -394.11015494097614, -394.11041917059174, -416.22622188795344, -416.22622188795344, -420.7907124987983], 
[221.9089623538507, 221.84542741547443, 221.84542741547443, 172.20980918515863, -138.92704336267957, -138.92704336267957, -205.72222792845565, -205.72222792845565, -216.5641112405837, -288.62537905457964, -288.62537905457964, -288.62537905457964, -288.62537905457964, -418.5260605488006, -433.39921907713386, -445.43058108835584, -445.43058108835584, -450.98817184846985, -450.98817184846985, -470.28440345507215], 
[751.4527282845681, 444.8336516175626, 444.8336516175626, 444.8336516175626, -5.428244595425667, -5.428244595425667, -5.428244595425667, -128.79547638448827, -232.45904455486811, -232.45904455486811, -295.83812449056245, -295.83812449056245, -338.9286860764205, -363.92742829530596, -363.92742829530596, -366.64469850022317, -374.94684422417765, -374.94684422417765, -381.2243160805963, -400.0805261387335], 
[526.8881107977088, 526.8431747036097, -23.85770199090689, -23.85770199090689, -23.85770199090689, -23.85770199090689, -23.85770199090689, -28.256574992900028, -28.256574992900028, -180.8198205105104, -216.93614921611368, -216.93614921611368, -250.3121211040575, -309.5457822878709, -394.16911844452045, -394.16911844452045, -394.16911844452045, -408.55918832500095, -408.55918832500095, -408.55918832500095], 
[320.32397847000993, 320.32076167537616, 70.43412369030818, 44.92866838233181, -159.62740995196066, -159.62740995196066, -161.35716393951697, -252.91336378512753, -252.91336378512753, -263.6308071784256, -263.6308071784256, -298.74973185959175, -317.6521759570133, -376.3458089399287, -376.3458089399287, -376.3458089399287, -380.29082315046526, -380.29082315046526, -380.29082315046526, -380.4279259083849], 
[371.2240637265194, 260.1273684000462, 260.1273684000462, 13.66315425088078, 13.66315425088078, 13.66315425088078, 13.66315425088078, 13.511070493965804, -297.8540991604161, -297.8540991604161, -297.8540991604161, -305.70116775791996, -305.70116775791996, -366.301024859178, -366.3018412757349, -383.15384695290675, -383.15384695290675, -391.6648817553205, -391.6648817553205, -391.6648817553205], 
[744.1709386249977, 299.0545720910426, 190.39415958611835, 190.39415958611835, 4.116495569405231, 4.116495569405231, 4.116495569405231, -115.37789360013346, -213.06002422135657, -213.06002422135657, -213.06002422135657, -312.5452095233853, -423.93357020635466, -442.82399052832085, -442.82399052832085, -442.82399052832085, -442.82399052832085, -442.82399052832085, -442.82399052832085, -442.82399052832085], 
[641.4716230533356, 393.39381721306256, 220.27934948913082, 186.19339852980818, 16.05264315074396, -99.1097384392533, -233.84890080445354, -233.84890080445354, -251.01540308969467, -310.4095898226055, -310.4494228629793, -310.4494228629793, -311.52953197253754, -319.85927007951204, -330.6823437340084, -386.2435189376623, -386.2435189376623, -386.2435189376623, -407.0957267385693, -407.0957267385693], 
[230.55427265611524, 230.55427265611524, 90.31980908612991, 90.31980908612991, 88.71574248080333, -13.10877615368463, -82.67936204220155, -82.67936204220155, -228.29197280640312, -318.06874865643164, -318.06874865643164, -318.06874865643164, -358.5836068064415, -358.5836068064415, -358.5836068064415, -369.1194042066872, -369.1194042066872, -398.56981966819416, -445.10576401529335, -468.3692652106879], 
[368.68968367254377, 368.68968367254377, 340.35258221369236, 265.6230156047553, 11.370566229448741, 11.370566229448741, 11.370566229448741, -189.7526293212477, -189.7526293212477, -334.98277716964947, -334.98277716964947, -334.98277716964947, -334.98277716964947, -334.9854238888339, -361.1075100738186, -392.9234199932222, -392.9234199932222, -392.9234199932222, -392.9234199932222, -401.7980115929016], 
[732.1329555321913, 411.8877093033602, -85.32823313176607, -85.32823313176607, -85.32823313176607, -175.38093836608238, -175.38093836608238, -175.38093836608238, -175.38093836608238, -319.71367507328205, -319.71367507328205, -319.71452592441176, -322.23860788099546, -416.9718694632023, -416.9718694632023, -416.9718694632023, -416.97213948767455, -432.9733142882629, -434.1333126068871, -451.21004796648265], 
[547.7975157007636, 119.93522180114235, 119.93522180114235, -3.606487453871125, -3.606487453871125, -3.606487453871125, -42.34781153933716, -154.8420329366324, -154.8420329366324, -279.3589709238769, -327.63889772305527, -327.63889772305527, -327.63889772305527, -327.63889772305527, -327.63889772305527, -327.65177989550205, -327.65177989550205, -331.557740359711, -442.64153814236454, -442.64153814236454], 
[705.4813502088516, -7.136529989560472, -7.136529989560472, -7.313013790043954, -276.6103679834399, -276.6103679834399, -276.6103679834399, -348.65506329430184, -348.65506329430184, -348.65506329430184, -348.65506329430184, -362.45704983605856, -367.09688622889615, -367.09688622889615, -427.0687966901561, -427.0687966901561, -427.0687966901561, -427.0687966901561, -427.0687966901561, -427.07805831998303], 
[693.3250920918663, 243.14858662497716, 30.790435446834294, -31.841219087365914, -58.290564165280614, -89.29437140131273, -89.29437140131273, -331.08093155849616, -331.08093155849616, -438.45051504140406, -438.451824958739, -438.451824958739, -474.47308380823875, -474.47308380823875, -474.47335238589346, -474.47335238589346, -474.47335238589346, -474.47335238589346, -487.2636331786968, -487.2636331786968], 
[462.78075727299176, 462.78075727299176, 268.1205265942648, 220.46927655725142, 220.46927655725142, 136.7571135738342, -152.50394890728177, -152.50394890728177, -152.50394890728177, -261.4837725608593, -405.3489715752142, -405.3489715752142, -405.3489715752142, -405.350179853331, -411.6158838049262, -411.6158838049262, -411.6158838049262, -411.6158838049262, -428.9815006713435, -445.66378916137626], 
[158.78731411772617, 89.43643858494681, 89.43643858494681, 89.43643858494681, -181.76105273070283, -181.76105273070283, -181.76105273070283, -206.65117833489842, -206.65117833489842, -206.65117833489842, -251.42987943907278, -272.55352376972553, -272.55352376972553, -413.5808438612254, -413.5808438612254, -413.7007291918808, -419.9491027990104, -422.6280037061764, -429.1139100841393, -429.1139100841393], 
[1248.882893514704, 394.881892920582, 394.881892920582, 83.90089265058202, 83.90089265058202, 83.90089265058202, -66.68168156429931, -138.0048203636291, -299.5669292005475, -299.5669292005475, -330.62403590626576, -330.62403590626576, -330.62403590626576, -330.62403590626576, -330.62403590626576, -426.5306338029277, -426.5306338029277, -426.5361155681002, -426.5361155681002, -455.93388305888686], 
[27.95381390184218, 27.95381390184218, 27.95381390184218, 27.95381390184218, -288.9804043976593, -288.9804043976593, -288.9804043976593, -288.9804043976593, -288.9804043976593, -288.9804043976593, -288.9804043976593, -325.54361883941067, -358.9996874630936, -358.9996874630936, -399.71771806337665, -425.89780047650333, -430.22611563705647, -431.24259464463, -433.31586938545024, -433.31586938545024], 
[762.8610564802298, 121.61386652011788, 121.61386652011788, 121.61386652011788, 69.5204752632377, -105.29675699567679, -105.29675699567679, -124.66480494573113, -225.3034157696813, -225.3034157696813, -225.3034157696813, -237.18606667506708, -299.61604336191283, -301.80750747865676, -301.80750747865676, -346.9475412540274, -419.24211904922646, -419.2426354201371, -419.2426354201371, -422.11113346574706], 
[781.0779536167622, 781.0779536167622, 370.6195611288009, 370.6195611288009, 269.84217423787743, -80.35069993945478, -80.35069993945478, -80.35069993945478, -80.35069993945478, -80.35069993945478, -297.6795861358337, -297.6795861358337, -297.6795861358337, -297.6795861358337, -297.6795861358337, -343.37764380993013, -343.37764380993013, -389.0190093741515, -389.87108919854177, -414.1107500785836], 
[776.9547950718188, 776.9514722635322, 168.71927907716326, 65.01896125199517, -9.473791797746287, -21.01119203212727, -186.9373465835497, -236.4323799478845, -332.03120762466665, -340.24711173017727, -377.2251836532076, -377.2251836532076, -377.2251836532076, -377.2251836532076, -405.1554281122727, -405.1554281122727, -405.1554281122727, -441.81366162355926, -441.81366162355926, -445.58249298743243], 
[1055.196505544922, 127.32331678783828, -65.58764972528184, -89.25919517001324, -89.2596985051224, -219.32841568637156, -355.5487722770896, -355.5487722770896, -355.5487722770896, -393.6260027693312, -395.85931535731794, -404.2015665827179, -404.2015665827179, -404.2015665827179, -442.420330179845, -442.420330179845, -442.420330179845, -442.4232295019225, -450.8410991135313, -451.0878754580447], 
[388.51903346469476, 388.48417727056017, 306.5825774862582, -47.594558331369115, -47.594558331369115, -47.597881894842885, -47.597881894842885, -205.93779851514444, -231.63821717257912, -281.58615172991506, -281.58615172991506, -363.17046672171955, -368.2990085955089, -417.1927806671819, -417.1927806671819, -429.25979209842694, -429.2615791273571, -430.8896625030467, -430.8896625030467, -430.8896625030467], 
[868.086806196442, 438.08952482620373, 176.60234185552588, 87.24767802609551, 87.24767802609551, -28.96140178053804, -28.96140178053804, -143.35830281658912, -143.35830281658912, -159.307429859264, -291.75557911491603, -327.449224479239, -327.449224479239, -328.4593836980721, -328.4593836980721, -357.25636854985794, -357.25636854985794, -357.25636854985794, -374.9047898483766, -386.3569368309318], 
[1041.7862629450362, 564.1026204605475, 442.7007189148095, 417.2849518275534, 319.9120303281329, -99.56703009666859, -99.56703009666859, -194.8653362869503, -367.269717001319, -367.269717001319, -367.269717001319, -375.07145743938304, -428.20633775296164, -428.20633775296164, -428.20633775296164, -428.20633775296164, -428.20633775296164, -428.20633775296164, -442.8551850302574, -451.0560642675424], 
[169.84441693176143, 169.84441693176143, 169.8435621436389, 138.65592430741185, -235.66371288991007, -235.66371288991007, -235.66595516475667, -235.66595516475667, -287.80308761997924, -287.80308761997924, -287.80308761997924, -287.80308761997924, -299.40842273569, -307.56365031042253, -395.96792443698104, -395.96792443698104, -395.96792443698104, -421.2276469530468, -444.97030546713296, -444.97030546713296], 
