[20.6447742648432, 20.6447742648432, 20.6447742648432, 20.6447742648432, 20.6447742648432, 20.507900056353314, 20.507900056353314, 20.507900056353314, 20.507900056353314, 20.507900056353314, 20.507900056353314, 20.507900056353314, 20.507900056353314, 20.507900056353314, 20.507900056353314, 20.507900056353314, 20.507900056353314, 20.507900056353314, 20.507900056353314, 20.507900056353314], 
[20.746006057323207, 20.746006057323207, 20.746006057323207, 20.746006057323207, 20.746006057323207, 20.746006057323207, 20.746006057323207, 20.746006057323207, 20.746006057323207, 20.746006057323207, 20.746006057323207, 20.581193204421353, 20.581193204421353, 20.581193204421353, 20.581193204421353, 20.581193204421353, 20.581193204421353, 20.581193204421353, 20.581193204421353, 20.581193204421353], 
[20.763729085256404, 20.763729085256404, 20.575238688790893, 20.575238688790893, 20.575238688790893, 20.575238688790893, 20.575238688790893, 20.575238688790893, 20.46329870654787, 20.46329870654787, 20.46329870654787, 20.46329870654787, 20.46329870654787, 20.46329870654787, 20.46329870654787, 20.46329870654787, 20.46329870654787, 20.46329870654787, 20.46329870654787, 20.46329870654787], 
[20.86545864124819, 20.667568092772598, 20.469590174837624, 20.469590174837624, 20.469590174837624, 20.469590174837624, 20.469590174837624, 20.469590174837624, 20.469590174837624, 20.469590174837624, 20.469590174837624, 20.469590174837624, 20.469590174837624, 20.469590174837624, 20.469590174837624, 20.469590174837624, 20.469590174837624, 20.469590174837624, 20.469590174837624, 20.469590174837624], 
[20.689197873735722, 20.689197873735722, 20.689197873735722, 20.689197873735722, 20.689197873735722, 20.689197873735722, 20.537346387374033, 20.537346387374033, 20.537346387374033, 20.537346387374033, 20.537346387374033, 20.537346387374033, 20.537346387374033, 20.537346387374033, 20.537346387374033, 20.537346387374033, 20.537346387374033, 20.537346387374033, 20.537346387374033, 20.537346387374033], 
[20.77602682365423, 20.77602682365423, 20.74058881854251, 20.74058881854251, 20.74058881854251, 20.74058881854251, 20.74058881854251, 20.74058881854251, 20.74058881854251, 20.74058881854251, 20.74058881854251, 20.418977098978097, 20.418977098978097, 20.418977098978097, 20.418977098978097, 20.418977098978097, 20.418977098978097, 20.418977098978097, 20.418977098978097, 20.418977098978097], 
[21.00881946421148, 20.54943964197969, 20.54943964197969, 20.54943964197969, 20.54943964197969, 20.54943964197969, 20.54943964197969, 20.54943964197969, 20.54943964197969, 20.54943964197969, 20.548084487561106, 20.548084487561106, 20.548084487561106, 20.512280278698714, 20.512280278698714, 20.512280278698714, 20.512280278698714, 20.512280278698714, 20.512280278698714, 20.512280278698714], 
[20.821819966227967, 20.821819966227967, 20.784367645851457, 20.479539519701977, 20.479539519701977, 20.479539519701977, 20.479539519701977, 20.479539519701977, 20.479539519701977, 20.479539519701977, 20.44814247837039, 20.44814247837039, 20.44814247837039, 20.44814247837039, 20.44814247837039, 20.44814247837039, 20.44814247837039, 20.44814247837039, 20.44814247837039, 20.44814247837039], 
[20.80343399477112, 20.511359436843545, 20.511359436843545, 20.511359436843545, 20.511359436843545, 20.511359436843545, 20.511359436843545, 20.511359436843545, 20.511359436843545, 20.511359436843545, 20.511359436843545, 20.511359436843545, 20.511359436843545, 20.511359436843545, 20.511359436843545, 20.511359436843545, 20.511359436843545, 20.511359436843545, 20.511359436843545, 20.511359436843545], 
[20.92198487092274, 20.603004752891437, 20.603004752891437, 20.603004752891437, 20.603004752891437, 20.603004752891437, 20.603004752891437, 20.603004752891437, 20.603004752891437, 20.603004752891437, 20.603004752891437, 20.603004752891437, 20.599526345512214, 20.599526345512214, 20.599526345512214, 20.599526345512214, 20.599526345512214, 20.599526345512214, 20.599526345512214, 20.599526345512214], 
[20.790961206667255, 20.790961206667255, 20.790961206667255, 20.786018804462774, 20.63138399594779, 20.63138399594779, 20.63138399594779, 20.63138399594779, 20.63138399594779, 20.63138399594779, 20.63138399594779, 20.63138399594779, 20.63138399594779, 20.63138399594779, 20.63138399594779, 20.63138399594779, 20.63138399594779, 20.63138399594779, 20.63138399594779, 20.63138399594779], 
[20.625363965021243, 20.625363965021243, 20.625363965021243, 20.625363965021243, 20.43950792953651, 20.43950792953651, 20.43950792953651, 20.43950792953651, 20.43950792953651, 20.43950792953651, 20.43950792953651, 20.43950792953651, 20.43950792953651, 20.43950792953651, 20.43950792953651, 20.43950792953651, 20.43950792953651, 20.43950792953651, 20.43950792953651, 20.43950792953651], 
[20.591610371231, 20.591610371231, 20.591610371231, 20.591610371231, 20.591610371231, 20.591610371231, 20.591610371231, 20.591610371231, 20.591610371231, 20.591610371231, 20.591610371231, 20.591610371231, 20.591610371231, 20.591610371231, 20.591610371231, 20.591610371231, 20.591610371231, 20.591610371231, 20.49553771597714, 20.49553771597714], 
[20.805295776191524, 20.75440091362933, 20.75440091362933, 20.75440091362933, 20.75440091362933, 20.75440091362933, 20.75440091362933, 20.75440091362933, 20.75440091362933, 20.75440091362933, 20.75440091362933, 20.75440091362933, 20.75440091362933, 20.75440091362933, 20.75440091362933, 20.75440091362933, 20.75440091362933, 20.75440091362933, 20.75440091362933, 20.75440091362933], 
[20.593341026886012, 20.593341026886012, 20.593341026886012, 20.593341026886012, 20.593341026886012, 20.593341026886012, 20.593341026886012, 20.593341026886012, 20.593341026886012, 20.593341026886012, 20.593341026886012, 20.593341026886012, 20.593341026886012, 20.593341026886012, 20.593341026886012, 20.593341026886012, 20.593341026886012, 20.593341026886012, 20.593341026886012, 20.593341026886012], 
[20.68518600930944, 20.495248295156284, 20.495248295156284, 20.495248295156284, 20.495248295156284, 20.495248295156284, 20.495248295156284, 20.495248295156284, 20.495248295156284, 20.495248295156284, 20.495248295156284, 20.495248295156284, 20.495248295156284, 20.495248295156284, 20.495248295156284, 20.495248295156284, 20.495248295156284, 20.495248295156284, 20.495248295156284, 20.495248295156284], 
[20.976592058728716, 20.976592058728716, 20.568816566741308, 20.568816566741308, 20.568816566741308, 20.568816566741308, 20.568816566741308, 20.568816566741308, 20.568816566741308, 20.568816566741308, 20.568816566741308, 20.568816566741308, 20.568816566741308, 20.568816566741308, 20.568816566741308, 20.568816566741308, 20.568816566741308, 20.568816566741308, 20.568816566741308, 20.568816566741308], 
[20.791554642538106, 20.791554642538106, 20.724702471132147, 20.52116712680917, 20.52116712680917, 20.52116712680917, 20.52116712680917, 20.52116712680917, 20.52116712680917, 20.52116712680917, 20.52116712680917, 20.52116712680917, 20.52116712680917, 20.52116712680917, 20.52116712680917, 20.52116712680917, 20.52116712680917, 20.52116712680917, 20.52116712680917, 20.52116712680917], 
[20.745886782307025, 20.74440503922436, 20.74440503922436, 20.74440503922436, 20.74440503922436, 20.74440503922436, 20.59993143872106, 20.59993143872106, 20.59993143872106, 20.59993143872106, 20.59993143872106, 20.59993143872106, 20.59993143872106, 20.59993143872106, 20.59993143872106, 20.59993143872106, 20.542903921011938, 20.542903921011938, 20.40554197564418, 20.40554197564418], 
[20.94074442436353, 20.739713060338936, 20.739713060338936, 20.739713060338936, 20.739713060338936, 20.739713060338936, 20.739713060338936, 20.731725393399252, 20.731725393399252, 20.731725393399252, 20.731725393399252, 20.731725393399252, 20.731725393399252, 20.731725393399252, 20.603364642376633, 20.603364642376633, 20.603364642376633, 20.550524951029416, 20.550524951029416, 20.550524951029416], 
[20.581379691491538, 20.581379691491538, 20.581379691491538, 20.581379691491538, 20.581379691491538, 20.581379691491538, 20.581379691491538, 20.581379691491538, 20.581379691491538, 20.581379691491538, 20.581379691491538, 20.581379691491538, 20.581379691491538, 20.581379691491538, 20.581379691491538, 20.581379691491538, 20.581379691491538, 20.581379691491538, 20.581379691491538, 20.581379691491538], 
[20.813447612562637, 20.813447612562637, 20.813447612562637, 20.813447612562637, 20.7590159263329, 20.634093277370532, 20.61948396578099, 20.61948396578099, 20.61948396578099, 20.61948396578099, 20.61948396578099, 20.61948396578099, 20.61948396578099, 20.61948396578099, 20.61948396578099, 20.61948396578099, 20.61948396578099, 20.525129138969113, 20.525129138969113, 20.525129138969113], 
[20.82403050986716, 20.82403050986716, 20.82403050986716, 20.812516025545822, 20.812516025545822, 20.617774373136754, 20.617774373136754, 20.617774373136754, 20.617774373136754, 20.617774373136754, 20.617774373136754, 20.617774373136754, 20.617774373136754, 20.617774373136754, 20.617774373136754, 20.617774373136754, 20.617774373136754, 20.617774373136754, 20.617774373136754, 20.617774373136754], 
[20.80024024738363, 20.80024024738363, 20.728926936412094, 20.60052982826288, 20.60052982826288, 20.60052982826288, 20.60052982826288, 20.60052982826288, 20.60052982826288, 20.60052982826288, 20.60052982826288, 20.60052982826288, 20.60052982826288, 20.60052982826288, 20.60052982826288, 20.60052982826288, 20.60052982826288, 20.60052982826288, 20.60052982826288, 20.60052982826288], 
