[509854.9075469685, 117733.36286259789, 117733.36286259789, 107327.54357696182, 1451.6692899085879, 1451.6692899085879, 1451.6692899085879, 668.868844244836, -807.9144820084405, -1003.5439657910811, -1272.3986536492866, -1272.3986536492866, -1272.3986536492866, -1272.3986536492866, -1272.3986536492866, -1272.3986536492866, -1279.471462327669, -1279.471462327669, -1279.471462327669, -1290.6898220285748], 
[457378.70878448425, 267290.59888401366, 139701.3854544725, 73176.02496922827, 9367.832559434019, 7615.014696573884, 5584.723549331367, 2485.2529564667516, 2485.2529564667516, 1161.8512529657064, 153.033311354445, 153.033311354445, -726.5935487030313, -1166.6999675735628, -1166.6999675735628, -1211.0726442066518, -1280.9857881167081, -1293.0031206799833, -1293.0031206799833, -1295.2400580134604], 
[4509653.004044675, 77928.11425750503, 77928.11425750503, 11734.581740173026, 9647.683647484197, 2451.9699334594334, 2451.9699334594334, 2451.9699334594334, -1105.961965549656, -1105.961965549656, -1232.4238996917127, -1232.4238996917127, -1232.4238996917127, -1254.8958079200431, -1254.8958079200431, -1275.3452216697438, -1275.3452216697438, -1291.325068097403, -1293.5837994353856, -1299.985230103407], 
[202937.76068703263, 4095.6118374010866, -804.0325376688145, -804.0325376688145, -804.0325376688145, -968.4370175039943, -968.4370175039943, -968.4370175039943, -968.4370175039943, -968.4370175039943, -968.4370175039943, -1268.1576129898008, -1268.1576129898008, -1268.1576129898008, -1268.1576129898008, -1268.1576129898008, -1268.1576129898008, -1288.3631965848015, -1288.3631965848015, -1298.8007183882237], 
[4700948.438396092, 52258.40378350673, 52258.40378350673, 34146.206675774374, 1564.8571161793234, 1564.8571161793234, -859.4633378873177, -859.4633378873177, -859.4633378873177, -859.4633378873177, -867.0249567033944, -1147.7720288164328, -1191.9044849227228, -1217.9248091065601, -1258.0609903114882, -1258.0609903114882, -1258.0609903114882, -1297.9804848504505, -1297.9804848504505, -1298.07097449193], 
[1057694.7112314336, 420624.1550166103, 67285.39310522522, 22470.649460541485, 4773.79524352658, 3650.394520095939, 3650.394520095939, -7.764146567401667, -731.7759331663923, -885.3907613750906, -1275.2480220020584, -1275.2480220020584, -1275.2480220020584, -1275.2480220020584, -1275.2480220020584, -1292.2382144931871, -1292.2382144931871, -1297.2277053222058, -1297.2277053222058, -1297.8567756978164], 
[223444.99804417428, 183062.55238224793, 110260.09693796549, 5370.250410640324, 265.59725995568806, -1200.3434873536064, -1200.3434873536064, -1200.3434873536064, -1259.398183024723, -1259.398183024723, -1279.360573248625, -1279.360573248625, -1299.3036736031788, -1299.3036736031788, -1299.3036736031788, -1299.3036736031788, -1299.3036736031788, -1299.3036736031788, -1299.3036736031788, -1299.3036736031788], 
[481956.4295742544, 84249.29978869268, 37792.46589871079, 37792.46589871079, 24780.73458150822, 10099.676622449166, 2585.6069345211513, -869.5202621346853, -869.5202621346853, -869.5202621346853, -869.5202621346853, -1292.5341183404007, -1292.5341183404007, -1292.5341183404007, -1292.5341183404007, -1292.5341183404007, -1292.5341183404007, -1294.8209039936328, -1294.8209039936328, -1294.8209039936328], 
[113730.2048116499, 13814.215552976311, 3236.1802162048443, 3236.1802162048443, 3236.1802162048443, 127.71544246623785, 127.71544246623785, 127.71544246623785, -1242.7831202931318, -1242.7831202931318, -1242.7831202931318, -1265.0388997067676, -1265.0388997067676, -1265.0388997067676, -1265.0388997067676, -1265.0388997067676, -1293.3562108733404, -1293.3562108733404, -1293.3562108733404, -1293.3562108733404], 
[3204597.7326997425, 827971.8554398785, 243823.983152698, 243823.983152698, 1271.4763442674976, -838.5840777833967, -838.5840777833967, -838.5840777833967, -1187.4568089641446, -1187.4568089641446, -1239.1938442503533, -1239.1938442503533, -1269.4987770034218, -1269.4987770034218, -1269.4987770034218, -1284.5355713558736, -1284.5355713558736, -1289.5092210264615, -1289.5092210264615, -1289.5092210264615], 
[99975.9956115511, 99975.9956115511, -399.7417045782379, -399.7417045782379, -399.7417045782379, -399.7417045782379, -736.974224936901, -736.974224936901, -915.5714635392269, -915.5714635392269, -1280.7858173869436, -1280.7858173869436, -1280.7858173869436, -1283.5774752931611, -1299.9975962376332, -1299.9975962376332, -1299.9975962376332, -1299.9975962376332, -1299.9975962376332, -1299.9975962376332], 
[308461.4218300266, 207.0663967095004, 207.0663967095004, 207.0663967095004, 128.73153472070112, -1261.592491919576, -1261.592491919576, -1261.592491919576, -1261.592491919576, -1261.592491919576, -1261.592491919576, -1278.8756526329144, -1284.4163187936724, -1284.4163187936724, -1284.4163187936724, -1284.4163187936724, -1284.4163187936724, -1299.2222058431412, -1299.2222058431412, -1299.3763477783145], 
[826099.4997834719, 615512.3332704991, 261186.61448943982, 15880.75192164597, 4540.950601177362, 3226.7280508509994, 3226.7280508509994, 3226.7280508509994, -1130.968864109585, -1130.968864109585, -1132.319370430451, -1264.966051661388, -1264.966051661388, -1264.966051661388, -1269.7011842143074, -1269.7011842143074, -1277.6706006659388, -1277.6706006659388, -1285.8990226767808, -1285.8990226767808], 
[28820.81759501324, 1051.3889807048245, 1051.3889807048245, 1051.3889807048245, 1051.3889807048245, -467.48440733556424, -467.48440733556424, -467.48440733556424, -996.8524374381805, -1276.5079261387555, -1276.5079261387555, -1276.5079261387555, -1276.5079261387555, -1276.5079261387555, -1287.1924149602514, -1296.6832581181677, -1296.6832581181677, -1296.6832581181677, -1298.7550562226618, -1298.7550562226618], 
[1635023.0989871458, 18363.877964253265, 13818.611535586137, 13818.611535586137, 13818.611535586137, 7533.751433622885, 7533.751433622885, 7533.751433622885, -72.84005042520312, -72.84005042520312, -72.84005042520312, -1269.396779219712, -1269.396779219712, -1269.396779219712, -1269.396779219712, -1269.396779219712, -1292.5697363001304, -1292.5697363001304, -1292.5697363001304, -1292.5697363001304], 
[187570.22602276647, 167944.76662157776, -722.522319432414, -722.522319432414, -722.522319432414, -722.522319432414, -722.522319432414, -722.522319432414, -722.522319432414, -1196.695481702349, -1196.695481702349, -1211.3753933148014, -1225.6555544105186, -1225.6555544105186, -1235.069457485696, -1235.069457485696, -1235.069457485696, -1273.0292567759363, -1273.0292567759363, -1294.9587118264642], 
[25224.808922138356, 25224.808922138356, 25224.808922138356, 25224.808922138356, -355.55166766076445, -355.55166766076445, -641.4677481156752, -641.4677481156752, -641.4677481156752, -1245.6058794484302, -1245.6058794484302, -1280.0213702532424, -1280.0213702532424, -1299.7463081890687, -1299.7463081890687, -1299.7463081890687, -1299.7463081890687, -1299.7463081890687, -1299.7463081890687, -1299.7463081890687], 
[4182658.012366127, 385.9678909668919, 385.9678909668919, 385.9678909668919, 385.9678909668919, 385.9678909668919, -458.11544213774846, -817.1968963885103, -817.1968963885103, -817.1968963885103, -926.2120587502117, -926.2120587502117, -926.2120587502117, -1291.934390676434, -1291.934390676434, -1291.934390676434, -1293.1016691971222, -1293.1016691971222, -1293.1016691971222, -1299.7870761634902], 
[1087522.1811458915, 62086.98252408195, 1897.8879821926193, 1897.8879821926193, 1897.8879821926193, -833.6834297092882, -1289.7912595529403, -1289.7912595529403, -1289.7912595529403, -1289.7912595529403, -1289.7912595529403, -1289.7912595529403, -1289.7912595529403, -1289.7912595529403, -1289.7912595529403, -1296.571751915152, -1296.571751915152, -1296.571751915152, -1296.571751915152, -1296.571751915152], 
[278846.49163361377, 43109.88884602054, 20623.596893959828, 20623.596893959828, 1300.1051531600247, 1111.7242838594993, 1111.7242838594993, -1093.4325263798069, -1245.6880731304605, -1245.6880731304605, -1245.6880731304605, -1245.6880731304605, -1245.6880731304605, -1245.6880731304605, -1245.6880731304605, -1291.4650387910426, -1291.4650387910426, -1291.4650387910426, -1291.4650387910426, -1299.244493018591], 
[2874717.5930458456, 78562.59969872917, 78562.59969872917, 6238.232577392945, 6238.232577392945, 6238.232577392945, 600.768426078849, -987.4093887592626, -987.4093887592626, -987.4093887592626, -987.4093887592626, -1102.599481909942, -1129.7424015504307, -1129.7424015504307, -1198.8967268279284, -1272.02627697373, -1272.02627697373, -1273.092255433626, -1274.3005520774457, -1287.3482551429488], 
[2170985.4761777846, 717.215094437559, 717.215094437559, 717.215094437559, 717.215094437559, 717.215094437559, -733.2830661734581, -1156.8044851672753, -1156.8044851672753, -1156.8044851672753, -1156.8044851672753, -1219.030407203204, -1281.7001693886289, -1281.7001693886289, -1296.7137601087557, -1296.7137601087557, -1296.7137601087557, -1296.7137601087557, -1296.7137601087557, -1296.7137601087557], 
[670121.2140570877, 4538.739980888039, 4538.739980888039, -425.0075942590423, -521.8130290863692, -521.8130290863692, -521.8130290863692, -972.3910418457147, -972.3910418457147, -972.3910418457147, -972.3910418457147, -972.3910418457147, -972.3910418457147, -1226.5428451969394, -1226.5428451969394, -1282.3488128546169, -1284.2808836886563, -1296.6829349060201, -1299.4157754501746, -1299.4157754501746], 
[3994804.854436569, 49003.194932849874, 49003.194932849874, 10503.889854243864, 3116.989302056568, 3116.989302056568, 3116.989302056568, 3066.266355808225, 615.3714193249048, 615.3714193249048, 180.79617159871577, -474.07440961477994, -474.07440961477994, -474.07440961477994, -958.7855069933162, -1186.0215763318226, -1186.0215763318226, -1252.9455720539972, -1259.5373180198005, -1271.9902037211125], 
[984060.3011905844, 523344.1745250124, -388.8797238999839, -388.8797238999839, -388.8797238999839, -1242.0956482036784, -1242.0956482036784, -1242.0956482036784, -1242.0956482036784, -1242.0956482036784, -1242.0956482036784, -1242.0956482036784, -1242.0956482036784, -1242.0956482036784, -1242.0956482036784, -1269.3756826247934, -1271.3454509646867, -1271.3454509646867, -1271.3454509646867, -1282.3326673247793], 
[526650.2947206678, 270066.2064063419, 270066.2064063419, -1236.6574282556098, -1236.6574282556098, -1236.6574282556098, -1236.6574282556098, -1236.6574282556098, -1236.6574282556098, -1236.6574282556098, -1236.6574282556098, -1236.6574282556098, -1273.962075927243, -1273.962075927243, -1273.962075927243, -1273.962075927243, -1273.962075927243, -1273.962075927243, -1273.962075927243, -1280.6095324013852], 
[917758.1689463201, 284972.4460972548, 1504.8778883408681, 1504.8778883408681, -884.8269040899868, -884.8269040899868, -884.8269040899868, -951.3942568047922, -951.3942568047922, -1176.5484334065175, -1216.3823293113255, -1216.3823293113255, -1216.3823293113255, -1290.1741040376896, -1291.8468790340385, -1291.8468790340385, -1291.8468790340385, -1291.8468790340385, -1291.8468790340385, -1296.4343719401909], 
[694602.261703909, 20814.89881496432, 9386.842692395627, 9386.842692395627, -890.6472913982077, -890.6472913982077, -890.6472913982077, -890.6472913982077, -890.6472913982077, -890.6472913982077, -890.6472913982077, -1261.4584235649518, -1261.4584235649518, -1261.4584235649518, -1261.4584235649518, -1261.4584235649518, -1261.4584235649518, -1261.4584235649518, -1292.8666249491073, -1292.8666249491073], 
[35545.29500366087, 35545.29500366087, 35545.29500366087, 465.79454452136883, 465.79454452136883, 175.50790644338463, -904.224861175755, -1237.8695201603903, -1237.8695201603903, -1237.8695201603903, -1237.8695201603903, -1237.8695201603903, -1237.8695201603903, -1279.4482716705156, -1281.8754327786892, -1281.8754327786892, -1299.614119060829, -1299.614119060829, -1299.614119060829, -1299.614119060829], 
[3401474.5581207555, 652280.9704207337, 510711.6763193339, 1369.3093842879634, 1369.3093842879634, 1369.3093842879634, 1369.3093842879634, -29.05188042449413, -29.05188042449413, -29.05188042449413, -29.05188042449413, -1223.4208792559216, -1223.4208792559216, -1235.4206828755596, -1235.4206828755596, -1235.4206828755596, -1294.2943892872245, -1294.2943892872245, -1294.2943892872245, -1294.2943892872245], 
