[3.4246637131265727, 3.4246637131265727, 3.4246637131265727, 2.1740471297987014, 0.7196827138172246, 0.7196827138172246, 0.7196827138172246, 0.7196827138172246, 0.43774928298497073, 0.12602449072435462, 0.12602449072435462, 0.12602449072435462, 0.12602449072435462, 0.12540257221664497, 0.02708031957678081, 0.02708031957678081, 0.016527435955437042, 0.009509147294529896, 0.0028528407302061964, 0.0028528407302061964], 
[9.740720986244995, 6.765907436680253, 4.741487514913366, 3.4246637131265727, 2.807628279357113, 2.807628279357113, 2.807628279357113, 1.6422485857876392, 1.6422485857876392, 0.6096309887918068, 0.6096309887918068, 0.6096309887918068, 0.27333732699727875, 0.1497711120116918, 0.06134248361988526, 0.06134248361988526, 0.06134248361988526, 0.06134248361988526, 0.02850700715694643, 0.012345910677375116], 
[3.4246637131265727, 3.4246637131265727, 3.4246637131265727, 0.5969177556351895, 0.5969177556351895, 0.5969177556351895, 0.5969177556351895, 0.5969177556351895, 0.5969177556351895, 0.48886927542644365, 0.48886927542644365, 0.29559021460390156, 0.004719743582883851, 0.004719743582883851, 0.004719743582883851, 0.004719743582883851, 0.004719743582883851, 0.004719743582883851, 0.004719743582883851, 0.0006832708158555079], 
[3.548410321527384, 3.548410321527384, 2.8368625571641477, 2.8368625571641477, 2.2870867058113795, 2.2870867058113795, 2.2870867058113795, 0.24041855463369366, 0.24041855463369366, 0.24041855463369366, 0.24041855463369366, 0.15216056506438846, 0.017144671652266297, 0.017144671652266297, 0.017144671652266297, 0.017144671652266297, 0.017144671652266297, 0.017144671652266297, 0.017144671652266297, 0.017144671652266297], 
[5.63728626030889, 3.388569567044504, 3.388569567044504, 3.388569567044504, 3.388569567044504, 3.388569567044504, 0.5043961222471047, 0.5043961222471047, 0.5043961222471047, 0.5043961222471047, 0.5043961222471047, 0.11898188876748428, 0.004620867790883665, 0.004620867790883665, 0.004620867790883665, 0.004620867790883665, 0.004620867790883665, 0.004620867790883665, 0.004620867790883665, 0.004620867790883665], 
[10.489733167148392, 3.548410321527384, 0.7929562329345359, 0.7929562329345359, 0.7929562329345359, 0.7929562329345359, 0.26133346936378565, 0.14971617968681805, 0.011014383111090709, 0.011014383111090709, 0.011014383111090709, 0.011014383111090709, 0.011014383111090709, 0.011014383111090709, 0.011014383111090709, 0.011014383111090709, 0.011014383111090709, 0.002846846564372285, 0.002846846564372285, 0.0009487897824573821], 
[12.554478408140302, 12.554478408140302, 6.8899487182128505, 2.0560238472356804, 2.0560238472356804, 2.0560238472356804, 0.036888289618421055, 0.036888289618421055, 0.036888289618421055, 0.036888289618421055, 0.036888289618421055, 0.036888289618421055, 0.003985977727710477, 0.003985977727710477, 0.003985977727710477, 0.001056333345291094, 0.001056333345291094, 0.001056333345291094, 0.001056333345291094, 0.001056333345291094], 
[3.548410321527384, 3.4246637131265727, 3.4246637131265727, 3.3534491244593934, 3.3534491244593934, 3.3534491244593934, 2.7465497320670824, 2.7465497320670824, 2.7465497320670824, 0.29008393485707096, 0.29008393485707096, 0.29008393485707096, 0.0518906817215079, 0.0518906817215079, 0.0518906817215079, 0.0518906817215079, 0.0518906817215079, 0.0518906817215079, 0.00822053255036792, 0.00822053255036792], 
[14.81710558351098, 6.044932785495517, 6.044932785495517, 0.6674680713915766, 0.6674680713915766, 0.01728965251478165, 0.01728965251478165, 0.01728965251478165, 0.01728965251478165, 0.01728965251478165, 0.0014594058074557381, 0.0014594058074557381, 0.0014594058074557381, 0.0014594058074557381, 0.0014594058074557381, 0.0014594058074557381, 0.0014594058074557381, 0.0011480316090217713, 0.0011480316090217713, 0.0011158549434160392], 
[6.8899487182128505, 5.8680467773487, 4.981732185563368, 4.981732185563368, 0.29725594106264985, 0.1329152729471179, 0.1329152729471179, 0.02623650805757549, 0.02623650805757549, 0.02623650805757549, 0.02623650805757549, 0.016588435415348712, 0.0017976090303886139, 0.0017976090303886139, 0.0017976090303886139, 0.0017976090303886139, 0.0005921339426961936, 0.0005921339426961936, 0.0005921339426961936, 0.00024287715261017695], 
[11.572445342188464, 9.632475590444802, 5.164192601211515, 3.4246637131265727, 3.4246637131265727, 3.0866135863281405, 1.8053037560544638, 1.8053037560544638, 0.2784891224476773, 0.2784891224476773, 0.1775626481341419, 0.1775626481341419, 0.01014594771347177, 0.01014594771347177, 0.01014594771347177, 0.01014594771347177, 0.01014594771347177, 0.01014594771347177, 0.01014594771347177, 0.01014594771347177], 
[3.4246637131265727, 3.4246637131265727, 3.4246637131265727, 3.4246637131265727, 3.4246637131265727, 3.4246637131265727, 1.059625439711489, 0.7824722863404645, 0.7824722863404645, 0.7824722863404645, 0.7227934277629036, 0.24201705766242299, 0.24201705766242299, 0.08503203601889453, 0.08503203601889453, 0.08503203601889453, 0.04738187679750361, 0.032364774795443196, 0.032364774795443196, 0.032364774795443196], 
[11.646690555898711, 3.548410321527384, 3.548410321527384, 2.2626864727975757, 2.2626864727975757, 0.6258824058422103, 0.6258824058422103, 0.07241241106853913, 0.07241241106853913, 0.07241241106853913, 0.07241241106853913, 0.026807701629092406, 0.026807701629092406, 0.026807701629092406, 0.001886554906716853, 0.001886554906716853, 0.001886554906716853, 0.001886554906716853, 0.001886554906716853, 0.001886554906716853], 
[12.700810256095254, 2.769057373759402, 2.769057373759402, 0.857220987416424, 0.08261409284150112, 0.02821403743580575, 0.02821403743580575, 0.02821403743580575, 0.02821403743580575, 0.02821403743580575, 0.02821403743580575, 0.02821403743580575, 0.02821403743580575, 0.02821403743580575, 0.02821403743580575, 0.02821403743580575, 0.016596319168623808, 0.016596319168623808, 0.016596319168623808, 0.014198808192988466], 
[15.037929048007774, 2.763129406495729, 2.763129406495729, 2.763129406495729, 2.2797702825030868, 2.2797702825030868, 1.4088152928831654, 1.4088152928831654, 1.4088152928831654, 0.20350950947653956, 0.20350950947653956, 0.18083535918007954, 0.02066573890260237, 0.02066573890260237, 0.02066573890260237, 0.018260166262495048, 0.018260166262495048, 0.018260166262495048, 0.018260166262495048, 0.0007374153801507077], 
[2.398648609371988, 2.398648609371988, 2.398648609371988, 0.6872543803302271, 0.6872543803302271, 0.39375010198072324, 0.39375010198072324, 0.39375010198072324, 0.39375010198072324, 0.2633055345178761, 0.2633055345178761, 0.058496046522360956, 0.058496046522360956, 0.058496046522360956, 0.058496046522360956, 0.0009143960933855055, 0.0009143960933855055, 0.0009143960933855055, 0.0009143960933855055, 0.0009143960933855055], 
[4.408076058180826, 4.408076058180826, 4.408076058180826, 2.9138764017018737, 2.9138764017018737, 2.1403457881005234, 2.1403457881005234, 2.1403457881005234, 1.3478565565126157, 1.3478565565126157, 1.3470141025641595, 0.156280807090738, 0.04961608781105298, 0.04961608781105298, 0.04961608781105298, 0.04961608781105298, 0.04961608781105298, 0.047418772958062405, 0.029427731836443982, 0.029427731836443982], 
[18.241374986872447, 3.388937343750607, 3.388937343750607, 3.388937343750607, 0.18813556154651678, 0.18813556154651678, 0.0657926092523784, 0.0657926092523784, 0.0657926092523784, 0.0657926092523784, 0.0657926092523784, 0.0657926092523784, 0.05400938511511022, 0.05400938511511022, 0.05400938511511022, 0.007185344738358523, 0.007185344738358523, 0.0028455947375896073, 0.0028455947375896073, 0.0028455947375896073], 
[3.4246637131265727, 3.4246637131265727, 3.4246637131265727, 2.0563859702039142, 2.0563859702039142, 2.0563859702039142, 1.3857854653914092, 1.3013729277616513, 0.010872361941947517, 0.010872361941947517, 0.010872361941947517, 0.010872361941947517, 0.010872361941947517, 0.010872361941947517, 0.010872361941947517, 0.010872361941947517, 0.010872361941947517, 0.010872361941947517, 0.010872361941947517, 0.005943720253393181], 
[6.765907436680253, 3.4246637131265727, 2.3385755651551197, 2.3385755651551197, 2.3385755651551197, 2.3385755651551197, 1.3298349980858504, 1.3298349980858504, 1.3298349980858504, 1.3298349980858504, 0.9601740272295007, 0.028684751848919277, 0.028684751848919277, 0.028684751848919277, 0.028684751848919277, 0.028684751848919277, 0.028684751848919277, 0.028684751848919277, 0.009847956543445946, 0.009847956543445946], 
[17.10076459240163, 3.548410321527384, 1.5419239044551993, 1.5419239044551993, 1.5419239044551993, 1.5419239044551993, 1.5419239044551993, 1.5419239044551993, 1.285674261516407, 0.12112985384457886, 0.06789823023808061, 0.03076329298782099, 0.03076329298782099, 0.03076329298782099, 0.03076329298782099, 0.03076329298782099, 0.03076329298782099, 0.015830027341207753, 0.002298983093433904, 0.002298983093433904], 
[3.9194842628659474, 3.9194842628659474, 3.8135151927262756, 2.4258588012178564, 2.4258588012178564, 0.05273306770300046, 0.05273306770300046, 0.05273306770300046, 0.05273306770300046, 0.05273306770300046, 0.04029446099534084, 0.04029446099534084, 0.04029446099534084, 0.04029446099534084, 0.0006599297145939431, 0.0006599297145939431, 0.0006599297145939431, 0.0006599297145939431, 5.568811975642518e-05, 5.568811975642518e-05], 
[3.4246637131265727, 3.4246637131265727, 2.898819953170367, 2.1282671587419415, 2.1282671587419415, 2.1282671587419415, 2.1282671587419415, 0.7451457839854125, 0.7451457839854125, 0.7451457839854125, 0.7451457839854125, 0.09129526813184796, 0.02397606972577293, 0.02397606972577293, 0.02397606972577293, 0.023331740784904298, 0.023331740784904298, 0.023331740784904298, 0.015007023730294833, 0.015007023730294833], 
[3.1998136928897756, 1.0756053492446647, 1.0756053492446647, 1.0756053492446647, 1.0756053492446647, 0.4679247610812549, 0.4679247610812549, 0.4679247610812549, 0.4679247610812549, 0.4679247610812549, 0.4679247610812549, 0.4679247610812549, 0.0865343613181615, 0.01731911800549213, 0.01731911800549213, 0.011077742472085816, 0.011077742472085816, 0.011077742472085816, 0.009999116850314849, 0.009999116850314849], 
[15.35879652930624, 6.8899487182128505, 3.4246637131265727, 2.3685439719637866, 2.3685439719637866, 2.3685439719637866, 2.170330151028651, 0.7087431584268753, 0.3321902450509633, 0.3321902450509633, 0.3321902450509633, 0.08707836774913602, 0.08707836774913602, 0.08707836774913602, 0.08707836774913602, 0.06528581562379365, 0.06528581562379365, 0.06528581562379365, 0.02298443117361515, 0.007792379728044807], 
[9.644575103611004, 9.644575103611004, 2.3846912524036696, 2.131155001632915, 2.122395087277324, 1.3215169724109082, 1.3215169724109082, 0.45476596956830484, 0.23960201505236256, 0.23960201505236256, 0.13777488312886277, 0.13777488312886277, 0.13777488312886277, 0.09086687945798211, 0.009843695104725825, 0.009843695104725825, 0.009843695104725825, 0.009843695104725825, 0.009843695104725825, 0.009843695104725825], 
[13.160206742286176, 10.519262204880418, 3.6685828998795733, 3.6685828998795733, 3.4246637131265727, 1.3089334580923158, 0.2648322885710641, 0.2648322885710641, 0.2648322885710641, 0.2648322885710641, 0.2648322885710641, 0.1548150874571146, 0.1548150874571146, 0.1548150874571146, 0.1548150874571146, 0.010593674124875108, 0.0006469428621311835, 0.0006469428621311835, 0.0006469428621311835, 0.0006469428621311835], 
[6.765907436680253, 3.4246637131265727, 2.3766108475840024, 2.3766108475840024, 0.8452218482962728, 0.8452218482962728, 0.8452218482962728, 0.8452218482962728, 0.37334981315060567, 0.25026482218248347, 0.25026482218248347, 0.25026482218248347, 0.01985099753032138, 0.01985099753032138, 0.01985099753032138, 0.01985099753032138, 0.01985099753032138, 0.008497683819211233, 0.008497683819211233, 0.001860027802536024], 
[15.684539911966793, 2.063608135450929, 2.063608135450929, 2.063608135450929, 2.063608135450929, 1.8263360942763605, 1.1611575206969995, 0.1525417490402603, 0.1525417490402603, 0.1525417490402603, 0.09998343312164515, 0.09998343312164515, 0.05501950716415216, 0.05501950716415216, 0.05501950716415216, 0.040140333715635634, 0.010475920448472564, 0.010475920448472564, 0.010475920448472564, 0.010475920448472564], 
[6.8899487182128505, 6.8899487182128505, 4.2961541913101735, 2.1113608118842375, 2.1113608118842375, 2.0962631741829334, 2.0962631741829334, 2.0962631741829334, 0.3359608516933541, 0.3359608516933541, 0.03787271209092857, 0.03787271209092857, 0.03787271209092857, 0.03787271209092857, 0.03787271209092857, 0.01720161177010482, 0.009082041785449135, 0.009082041785449135, 0.009082041785449135, 0.009082041785449135], 
