[12306889.369902438, 3641972.8704043357, 169335.1981151383, 22250.658843758414, 1772.121561580836, -614.4328288539207, -614.4328288539207, -614.4328288539207, -614.4328288539207, -1251.5446333181596, -1251.5446333181596, -1294.3650187897683, -1294.3650187897683, -1294.3650187897683, -1294.3650187897683, -1294.3650187897683, -1294.3650187897683, -1294.3650187897683, -1296.5132928065111, -1296.5132928065111], 
[8511571.247116277, 2209674.444661902, 2026383.6135823035, 47034.353323869414, 29789.17794846492, -1283.0818007555433, -1283.0818007555433, -1283.0818007555433, -1283.0818007555433, -1283.0818007555433, -1283.0818007555433, -1283.0818007555433, -1283.0818007555433, -1283.0818007555433, -1283.0818007555433, -1290.1314824812669, -1290.1314824812669, -1295.431285854649, -1295.431285854649, -1299.0702210264196], 
[-381.79959877162116, -381.79959877162116, -381.79959877162116, -381.79959877162116, -381.79959877162116, -381.79959877162116, -381.79959877162116, -593.823678268348, -593.823678268348, -593.823678268348, -1002.3132338605287, -1193.0882144467944, -1193.0882144467944, -1193.0882144467944, -1290.9446903695211, -1290.9446903695211, -1290.9446903695211, -1290.9446903695211, -1290.9446903695211, -1290.9446903695211], 
[89128.18465035594, 64781.256086148496, 7373.553205808454, 7373.553205808454, 7373.553205808454, 5373.983517049954, 2238.109801852324, 2238.109801852324, 996.1958296818534, -408.5407256649987, -973.0661765146871, -973.0661765146871, -1066.551656501716, -1066.551656501716, -1269.2683800209927, -1269.2683800209927, -1283.2070041800532, -1283.2070041800532, -1283.2070041800532, -1283.2070041800532], 
[57868.30118353926, 57868.30118353926, 57868.30118353926, 9574.334484866456, 9574.334484866456, 2126.7095073245237, 2126.7095073245237, -470.56855748615544, -1136.6248901173553, -1136.6248901173553, -1136.6248901173553, -1136.6248901173553, -1136.6248901173553, -1217.5268317927796, -1299.4679488152542, -1299.4679488152542, -1299.4679488152542, -1299.4679488152542, -1299.4679488152542, -1299.4679488152542], 
[12691923.71115793, 29342.285499382488, 9765.281591799872, 9765.281591799872, 9765.281591799872, 9765.281591799872, -1244.0848095636854, -1244.0848095636854, -1244.0848095636854, -1244.0848095636854, -1244.0848095636854, -1244.0848095636854, -1244.0848095636854, -1244.0848095636854, -1283.017663823963, -1283.017663823963, -1283.017663823963, -1283.017663823963, -1296.4795109969677, -1296.4795109969677], 
[4026120.4678049935, 4026120.4678049935, 136262.29947874622, 14787.427195591787, -1039.5296623339864, -1039.5296623339864, -1039.5296623339864, -1039.5296623339864, -1039.5296623339864, -1039.5296623339864, -1254.743122806679, -1283.0553180109584, -1283.0553180109584, -1283.0553180109584, -1283.0553180109584, -1283.0553180109584, -1288.1125619055222, -1295.4950453298618, -1295.4950453298618, -1295.4950453298618], 
[14170.122697820625, -962.1090010738285, -962.1090010738285, -962.1090010738285, -962.1090010738285, -1291.8732804880608, -1291.8732804880608, -1291.8732804880608, -1291.8732804880608, -1291.8732804880608, -1291.8732804880608, -1291.8732804880608, -1298.000612232152, -1298.000612232152, -1298.000612232152, -1298.8396349584364, -1298.8396349584364, -1298.8396349584364, -1298.8396349584364, -1298.8396349584364], 
[161036.16070907295, 134884.80353060286, 134884.80353060286, 66256.07448517054, 1941.6702865439574, 1941.6702865439574, 915.8082147801078, 844.6735899319019, -948.8692915084448, -948.8692915084448, -1270.0208765600305, -1270.0208765600305, -1270.0208765600305, -1270.0208765600305, -1297.7005986205554, -1297.7005986205554, -1297.7005986205554, -1297.7005986205554, -1297.7005986205554, -1297.7005986205554], 
[162338.53234989467, 162338.53234989467, 162338.53234989467, 162338.53234989467, -587.7765444789277, -587.7765444789277, -587.7765444789277, -587.7765444789277, -983.4222833469162, -983.4222833469162, -983.4222833469162, -983.4222833469162, -983.4222833469162, -1135.941108731201, -1219.1856333683884, -1288.9111769998967, -1297.262287220556, -1297.262287220556, -1299.1033016511524, -1299.1033016511524], 
[16287.09782035941, 16287.09782035941, 16287.09782035941, -742.1594733468362, -742.1594733468362, -742.1594733468362, -742.1594733468362, -952.5891118250709, -1254.8339204218069, -1258.0830529842056, -1258.0830529842056, -1258.0830529842056, -1258.0830529842056, -1258.0830529842056, -1258.0830529842056, -1258.0830529842056, -1258.0830529842056, -1279.7222780912134, -1293.3629816721382, -1294.995731884895], 
[1415867.4058344786, 158285.94049178282, 40093.221927039514, 40093.221927039514, 2152.7993433035085, 1285.0465435827646, 1285.0465435827646, -964.7092573635833, -990.99072415573, -1187.1117613528581, -1233.764455379142, -1296.4325737576337, -1296.4325737576337, -1296.4325737576337, -1296.9357564887316, -1296.9357564887316, -1296.9357564887316, -1296.9357564887316, -1296.9357564887316, -1296.9357564887316], 
[107454.32110743529, 13867.488494329185, 13867.488494329185, 13867.488494329185, 13867.488494329185, 2494.8673048873998, 2494.8673048873998, 2494.8673048873998, -852.1179087801972, -1132.2661129419985, -1212.9304846465714, -1212.9304846465714, -1266.2545080277519, -1266.2545080277519, -1274.2985855355698, -1275.6199878465172, -1275.6199878465172, -1291.1764635113595, -1299.6177308320246, -1299.6177308320246], 
[-460.65251283860994, -460.65251283860994, -460.65251283860994, -460.65251283860994, -460.65251283860994, -460.65251283860994, -460.65251283860994, -460.65251283860994, -460.65251283860994, -1164.0399857212064, -1230.5547732399834, -1230.5547732399834, -1238.9474366631453, -1256.4421046163404, -1287.9431411569312, -1294.0269998029291, -1294.0269998029291, -1294.0269998029291, -1294.0269998029291, -1297.3026923025855], 
[195666.38637808058, 195666.38637808058, 168989.02901158022, 11307.765318204783, 11307.765318204783, 10168.156990677347, 5559.922861631114, 1570.024267236009, 1570.024267236009, 1570.024267236009, 1570.024267236009, -405.7526691971459, -903.9140373202588, -991.8005173437368, -991.8005173437368, -997.9597130806465, -1276.5732075543808, -1276.5732075543808, -1276.5732075543808, -1276.5732075543808], 
[231237.04813787728, 116163.58458657481, 116163.58458657481, 14107.752158241408, 6558.299804556189, 6279.1851018195985, 6279.1851018195985, -1136.1269568874043, -1136.1269568874043, -1291.7035681264585, -1291.7035681264585, -1291.7035681264585, -1291.7035681264585, -1291.7035681264585, -1291.7035681264585, -1291.7035681264585, -1292.9662182909667, -1292.9662182909667, -1299.2600442595988, -1299.2600442595988], 
[14327.851245384722, 14327.851245384722, 14327.851245384722, 14327.851245384722, 12367.606540582936, 12367.606540582936, 2764.28116325491, 1479.6725875472757, 1479.6725875472757, -301.29066507241544, -749.5160865933616, -767.0979808060532, -842.4918685988589, -1084.3912811365767, -1202.6895526618255, -1202.6895526618255, -1296.0934334271342, -1296.0934334271342, -1296.0934334271342, -1297.727000814211], 
[545666.8048039022, 121526.01260172713, 47531.693932903996, 13051.113493741046, 13051.113493741046, 506.4579905807195, -1235.8579328411195, -1235.8579328411195, -1235.8579328411195, -1235.8579328411195, -1235.8579328411195, -1235.8579328411195, -1235.8579328411195, -1291.1201787545895, -1291.1201787545895, -1291.1201787545895, -1291.1201787545895, -1291.1201787545895, -1291.1201787545895, -1297.962519233716], 
[5449.8364141263555, 5449.8364141263555, 5449.8364141263555, 5449.8364141263555, 3744.6429931851417, 3744.6429931851417, 3744.6429931851417, 1909.858629127093, -495.43452151979614, -495.43452151979614, -495.43452151979614, -1173.0391747651074, -1173.0391747651074, -1197.3621441135497, -1197.3621441135497, -1197.3621441135497, -1296.8839379433298, -1296.8839379433298, -1296.8839379433298, -1296.8839379433298], 
[350517.34108496824, 350517.34108496824, 15030.11892537429, 2747.100400930215, 1068.0460409993257, -1203.79888078082, -1203.79888078082, -1203.79888078082, -1203.79888078082, -1203.79888078082, -1203.79888078082, -1297.6914532982016, -1297.6914532982016, -1297.6914532982016, -1297.6914532982016, -1297.6914532982016, -1298.9426615003083, -1298.9426615003083, -1298.9426615003083, -1298.9426615003083], 
[4846680.85084601, 351730.38456126396, 1310.2636574643816, 1310.2636574643816, 1310.2636574643816, -965.2072270984316, -965.2072270984316, -965.2072270984316, -965.2072270984316, -1228.610789536395, -1228.610789536395, -1228.610789536395, -1228.610789536395, -1291.1721176888923, -1291.1721176888923, -1291.1721176888923, -1291.1721176888923, -1291.1721176888923, -1291.1721176888923, -1294.4932586230398], 
[71458.27332118724, 71458.27332118724, 71458.27332118724, 71458.27332118724, 1409.9351028979959, -394.08453908855086, -394.08453908855086, -692.6342600749188, -1031.4503479979082, -1031.4503479979082, -1218.6238900422516, -1218.6238900422516, -1292.5819902702017, -1292.5819902702017, -1292.5819902702017, -1292.5819902702017, -1292.5819902702017, -1296.9926258088465, -1296.9926258088465, -1296.9926258088465], 
[1986400.502976056, 756352.314252429, 68159.63732005448, 1295.7635486057134, 1295.7635486057134, -248.19372871739438, -1230.2664461551635, -1230.2664461551635, -1254.4243428033847, -1254.4243428033847, -1254.4243428033847, -1254.4243428033847, -1275.6331003927805, -1275.6331003927805, -1275.6331003927805, -1275.6331003927805, -1275.6331003927805, -1295.603806487147, -1297.7703277323455, -1297.7703277323455], 
[16356.105918790188, 16356.105918790188, 16356.105918790188, 16356.105918790188, 16356.105918790188, 360.68056116594585, 360.68056116594585, 360.68056116594585, -1017.4054917637753, -1017.4054917637753, -1049.1060255851728, -1189.5686427379999, -1260.9880173085992, -1260.9880173085992, -1260.9880173085992, -1260.9880173085992, -1260.9880173085992, -1260.9880173085992, -1295.1617318942638, -1295.1617318942638], 
[1731761.3567803847, 716204.8246397837, 606.8494040047499, 606.8494040047499, -812.1242394327196, -812.1242394327196, -812.1242394327196, -923.923634900211, -1229.9073068442538, -1229.9073068442538, -1229.9073068442538, -1229.9073068442538, -1229.9073068442538, -1229.9073068442538, -1272.2377606363302, -1272.2377606363302, -1277.1853689076154, -1285.2422870473652, -1285.2422870473652, -1291.3181850108897], 
[125156.23288070835, 125156.23288070835, 18039.54277617815, 18039.54277617815, -534.7742040099432, -534.7742040099432, -534.7742040099432, -534.7742040099432, -822.0927709574981, -822.0927709574981, -822.0927709574981, -1138.0225503971035, -1234.937596390716, -1234.937596390716, -1298.0918994389467, -1298.0918994389467, -1298.0918994389467, -1298.0918994389467, -1298.0918994389467, -1298.0918994389467], 
[364733.481786568, 257844.2692703724, 257844.2692703724, -654.596943758581, -654.596943758581, -654.596943758581, -1256.8725268681499, -1256.8725268681499, -1256.8725268681499, -1256.8725268681499, -1256.8725268681499, -1288.5968638689824, -1288.5968638689824, -1299.0510298698825, -1299.0510298698825, -1299.0510298698825, -1299.0510298698825, -1299.7652727371485, -1299.7652727371485, -1299.7652727371485], 
[267279.2273379292, 267279.2273379292, 215450.23520469834, 13414.347763044194, 5327.537109954, -897.4972643367121, -897.4972643367121, -1145.0891590286594, -1145.0891590286594, -1145.0891590286594, -1173.8746478551197, -1256.5083245377189, -1256.5083245377189, -1256.5083245377189, -1256.5083245377189, -1296.45383124757, -1299.4844608064082, -1299.4844608064082, -1299.4844608064082, -1299.4844608064082], 
[18407423.78988703, 18054.638206066244, 18054.638206066244, 18054.638206066244, 5391.569252256966, -1075.1740133628846, -1251.3886263382367, -1256.2050265609664, -1256.2050265609664, -1256.2050265609664, -1256.2050265609664, -1256.2050265609664, -1256.2050265609664, -1267.6716381402418, -1267.6716381402418, -1267.6716381402418, -1267.6716381402418, -1294.9844592270244, -1294.9844592270244, -1294.9844592270244], 
[2315857.715814237, 12252.021364914157, 11724.363823018495, 11724.363823018495, 710.9298717054016, 710.9298717054016, -671.743991033907, -671.743991033907, -671.743991033907, -998.5454417100661, -1292.8208934194838, -1292.8208934194838, -1292.8208934194838, -1299.1637613549094, -1299.1637613549094, -1299.1637613549094, -1299.1637613549094, -1299.1637613549094, -1299.1637613549094, -1299.1637613549094], 
