[4.7732375558756415, 2.244124449215793, 1.8499651862211985, 1.8499651862211985, 1.8499651862211985, 1.772102014266089, 1.4225332005970315, 1.4225332005970315, 1.4225332005970315, 1.4225332005970315, 1.4225332005970315, 0.4577184299329575, 0.4577184299329575, 0.4577184299329575, 0.4577184299329575, 0.4577184299329575, 0.4577184299329575, 0.4577184299329575, 0.4577184299329575, 0.4577184299329575], 
[1.3668543147841805, 1.3668543147841805, 1.3668543147841805, 1.3668543147841805, 1.3668543147841805, 1.3668543147841805, 1.3668543147841805, 1.3668543147841805, 1.3668543147841805, 1.3668543147841805, 1.3668543147841805, 1.1624439690774384, 1.1624439690774384, 0.7579714652988052, 0.6771632795120537, 0.6771632795120537, 0.6705028804705742, 0.3588518344039917, 0.3588518344039917, 0.3588518344039917], 
[3.6779592503174623, 3.6779592503174623, 2.627151320024815, 2.627151320024815, 2.627151320024815, 1.6867119716095749, 1.6867119716095749, 0.13932230301427984, 0.13932230301427984, 0.13932230301427984, 0.13932230301427984, 0.13932230301427984, 0.13932230301427984, 0.13932230301427984, 0.13932230301427984, 0.13932230301427984, 0.13932230301427984, 0.13932230301427984, 0.13932230301427984, 0.13932230301427984], 
[7.005695791897143, 4.054467934205444, 0.9423156736157172, 0.9423156736157172, 0.9423156736157172, 0.9423156736157172, 0.9423156736157172, 0.9423156736157172, 0.9423156736157172, 0.9423156736157172, 0.9423156736157172, 0.9423156736157172, 0.9423156736157172, 0.9423156736157172, 0.9423156736157172, 0.9423156736157172, 0.9423156736157172, 0.9423156736157172, 0.9423156736157172, 0.9423156736157172], 
[3.6230995456593504, 2.982110429346668, 2.035537372987065, 2.035537372987065, 1.7962768484069667, 1.7962768484069667, 0.9015443234507288, 0.6361798743996365, 0.6361798743996365, 0.6361798743996365, 0.6361798743996365, 0.6361798743996365, 0.6361798743996365, 0.6361798743996365, 0.6361798743996365, 0.5158200191751576, 0.5158200191751576, 0.5158200191751576, 0.5158200191751576, 0.5158200191751576], 
[0.9315295735507934, 0.9315295735507934, 0.9315295735507934, 0.9315295735507934, 0.9315295735507934, 0.9315295735507934, 0.9315295735507934, 0.9315295735507934, 0.9315295735507934, 0.9315295735507934, 0.913292648075875, 0.913292648075875, 0.913292648075875, 0.913292648075875, 0.913292648075875, 0.913292648075875, 0.913292648075875, 0.913292648075875, 0.913292648075875, 0.913292648075875], 
[3.9584407376023956, 2.6049686977019473, 0.5781803153777059, 0.5781803153777059, 0.5781803153777059, 0.5781803153777059, 0.5781803153777059, 0.5781803153777059, 0.5781803153777059, 0.5781803153777059, 0.5781803153777059, 0.5781803153777059, 0.5781803153777059, 0.5781803153777059, 0.5781803153777059, 0.5781803153777059, 0.5781803153777059, 0.5781803153777059, 0.5781803153777059, 0.5781803153777059], 
[1.3419279846566443, 1.3419279846566443, 1.3419279846566443, 1.3419279846566443, 1.3419279846566443, 1.3419279846566443, 1.3419279846566443, 0.6325850977048835, 0.6325850977048835, 0.6325850977048835, 0.6325850977048835, 0.6325850977048835, 0.6325850977048835, 0.6325850977048835, 0.6325850977048835, 0.6325850977048835, 0.6325850977048835, 0.43035836155010276, 0.43035836155010276, 0.43035836155010276], 
[3.354439815302106, 2.3305979368555825, 2.3305979368555825, 1.7893101759301704, 1.2632716733852551, 1.2632716733852551, 1.2632716733852551, 1.2632716733852551, 1.2632716733852551, 1.2632716733852551, 1.2632716733852551, 1.2632716733852551, 1.2632716733852551, 0.656960392740122, 0.656960392740122, 0.656960392740122, 0.656960392740122, 0.2511070086045244, 0.2511070086045244, 0.2511070086045244], 
[5.043393436289848, 4.811630907437348, 3.8136767558620734, 3.2017318370591425, 2.854021397485699, 2.111148934829064, 2.111148934829064, 2.111148934829064, 2.111148934829064, 2.111148934829064, 1.9466461102239565, 1.9466461102239565, 1.693112571151663, 1.4003770925768784, 0.4875623503734241, 0.4875623503734241, 0.4875623503734241, 0.4875623503734241, 0.4875623503734241, 0.4875623503734241], 
[2.4618274186362488, 1.2915246925356119, 1.2915246925356119, 1.2915246925356119, 1.2915246925356119, 1.2915246925356119, 1.2915246925356119, 1.2915246925356119, 1.2915246925356119, 1.2915246925356119, 1.2915246925356119, 1.2915246925356119, 1.2915246925356119, 1.2915246925356119, 1.2915246925356119, 1.106975809049188, 0.6326737554881143, 0.6326737554881143, 0.6326737554881143, 0.6326737554881143], 
[2.918050221646352, 2.8484777232423824, 2.8484777232423824, 2.2332825239503844, 2.2332825239503844, 2.2332825239503844, 2.2332825239503844, 2.2332825239503844, 1.6527717024774535, 0.6301429705935813, 0.6301429705935813, 0.6301429705935813, 0.6301429705935813, 0.6301429705935813, 0.6301429705935813, 0.6301429705935813, 0.6301429705935813, 0.6301429705935813, 0.6301429705935813, 0.6301429705935813], 
[2.317062854007343, 1.5547281068331715, 1.5547281068331715, 1.5547281068331715, 1.5547281068331715, 1.5547281068331715, 1.5547281068331715, 1.5547281068331715, 1.5547281068331715, 1.5547281068331715, 1.5547281068331715, 1.5547281068331715, 1.1993378474491987, 1.1993378474491987, 1.1993378474491987, 1.1993378474491987, 1.1993378474491987, 0.8825656607193726, 0.8825656607193726, 0.8825656607193726], 
[3.2236292676380724, 3.2236292676380724, 3.2236292676380724, 3.2236292676380724, 3.2236292676380724, 1.7194496246446143, 1.1998161794955302, 1.1998161794955302, 1.1998161794955302, 1.1998161794955302, 1.1998161794955302, 0.6333102644687965, 0.6333102644687965, 0.6333102644687965, 0.6333102644687965, 0.6333102644687965, 0.4631926903000587, 0.4631926903000587, 0.1640613556966941, 0.1640613556966941], 
[6.038829552165014, 3.8501669211961147, 3.8501669211961147, 3.8501669211961147, 1.8808511864620359, 1.8808511864620359, 1.8808511864620359, 1.2309179603875808, 1.2309179603875808, 1.2309179603875808, 1.2309179603875808, 1.2053152584295068, 1.2053152584295068, 1.2053152584295068, 0.7290292595935814, 0.7290292595935814, 0.7290292595935814, 0.7290292595935814, 0.32350423809079265, 0.32350423809079265], 
[2.2952203687312567, 0.9603471308430986, 0.9603471308430986, 0.9603471308430986, 0.9603471308430986, 0.9603471308430986, 0.9603471308430986, 0.9603471308430986, 0.9603471308430986, 0.9603471308430986, 0.9603471308430986, 0.9603471308430986, 0.9603471308430986, 0.9603471308430986, 0.9603471308430986, 0.9603471308430986, 0.9603471308430986, 0.7572231764934778, 0.708097399542627, 0.708097399542627], 
[1.319509031812209, 0.5547410313299403, 0.5547410313299403, 0.5547410313299403, 0.5547410313299403, 0.5547410313299403, 0.5547410313299403, 0.5547410313299403, 0.5547410313299403, 0.4043250604776345, 0.4043250604776345, 0.4043250604776345, 0.4043250604776345, 0.4043250604776345, 0.4043250604776345, 0.4043250604776345, 0.4043250604776345, 0.4043250604776345, 0.4043250604776345, 0.4043250604776345], 
[3.3051433275637674, 2.5270271208923347, 1.7685193629032367, 1.7685193629032367, 1.7685193629032367, 1.7685193629032367, 1.7685193629032367, 1.7685193629032367, 0.8695112448770077, 0.8695112448770077, 0.8695112448770077, 0.8695112448770077, 0.8695112448770077, 0.8695112448770077, 0.8695112448770077, 0.8695112448770077, 0.8695112448770077, 0.8695112448770077, 0.8695112448770077, 0.8695112448770077], 
[1.353291531295771, 1.353291531295771, 1.353291531295771, 1.353291531295771, 1.353291531295771, 1.353291531295771, 1.353291531295771, 1.353291531295771, 1.353291531295771, 1.353291531295771, 1.353291531295771, 1.353291531295771, 1.353291531295771, 1.2086269091580832, 1.2086269091580832, 1.2086269091580832, 0.9219558348327905, 0.7273867185379581, 0.7273867185379581, 0.7273867185379581], 
[2.183962803592677, 2.183962803592677, 2.183962803592677, 2.183962803592677, 2.183962803592677, 2.183962803592677, 2.183962803592677, 2.183962803592677, 2.183962803592677, 2.183962803592677, 2.183962803592677, 2.183962803592677, 0.7979709425910726, 0.33649893472821724, 0.33649893472821724, 0.33649893472821724, 0.33649893472821724, 0.33649893472821724, 0.33649893472821724, 0.33649893472821724], 
[1.9480896123033116, 1.9480896123033116, 1.9480896123033116, 1.9480896123033116, 1.9480896123033116, 1.9480896123033116, 1.9480896123033116, 1.9480896123033116, 1.9480896123033116, 1.9480896123033116, 1.9480896123033116, 0.382652766410426, 0.382652766410426, 0.382652766410426, 0.382652766410426, 0.382652766410426, 0.382652766410426, 0.382652766410426, 0.382652766410426, 0.382652766410426], 
[2.4074005669893648, 2.4074005669893648, 2.4074005669893648, 2.1280179183161003, 0.9936478064094438, 0.9936478064094438, 0.9936478064094438, 0.9936478064094438, 0.9936478064094438, 0.9936478064094438, 0.9936478064094438, 0.9936478064094438, 0.9936478064094438, 0.9621367548041309, 0.9621367548041309, 0.9621367548041309, 0.9545718791707447, 0.9545718791707447, 0.9545718791707447, 0.5169813819999574], 
[4.601934497386163, 4.601934497386163, 2.2234254849669615, 2.2234254849669615, 0.5184672012343645, 0.5184672012343645, 0.5184672012343645, 0.5184672012343645, 0.5184672012343645, 0.318948034902502, 0.318948034902502, 0.318948034902502, 0.318948034902502, 0.318948034902502, 0.318948034902502, 0.318948034902502, 0.318948034902502, 0.24611095175134157, 0.24611095175134157, 0.24611095175134157], 
[3.936515259851805, 3.936515259851805, 1.678948486419535, 1.678948486419535, 1.678948486419535, 1.678948486419535, 1.678948486419535, 1.678948486419535, 1.678948486419535, 1.678948486419535, 1.678948486419535, 1.678948486419535, 1.678948486419535, 1.4790963835798894, 1.4790963835798894, 1.4790963835798894, 0.18638888258219044, 0.18638888258219044, 0.18638888258219044, 0.18638888258219044], 
[3.126393031250587, 3.126393031250587, 1.6767692032968382, 1.6767692032968382, 1.3236308589099903, 1.3236308589099903, 1.3236308589099903, 1.3236308589099903, 1.3236308589099903, 1.2465273714148224, 1.2465273714148224, 0.32260677096042656, 0.32260677096042656, 0.32260677096042656, 0.32260677096042656, 0.32260677096042656, 0.32260677096042656, 0.32260677096042656, 0.32260677096042656, 0.32260677096042656], 
[4.735361406101736, 4.440998365763294, 4.440998365763294, 0.2560736748163004, 0.2560736748163004, 0.2560736748163004, 0.2560736748163004, 0.2560736748163004, 0.2560736748163004, 0.2560736748163004, 0.2560736748163004, 0.2560736748163004, 0.2560736748163004, 0.2560736748163004, 0.2560736748163004, 0.2560736748163004, 0.2560736748163004, 0.2560736748163004, 0.2560736748163004, 0.2560736748163004], 
[5.498936801801461, 4.185467406980062, 4.185467406980062, 4.185467406980062, 3.5659209487041945, 1.4751294845797167, 0.6987234565291383, 0.6987234565291383, 0.6987234565291383, 0.6987234565291383, 0.6987234565291383, 0.6987234565291383, 0.6987234565291383, 0.6987234565291383, 0.6987234565291383, 0.6987234565291383, 0.6987234565291383, 0.43450766170958754, 0.43450766170958754, 0.43450766170958754], 
[7.357913681091636, 4.2266509660191325, 3.681669693974163, 3.681669693974163, 3.681669693974163, 3.15406578127659, 3.150512031168401, 2.1026713690596184, 1.371242776667017, 1.371242776667017, 1.371242776667017, 1.371242776667017, 0.7407095406322792, 0.7407095406322792, 0.6399853921197138, 0.6399853921197138, 0.6399853921197138, 0.6399853921197138, 0.6399853921197138, 0.6399853921197138], 
[2.508938868081777, 0.8701626343315243, 0.8701626343315243, 0.8701626343315243, 0.8701626343315243, 0.8701626343315243, 0.8701626343315243, 0.8701626343315243, 0.7693427183886516, 0.7693427183886516, 0.7693427183886516, 0.6690997399105081, 0.6690997399105081, 0.6690997399105081, 0.6690997399105081, 0.527310361978377, 0.527310361978377, 0.527310361978377, 0.527310361978377, 0.527310361978377], 
[3.047424098270131, 1.9000006344450844, 1.9000006344450844, 1.9000006344450844, 1.9000006344450844, 1.7706299974937352, 1.7706299974937352, 1.7706299974937352, 1.7706299974937352, 1.7706299974937352, 1.7706299974937352, 1.7706299974937352, 1.7706299974937352, 1.7706299974937352, 1.7706299974937352, 0.988022519569693, 0.988022519569693, 0.988022519569693, 0.988022519569693, 0.988022519569693], 
