[136.1878358057952, 136.1878358057952, 136.1878358057952, 136.1878358057952, 136.1878358057952, 136.1878358057952, 136.1878358057952, -1011.4741746236766, -1011.4741746236766, -1011.4741746236766, -1299.4100116046527, -1299.4100116046527, -1299.4100116046527, -1299.4100116046527, -1299.4100116046527, -1299.4100116046527, -1299.4100116046527, -1299.8183744530238, -1299.8183744530238, -1299.8183744530238], 
[286313.1406093202, 286313.1406093202, 172492.5591106344, 1018.3643190790704, 1018.3643190790704, -392.6519788225455, -392.6519788225455, -717.5099217212493, -1225.9199675785358, -1225.9199675785358, -1225.9199675785358, -1225.9199675785358, -1225.9199675785358, -1225.9199675785358, -1271.8044012554333, -1294.2806001423307, -1294.2806001423307, -1294.2806001423307, -1295.8246470598813, -1296.2062714755527], 
[910743.1858106285, 76350.42795227932, 27900.62546661351, 5976.929576971323, 5976.929576971323, 5976.929576971323, 4875.821022334812, 4875.821022334812, 4875.821022334812, 912.1803341388918, 912.1803341388918, 58.32086910121734, 58.32086910121734, -187.8617498781, -1030.3663221970078, -1295.785733726938, -1296.1803406817946, -1296.1803406817946, -1296.1803406817946, -1296.1803406817946], 
[1103281.2519267588, 184579.8489731051, 184579.8489731051, 6637.259045571267, 6637.259045571267, 2085.6941010724017, -432.1332948563885, -939.9566118687951, -939.9566118687951, -939.9566118687951, -939.9566118687951, -1223.8177758312263, -1223.8177758312263, -1223.8177758312263, -1223.8177758312263, -1223.8177758312263, -1223.8177758312263, -1295.7458077955887, -1295.7458077955887, -1295.7458077955887], 
[2643.3493295557682, 2643.3493295557682, 2643.3493295557682, 2643.3493295557682, 2643.3493295557682, 2643.3493295557682, 2053.405304664766, -1257.8991944802071, -1289.8957514966492, -1289.8957514966492, -1289.8957514966492, -1289.8957514966492, -1289.8957514966492, -1289.8957514966492, -1289.8957514966492, -1289.8957514966492, -1291.189394889894, -1293.7006106969438, -1293.7006106969438, -1293.7006106969438], 
[5293748.919517534, 29092.578167670596, 29092.578167670596, 16009.243448556292, 8857.056844608342, 2687.5753028843824, -469.6520351139535, -469.6520351139535, -851.8736693272308, -1106.2113141654158, -1168.7241288670425, -1168.7241288670425, -1168.7241288670425, -1288.7048015391567, -1288.7048015391567, -1288.7048015391567, -1288.7048015391567, -1288.7048015391567, -1294.1901936264157, -1294.1901936264157], 
[1243807.6127563536, 112666.47054076967, 17158.735410858048, 5890.15595442221, -367.51846556717237, -367.51846556717237, -367.51846556717237, -718.786609535614, -718.786609535614, -1180.1851076739326, -1232.9996348760358, -1232.9996348760358, -1232.9996348760358, -1286.0931187317822, -1295.4242826957006, -1295.4242826957006, -1295.4242826957006, -1296.31947131872, -1296.31947131872, -1296.31947131872], 
[28489.043567956363, 738.9277480272888, 738.9277480272888, 738.9277480272888, 738.9277480272888, 738.9277480272888, 738.9277480272888, -735.5313229513424, -971.6662343967746, -971.6662343967746, -1279.8251176597137, -1279.8251176597137, -1290.1062253162552, -1290.1062253162552, -1290.1062253162552, -1290.1062253162552, -1290.1062253162552, -1290.1062253162552, -1290.1062253162552, -1290.1062253162552], 
[243841.01923222115, 243841.01923222115, 19648.241893056413, 339.89573521664215, 339.89573521664215, 339.89573521664215, -399.71596231478475, -1214.2939722904084, -1214.2939722904084, -1214.2939722904084, -1214.2939722904084, -1214.2939722904084, -1257.795861289149, -1289.6783131127543, -1289.6783131127543, -1289.6783131127543, -1289.6783131127543, -1289.6783131127543, -1289.6783131127543, -1295.231177480506], 
[98658.91176118387, 98658.91176118387, 98658.91176118387, 10606.30506374565, 399.4253104187417, 399.4253104187417, -896.4711654436866, -896.4711654436866, -904.7688794567283, -904.7688794567283, -904.7688794567283, -904.7688794567283, -1242.982165709541, -1268.1593303705622, -1268.1593303705622, -1268.1593303705622, -1297.658928822128, -1298.3374391899542, -1298.3374391899542, -1298.3374391899542], 
[9640394.789368374, 4849919.1131731365, 60238.049186139666, 60238.049186139666, 1691.7085393066618, -1253.6754930649038, -1253.6754930649038, -1296.72752708384, -1296.72752708384, -1296.72752708384, -1296.72752708384, -1296.72752708384, -1296.72752708384, -1296.72752708384, -1296.72752708384, -1296.72752708384, -1296.72752708384, -1296.72752708384, -1296.72752708384, -1299.6657280696493], 
[196054.15350536723, 196054.15350536723, 162.4917821416068, 162.4917821416068, 162.4917821416068, 162.4917821416068, 162.4917821416068, -796.3411971720643, -796.3411971720643, -1203.4863091597715, -1295.1951611610004, -1295.1951611610004, -1295.1951611610004, -1295.1951611610004, -1295.1951611610004, -1295.1951611610004, -1295.1951611610004, -1295.1951611610004, -1295.1951611610004, -1295.1951611610004], 
[110025.64153585894, 75697.94697027696, 72039.12518195836, 9191.235447473759, 7810.291156954374, -742.4307044639693, -742.4307044639693, -742.4307044639693, -742.4307044639693, -1013.7881662154927, -1138.6745926588812, -1138.6745926588812, -1275.5180049232254, -1275.5180049232254, -1275.5180049232254, -1281.4536527606037, -1281.4536527606037, -1281.4536527606037, -1286.9134400347582, -1292.8209328854293], 
[2559742.819953067, 522.9442991361595, 522.9442991361595, 522.9442991361595, 522.9442991361595, 522.9442991361595, 522.9442991361595, -821.9221208812219, -1253.6751064834618, -1253.6751064834618, -1253.6751064834618, -1253.6751064834618, -1253.6751064834618, -1272.5192826943903, -1272.5192826943903, -1272.5192826943903, -1291.8846080831624, -1299.426446896097, -1299.426446896097, -1299.426446896097], 
[36070.66324383459, 36070.66324383459, 36070.66324383459, 36070.66324383459, 13328.978256305445, 13328.978256305445, 3290.361233992311, 72.0794369640721, 72.0794369640721, -1016.7491786981286, -1016.7491786981286, -1016.7491786981286, -1016.7491786981286, -1113.1899223460446, -1218.0368410293033, -1243.1839248826905, -1243.1839248826905, -1243.1839248826905, -1243.1839248826905, -1273.5192648580623], 
[2074649.9490354152, 4868.885175580453, 4868.885175580453, 4868.885175580453, 4868.885175580453, 4665.905826811909, 4257.453513832651, -119.42632385021102, -584.3830986804475, -584.3830986804475, -934.9447514850395, -934.9447514850395, -934.9447514850395, -1216.0951342182088, -1216.0951342182088, -1233.9565041044968, -1233.9565041044968, -1285.6854777819517, -1294.047112335446, -1294.047112335446], 
[7083200.267997436, 13461.347183938622, 13461.347183938622, 13461.347183938622, 13461.347183938622, 10308.985281026633, 2630.5079307460555, -521.584473220672, -521.584473220672, -1006.9387582597366, -1006.9387582597366, -1250.1762891686142, -1250.1762891686142, -1283.6151981764613, -1283.6151981764613, -1293.7592430413047, -1293.7592430413047, -1297.2855690522836, -1297.9847570409056, -1297.9847570409056], 
[599743.119208047, 325910.826057181, 90600.87353693937, 18975.984540369445, -1214.3050064526842, -1214.3050064526842, -1214.3050064526842, -1214.3050064526842, -1214.3050064526842, -1214.3050064526842, -1214.3050064526842, -1214.3050064526842, -1214.3050064526842, -1290.003008101575, -1290.003008101575, -1290.003008101575, -1290.003008101575, -1291.9240475496185, -1299.7382615281867, -1299.7382615281867], 
[11751.10254454325, 11751.10254454325, 11751.10254454325, 11751.10254454325, 11751.10254454325, -501.97697875436086, -501.97697875436086, -501.97697875436086, -501.97697875436086, -976.7326862670686, -976.7326862670686, -976.7326862670686, -976.7326862670686, -1296.236535028454, -1296.236535028454, -1296.236535028454, -1296.236535028454, -1296.236535028454, -1296.236535028454, -1296.236535028454], 
[1409107.455851372, 78884.04647736196, 51580.52679156968, -399.98509438829365, -808.3495695674069, -808.3495695674069, -1211.040182136571, -1211.040182136571, -1211.040182136571, -1211.040182136571, -1264.0894533301273, -1264.0894533301273, -1264.0894533301273, -1264.0894533301273, -1264.0894533301273, -1264.0894533301273, -1299.095906078688, -1299.095906078688, -1299.095906078688, -1299.095906078688], 
[2568173.4558697906, 38426.19876914705, 38426.19876914705, 38426.19876914705, 3131.4647137132215, 3131.4647137132215, 3131.4647137132215, 3131.4647137132215, 3131.4647137132215, -912.887182127729, -912.887182127729, -972.1034811318355, -1238.2266056203257, -1238.2266056203257, -1280.931399681059, -1280.931399681059, -1280.931399681059, -1298.193324636551, -1298.193324636551, -1298.193324636551], 
[13047.416185103706, 13047.416185103706, 13047.416185103706, 13047.416185103706, 13047.416185103706, 5820.668073225412, -318.9646688043491, -824.5430056801456, -1044.2961492907602, -1044.2961492907602, -1044.2961492907602, -1128.3911728836633, -1187.665653222211, -1242.2352311489285, -1290.241794225549, -1290.241794225549, -1290.241794225549, -1294.1314724625345, -1297.1792181071912, -1297.2635250389483], 
[58833.87981268761, 58833.87981268761, 13434.937796642716, 13434.937796642716, 10655.44793841869, 4334.2236559878265, 1952.5182194268918, 1952.5182194268918, -179.9552830618543, -179.9552830618543, -993.3911558825533, -993.3911558825533, -1275.7515339100678, -1275.7515339100678, -1275.7515339100678, -1275.7515339100678, -1275.7515339100678, -1275.7515339100678, -1298.1389638225091, -1298.1389638225091], 
[1342.097756585199, 1342.097756585199, 1342.097756585199, -552.4203218730795, -552.4203218730795, -1061.415000620973, -1061.415000620973, -1182.2366638967983, -1182.2366638967983, -1182.2366638967983, -1219.6591749655768, -1253.9629024122537, -1253.9629024122537, -1253.9629024122537, -1253.9629024122537, -1296.3681786220354, -1296.3681786220354, -1296.3681786220354, -1297.8047445944042, -1297.8047445944042], 
[-138.78664203619905, -138.78664203619905, -138.78664203619905, -138.78664203619905, -138.78664203619905, -832.42521511721, -832.42521511721, -832.42521511721, -832.42521511721, -1045.519748190776, -1097.4105856739104, -1208.4835776365333, -1208.4835776365333, -1266.14650241183, -1266.14650241183, -1282.7130911245793, -1290.6932473564307, -1299.5632115556325, -1299.5632115556325, -1299.5632115556325], 
[509854.9075469685, 117733.36286259789, 117733.36286259789, 109950.4364351521, 2595.1189242920354, 2595.1189242920354, 234.59021127343885, 234.59021127343885, -190.6477589714982, -1164.067896639909, -1164.067896639909, -1164.067896639909, -1252.1474365468766, -1259.2265757224397, -1259.2265757224397, -1259.2265757224397, -1259.2265757224397, -1297.8198564305083, -1297.8198564305083, -1299.634244650346], 
[457378.70878448425, 267290.59888401366, 37915.54807215721, 5802.4387694312, 5802.4387694312, 5802.4387694312, 2496.803369747081, 705.2937219004473, -878.022635608459, -1031.3626667227, -1031.3626667227, -1205.220929634875, -1205.220929634875, -1268.4954496770954, -1279.7436438746506, -1279.7436438746506, -1279.7436438746506, -1293.5736249774777, -1293.5736249774777, -1293.9792936267013], 
[4509653.004044675, 77928.11425750503, 3338.149058966299, 3338.149058966299, 3338.149058966299, 3121.7375664702186, 99.52018976791032, 99.52018976791032, -808.955645657549, -1131.7050420131782, -1131.7050420131782, -1131.7050420131782, -1131.7050420131782, -1241.139871247152, -1270.185133875078, -1270.185133875078, -1297.320205940097, -1298.5995496547123, -1298.5995496547123, -1298.5995496547123], 
[202937.76068703263, 4095.6118374010866, 4095.6118374010866, 4095.6118374010866, 4095.6118374010866, 2669.6045109452875, 2669.6045109452875, 2385.8101578589653, 1496.2928027644593, -416.487870339805, -824.8438224411228, -1104.056904541393, -1104.056904541393, -1164.9542848369222, -1294.595077500333, -1294.595077500333, -1294.595077500333, -1298.406825474595, -1298.406825474595, -1298.406825474595], 
[4700948.438396092, 52258.40378350673, 11590.984887150096, 11590.984887150096, 141.49853656445862, 141.49853656445862, 141.49853656445862, -1143.9742492783994, -1143.9742492783994, -1143.9742492783994, -1143.9742492783994, -1143.9742492783994, -1149.309385326199, -1149.309385326199, -1286.5657761348, -1286.5657761348, -1286.5657761348, -1286.5657761348, -1286.5657761348, -1286.5657761348], 
