[5.639248733393216, 5.639248733393216, 5.639248733393216, 5.639248733393216, 2.673548031101361, 2.673548031101361, 2.673548031101361, 2.673548031101361, 2.673548031101361, 2.673548031101361, 2.673548031101361, 2.511579200804264, 2.511579200804264, 2.511579200804264, 2.511579200804264, 2.1239950559628373, 2.1239950559628373, 2.1239950559628373, 2.1239950559628373, 2.1239950559628373], 
[8.563274816660297, 6.724893162776472, 6.724893162776472, 4.645991372508282, 4.645991372508282, 4.645991372508282, 4.645991372508282, 0.7856626754848837, 0.7856626754848837, 0.7856626754848837, 0.7856626754848837, 0.7856626754848837, 0.7856626754848837, 0.7856626754848837, 0.7856626754848837, 0.7856626754848837, 0.7856626754848837, 0.7856626754848837, 0.7856626754848837, 0.7856626754848837], 
[9.650004715645357, 9.09019461634245, 9.09019461634245, 3.810199936113181, 3.810199936113181, 3.810199936113181, 2.2943024790666673, 2.2943024790666673, 2.2943024790666673, 2.2943024790666673, 2.2943024790666673, 2.08656839155478, 2.08656839155478, 2.08656839155478, 2.08656839155478, 2.08656839155478, 2.08656839155478, 2.08656839155478, 2.08656839155478, 2.08656839155478], 
[17.360750240493147, 2.474122421045968, 2.474122421045968, 2.474122421045968, 2.474122421045968, 2.474122421045968, 2.474122421045968, 2.474122421045968, 2.474122421045968, 2.474122421045968, 2.474122421045968, 2.474122421045968, 2.2059299830390953, 2.2059299830390953, 2.2059299830390953, 2.2059299830390953, 2.2059299830390953, 2.2059299830390953, 2.2059299830390953, 2.2059299830390953], 
[8.99842685442204, 5.298590054647781, 5.298590054647781, 2.425649284890017, 2.425649284890017, 2.425649284890017, 2.425649284890017, 2.2717110479033917, 2.2717110479033917, 2.2717110479033917, 2.2717110479033917, 2.2717110479033917, 2.2717110479033917, 2.206937300657244, 2.206937300657244, 2.206937300657244, 2.206937300657244, 2.206937300657244, 2.206937300657244, 2.206937300657244], 
[7.386994406124764, 7.386994406124764, 6.29419174124518, 5.9288426536267185, 3.8761586060645814, 2.3073552942887954, 2.3073552942887954, 2.3073552942887954, 2.3073552942887954, 2.3073552942887954, 2.3073552942887954, 2.3073552942887954, 2.2852837756369055, 2.251709478950865, 2.251709478950865, 2.251709478950865, 2.251709478950865, 2.2433900652681857, 2.2433900652681857, 2.2433900652681857], 
[14.797498149708035, 13.38472298204748, 6.1595322376445445, 6.090096517415223, 4.482070045455224, 2.013649653196793, 2.013649653196793, 2.013649653196793, 2.013649653196793, 2.013649653196793, 2.013649653196793, 2.013649653196793, 2.013649653196793, 2.013649653196793, 0.9670918972587714, 0.9670918972587714, 0.9670918972587714, 0.9670918972587714, 0.9670918972587714, 0.9670918972587714], 
[6.261993922649548, 6.261993922649548, 6.047387469947226, 3.4038153261770883, 3.4038153261770883, 3.4038153261770883, 3.4038153261770883, 3.4038153261770883, 3.4038153261770883, 2.9961775078499477, 2.9961775078499477, 2.9961775078499477, 2.344489743065487, 2.344489743065487, 2.344489743065487, 2.344489743065487, 2.344489743065487, 2.344489743065487, 2.293916668444903, 2.293916668444903], 
[2.5967555592771285, 2.5967555592771285, 2.5967555592771285, 2.5967555592771285, 2.5967555592771285, 2.5967555592771285, 2.5967555592771285, 2.5967555592771285, 2.5967555592771285, 2.5967555592771285, 2.5967555592771285, 2.149626138517898, 2.149626138517898, 2.149626138517898, 2.149626138517898, 2.149626138517898, 2.149626138517898, 2.149626138517898, 2.149626138517898, 2.149626138517898], 
[5.113327211866062, 5.113327211866062, 4.40183516963719, 4.40183516963719, 3.0562160219758967, 2.8749573115435494, 2.8749573115435494, 2.457209330902832, 2.457209330902832, 2.457209330902832, 2.457209330902832, 2.457209330902832, 2.2642380640442905, 2.2642380640442905, 2.2642380640442905, 2.2642380640442905, 2.2642380640442905, 2.148861986640627, 2.148861986640627, 2.148861986640627], 
[3.034497180372924, 3.034497180372924, 3.034497180372924, 2.3355675393857473, 2.3355675393857473, 2.3355675393857473, 2.3355675393857473, 2.3355675393857473, 2.3355675393857473, 2.3355675393857473, 2.3355675393857473, 2.3355675393857473, 2.158130264082213, 2.158130264082213, 2.158130264082213, 2.158130264082213, 2.158130264082213, 2.1433216544110842, 2.1433216544110842, 2.1433216544110842], 
[4.182609284143825, 4.182609284143825, 4.182609284143825, 2.8014967340392545, 2.5587934389194085, 2.5587934389194085, 2.5587934389194085, 2.5131390995848717, 2.5131390995848717, 2.5131390995848717, 2.3889318380319837, 2.3889318380319837, 2.3889318380319837, 2.3225676488516025, 2.3225676488516025, 2.2288837772007906, 2.2288837772007906, 2.2288837772007906, 2.2288837772007906, 2.145869586037641], 
[6.376417889825708, 5.029798901792377, 5.029798901792377, 4.075596126423003, 2.9643570768400975, 2.9643570768400975, 2.604999799432312, 2.604999799432312, 2.604999799432312, 2.604999799432312, 2.3186195461279135, 2.3186195461279135, 2.3186195461279135, 2.3186195461279135, 2.3186195461279135, 2.3186195461279135, 2.268052338010013, 2.268052338010013, 2.268052338010013, 2.268052338010013], 
[9.84582613662978, 4.444616209983742, 4.444616209983742, 4.099607671883005, 3.361598468681496, 3.361598468681496, 3.196539240250329, 2.848708692925393, 2.848708692925393, 2.848708692925393, 2.683634868936256, 2.683634868936256, 2.683634868936256, 2.683634868936256, 2.4979513920334613, 2.4979513920334613, 2.4979513920334613, 2.2925406901172223, 2.2925406901172223, 2.2925406901172223], 
[4.711729917793061, 4.711729917793061, 4.218813491693789, 4.218813491693789, 4.218813491693789, 4.218813491693789, 4.218813491693789, 3.312841413589245, 3.312841413589245, 3.312841413589245, 3.312841413589245, 3.302988384320134, 2.9720536494135317, 2.3437870398265894, 2.3437870398265894, 2.3437870398265894, 2.3437870398265894, 2.3437870398265894, 2.293355937945561, 2.293355937945561], 
[9.132144565342646, 6.580757297743037, 5.722058175217298, 4.722770546685495, 3.6750342853787035, 3.6750342853787035, 3.1267385864115544, 3.1267385864115544, 3.1267385864115544, 3.1267385864115544, 3.1267385864115544, 3.0279180953035336, 2.636017651612378, 2.636017651612378, 2.2024265393187092, 2.2024265393187092, 2.2024265393187092, 2.2024265393187092, 2.2024265393187092, 2.2024265393187092], 
[10.957076212916657, 10.957076212916657, 7.155630834724583, 7.155630834724583, 6.3464926577053795, 3.6591604355348153, 2.2097724198802955, 2.2097724198802955, 2.2097724198802955, 2.2097724198802955, 2.2097724198802955, 2.2097724198802955, 2.2097724198802955, 2.2097724198802955, 2.2097724198802955, 2.2097724198802955, 2.2097724198802955, 2.2097724198802955, 2.2097724198802955, 2.2097724198802955], 
[7.424216708809471, 2.1830570265274214, 2.1830570265274214, 2.1830570265274214, 2.1830570265274214, 2.1830570265274214, 2.1830570265274214, 2.1830570265274214, 2.1830570265274214, 2.1830570265274214, 2.1830570265274214, 2.1830570265274214, 2.1830570265274214, 2.1830570265274214, 2.1830570265274214, 2.1830570265274214, 2.1830570265274214, 2.1830570265274214, 2.1830570265274214, 2.1830570265274214], 
[6.705930281773897, 6.562217673600229, 6.2480627120164325, 5.692431204289319, 3.4543180178944164, 2.9326009628549348, 2.9326009628549348, 2.9326009628549348, 2.9326009628549348, 2.9326009628549348, 2.6826783953880553, 2.671337640608008, 2.66372091256068, 2.5897343322203983, 2.456433477418005, 2.20137288996641, 2.20137288996641, 2.20137288996641, 2.1475776944592866, 2.1475776944592866], 
[10.04998169269652, 3.7949713504872578, 3.7949713504872578, 3.7949713504872578, 3.7949713504872578, 3.7949713504872578, 3.0770053370559367, 2.7084632851648327, 2.7084632851648327, 2.7084632851648327, 2.4717158517660276, 2.4717158517660276, 2.4717158517660276, 2.4717158517660276, 2.282952605491322, 2.282952605491322, 2.1326669350640297, 2.1326669350640297, 2.1326669350640297, 2.1326669350640297], 
[9.115441775056498, 3.1825420356588734, 3.1825420356588734, 3.1825420356588734, 3.1825420356588734, 3.1825420356588734, 3.1825420356588734, 3.1825420356588734, 2.44832202060787, 2.44832202060787, 2.2875613992659813, 2.2875613992659813, 2.2875613992659813, 2.2875613992659813, 2.2875613992659813, 2.2875613992659813, 2.2875613992659813, 2.1584115943285913, 2.1584115943285913, 2.1584115943285913], 
[7.805288075375213, 7.805288075375213, 2.313997068538433, 2.313997068538433, 2.313997068538433, 2.313997068538433, 2.313997068538433, 2.313997068538433, 2.313997068538433, 1.9359350796395192, 1.379958341747599, 1.379958341747599, 1.379958341747599, 1.379958341747599, 1.379958341747599, 1.379958341747599, 1.379958341747599, 1.379958341747599, 1.379958341747599, 0.713206599696254], 
[7.58824643494225, 4.128687093162579, 4.128687093162579, 4.128687093162579, 4.128687093162579, 4.128687093162579, 4.128687093162579, 3.0762542074867154, 2.4644195623660194, 2.4644195623660194, 2.4644195623660194, 2.4644195623660194, 2.424740458436922, 2.424740458436922, 2.424740458436922, 2.424740458436922, 2.1393857209315525, 2.1393857209315525, 2.0758751459183853, 2.0758751459183853], 
[4.775685520912166, 4.775685520912166, 3.069604044556704, 3.069604044556704, 3.069604044556704, 2.7496092248167137, 2.446323298889062, 2.287091514728715, 2.287091514728715, 2.287091514728715, 2.287091514728715, 2.287091514728715, 2.1293037084033983, 2.1293037084033983, 2.1293037084033983, 2.1293037084033983, 2.1293037084033983, 2.1293037084033983, 2.1293037084033983, 2.1293037084033983], 
[5.704696792912736, 5.704696792912736, 2.995336829983095, 2.995336829983095, 2.995336829983095, 2.995336829983095, 2.995336829983095, 2.995336829983095, 2.995336829983095, 2.2331970763576443, 2.2331970763576443, 2.0195189909207714, 2.0195189909207714, 2.0195189909207714, 2.0195189909207714, 2.0195189909207714, 2.0195189909207714, 2.0195189909207714, 2.0195189909207714, 2.0195189909207714], 
[7.232882751611054, 7.232882751611054, 6.128450177877479, 3.6851441589868363, 2.810862372581767, 2.810862372581767, 2.41834562472557, 2.41834562472557, 2.41834562472557, 2.41834562472557, 2.41834562472557, 2.41834562472557, 2.41834562472557, 2.41834562472557, 2.41834562472557, 2.41834562472557, 2.3402487968932655, 2.187347892679688, 2.187347892679688, 2.187347892679688], 
[8.294315374382215, 8.294315374382215, 3.4098647283588677, 3.4098647283588677, 3.4098647283588677, 3.4098647283588677, 3.4098647283588677, 3.4098647283588677, 3.4098647283588677, 2.6569569046692947, 2.249891491901422, 2.249891491901422, 2.197725111379678, 1.5592912672200672, 1.5592912672200672, 0.9058921954959127, 0.9058921954959127, 0.9058921954959127, 0.9058921954959127, 0.520596947832572], 
[5.398931751535432, 5.398931751535432, 5.398931751535432, 5.398931751535432, 3.678704998489081, 3.678704998489081, 3.3243656584105374, 2.407970945814832, 2.407970945814832, 2.3103627458918874, 2.3103627458918874, 2.3103627458918874, 2.3103627458918874, 2.3103627458918874, 2.3103627458918874, 2.3103627458918874, 2.3103627458918874, 2.3103627458918874, 2.3103627458918874, 2.3103627458918874], 
[8.681923074170596, 8.681923074170596, 8.681923074170596, 4.242376731160071, 4.07310113272395, 4.07310113272395, 3.8600788333269525, 3.8600788333269525, 3.8600788333269525, 2.296464506453051, 2.2623035553078656, 2.2623035553078656, 2.2623035553078656, 2.2623035553078656, 2.2623035553078656, 2.2623035553078656, 2.2623035553078656, 2.1131035047229028, 2.1131035047229028, 2.1131035047229028], 
[12.642497387689538, 11.309412959559971, 3.908212032396894, 3.908212032396894, 3.908212032396894, 2.9979490421475314, 2.9979490421475314, 2.9979490421475314, 2.9979490421475314, 2.9979490421475314, 2.5741428773428994, 2.5264951465535592, 2.5264951465535592, 2.5264951465535592, 2.5264951465535592, 2.5264951465535592, 2.5264951465535592, 2.120530422821719, 2.120530422821719, 2.120530422821719], 
