[816201.1046879773, 816201.1046879773, 816201.1046879773, 19799.851125993315, 5977.005859831788, 5977.005859831788, 5376.456609284243, 2984.3120928377184, -140.98968619966263, -1260.8723719223046, -1260.8723719223046, -1260.8723719223046, -1260.8723719223046, -1260.8723719223046, -1260.8723719223046, -1280.638515771654, -1289.5385238176382, -1289.5385238176382, -1289.5385238176382, -1289.5385238176382], 
[14351.201139244178, 9430.160099181901, 9430.160099181901, 86.00316591208275, -125.40011789048208, -125.40011789048208, -125.40011789048208, -125.40011789048208, -125.40011789048208, -1028.1991588007756, -1232.5011329857055, -1232.5011329857055, -1232.5011329857055, -1232.5011329857055, -1293.254126274252, -1293.254126274252, -1293.254126274252, -1293.254126274252, -1293.254126274252, -1293.254126274252], 
[843271.0443324479, 3554.5764768234903, 3554.5764768234903, 3554.5764768234903, 3554.5764768234903, -666.4257969528511, -666.4257969528511, -1037.0658657051604, -1037.0658657051604, -1037.0658657051604, -1037.0658657051604, -1209.3354068979172, -1209.3354068979172, -1209.3354068979172, -1293.473529057745, -1293.473529057745, -1293.473529057745, -1294.010147158159, -1294.010147158159, -1294.010147158159], 
[3241.4784779413994, 3241.4784779413994, 3241.4784779413994, 3241.4784779413994, 3241.4784779413994, -165.43024554495764, -165.43024554495764, -210.05637984239092, -712.7117047954277, -712.7117047954277, -1105.6094550769221, -1105.6094550769221, -1188.8452001566795, -1188.8452001566795, -1298.6290303683968, -1298.6290303683968, -1298.6290303683968, -1298.6290303683968, -1298.6290303683968, -1298.6290303683968], 
[5376319.924007382, 787.8524502458217, 787.8524502458217, 787.8524502458217, 787.8524502458217, 787.8524502458217, 787.8524502458217, 787.8524502458217, -1244.7224461867177, -1244.7224461867177, -1244.7224461867177, -1296.6541212236048, -1296.6541212236048, -1296.6541212236048, -1296.6541212236048, -1296.6541212236048, -1297.6668058212217, -1297.6668058212217, -1297.6668058212217, -1299.9898151255786], 
[55426.642142353005, 55426.642142353005, 55426.642142353005, 55426.642142353005, 27649.429879737407, -943.6954495348106, -943.6954495348106, -943.6954495348106, -943.6954495348106, -943.6954495348106, -1272.088193398518, -1272.088193398518, -1272.088193398518, -1272.088193398518, -1286.7115241687527, -1286.7115241687527, -1286.7115241687527, -1286.7115241687527, -1297.7336563941694, -1297.7336563941694], 
[8638.686197472916, 8638.686197472916, 7125.910014872648, 7125.910014872648, 7125.910014872648, 7125.910014872648, -1276.2537091681631, -1276.2537091681631, -1276.2537091681631, -1276.2537091681631, -1276.2537091681631, -1276.2537091681631, -1276.2537091681631, -1276.2537091681631, -1279.540896001137, -1288.0470747036063, -1288.0470747036063, -1289.2549589590533, -1299.2443187294316, -1299.2443187294316], 
[34758.16093650272, 34758.16093650272, 34758.16093650272, 7690.9565121594405, -193.08887041844037, -1004.4839171675073, -1004.4839171675073, -1004.4839171675073, -1229.436047223231, -1229.436047223231, -1229.436047223231, -1229.436047223231, -1229.436047223231, -1277.037701310821, -1277.037701310821, -1289.4298112878253, -1297.7413327192996, -1297.7413327192996, -1298.4024291022122, -1298.4024291022122], 
[87252.33032046554, 35135.23968241664, 35135.23968241664, 7434.254627973256, 7434.254627973256, 7434.254627973256, 2923.820719823536, -1151.17743284378, -1151.17743284378, -1151.17743284378, -1151.17743284378, -1151.17743284378, -1151.17743284378, -1151.17743284378, -1240.6378524914676, -1295.4315966747477, -1299.7029502414919, -1299.7029502414919, -1299.7029502414919, -1299.7029502414919], 
[962914.2009267061, 127782.6572672337, 100420.99608248075, 5087.428561777395, 5087.428561777395, 1745.1068441857014, 1745.1068441857014, -906.0177744743957, -1276.6090866210827, -1276.6090866210827, -1276.6090866210827, -1276.6090866210827, -1276.6090866210827, -1276.6090866210827, -1276.6090866210827, -1276.6090866210827, -1276.6090866210827, -1293.8799875830584, -1297.5303431234147, -1299.449045980075], 
[1385156.4082446378, 1385156.4082446378, 14625.56166595753, 14625.56166595753, 14625.56166595753, 11471.824304221167, -1216.1850422151363, -1216.1850422151363, -1216.1850422151363, -1216.1850422151363, -1216.1850422151363, -1216.1850422151363, -1216.1850422151363, -1296.9133750599715, -1296.9133750599715, -1296.9133750599715, -1296.9133750599715, -1296.9133750599715, -1296.9133750599715, -1296.9133750599715], 
[7008.537513358759, 7008.537513358759, 7008.537513358759, 5390.012184512472, 5390.012184512472, 5390.012184512472, 3751.223398550186, -312.6229452561357, -977.7774128269389, -1286.8799264201002, -1286.8799264201002, -1286.8799264201002, -1286.8799264201002, -1286.8799264201002, -1286.8799264201002, -1286.8799264201002, -1286.8799264201002, -1286.8799264201002, -1286.8799264201002, -1294.8311215551382], 
[2528537.428925992, 119702.65552890368, 2185.8286406096286, 2185.8286406096286, -1131.8126913345527, -1131.8126913345527, -1131.8126913345527, -1131.8126913345527, -1131.8126913345527, -1131.8126913345527, -1214.0621938824847, -1214.0621938824847, -1214.0621938824847, -1272.128318035096, -1272.128318035096, -1272.128318035096, -1297.5472276579812, -1297.5472276579812, -1297.918309893595, -1297.918309893595], 
[220905.67029258533, 64727.90133767128, 64727.90133767128, 3550.024465546084, 3550.024465546084, -1262.2958380853884, -1262.2958380853884, -1262.2958380853884, -1262.2958380853884, -1262.2958380853884, -1262.2958380853884, -1262.2958380853884, -1262.2958380853884, -1298.8024606720949, -1298.8024606720949, -1298.8024606720949, -1298.8024606720949, -1298.8024606720949, -1298.8024606720949, -1298.8024606720949], 
[11342777.262710253, 97874.27348834198, 91071.03644689241, 91071.03644689241, -1297.391606917127, -1297.391606917127, -1297.391606917127, -1297.391606917127, -1297.391606917127, -1297.391606917127, -1297.391606917127, -1297.391606917127, -1297.391606917127, -1297.391606917127, -1297.391606917127, -1297.391606917127, -1297.391606917127, -1297.391606917127, -1297.391606917127, -1297.391606917127], 
[278316.4063021675, 278316.4063021675, 127780.55803586367, 127780.55803586367, 7157.9192091486075, 2468.797455484601, -912.6595069901832, -912.6595069901832, -912.6595069901832, -1290.8553882420274, -1290.8553882420274, -1290.8553882420274, -1290.8553882420274, -1290.8553882420274, -1290.8553882420274, -1290.8553882420274, -1290.8553882420274, -1299.1842569508556, -1299.1842569508556, -1299.358763315465], 
[5170665.554898979, 126296.00999530224, -181.29850664918717, -181.29850664918717, -597.0892488562738, -773.7358443770532, -773.7358443770532, -1170.286060094694, -1170.286060094694, -1170.286060094694, -1170.286060094694, -1170.286060094694, -1265.9171814408214, -1265.9171814408214, -1265.9171814408214, -1265.9171814408214, -1265.9171814408214, -1265.9171814408214, -1295.175293112107, -1295.175293112107], 
[13544.980461798132, 13544.980461798132, 13544.980461798132, 4915.757553435826, 106.97326217956947, 106.97326217956947, -114.36342749973323, -661.7583741308849, -661.7583741308849, -680.2439226066352, -1261.6816691343147, -1261.6816691343147, -1269.6126068318567, -1288.1846423574257, -1288.1846423574257, -1288.1846423574257, -1297.2630568717377, -1297.2630568717377, -1297.2630568717377, -1297.2630568717377], 
[670295.874099932, 102759.86013785648, 1120.4172679334947, 1120.4172679334947, 1120.4172679334947, 1120.4172679334947, -610.961739523611, -975.8792510908556, -975.8792510908556, -975.8792510908556, -1285.292030144569, -1285.292030144569, -1285.292030144569, -1285.292030144569, -1298.3263976140747, -1298.3263976140747, -1298.3263976140747, -1299.7583034308714, -1299.7583034308714, -1299.7583034308714], 
[3903450.2857419867, 782986.3215171138, 488823.10204292106, 28292.837285053978, 15995.777548071525, 2518.4489149627902, 458.79371367724366, 458.79371367724366, 458.79371367724366, 458.79371367724366, -918.9818336730148, -918.9818336730148, -918.9818336730148, -1083.5496425077645, -1193.2920763596849, -1255.8321286923242, -1282.0204651244549, -1282.0204651244549, -1299.4362805950298, -1299.4362805950298], 
[1455785.1552158229, 1455785.1552158229, 1455785.1552158229, 137808.889715589, 523.0163867715007, 523.0163867715007, 523.0163867715007, -1249.7127119016288, -1249.7127119016288, -1264.1360276672765, -1264.1360276672765, -1267.2671380790614, -1267.2671380790614, -1267.2671380790614, -1267.2671380790614, -1267.2671380790614, -1274.8195304948927, -1281.2408527614318, -1297.3271440509002, -1297.3271440509002], 
[2534017.380198397, 87888.3482926887, 79999.40002025371, 302.27830242221034, 302.27830242221034, 302.27830242221034, 302.27830242221034, 302.27830242221034, 302.27830242221034, -808.7712526685095, -951.6647954684993, -1203.0044528164215, -1203.0044528164215, -1203.0044528164215, -1203.0044528164215, -1258.0270352655941, -1258.0270352655941, -1286.0998290141586, -1292.1742256945402, -1297.1845877372555], 
[1195027.6800624933, 3144.7334816505863, 3144.7334816505863, 2832.70129872135, 2832.70129872135, -372.00816298672885, -671.5098556607587, -806.4917025675811, -806.4917025675811, -806.4917025675811, -1167.3290416356315, -1167.3290416356315, -1167.3290416356315, -1167.3290416356315, -1203.4495562082534, -1203.4495562082534, -1280.2448317700555, -1280.2448317700555, -1280.2448317700555, -1280.2448317700555], 
[76259.5669267423, 76259.5669267423, 7620.259777002533, 7620.259777002533, 7620.259777002533, -12.236704288578494, -12.236704288578494, -287.17872556220505, -839.0199721853418, -839.0199721853418, -1223.9715087100483, -1223.9715087100483, -1293.3362990414655, -1293.3362990414655, -1293.3362990414655, -1293.3362990414655, -1293.3362990414655, -1293.3362990414655, -1299.547827927001, -1299.547827927001], 
[386308.50882607856, 40554.182358722814, 40554.182358722814, 15037.001649105667, 15037.001649105667, 9590.222479667458, 7956.655069297669, -827.1057940736558, -827.1057940736558, -1151.6741722103432, -1151.6741722103432, -1151.6741722103432, -1257.4127611066542, -1262.6077827309182, -1262.6077827309182, -1292.8947111187413, -1292.8947111187413, -1292.8947111187413, -1292.8947111187413, -1292.8947111187413], 
[12306889.369902438, 3641972.8704043357, 13134.387955673872, 13134.387955673872, 13134.387955673872, 13134.387955673872, 3103.073783263563, 152.80571031405634, 152.80571031405634, 152.80571031405634, -982.684520040689, -982.684520040689, -982.684520040689, -1259.8825270086159, -1259.8825270086159, -1259.8825270086159, -1286.3199115158195, -1286.3199115158195, -1295.8858926715877, -1295.8858926715877], 
[8511571.247116277, 2209674.444661902, 106958.11108979142, -330.45228788094494, -330.45228788094494, -330.45228788094494, -1126.7904911506585, -1126.7904911506585, -1126.7904911506585, -1258.452687934237, -1258.452687934237, -1258.452687934237, -1273.0041524028638, -1273.0041524028638, -1291.8682611742593, -1291.8682611742593, -1291.8682611742593, -1295.1781361530514, -1295.1781361530514, -1295.1781361530514], 
[-381.79959877162116, -381.79959877162116, -381.79959877162116, -381.79959877162116, -381.79959877162116, -381.79959877162116, -381.79959877162116, -515.7938445853904, -987.5209762154473, -987.5209762154473, -1276.5025304708247, -1276.5025304708247, -1276.5025304708247, -1276.5025304708247, -1276.5025304708247, -1283.8657025439618, -1287.2196431551583, -1287.2196431551583, -1287.2196431551583, -1298.9241500501448], 
[89128.18465035594, 64781.256086148496, 64781.256086148496, 3321.721258241065, 3321.721258241065, 317.48904387284574, -673.8963440505686, -673.8963440505686, -673.8963440505686, -717.5115179866682, -717.5115179866682, -717.5115179866682, -924.3933538574759, -1055.1325737818765, -1278.0978282293045, -1278.0978282293045, -1291.8299547957286, -1291.8299547957286, -1291.8299547957286, -1291.8299547957286], 
[57868.30118353926, 57868.30118353926, 57868.30118353926, 5200.267356156224, 5063.586508049385, -322.09286086578015, -322.09286086578015, -921.3460466495328, -1254.185483643779, -1254.185483643779, -1254.185483643779, -1287.9535207582205, -1287.9535207582205, -1287.9535207582205, -1287.9535207582205, -1287.9535207582205, -1290.995920672926, -1290.995920672926, -1290.995920672926, -1296.3553652557898], 
