[150.56931042168438, 26.255995854483995, 26.255995854483995, 18.346194907992878, 12.924267342747415, 12.924267342747415, 11.592708976353604, 6.568157226580892, 4.529901636754157, 4.529901636754157, 0.6824491548069179, 0.6824491548069179, 0.6824491548069179, 0.4338508077266153, 0.4338508077266153, 0.4267563626346984, 0.14816601878046518, 0.14816601878046518, 0.06336325161128398, 0.00752561108278388], 
[141.70063310385004, 141.70063310385004, 98.77048639458384, 17.533993986511653, 17.533993986511653, 5.112637420082819, 5.112637420082819, 5.112637420082819, 3.3582265949781394, 3.3582265949781394, 1.247919967812924, 1.0930599334092026, 1.0930599334092026, 1.0254776093816527, 0.8905416278711734, 0.7719704154799175, 0.5292384018492012, 0.19832756705439059, 0.19832756705439059, 0.19832756705439059], 
[89.25156111550282, 89.25156111550282, 89.25156111550282, 46.514075251795944, 11.448632163822808, 11.448632163822808, 9.753048883580771, 3.2925618954937237, 3.2925618954937237, 3.2925618954937237, 3.2925618954937237, 2.426297981217383, 1.7787162636296565, 0.9425432022945257, 0.2766721336685492, 0.2766721336685492, 0.2766721336685492, 0.18093469120211453, 0.18093469120211453, 0.18093469120211453], 
[252.5747748651246, 44.623898891098364, 44.623898891098364, 44.623898891098364, 25.72319445621993, 13.133027097780316, 13.133027097780316, 13.133027097780316, 13.133027097780316, 4.020144027690524, 4.020144027690524, 0.8763864727348865, 0.8763864727348865, 0.8763864727348865, 0.5355182478879563, 0.5355182478879563, 0.42265458584178384, 0.32026241425040197, 0.00993398379445177, 0.00993398379445177], 
[212.38590361457236, 53.929440934381674, 6.27372040139702, 6.27372040139702, 6.27372040139702, 6.27372040139702, 6.27372040139702, 6.27372040139702, 6.27372040139702, 6.27372040139702, 2.808585281544352, 1.8341007765210475, 1.8341007765210475, 1.8341007765210475, 0.24430393232043035, 0.24430393232043035, 0.24430393232043035, 0.24430393232043035, 0.24430393232043035, 0.2026322153028966], 
[220.08144021974428, 211.29901500195027, 190.0878903338788, 140.96740912225553, 32.27372927183477, 18.908360194408566, 18.908360194408566, 18.908360194408566, 14.854582301711126, 12.62709519657963, 8.25299016393462, 1.4686940142308982, 1.4686940142308982, 1.4686940142308982, 1.4686940142308982, 0.672262489263393, 0.672262489263393, 0.3533625425153065, 0.3533625425153065, 0.20402564664119327], 
[265.07659969031096, 207.08473470001428, 153.88939113862153, 17.40401584699172, 17.40401584699172, 17.40401584699172, 17.40401584699172, 3.7036042651113936, 0.7509554761439697, 0.7509554761439697, 0.7509554761439697, 0.7509554761439697, 0.7509554761439697, 0.7509554761439697, 0.7509554761439697, 0.7509554761439697, 0.7509554761439697, 0.2987010457403645, 0.1444127990890275, 0.0370665165002423], 
[45.31873531666505, 45.31873531666505, 45.31873531666505, 21.748830725484368, 21.748830725484368, 21.748830725484368, 21.57113159602047, 5.571942233156061, 5.571942233156061, 5.571942233156061, 2.460513697196263, 2.460513697196263, 1.6191105994237016, 0.5163454079901131, 0.5163454079901131, 0.5163454079901131, 0.5163454079901131, 0.4458307633688219, 0.3970617269753574, 0.2326010996770756], 
[50.216206350239425, 50.216206350239425, 50.216206350239425, 22.071016402121018, 10.21079130919426, 10.21079130919426, 5.704459597259147, 4.13780952466453, 4.13780952466453, 3.945054458746211, 3.945054458746211, 2.6411185323254296, 0.3829044057324861, 0.3829044057324861, 0.3683291834139986, 0.3683291834139986, 0.3683291834139986, 0.2721390829618638, 0.07467483327393419, 0.07467483327393419], 
[233.5556607491567, 177.4547014854129, 107.39592563534237, 17.691013307606244, 11.247707954004666, 11.247707954004666, 11.247707954004666, 11.247707954004666, 7.507950320923074, 4.065964049529754, 1.9354222764986473, 1.9354222764986473, 0.819408589474554, 0.819408589474554, 0.819408589474554, 0.7520756144661086, 0.6638928098455028, 0.5383711650642721, 0.14173438501110802, 0.14173438501110802], 
[100.22052138011578, 100.22052138011578, 100.22052138011578, 33.81477160095588, 33.81477160095588, 20.807875452611103, 16.594628270857562, 16.594628270857562, 6.162518543122565, 6.162518543122565, 1.5242504855623742, 0.6696226325835197, 0.6696226325835197, 0.5979274997075332, 0.5979274997075332, 0.5979274997075332, 0.5979274997075332, 0.5979274997075332, 0.37608304536444837, 0.2164426466544132], 
[228.5452665759895, 228.5452665759895, 185.8375909593971, 73.21356797381941, 73.21356797381941, 58.79575877919635, 30.367237692572722, 10.97753584115327, 10.97753584115327, 8.62129869931464, 6.978475825261116, 2.928193362087302, 2.1484443868897594, 0.6899414928901774, 0.6899414928901774, 0.6899414928901774, 0.41496760836171764, 0.41496760836171764, 0.41496760836171764, 0.24142528916139966], 
[93.86226114925832, 59.88542802194326, 23.071619681911322, 23.071619681911322, 14.035874954877071, 14.035874954877071, 14.035874954877071, 3.2605871936125195, 3.2605871936125195, 2.170019155130388, 2.170019155130388, 2.170019155130388, 2.170019155130388, 1.9049449420803923, 1.9049449420803923, 1.6580049745272554, 0.44138775993945356, 0.44138775993945356, 0.3906027019981483, 0.058327029364167775], 
[51.273856123448056, 51.273856123448056, 12.208683730225887, 0.682597050268725, 0.682597050268725, 0.682597050268725, 0.682597050268725, 0.682597050268725, 0.682597050268725, 0.682597050268725, 0.569697728175143, 0.569697728175143, 0.569697728175143, 0.188257277964968, 0.188257277964968, 0.188257277964968, 0.06637012040776699, 0.06637012040776699, 0.06637012040776699, 0.06637012040776699], 
[235.45696564799204, 105.93832474039468, 23.31603538115326, 7.255034687325105, 7.255034687325105, 7.255034687325105, 7.255034687325105, 3.0315252773915358, 3.0315252773915358, 3.0315252773915358, 3.0315252773915358, 1.5753571022178265, 0.9577131088434712, 0.9577131088434712, 0.9577131088434712, 0.3401131027827247, 0.22839417610970195, 0.22839417610970195, 0.22839417610970195, 0.1388269070090945], 
[194.7254880936139, 194.7254880936139, 189.14919923897233, 140.62022786600505, 81.28332484961737, 71.8531237146204, 66.7824648664093, 31.139372824662345, 9.387872595915955, 8.100492356204697, 8.100492356204697, 3.2867772596820575, 2.599286414264419, 2.599286414264419, 2.599286414264419, 2.0491492418754973, 0.36596646341012834, 0.23139669045035427, 0.23139669045035427, 0.23139669045035427], 
[13.822853153219828, 13.822853153219828, 13.822853153219828, 13.822853153219828, 13.822853153219828, 13.775343071899911, 13.775343071899911, 9.788231209712562, 9.624791378508476, 4.0334146168665, 4.0334146168665, 0.16719960041087756, 0.16719960041087756, 0.16719960041087756, 0.16719960041087756, 0.16719960041087756, 0.15158219949088303, 0.13374484743148596, 0.13374484743148596, 0.13374484743148596], 
[62.36029310895886, 58.18466729381006, 58.18466729381006, 58.18466729381006, 26.27005159325518, 9.684979742334997, 4.308466719636666, 4.308466719636666, 4.308466719636666, 2.7373513399849947, 2.7373513399849947, 2.1840836638911414, 0.551740177328504, 0.551740177328504, 0.551740177328504, 0.09042213665883786, 0.09042213665883786, 0.09042213665883786, 0.09042213665883786, 0.09042213665883786], 
[176.01994506727772, 122.7976572510173, 122.7976572510173, 51.15252575770246, 14.813913959252735, 5.955466766250039, 2.7375252823656115, 2.7375252823656115, 1.4390182643907676, 0.8025309153375524, 0.8025309153375524, 0.8025309153375524, 0.8025309153375524, 0.8025309153375524, 0.7523299617104413, 0.19882302847711558, 0.18990101128414338, 0.11112768792959049, 0.11112768792959049, 0.11112768792959049], 
[220.06088353632038, 198.46133313256087, 108.91053193627435, 51.93463681279782, 19.816411941935414, 19.816411941935414, 11.55517665604323, 11.55517665604323, 10.743200379214212, 1.904487134865302, 1.394134067918821, 1.394134067918821, 1.394134067918821, 1.394134067918821, 1.1980566264145507, 0.3114388325533337, 0.3114388325533337, 0.3114388325533337, 0.16027808912295233, 0.16027808912295233], 
[218.08804836707313, 199.1594557079516, 168.08445334575106, 75.85986485844765, 29.182859112106264, 3.879398920051064, 3.879398920051064, 3.879398920051064, 3.879398920051064, 3.879398920051064, 3.116364248560365, 2.410867702212128, 0.519881678483661, 0.519881678483661, 0.4779775126148563, 0.4779775126148563, 0.4779775126148563, 0.1616580835606917, 0.1616580835606917, 0.03371769147765949], 
[134.1382053004709, 134.1382053004709, 100.20844183614338, 87.97600642010244, 34.82840723376398, 8.912403571959441, 8.420557925397066, 8.420557925397066, 8.420557925397066, 4.06669014739497, 4.06669014739497, 2.1599418055771626, 0.9217199107853146, 0.9217199107853146, 0.4215543506216923, 0.4215543506216923, 0.3355004135171691, 0.3355004135171691, 0.17219262564556131, 0.12758472826623565], 
[276.339517587551, 147.89453270963492, 147.89453270963492, 45.763684329351655, 45.763684329351655, 45.763684329351655, 28.755616165673047, 12.996871317216062, 5.2259328057250105, 5.2259328057250105, 5.2259328057250105, 1.893907199755105, 1.893907199755105, 0.8887420677443318, 0.8887420677443318, 0.8887420677443318, 0.7782533986638678, 0.5491732255379914, 0.2118622625900149, 0.152281545962936], 
[181.07043617015177, 131.5024627386557, 100.80147422886307, 84.03220610599033, 39.74837527847301, 11.1489048115479, 2.6336107308955516, 2.6336107308955516, 2.6336107308955516, 1.2364293002614544, 1.2364293002614544, 1.2364293002614544, 1.2364293002614544, 0.8970884034420954, 0.8970884034420954, 0.4412285022984363, 0.4412285022984363, 0.4412285022984363, 0.1178189438821626, 0.1178189438821626], 
[210.71125192391128, 210.71125192391128, 137.66176626119872, 39.17942057827362, 39.17942057827362, 36.4419560194355, 22.938500238886803, 4.0990278174406285, 2.4389727686812384, 0.8200074917270029, 0.8200074917270029, 0.8200074917270029, 0.8200074917270029, 0.3919065267444543, 0.3919065267444543, 0.3919065267444543, 0.27132585030938133, 0.24937124072032335, 0.24937124072032335, 0.24937124072032335], 
[148.7857538819626, 41.15450878503911, 28.143325512370836, 28.143325512370836, 28.143325512370836, 28.143325512370836, 21.65747920235074, 19.681525392525984, 17.765538508789543, 6.413079401036989, 4.935868085359459, 3.7255998518448745, 3.0842420073699834, 0.906967539122378, 0.906967539122378, 0.5274185523242835, 0.10406366826988395, 0.10406366826988395, 0.10406366826988395, 0.10406366826988395], 
[218.48111979786893, 78.88147599402534, 78.88147599402534, 53.62452421745947, 49.23157070055523, 5.817396478307582, 5.817396478307582, 5.817396478307582, 0.30429114280203523, 0.30429114280203523, 0.30429114280203523, 0.30429114280203523, 0.30429114280203523, 0.30429114280203523, 0.30429114280203523, 0.30429114280203523, 0.30429114280203523, 0.30429114280203523, 0.131586422581716, 0.08407313665419727], 
[130.9924540146507, 130.9924540146507, 45.66037481149487, 22.858028020542182, 15.237230067569815, 15.237230067569815, 13.548754824739268, 4.645184993154746, 4.645184993154746, 4.645184993154746, 1.2938763031565301, 1.2927504693981549, 1.2815589945736205, 1.2815589945736205, 1.0350018513843253, 1.0350018513843253, 0.41934563886973153, 0.41934563886973153, 0.262693580127351, 0.23069724210671194], 
[111.91929080289715, 80.55653049254323, 80.55653049254323, 52.09506885469218, 42.06408483042644, 42.06408483042644, 18.53069048116732, 3.1296082151770825, 3.1296082151770825, 3.1296082151770825, 3.1296082151770825, 1.7866765975265053, 1.7866765975265053, 0.5238216993711928, 0.5238216993711928, 0.387157410041081, 0.387157410041081, 0.3219690718050864, 0.3219690718050864, 0.0555447588024044], 
[66.38440819879503, 66.38440819879503, 66.38440819879503, 54.09514878245747, 22.88410159539781, 22.88410159539781, 17.691540721337823, 3.4448312119184594, 3.4448312119184594, 2.4274631937852065, 0.8969595480133498, 0.47145380512941915, 0.47145380512941915, 0.47145380512941915, 0.47145380512941915, 0.47145380512941915, 0.29699532288098285, 0.2923027469884967, 0.2923027469884967, 0.24982192155250518], 
