[103.36260839371566, 103.36260839371566, 103.36260839371566, 102.19579778463505, 102.19579778463505, 102.19579778463505, 102.19579778463505, 102.19579778463505, 73.57879949362075, 73.57879949362075, 73.57879949362075, 73.57879949362075, 73.57879949362075, 73.57879949362075, 73.57879949362075, 73.57879949362075, 73.57879949362075, 70.3110909723406, 65.80635036632155, 65.80635036632155], 
[333.8244292367482, 333.8244292367482, 333.8244292367482, 101.08450200989303, 48.4999391665231, 48.4999391665231, 48.4999391665231, 21.14302023623208, 21.14302023623208, 21.14302023623208, 21.14302023623208, 5.270302004000882, 5.270302004000882, 3.4093098761492615, 3.4093098761492615, 3.035675865329638, 2.101374209592457, 2.101374209592457, 1.3546848866932424, 1.3546848866932424], 
[350.1931050985514, 54.18723415066243, 54.18723415066243, 54.18723415066243, 54.18723415066243, 26.46793381652198, 26.46793381652198, 26.46793381652198, 26.46793381652198, 26.46793381652198, 26.46793381652198, 15.432365409702346, 15.432365409702346, 15.432365409702346, 15.432365409702346, 1.665795048354634, 1.665795048354634, 1.665795048354634, 1.665795048354634, 1.665795048354634], 
[142.2091662133993, 80.63406948311649, 80.63406948311649, 80.63406948311649, 80.63406948311649, 80.63406948311649, 24.38162148925059, 17.3008111510005, 17.3008111510005, 17.3008111510005, 17.3008111510005, 16.710982504004704, 10.241945990425902, 10.241945990425902, 2.3355179611413797, 1.938161252998754, 1.0414236959962049, 0.5088235367558664, 0.3175970836448321, 0.3175970836448321], 
[235.6737448657148, 235.6737448657148, 69.14656983087608, 69.14656983087608, 69.14656983087608, 69.14656983087608, 69.14656983087608, 69.14656983087608, 69.14656983087608, 69.14656983087608, 61.40504832747299, 6.38565222605533, 6.38565222605533, 6.38565222605533, 6.38565222605533, 6.38565222605533, 4.561518580494085, 4.561518580494085, 4.561518580494085, 0.5891352309114938], 
[244.38115881908584, 109.84858108420303, 71.63436680037502, 71.63436680037502, 34.51031586707668, 34.51031586707668, 34.51031586707668, 34.51031586707668, 34.51031586707668, 34.51031586707668, 34.51031586707668, 34.51031586707668, 34.51031586707668, 0.9034207262243354, 0.9034207262243354, 0.9034207262243354, 0.9034207262243354, 0.9034207262243354, 0.9034207262243354, 0.885698016927933], 
[187.8644020711399, 56.32249063060824, 56.32249063060824, 56.32249063060824, 56.32249063060824, 56.32249063060824, 56.32249063060824, 56.32249063060824, 19.74234497442101, 19.74234497442101, 7.24116609175316, 7.24116609175316, 7.24116609175316, 7.24116609175316, 6.98433818500906, 6.98433818500906, 6.98433818500906, 6.139345100425752, 2.3409093025614975, 1.4081108963729438], 
[476.1436950936279, 218.96520381412878, 218.96520381412878, 140.31836643623964, 70.82605340217721, 70.82605340217721, 70.23385139844451, 19.43803197524213, 19.43803197524213, 19.43803197524213, 19.43803197524213, 19.43803197524213, 6.293747082723831, 6.293747082723831, 6.293747082723831, 6.293747082723831, 1.380018258615226, 1.380018258615226, 1.380018258615226, 0.7648615842232899], 
[305.40502303457794, 268.62932156435363, 221.70753222064974, 19.220077462586282, 19.220077462586282, 7.848467698492431, 7.848467698492431, 7.848467698492431, 7.848467698492431, 7.848467698492431, 7.848467698492431, 7.848467698492431, 2.7781622144002562, 1.1130617201392385, 1.1130617201392385, 1.1130617201392385, 1.1130617201392385, 0.7740619438599681, 0.08825087355898886, 0.08825087355898886], 
[208.0121423455722, 99.81028014931566, 99.81028014931566, 99.81028014931566, 99.81028014931566, 66.35424624884146, 55.65978508857505, 55.65978508857505, 55.65978508857505, 31.46105330834963, 31.46105330834963, 31.46105330834963, 14.159482399586718, 0.5331691119375097, 0.5331691119375097, 0.5331691119375097, 0.5331691119375097, 0.44620431880504385, 0.44620431880504385, 0.44620431880504385], 
[167.8306698696106, 88.41121924870902, 88.41121924870902, 80.84388303526629, 80.84388303526629, 80.84388303526629, 65.61408228480077, 49.43710493492242, 49.43710493492242, 49.43710493492242, 49.43710493492242, 49.43710493492242, 26.988243093307858, 13.672375308824872, 13.672375308824872, 13.672375308824872, 13.672375308824872, 13.672375308824872, 1.5261283312196698, 1.5261283312196698], 
[332.16546694956276, 332.16546694956276, 126.48475531938888, 126.48475531938888, 117.18789792045267, 117.18789792045267, 117.18789792045267, 117.18789792045267, 46.49899244206402, 46.49899244206402, 44.705025072312175, 21.62351019981271, 21.62351019981271, 21.62351019981271, 21.62351019981271, 21.62351019981271, 2.4488688038627195, 0.6602987097583913, 0.6602987097583913, 0.6602987097583913], 
[292.8004851229969, 128.06856893823104, 32.945310410353756, 21.352250313562404, 21.352250313562404, 21.352250313562404, 21.352250313562404, 21.352250313562404, 21.352250313562404, 18.765021725443706, 18.765021725443706, 18.765021725443706, 18.765021725443706, 17.474009688430623, 17.474009688430623, 17.474009688430623, 3.0590379744562766, 2.004278787066871, 2.004278787066871, 1.2165806089721936], 
[296.22898968636105, 296.22898968636105, 262.6725507386387, 110.15265726931666, 57.343841687773924, 57.343841687773924, 57.343841687773924, 18.68413356579133, 18.68413356579133, 18.68413356579133, 17.96532819964545, 17.96532819964545, 17.96532819964545, 17.96532819964545, 12.127425186533285, 12.127425186533285, 11.341843561412444, 9.461228816668925, 3.73769273855273, 2.7279855553965837], 
[322.91619625176423, 310.46840314400623, 310.46840314400623, 210.48207057785237, 121.7405772196434, 104.09936574505592, 104.09936574505592, 69.50242845297012, 69.50242845297012, 19.481421068668777, 19.481421068668777, 19.481421068668777, 17.23487532756775, 17.23487532756775, 17.23487532756775, 2.9544826971384035, 2.9544826971384035, 2.9544826971384035, 2.290073202258193, 2.290073202258193], 
[428.3776243948844, 244.02031290051315, 223.9679788903681, 71.03531011782724, 71.03531011782724, 71.03531011782724, 26.506483566976797, 26.506483566976797, 16.907912461044013, 16.907912461044013, 16.907912461044013, 13.745583550957406, 13.745583550957406, 13.745583550957406, 8.350638042039094, 2.754507049771236, 0.4932252577814427, 0.4932252577814427, 0.4932252577814427, 0.4932252577814427], 
[332.15175964506625, 265.65372160102237, 265.65372160102237, 84.24448990360231, 80.41936534293319, 80.41936534293319, 68.19027275771597, 58.06528041815597, 0.7605523001792303, 0.7605523001792303, 0.7605523001792303, 0.7605523001792303, 0.7605523001792303, 0.7605523001792303, 0.7605523001792303, 0.7605523001792303, 0.7605523001792303, 0.7605523001792303, 0.7605523001792303, 0.7605523001792303], 
[281.3953503410434, 267.85721580757695, 241.20643294948758, 82.05236812089647, 82.05236812089647, 15.134859224911057, 15.134859224911057, 15.134859224911057, 15.134859224911057, 15.134859224911057, 15.134859224911057, 15.134859224911057, 12.223616304288596, 12.223616304288596, 12.223616304288596, 12.223616304288596, 12.223616304288596, 12.223616304288596, 12.010326446291025, 2.620611895120185], 
[91.90098173762824, 91.90098173762824, 91.90098173762824, 62.492730503704024, 62.492730503704024, 62.492730503704024, 62.492730503704024, 56.50030040063203, 56.50030040063203, 56.50030040063203, 54.61743902539161, 54.61743902539161, 54.61743902539161, 7.422855741834198, 7.422855741834198, 7.422855741834198, 1.3910181687444323, 1.3910181687444323, 1.0489958614604573, 1.0489958614604573], 
[53.52217473049056, 53.52217473049056, 53.52217473049056, 53.52217473049056, 53.52217473049056, 53.52217473049056, 53.52217473049056, 6.2331286438898585, 6.2331286438898585, 6.2331286438898585, 4.99937272910986, 4.99937272910986, 4.99937272910986, 4.99937272910986, 4.99937272910986, 4.99937272910986, 2.0279172057750015, 2.0279172057750015, 2.0279172057750015, 0.6657979293622389], 
[321.4062756429982, 188.27759066777577, 156.65494540340984, 113.03930636348473, 113.03930636348473, 113.03930636348473, 92.84135500470539, 90.91411122894395, 60.58439201784892, 60.58439201784892, 18.69185312594171, 18.69185312594171, 18.69185312594171, 11.938471197987093, 11.938471197987093, 11.938471197987093, 6.615319700603967, 1.1838941554635671, 1.1838941554635671, 1.1838941554635671], 
[143.01576304581698, 143.01576304581698, 143.01576304581698, 131.7888124508052, 131.7888124508052, 131.7888124508052, 45.72847086930677, 45.72847086930677, 45.72847086930677, 35.77557925272912, 35.77557925272912, 35.77557925272912, 13.297939413449022, 13.297939413449022, 13.297939413449022, 9.82396694527233, 0.46878322482585244, 0.46878322482585244, 0.46878322482585244, 0.46878322482585244], 
[225.4039316448011, 183.66124033786488, 176.10194386343238, 176.10194386343238, 176.10194386343238, 172.6399042356929, 156.33214680581816, 156.33214680581816, 117.58409955448126, 87.70176154456703, 87.70176154456703, 87.70176154456703, 70.9311353337363, 70.9311353337363, 70.9311353337363, 70.9311353337363, 70.9311353337363, 70.4495708318792, 42.386435521783426, 42.386435521783426], 
[312.9808539783734, 157.10615380503066, 157.10615380503066, 146.90910097231685, 95.3942925172508, 95.3942925172508, 95.3942925172508, 91.30008453364874, 91.30008453364874, 86.49601771222036, 86.49601771222036, 21.778683808009557, 2.3850281794811012, 2.3850281794811012, 2.3850281794811012, 2.3850281794811012, 2.3850281794811012, 2.3850281794811012, 2.3850281794811012, 2.3850281794811012], 
[169.10618862568037, 169.10618862568037, 169.10618862568037, 169.10618862568037, 169.10618862568037, 169.10618862568037, 169.10618862568037, 151.072394123893, 151.072394123893, 122.58223537331631, 60.65107176864519, 60.65107176864519, 20.96952299505566, 20.96952299505566, 20.96952299505566, 13.484025866046867, 13.484025866046867, 13.484025866046867, 13.484025866046867, 13.484025866046867], 
[145.35969287276401, 145.35969287276401, 117.14068815784813, 18.809112375141403, 18.809112375141403, 18.809112375141403, 18.809112375141403, 18.809112375141403, 18.809112375141403, 18.809112375141403, 18.809112375141403, 17.686045154636215, 12.913231784553833, 12.913231784553833, 11.243010342703428, 0.34783596806483763, 0.34783596806483763, 0.34783596806483763, 0.34783596806483763, 0.34783596806483763], 
[81.53983048650866, 64.12525384901885, 64.12525384901885, 64.12525384901885, 64.12525384901885, 64.12525384901885, 55.668978922914846, 27.955282126962835, 27.955282126962835, 27.955282126962835, 1.0593885526612539, 1.0593885526612539, 1.0593885526612539, 1.0593885526612539, 1.0593885526612539, 1.0593885526612539, 1.0593885526612539, 0.4324716539813811, 0.4324716539813811, 0.4324716539813811], 
[239.13729420081614, 116.46545036307961, 116.46545036307961, 116.46545036307961, 116.46545036307961, 116.46545036307961, 59.38221675201208, 43.801322780756664, 43.801322780756664, 32.208887417281844, 3.237434905194256, 3.237434905194256, 3.237434905194256, 3.237434905194256, 3.138435752961062, 0.4718395452261467, 0.4718395452261467, 0.4718395452261467, 0.44987318935993387, 0.44987318935993387], 
[364.5159685397223, 169.95775859750827, 169.95775859750827, 157.78869518408413, 78.5020613215019, 78.5020613215019, 0.04274711999192691, 0.04274711999192691, 0.04274711999192691, 0.04274711999192691, 0.04274711999192691, 0.04274711999192691, 0.04274711999192691, 0.04274711999192691, 0.04274711999192691, 0.04274711999192691, 0.04274711999192691, 0.04274711999192691, 0.04274711999192691, 0.04274711999192691], 
[429.2568613863052, 192.74167819385804, 168.3494722262759, 37.75242487722693, 37.75242487722693, 37.75242487722693, 37.75242487722693, 37.75242487722693, 37.75242487722693, 37.75242487722693, 21.42699100665967, 13.485335501362357, 13.485335501362357, 11.994642391684982, 11.994642391684982, 11.994642391684982, 7.170547001121683, 4.829975345331844, 0.22322201478574855, 0.22322201478574855], 
