[372130.05806051806, 104327.87862878494, 86950.52485315784, 35709.0203603821, 35709.0203603821, 9378.686547120556, 1998.7049647243557, -857.8580305358727, -857.8580305358727, -857.8580305358727, -857.8580305358727, -857.8580305358727, -857.8580305358727, -1229.1850686937614, -1229.1850686937614, -1229.1850686937614, -1229.239890015987, -1282.6163997290976, -1297.5080882829757, -1297.5080882829757], 
[5890776.676204961, 50311.32974836972, 2612.007214039785, 2612.007214039785, 2612.007214039785, -338.1688556601242, -338.1688556601242, -802.5514276863771, -802.5514276863771, -802.5514276863771, -1213.9148937632865, -1281.673331488674, -1281.673331488674, -1281.673331488674, -1281.673331488674, -1281.673331488674, -1290.4030172932482, -1294.6084183004725, -1294.6084183004725, -1294.6084183004725], 
[176516.6624470405, 89335.26252563656, 81889.73030693943, 10015.032501056376, 3755.3007150972035, 604.9727616752875, 604.9727616752875, -895.7993149720901, -895.7993149720901, -895.7993149720901, -895.7993149720901, -947.8007728904995, -1187.4893476622274, -1225.4951076431394, -1263.493549095798, -1263.493549095798, -1263.493549095798, -1287.3961022785616, -1292.6578176127193, -1292.6578176127193], 
[434503.8196752004, 434503.8196752004, 25916.524738321168, 17308.02006053268, 14475.186854506428, 14475.186854506428, 5503.319683737682, 2961.2664089002874, 2961.2664089002874, 2961.2664089002874, -300.5371251973677, -393.5157097910203, -1235.9684527238267, -1235.9684527238267, -1284.4071727369214, -1284.4071727369214, -1284.4071727369214, -1285.3169818977294, -1291.3061130968126, -1291.3061130968126], 
[2198514.1620280077, 37973.872410186144, 37973.872410186144, 37973.872410186144, 15946.538441797533, -932.5514401841968, -932.5514401841968, -932.5514401841968, -1190.5252746160759, -1190.5252746160759, -1190.5252746160759, -1190.5252746160759, -1190.5252746160759, -1236.3402580416466, -1236.3402580416466, -1236.3402580416466, -1270.0139471157192, -1292.6724032854602, -1292.6724032854602, -1298.5794485454867], 
[133274.7801021143, 14639.364784032816, 6525.892365425809, 2232.9439591719083, 2232.9439591719083, -1162.193111549671, -1162.193111549671, -1162.193111549671, -1162.193111549671, -1162.193111549671, -1162.193111549671, -1220.659340938098, -1220.659340938098, -1273.9232743596888, -1294.4346879691302, -1299.6867107602504, -1299.6867107602504, -1299.6867107602504, -1299.6867107602504, -1299.6867107602504], 
[258300.09106982625, 33686.65069904821, 12553.635938442609, 12553.635938442609, 2043.0510638452579, 456.0425311392826, -612.5197620435379, -1036.4628562056619, -1036.4628562056619, -1233.5533340725513, -1233.5533340725513, -1275.9948943957377, -1275.9948943957377, -1275.9948943957377, -1275.9948943957377, -1275.9948943957377, -1298.2277595284645, -1298.5192907997928, -1298.5192907997928, -1298.5192907997928], 
[2941663.1822494166, 2941663.1822494166, 135151.97306880285, 4010.1868655013386, 4010.1868655013386, 4010.1868655013386, 49.31201898174322, 49.31201898174322, -1187.5581953932415, -1187.5581953932415, -1187.5581953932415, -1187.5581953932415, -1290.7705199337436, -1290.7705199337436, -1294.4641416895684, -1294.4641416895684, -1294.4641416895684, -1294.4641416895684, -1294.4641416895684, -1294.4641416895684], 
[252418.0176518162, 141472.11243887586, 118727.31406534498, 45307.32578656389, -250.17979165859288, -250.17979165859288, -250.17979165859288, -250.17979165859288, -250.17979165859288, -886.6128234946578, -886.6128234946578, -1252.2264022181275, -1252.2264022181275, -1252.2264022181275, -1252.2264022181275, -1252.2264022181275, -1252.2264022181275, -1270.7437846743535, -1270.7437846743535, -1293.2389178148712], 
[2209640.5831351345, 346838.35085585737, 16030.77571185922, 657.0414107974427, 657.0414107974427, 657.0414107974427, 657.0414107974427, 286.9229074528462, -741.6012075651158, -741.6012075651158, -1006.3037436511663, -1255.2651310272458, -1255.2651310272458, -1255.2651310272458, -1292.694766755678, -1292.694766755678, -1292.694766755678, -1292.694766755678, -1292.694766755678, -1297.7255613447949], 
[45264.68546717081, 6770.563322163554, 6770.563322163554, 6770.563322163554, 6770.563322163554, 4034.8783748904416, -792.2463514118969, -1155.139441854042, -1155.139441854042, -1155.139441854042, -1155.139441854042, -1255.0238150185658, -1255.0238150185658, -1286.08752394428, -1286.08752394428, -1286.08752394428, -1286.08752394428, -1293.1739182272681, -1296.58642130641, -1296.58642130641], 
[111991.10465058094, 111991.10465058094, 111991.10465058094, 66660.99730211605, 8109.041626566506, 8109.041626566506, 2432.3093325473037, -1102.4329459629676, -1102.4329459629676, -1102.4329459629676, -1235.134245315049, -1235.134245315049, -1263.2368613703538, -1288.8347634633735, -1293.5681346648255, -1293.5681346648255, -1297.786293211136, -1297.786293211136, -1298.6502594203555, -1298.6502594203555], 
[2335986.1529907417, 93449.93693865265, -203.4998638953391, -203.4998638953391, -203.4998638953391, -203.4998638953391, -329.4919090358169, -329.4919090358169, -329.4919090358169, -703.3880285241784, -1241.6369111526733, -1243.6786281673192, -1243.6786281673192, -1243.6786281673192, -1243.6786281673192, -1251.5360072565834, -1281.489834359185, -1294.1433065515605, -1294.1433065515605, -1294.1433065515605], 
[2052423.4288311703, -217.14791944954072, -217.14791944954072, -217.14791944954072, -217.14791944954072, -217.14791944954072, -217.14791944954072, -217.14791944954072, -1234.824596475781, -1234.824596475781, -1234.824596475781, -1236.7376325649434, -1236.7376325649434, -1244.3234451052344, -1252.7892712896555, -1295.5261404532855, -1295.5261404532855, -1295.5261404532855, -1295.5261404532855, -1295.5261404532855], 
[1278683.9582488171, 75520.50110079753, 75520.50110079753, 34495.08915533558, -386.40174645258185, -386.40174645258185, -386.40174645258185, -1052.2342977860833, -1052.2342977860833, -1052.2342977860833, -1052.2342977860833, -1271.5069456977383, -1282.7099996747274, -1282.7099996747274, -1282.7099996747274, -1299.3029453832442, -1299.3029453832442, -1299.3029453832442, -1299.3029453832442, -1299.3029453832442], 
[78983.73740232248, 78983.73740232248, 53152.03885205773, 6537.009199329062, 6537.009199329062, 1006.5387115771214, -1104.1743589229, -1104.1743589229, -1104.1743589229, -1104.1743589229, -1209.825261340148, -1209.825261340148, -1215.2989961372468, -1256.6879406621174, -1267.378481991454, -1267.378481991454, -1267.378481991454, -1273.3325724720173, -1273.3325724720173, -1277.9459405527925], 
[162732.4840407026, 45832.08913097771, 16254.62748176774, 16254.62748176774, 13595.94436791222, 1534.8904165487352, 1534.8904165487352, -1158.4212159582505, -1158.4212159582505, -1158.4212159582505, -1266.2575057014371, -1266.2575057014371, -1266.2575057014371, -1266.2575057014371, -1266.2575057014371, -1266.2575057014371, -1298.821254203158, -1298.821254203158, -1298.821254203158, -1298.821254203158], 
[33398.75795523204, 33398.75795523204, 33398.75795523204, 12622.544396573641, 12622.544396573641, 58.83721698843715, -1004.1021755594096, -1004.1021755594096, -1004.1021755594096, -1244.8429570466812, -1244.8429570466812, -1258.948014499937, -1258.948014499937, -1258.948014499937, -1258.948014499937, -1298.3353049359523, -1298.3353049359523, -1298.3353049359523, -1298.3353049359523, -1298.3353049359523], 
[612668.0739302317, 612668.0739302317, 81659.00235007553, 6710.538137812857, 6710.538137812857, 6710.538137812857, 1278.434640308854, 769.0898528079929, 769.0898528079929, -1259.6654291922498, -1259.6654291922498, -1259.6654291922498, -1259.6654291922498, -1259.6654291922498, -1259.6654291922498, -1259.6654291922498, -1294.4331095342316, -1294.4331095342316, -1294.4331095342316, -1299.0738874727574], 
[2875.2256042012814, 2875.2256042012814, 2875.2256042012814, 2681.762772175029, 2681.762772175029, -791.023192142185, -1040.731684787103, -1202.5980254292483, -1202.5980254292483, -1202.5980254292483, -1202.5980254292483, -1202.5980254292483, -1202.5980254292483, -1294.7053577118843, -1294.7053577118843, -1294.7053577118843, -1294.7053577118843, -1299.6264073100683, -1299.6264073100683, -1299.6264073100683], 
[440329.4305132247, 440329.4305132247, 32065.16470503649, 8040.487979981226, 8040.487979981226, -186.17280766141926, -767.9147382307764, -1078.4054345105153, -1078.4054345105153, -1078.4054345105153, -1078.4054345105153, -1273.0182411302535, -1273.0182411302535, -1273.0182411302535, -1273.0182411302535, -1280.9282542559072, -1280.9282542559072, -1292.5255021092812, -1292.5255021092812, -1292.5255021092812], 
[514176.90997109923, 289752.812965652, 11213.729538550626, -622.5257587117935, -622.5257587117935, -652.6484164358552, -652.6484164358552, -1172.108067962034, -1172.108067962034, -1287.12707601035, -1287.12707601035, -1287.12707601035, -1287.12707601035, -1287.12707601035, -1287.12707601035, -1287.12707601035, -1287.12707601035, -1287.12707601035, -1287.12707601035, -1299.2520552600965], 
[3316844.64337525, 2937210.120490487, 6294.375572636427, 6294.375572636427, 6294.375572636427, -1262.3805542087377, -1262.3805542087377, -1262.3805542087377, -1262.3805542087377, -1262.3805542087377, -1262.3805542087377, -1262.3805542087377, -1291.0610130627338, -1291.0610130627338, -1291.0610130627338, -1291.0610130627338, -1291.0610130627338, -1291.8469181951086, -1291.8469181951086, -1291.8469181951086], 
[2005120.1187636335, 544922.1029811851, 4496.917605599016, 4496.917605599016, 4496.917605599016, 3754.871412433119, -1076.5053373269639, -1076.5053373269639, -1080.0383767589296, -1259.3725506710666, -1259.3725506710666, -1259.3725506710666, -1267.60626023386, -1276.831493652477, -1276.831493652477, -1276.831493652477, -1276.831493652477, -1289.2126454363915, -1299.5488328070323, -1299.5488328070323], 
[3384.263641069416, 3384.263641069416, 3384.263641069416, 3384.263641069416, 3384.263641069416, 3384.263641069416, 3384.263641069416, -930.3205131770619, -1060.6910768822352, -1060.6910768822352, -1060.6910768822352, -1060.6910768822352, -1060.6910768822352, -1292.5049303059316, -1292.5049303059316, -1292.5049303059316, -1292.5049303059316, -1292.5049303059316, -1292.5049303059316, -1299.034088385033], 
[136.1878358057952, 136.1878358057952, 136.1878358057952, 136.1878358057952, 136.1878358057952, -295.69023256345235, -295.69023256345235, -812.3724020941486, -1291.745223998724, -1291.745223998724, -1291.745223998724, -1291.745223998724, -1291.745223998724, -1291.745223998724, -1291.745223998724, -1292.0927522255554, -1299.8082892132863, -1299.8082892132863, -1299.8082892132863, -1299.8082892132863], 
[286313.1406093202, 286313.1406093202, 753.8205981151395, 753.8205981151395, 753.8205981151395, 542.8341709966103, 542.8341709966103, -1162.6086727258485, -1217.3859337184465, -1217.3859337184465, -1217.3859337184465, -1296.4062672991104, -1296.4062672991104, -1296.4062672991104, -1296.4062672991104, -1299.4359497157077, -1299.4359497157077, -1299.4359497157077, -1299.4359497157077, -1299.4359497157077], 
[910743.1858106285, 76350.42795227932, 8602.332406336252, 564.5367383361079, 564.5367383361079, -236.66163673438928, -236.66163673438928, -1136.0520476234158, -1136.0520476234158, -1136.0520476234158, -1136.0520476234158, -1136.0520476234158, -1218.9296701339613, -1218.9296701339613, -1228.3978729051787, -1270.5367815216487, -1271.9848176349496, -1271.9848176349496, -1277.7820931458357, -1277.7820931458357], 
[1103281.2519267588, 184579.8489731051, 72702.14205805009, 12542.620311431205, 12542.620311431205, 3965.6378314087906, 3546.902947522177, 3546.902947522177, -175.27926820781067, -701.2134258532662, -701.2134258532662, -1265.1019671705008, -1265.1019671705008, -1265.1019671705008, -1265.1019671705008, -1265.1019671705008, -1265.1019671705008, -1265.1019671705008, -1268.2284047975063, -1299.2092868667053], 
[2643.3493295557682, 2643.3493295557682, 2643.3493295557682, 2643.3493295557682, 2643.3493295557682, 2643.3493295557682, 2270.3472239137104, -736.8001102522119, -736.8001102522119, -736.8001102522119, -1091.234888630168, -1111.680084901433, -1111.680084901433, -1234.563878552814, -1234.563878552814, -1234.563878552814, -1299.6719265046665, -1299.6719265046665, -1299.6719265046665, -1299.6719265046665], 
