[5293748.919517534, 29092.578167670596, 29092.578167670596, 9191.967829210922, 1738.1876093169594, 1738.1876093169594, 1738.1876093169594, 1650.270302571229, 1650.270302571229, -707.2034697374461, -811.484252164429, -929.987423621717, -929.987423621717, -1184.7236314117565, -1184.7236314117565, -1271.6193144394163, -1271.6193144394163, -1298.3574197239698, -1298.3574197239698, -1298.3574197239698], 
[1243807.6127563536, 112666.47054076967, 112666.47054076967, 1302.1629054865411, 1302.1629054865411, 1302.1629054865411, 528.007758614081, -189.20405275226472, -1268.8017144628354, -1268.8017144628354, -1268.8017144628354, -1288.5739420656462, -1288.5739420656462, -1288.5739420656462, -1288.5739420656462, -1288.5739420656462, -1288.5739420656462, -1296.5285048413452, -1296.5285048413452, -1296.9738558289494], 
[28489.043567956363, 738.9277480272888, 738.9277480272888, -909.0082772264971, -909.0082772264971, -1079.1395256804772, -1079.1395256804772, -1079.1395256804772, -1079.1395256804772, -1079.1395256804772, -1079.1395256804772, -1205.2164887578465, -1205.2164887578465, -1205.2164887578465, -1289.6389136679177, -1289.6389136679177, -1289.6389136679177, -1289.6389136679177, -1294.2862467021196, -1294.2862467021196], 
[243841.01923222115, 243841.01923222115, 2337.406800526701, 2337.406800526701, 2337.406800526701, -934.8953766733348, -934.8953766733348, -934.8953766733348, -934.8953766733348, -1255.7120918140333, -1255.7120918140333, -1255.7120918140333, -1266.8964926682684, -1266.8964926682684, -1266.8964926682684, -1266.8964926682684, -1276.7341589510133, -1297.3398334587343, -1297.3398334587343, -1297.3398334587343], 
[98658.91176118387, 98658.91176118387, 98658.91176118387, 14034.344471336983, 14034.344471336983, 14034.344471336983, 4744.471769011161, 1604.1051582201344, -574.0994217012334, -574.0994217012334, -1160.1136734456734, -1160.1136734456734, -1299.237603898218, -1299.237603898218, -1299.237603898218, -1299.237603898218, -1299.237603898218, -1299.237603898218, -1299.237603898218, -1299.237603898218], 
[9640394.789368374, 4849919.1131731365, 154877.75281889088, 14489.894847187858, 980.3406279454484, 980.3406279454484, -977.0567257919845, -977.0567257919845, -1045.7211464495601, -1106.5101251855149, -1168.8189790199503, -1168.8189790199503, -1210.4913847359237, -1210.4913847359237, -1210.4913847359237, -1210.4913847359237, -1272.160128161974, -1272.160128161974, -1272.160128161974, -1279.9074715059132], 
[196054.15350536723, 196054.15350536723, 135721.13338198303, 135721.13338198303, 4338.33074152052, 4338.33074152052, -979.0368618720058, -979.0368618720058, -979.0368618720058, -1237.483934109135, -1237.483934109135, -1237.483934109135, -1237.483934109135, -1237.483934109135, -1258.8103866111646, -1289.785535329338, -1289.785535329338, -1289.785535329338, -1289.785535329338, -1289.785535329338], 
[110025.64153585894, 75697.94697027696, 13373.841156713437, 1683.2604257652893, 1683.2604257652893, 1683.2604257652893, 1109.9973953717454, -1139.6449048074633, -1266.835447892243, -1266.835447892243, -1266.835447892243, -1266.835447892243, -1266.835447892243, -1266.835447892243, -1266.835447892243, -1280.8193650976623, -1295.4942059530679, -1295.4942059530679, -1295.4942059530679, -1295.4942059530679], 
[2559742.819953067, 522.9442991361595, 522.9442991361595, 522.9442991361595, 522.9442991361595, 522.9442991361595, 522.9442991361595, -989.0206215053566, -989.0206215053566, -994.5760451029367, -1121.6252687112421, -1121.6252687112421, -1261.4239223390562, -1261.4239223390562, -1261.4239223390562, -1261.4239223390562, -1294.4015557833336, -1296.9901273614232, -1299.8737566082946, -1299.8737566082946], 
[36070.66324383459, 36070.66324383459, 36070.66324383459, -1174.8571000958664, -1174.8571000958664, -1174.8571000958664, -1174.8571000958664, -1174.8571000958664, -1267.532265769689, -1267.532265769689, -1267.532265769689, -1267.532265769689, -1267.532265769689, -1267.532265769689, -1267.532265769689, -1267.532265769689, -1267.532265769689, -1267.532265769689, -1290.675409645897, -1290.675409645897], 
[2074649.9490354152, 4868.885175580453, 4868.885175580453, -224.7561083074845, -224.7561083074845, -224.7561083074845, -728.3258652160358, -728.3258652160358, -849.1741551875484, -1003.128740834471, -1003.128740834471, -1172.3870730273532, -1225.1923033206579, -1287.1507840583597, -1289.5802040217725, -1289.5802040217725, -1297.2309100540415, -1297.2309100540415, -1297.2309100540415, -1297.2309100540415], 
[7083200.267997436, 13461.347183938622, 13461.347183938622, 7008.813936418504, 7008.813936418504, 7008.813936418504, 7008.813936418504, 768.1348863478524, -960.7344261032927, -960.7344261032927, -960.7344261032927, -1246.392137163938, -1246.392137163938, -1246.392137163938, -1259.7403647561139, -1259.7403647561139, -1283.0486234478458, -1283.0486234478458, -1283.0486234478458, -1283.0486234478458], 
[599743.119208047, 325910.826057181, 2249.407357164906, 83.95576462149575, 83.95576462149575, -1177.191338699291, -1177.191338699291, -1177.191338699291, -1232.0573314707328, -1232.0573314707328, -1232.0573314707328, -1258.7532172106305, -1258.7532172106305, -1258.7532172106305, -1286.0886101400306, -1286.0886101400306, -1298.1659305635942, -1299.3679516539635, -1299.3679516539635, -1299.3679516539635], 
[11751.10254454325, 11751.10254454325, 11751.10254454325, 11751.10254454325, 11751.10254454325, 9051.4370837196, 393.5908145538524, 278.4630815511473, 278.4630815511473, -158.06853927141515, -741.2479282501943, -1220.9878339753225, -1240.917103348084, -1240.917103348084, -1240.917103348084, -1252.742028273649, -1252.742028273649, -1256.5294641416538, -1263.9959828003127, -1289.3175364828433], 
[1409107.455851372, 78884.04647736196, -659.037244333373, -659.037244333373, -659.037244333373, -659.037244333373, -1217.805812088972, -1217.805812088972, -1217.805812088972, -1217.805812088972, -1217.805812088972, -1217.805812088972, -1217.805812088972, -1217.805812088972, -1217.805812088972, -1247.7476794133372, -1295.2658137282947, -1295.2658137282947, -1295.2658137282947, -1295.9846168739675], 
[2568173.4558697906, 38426.19876914705, 5970.8446947854245, -1094.0405749128452, -1094.0405749128452, -1094.0405749128452, -1094.0405749128452, -1094.0405749128452, -1197.85134306809, -1279.586380876884, -1279.586380876884, -1279.586380876884, -1279.586380876884, -1279.586380876884, -1279.586380876884, -1279.586380876884, -1279.586380876884, -1280.3445922933088, -1297.1544638365624, -1297.1544638365624], 
[13047.416185103706, 13047.416185103706, 10174.508518800738, 1814.5082154723573, 1814.5082154723573, -940.676624096923, -940.676624096923, -940.676624096923, -1291.7176995349935, -1291.7176995349935, -1291.7176995349935, -1291.7176995349935, -1291.7176995349935, -1291.7176995349935, -1294.7072735584686, -1294.7072735584686, -1294.7072735584686, -1294.7072735584686, -1294.7072735584686, -1294.7072735584686], 
[58833.87981268761, 58833.87981268761, 14848.468772008055, 14848.468772008055, 6153.571509104479, -1203.9696844165933, -1203.9696844165933, -1203.9696844165933, -1203.9696844165933, -1203.9696844165933, -1203.9696844165933, -1203.9696844165933, -1203.9696844165933, -1203.9696844165933, -1203.9696844165933, -1214.5650983433911, -1214.5650983433911, -1283.2866722307542, -1290.7055015091044, -1290.7055015091044], 
[1342.097756585199, 1342.097756585199, 435.5149687867247, 435.5149687867247, 435.5149687867247, -1170.2050472353815, -1170.2050472353815, -1205.6232012480539, -1205.6232012480539, -1205.6232012480539, -1281.1792841402112, -1281.1792841402112, -1281.1792841402112, -1281.1792841402112, -1281.1792841402112, -1296.2426930149534, -1296.2426930149534, -1296.2426930149534, -1296.2426930149534, -1296.2426930149534], 
[-138.78664203619905, -138.78664203619905, -138.78664203619905, -138.78664203619905, -138.78664203619905, -138.78664203619905, -138.78664203619905, -491.7809250080628, -725.1248130905387, -725.1248130905387, -725.1248130905387, -876.8597158833339, -1091.4075727855404, -1091.4075727855404, -1091.4075727855404, -1260.153985723838, -1260.153985723838, -1275.5922266362873, -1277.9512713225774, -1293.2062624457271], 
[509854.9075469685, 117733.36286259789, 117733.36286259789, 28219.609493913842, 14512.606992163404, 1493.06388969833, -13.350179621637835, -194.71868619187626, -194.71868619187626, -671.216016279471, -1024.1444174177786, -1024.1444174177786, -1158.5454660737614, -1270.3686021691447, -1270.3686021691447, -1270.3686021691447, -1297.9866289437077, -1297.9866289437077, -1297.9866289437077, -1297.9866289437077], 
[457378.70878448425, 267290.59888401366, 192556.23174864886, -748.3243825069338, -748.3243825069338, -962.2436404982019, -1185.414475679503, -1185.414475679503, -1185.414475679503, -1185.414475679503, -1185.414475679503, -1185.414475679503, -1185.414475679503, -1281.745827486038, -1296.9145906973451, -1296.9145906973451, -1296.9145906973451, -1296.9145906973451, -1296.9145906973451, -1297.799390848061], 
[4509653.004044675, 77928.11425750503, 77928.11425750503, 77928.11425750503, 53353.611708463395, 14137.569726104815, 2337.213116986095, 1511.1269569125725, -1263.6716123643894, -1263.6716123643894, -1263.6716123643894, -1263.6716123643894, -1263.6716123643894, -1290.0206540140682, -1290.0206540140682, -1291.5688645373225, -1291.5688645373225, -1291.5688645373225, -1291.5688645373225, -1298.2817729617523], 
[202937.76068703263, 4095.6118374010866, -672.5844468336091, -672.5844468336091, -672.5844468336091, -672.5844468336091, -672.5844468336091, -1145.0679389890981, -1145.0679389890981, -1145.0679389890981, -1145.0679389890981, -1248.3168356310064, -1248.3168356310064, -1270.1113871662155, -1280.1143383881401, -1284.6097164140751, -1298.9421140446116, -1298.9421140446116, -1298.9421140446116, -1298.9421140446116], 
[4700948.438396092, 52258.40378350673, 52258.40378350673, 52258.40378350673, 8112.403692654871, -677.7882576314529, -891.4171772619935, -891.4171772619935, -891.4171772619935, -1255.009795696144, -1255.009795696144, -1255.009795696144, -1286.0930167070023, -1286.0930167070023, -1286.0930167070023, -1286.0930167070023, -1286.0930167070023, -1286.0930167070023, -1286.0930167070023, -1286.0930167070023], 
[1057694.7112314336, 420624.1550166103, 21635.622438849445, 21635.622438849445, 1724.7609750630236, 1724.7609750630236, 1724.7609750630236, -963.2148436965941, -963.2148436965941, -1176.0175898714776, -1176.0175898714776, -1176.0175898714776, -1176.0175898714776, -1247.9567690374647, -1285.241718338674, -1285.241718338674, -1293.7047313783314, -1293.7047313783314, -1293.7047313783314, -1299.692026275545], 
[223444.99804417428, 183062.55238224793, 183062.55238224793, 43830.92156371047, 13926.20482404331, 4255.987732085183, 4255.987732085183, 2456.5519248905525, -220.43551060513482, -220.43551060513482, -920.1587075880951, -1069.8424900228924, -1212.5906929502992, -1212.5906929502992, -1271.9734207804954, -1271.9734207804954, -1271.9734207804954, -1271.9734207804954, -1293.730718793861, -1296.2894173112218], 
[481956.4295742544, 84249.29978869268, 84249.29978869268, 6625.256245980609, 6625.256245980609, 6625.256245980609, 4639.970492758048, 3455.5220132468694, 3455.5220132468694, 1277.220090072919, 1205.091878823659, -448.13410749273817, -448.13410749273817, -1183.2927304965992, -1219.7506633474945, -1219.7506633474945, -1287.9817797666644, -1287.9817797666644, -1287.9817797666644, -1293.993235510716], 
[113730.2048116499, 13814.215552976311, 6577.820843806099, 6577.820843806099, 6577.820843806099, 6577.820843806099, 6577.820843806099, 2961.2211885798406, -856.8974804053687, -856.8974804053687, -1215.7383141500356, -1254.1668503078545, -1254.1668503078545, -1269.764831202735, -1278.4903281537604, -1297.1259162491049, -1297.1259162491049, -1297.1259162491049, -1297.1259162491049, -1297.1259162491049], 
[3204597.7326997425, 827971.8554398785, 30909.414608145238, 30909.414608145238, 25715.8700632293, -186.0574749936161, -186.0574749936161, -930.6278344153627, -930.6278344153627, -1011.1976372601388, -1011.1976372601388, -1011.1976372601388, -1209.379248875771, -1278.0090360023087, -1278.0090360023087, -1278.0090360023087, -1278.0090360023087, -1278.0090360023087, -1283.2922926797512, -1283.2922926797512], 
