[140437.42003792335, 140437.42003792335, 8570.181931982012, 8570.181931982012, 8570.181931982012, 8570.181931982012, 249.30035632819397, 249.30035632819397, 195.65719246692126, 195.65719246692126, 195.65719246692126, 154.05290024180988, 82.9354858011802, 4.450790006509893, 4.450790006509893, 4.450790006509893, 4.450790006509893, 4.450790006509893, 4.450790006509893, 2.062859098588261], 
[87406.00055508534, 87406.00055508534, 15999.093786502337, 8169.202250115235, 2985.5318112185123, 2985.5318112185123, 1297.6970739594585, 1297.6970739594585, 1297.6970739594585, 963.445660245551, 963.445660245551, 954.5689176229102, 877.3708198178686, 548.8381724343748, 274.06840585799927, 14.934308394425335, 14.934308394425335, 14.934308394425335, 14.347771595949164, 8.90472844453997], 
[5224218.082634017, 1455221.4834349551, 1455221.4834349551, 478467.13458718936, 4933.394832930413, 4933.394832930413, 4933.394832930413, 318.5278567212413, 318.5278567212413, 259.6089077964188, 137.78403066592088, 137.78403066592088, 137.78403066592088, 41.94987892495112, 41.94987892495112, 15.219302897713321, 15.219302897713321, 15.219302897713321, 15.219302897713321, 11.640316209560138], 
[21296.708877265362, 21296.708877265362, 21296.708877265362, 17354.958518264422, 8025.460409751201, 8025.460409751201, 5535.776886262273, 187.02866909633505, 187.02866909633505, 45.276947254564526, 45.276947254564526, 45.276947254564526, 45.276947254564526, 45.276947254564526, 39.45634991890131, 39.45634991890131, 39.45634991890131, 21.836258002814937, 12.461025248568227, 6.945646724714333], 
[1338680.8577125482, 1338680.8577125482, 2608.400741888661, 2608.400741888661, 2608.400741888661, 2608.400741888661, 2608.400741888661, 2608.400741888661, 2608.400741888661, 2135.213419577529, 1901.234014329161, 1072.3327019124076, 983.8662268191174, 983.8662268191174, 361.55584141695124, 324.04367343776363, 233.87412424783102, 127.61403475502337, 20.92490360357266, 20.50433686702423], 
[24685.956692064086, 24685.956692064086, 107.96758306138177, 107.96758306138177, 107.96758306138177, 107.96758306138177, 107.96758306138177, 107.96758306138177, 107.96758306138177, 107.96758306138177, 107.96758306138177, 91.96026204154924, 91.96026204154924, 91.96026204154924, 43.11478577426693, 43.11478577426693, 0.3044879648490817, 0.3044879648490817, 0.3044879648490817, 0.3044879648490817], 
[1136004.3970992577, 81958.47431064988, 81958.47431064988, 16576.490572907012, 16576.490572907012, 7981.216882635943, 611.0675871064794, 559.4984565299334, 559.4984565299334, 559.4984565299334, 559.4984565299334, 472.90129404757454, 326.70145067341406, 229.49759131626757, 74.91305137324198, 9.542717303293196, 9.542717303293196, 9.542717303293196, 9.542717303293196, 9.542717303293196], 
[6321918.909224674, 1544972.793523251, 1024498.5467297223, 277115.3104823485, 208145.29524755816, 2341.454420655569, 2341.454420655569, 2341.454420655569, 2341.454420655569, 1196.1527054066012, 883.5296124423116, 66.9891497812548, 66.9891497812548, 43.331496063299376, 43.331496063299376, 43.331496063299376, 30.223022417559207, 11.763912574853627, 11.763912574853627, 9.783159406188613], 
[1851718.0621522868, 36789.497619669135, 36789.497619669135, 36789.497619669135, 36789.497619669135, 23644.179089936577, 13662.399883570364, 1762.0161294653533, 1218.6325451534829, 768.7652036149676, 461.5343821564901, 344.79380510488, 314.64168558345403, 305.9179169037648, 305.9179169037648, 127.59205220479652, 40.64313071515045, 40.64313071515045, 40.64313071515045, 22.37765016211627], 
[43085.137698490755, 43085.137698490755, 43085.137698490755, 1620.5241309764178, 1620.5241309764178, 1620.5241309764178, 1342.4301858748336, 1342.4301858748336, 334.776544975038, 165.78701187286813, 165.78701187286813, 165.78701187286813, 38.90060885716241, 38.90060885716241, 10.807364254151793, 10.807364254151793, 10.807364254151793, 10.807364254151793, 10.807364254151793, 10.807364254151793], 
[268850.0307807976, 143526.77598689537, 143526.77598689537, 37342.76392768899, 37342.76392768899, 32605.93100571922, 5215.610868810281, 3179.7578124982447, 1859.3094500837258, 751.6722509618777, 312.9111197640361, 312.9111197640361, 87.98281208138764, 87.98281208138764, 50.44432595396189, 9.87584001253894, 9.87584001253894, 9.87584001253894, 9.87584001253894, 9.87584001253894], 
[2836330.974367615, 2836330.974367615, 2836330.974367615, 332726.1908472188, 153188.5667840717, 38591.80128039309, 1369.4940893745325, 1369.4940893745325, 632.3828086183192, 452.0402376293355, 452.0402376293355, 452.0402376293355, 298.7269744850278, 214.5510725020155, 214.5510725020155, 20.799076462424882, 20.799076462424882, 20.799076462424882, 20.799076462424882, 10.569839121087467], 
[735488.9372906513, 735488.9372906513, 300775.9525701947, 71712.15444840187, 4730.166763754282, 4730.166763754282, 4388.6975129913535, 4388.6975129913535, 2190.889938628489, 1143.6033519010339, 1143.6033519010339, 865.1813072447446, 353.5443299934144, 338.20625316402914, 338.20625316402914, 136.5165313771653, 13.243805582596659, 13.243805582596659, 13.243805582596659, 5.85949165739436], 
[1611601.504532487, 1611601.504532487, 1611601.504532487, 175628.41802404678, 30095.72706493537, 6921.713435779374, 6921.713435779374, 6921.713435779374, 3382.823941812211, 1756.5114779325904, 931.6060734460214, 685.4646266965209, 305.67149570090976, 301.22049753018774, 32.0644790827598, 32.0644790827598, 11.09657441719507, 11.09657441719507, 7.680398411996437, 0.5476466577677331], 
[1916263.8456904856, 594.2693267274799, 594.2693267274799, 594.2693267274799, 594.2693267274799, 594.2693267274799, 594.2693267274799, 594.2693267274799, 376.7657875028224, 376.7657875028224, 376.7657875028224, 330.2876773119576, 330.2876773119576, 173.12595928365562, 173.12595928365562, 64.79972958679117, 38.742052652433784, 35.15424022020274, 20.38223389974248, 0.35243294779375395], 
[4995455.553980231, 540445.2735776041, 540445.2735776041, 540445.2735776041, 45828.82664560641, 23143.116364343663, 229.3256579591159, 229.3256579591159, 229.3256579591159, 229.3256579591159, 229.3256579591159, 229.3256579591159, 229.3256579591159, 229.3256579591159, 229.3256579591159, 109.69713315316291, 27.105916206059653, 23.057437685279663, 2.8129590028865126, 0.04153672237162835], 
[14213211.080155814, 22887.663177008497, 22887.663177008497, 8820.689925621322, 8820.689925621322, 1462.606606429415, 1462.606606429415, 468.434715204219, 468.434715204219, 308.987721117033, 308.987721117033, 177.45313818330942, 117.12553434779008, 34.078272534899725, 34.078272534899725, 34.078272534899725, 34.078272534899725, 34.078272534899725, 3.531846551545903, 0.31025781968276644], 
[1143628.2786954064, 1143628.2786954064, 683223.1537787152, 185999.21558268205, 10845.187275822986, 1116.4895327401737, 1116.4895327401737, 1116.4895327401737, 320.07420543621197, 320.07420543621197, 320.07420543621197, 320.07420543621197, 164.66896983127307, 164.66896983127307, 164.66896983127307, 114.26628264755715, 5.890803775384848, 5.890803775384848, 5.890803775384848, 5.890803775384848], 
[1539919.9809818673, 1539919.9809818673, 1539919.9809818673, 122648.38463473372, 122648.38463473372, 122648.38463473372, 5887.247845350965, 1743.427094021123, 295.0739202469032, 66.47090216271043, 66.47090216271043, 66.47090216271043, 66.47090216271043, 52.91118345056951, 20.032676589968112, 20.032676589968112, 20.032676589968112, 20.032676589968112, 17.856513964453388, 6.749994179537695], 
[2451101.9306173013, 2451101.9306173013, 2451101.9306173013, 153694.37563905324, 9061.556342520053, 1763.5032494803881, 1763.5032494803881, 1763.5032494803881, 1763.5032494803881, 1474.7291172467794, 836.5900221445612, 59.11949662133654, 59.11949662133654, 59.11949662133654, 59.11949662133654, 59.11949662133654, 26.321556812073887, 26.321556812073887, 26.321556812073887, 0.2595625729107685], 
[2414780.6606802973, 508585.69908108085, 1784.426689223109, 1784.426689223109, 1784.426689223109, 1784.426689223109, 1784.426689223109, 1784.426689223109, 739.8855002910476, 739.8855002910476, 559.5806545480315, 559.5806545480315, 381.3865743991013, 381.3865743991013, 158.33303745562262, 158.33303745562262, 158.33303745562262, 106.05594853010298, 94.42338379338013, 20.879433042025603], 
[45987.91325612327, 45987.91325612327, 45987.91325612327, 45987.91325612327, 534.9629559524084, 534.9629559524084, 482.4063696842121, 482.4063696842121, 399.12031540494013, 399.12031540494013, 190.5552362600688, 135.34565762561203, 110.60523569503476, 30.59162525402521, 30.59162525402521, 30.59162525402521, 30.59162525402521, 22.38393248490567, 5.319338939876297, 5.319338939876297], 
[31514405.30506799, 6031.185968007272, 6031.185968007272, 6031.185968007272, 6031.185968007272, 1751.222331468807, 1080.9038033017332, 1080.9038033017332, 1080.9038033017332, 722.0659324926927, 400.62292878190726, 400.62292878190726, 267.0720877353706, 235.5971280832471, 235.5971280832471, 162.03472577005894, 6.842630007834843, 4.30171883439345, 4.30171883439345, 4.30171883439345], 
[363710.99192853156, 298682.3103526684, 298682.3103526684, 236897.84449285158, 15071.096134870924, 15071.096134870924, 5545.408947724766, 701.2555435588588, 701.2555435588588, 701.2555435588588, 701.2555435588588, 351.8510717490855, 20.11741467090083, 20.11741467090083, 12.917523694766237, 12.917523694766237, 12.917523694766237, 12.917523694766237, 12.917523694766237, 12.917523694766237], 
[73856.46776087761, 4197.9703059843, 4197.9703059843, 4197.9703059843, 4197.9703059843, 4197.9703059843, 3403.214488679094, 1300.8931772690707, 1300.8931772690707, 56.65246422673827, 56.65246422673827, 56.65246422673827, 56.65246422673827, 56.65246422673827, 56.65246422673827, 56.65246422673827, 56.65246422673827, 56.65246422673827, 45.866043177925995, 32.39890413572867], 
[1658652.8814527453, 86541.05454050165, 86541.05454050165, 22486.85748544645, 22486.85748544645, 2938.6184514272168, 567.3622086557842, 567.3622086557842, 567.3622086557842, 194.89627855103828, 194.89627855103828, 158.76831969134363, 75.73322421169613, 12.737064630499816, 7.4635323881899485, 7.4635323881899485, 7.4635323881899485, 7.4635323881899485, 7.4635323881899485, 7.4635323881899485], 
[31865.954855492055, 31865.954855492055, 31865.954855492055, 31865.954855492055, 31865.954855492055, 31309.935658809933, 31309.935658809933, 2636.317550114136, 1696.298975587785, 1280.2787558430368, 1280.2787558430368, 783.6282697113257, 608.2995919780018, 198.54928567038326, 198.54928567038326, 38.22119710370072, 38.22119710370072, 38.22119710370072, 4.919602942197026, 4.919602942197026], 
[3631835.299413034, 3631835.299413034, 3631835.299413034, 35622.674289280825, 3338.899901968566, 3338.899901968566, 3338.899901968566, 2771.8002974708493, 281.33414279700094, 281.33414279700094, 281.33414279700094, 281.33414279700094, 281.33414279700094, 281.33414279700094, 33.436848609041014, 33.436848609041014, 33.436848609041014, 33.436848609041014, 33.436848609041014, 32.744746524678376], 
[261488.85380880377, 261488.85380880377, 241.1098085388627, 241.1098085388627, 241.1098085388627, 241.1098085388627, 241.1098085388627, 241.1098085388627, 241.1098085388627, 241.1098085388627, 241.1098085388627, 150.32765167740413, 104.54367205260594, 104.54367205260594, 82.34242948678367, 36.77520060230937, 36.77520060230937, 36.77520060230937, 23.635386059938607, 23.635386059938607], 
[1906123.3406779906, 1906123.3406779906, 1120.0969670542352, 1120.0969670542352, 1120.0969670542352, 1120.0969670542352, 955.3129896918249, 193.3241117390654, 193.3241117390654, 193.3241117390654, 193.3241117390654, 193.3241117390654, 193.3241117390654, 96.9265864810568, 96.9265864810568, 20.028314374143932, 18.136771326619964, 18.136771326619964, 18.136771326619964, 15.796589571772737], 
