[339281.73628666013, 339281.73628666013, 69680.12463750021, 30868.092394004892, 2517.322306502537, 2517.322306502537, 681.6106639854612, 681.6106639854612, 121.59338801110475, 121.59338801110475, 121.59338801110475, 121.59338801110475, 104.60061598758523, 104.60061598758523, 104.60061598758523, 104.60061598758523, 68.53660097119536, 10.822917800810362, 10.822917800810362, 10.822917800810362], 
[19818.919308727633, 19818.919308727633, 19818.919308727633, 19818.919308727633, 19818.919308727633, 1082.2980204101964, 1082.2980204101964, 100.70021756544946, 100.70021756544946, 100.70021756544946, 53.563773605941215, 53.563773605941215, 53.563773605941215, 23.653432712891693, 23.653432712891693, 23.653432712891693, 18.911259512501402, 2.795511253984712, 2.795511253984712, 2.795511253984712], 
[3009.3265246559217, 3009.3265246559217, 3009.3265246559217, 3009.3265246559217, 3009.3265246559217, 3009.3265246559217, 1222.9582281981989, 675.1295536763699, 675.1295536763699, 675.1295536763699, 498.23289941774283, 496.95071342864674, 496.95071342864674, 127.61643636396275, 127.61643636396275, 13.843737998117765, 4.860500244322283, 4.860500244322283, 4.860500244322283, 4.860500244322283], 
[5648.931576403945, 5648.931576403945, 5648.931576403945, 5648.931576403945, 5648.931576403945, 5648.931576403945, 5648.931576403945, 2086.880911134112, 286.44354913314237, 286.44354913314237, 286.44354913314237, 286.44354913314237, 286.44354913314237, 286.44354913314237, 71.68647169371422, 71.68647169371422, 46.65727524215804, 46.65727524215804, 46.65727524215804, 16.235528260190602], 
[2597.469772500759, 2597.469772500759, 2597.469772500759, 2597.469772500759, 1682.416200075373, 1682.416200075373, 1682.416200075373, 722.5276190424265, 357.38836851679866, 173.37241907375972, 160.78552112349072, 160.78552112349072, 160.78552112349072, 160.78552112349072, 160.78552112349072, 72.42765654472107, 37.61359576660335, 37.61359576660335, 7.005716185983786, 1.6211367492351987], 
[1857458.0561622893, 4322.5124221803035, 4322.5124221803035, 4322.5124221803035, 4322.5124221803035, 4322.5124221803035, 4322.5124221803035, 2318.5599263842873, 2318.5599263842873, 2318.5599263842873, 2123.652233175605, 495.6835288643658, 495.6835288643658, 346.3704373468225, 346.3704373468225, 346.3704373468225, 114.35766372988634, 114.35766372988634, 18.829736102816895, 9.073695697825162], 
[33743.97777861739, 33743.97777861739, 3253.252294724093, 3253.252294724093, 3253.252294724093, 3253.252294724093, 3253.252294724093, 926.6425965289988, 926.6425965289988, 805.7096294502857, 158.17226078797808, 137.58200289111582, 96.40714485339907, 52.82399873642503, 52.82399873642503, 30.50623138225486, 30.50623138225486, 30.50623138225486, 20.956513775091544, 20.956513775091544], 
[959789.685667757, 14038.211118029067, 14038.211118029067, 14038.211118029067, 14038.211118029067, 4362.502933656836, 2451.0636995060922, 2451.0636995060922, 408.83466495407305, 408.83466495407305, 408.83466495407305, 408.83466495407305, 408.83466495407305, 48.860719221918835, 48.860719221918835, 7.131190958553046, 7.131190958553046, 7.131190958553046, 7.131190958553046, 5.723304964711415], 
[3714230.5136881084, 2244183.2609513607, 7371.948506752243, 7371.948506752243, 1992.4223643105706, 1992.4223643105706, 1992.4223643105706, 926.4126545971203, 174.3192698300636, 174.3192698300636, 81.22631447866404, 72.46617953192423, 72.46617953192423, 72.46617953192423, 72.46617953192423, 14.483970570676032, 14.483970570676032, 14.483970570676032, 11.21010242916114, 5.933990956324564], 
[335265.532413587, 335265.532413587, 48326.11087092863, 48326.11087092863, 2976.671084603973, 1233.5148694229515, 63.5830280236674, 63.5830280236674, 63.5830280236674, 41.332728840830924, 41.332728840830924, 38.35554029707944, 38.35554029707944, 22.450793010789944, 22.450793010789944, 22.450793010789944, 22.450793010789944, 15.987086210315038, 1.6036908834838361, 1.6036908834838361], 
[2901847.9279523785, 10860.688236888567, 10860.688236888567, 10860.688236888567, 10860.688236888567, 1964.1402725060348, 1650.0041733151475, 789.866264317199, 789.866264317199, 789.866264317199, 8.450100865569812, 8.450100865569812, 8.450100865569812, 8.450100865569812, 8.450100865569812, 8.450100865569812, 8.450100865569812, 8.450100865569812, 8.450100865569812, 8.450100865569812], 
[201617.7553941579, 36978.2545695904, 36978.2545695904, 22955.717382106784, 22955.717382106784, 585.6012847707111, 585.6012847707111, 585.6012847707111, 104.68025443112292, 104.68025443112292, 104.68025443112292, 35.17595801265545, 35.17595801265545, 12.931947946439232, 12.931947946439232, 12.931947946439232, 9.01349388148558, 9.01349388148558, 1.3722840843393822, 1.3722840843393822], 
[30687.207278302973, 30687.207278302973, 11255.932305689303, 11255.932305689303, 9876.829146425041, 9876.829146425041, 9876.829146425041, 7794.347569313385, 3507.5657030133884, 3507.5657030133884, 1641.6491530713802, 7.53206251781779, 7.53206251781779, 7.53206251781779, 7.53206251781779, 7.53206251781779, 1.6536775243677808, 1.6536775243677808, 0.05487284268476315, 0.05487284268476315], 
[1063665.7192589322, 202518.01276769757, 10987.895154448468, 1525.8497313250723, 1525.8497313250723, 278.5877273716925, 278.5877273716925, 278.5877273716925, 278.5877273716925, 278.5877273716925, 278.5877273716925, 165.82732455733537, 165.82732455733537, 8.115899881486868, 8.115899881486868, 7.170914625043789, 7.170914625043789, 7.170914625043789, 7.170914625043789, 7.170914625043789], 
[129884.9422048936, 129884.9422048936, 129884.9422048936, 7643.031104641911, 7643.031104641911, 7643.031104641911, 4288.330714130588, 4288.330714130588, 4288.330714130588, 4288.330714130588, 2249.2735479229577, 1495.8441036919307, 812.3641893144206, 812.3641893144206, 492.5822455314965, 7.73427569792409, 7.73427569792409, 7.73427569792409, 7.73427569792409, 7.73427569792409], 
[196683.82292430225, 196683.82292430225, 1021.8043760181162, 1021.8043760181162, 1021.8043760181162, 1021.8043760181162, 290.1541205295581, 290.1541205295581, 290.1541205295581, 290.1541205295581, 290.1541205295581, 215.71368359831277, 15.172663233923267, 15.172663233923267, 0.24817594457149642, 0.24817594457149642, 0.24817594457149642, 0.24817594457149642, 0.24817594457149642, 0.24817594457149642], 
[42613.99325911391, 42613.99325911391, 42613.99325911391, 42613.99325911391, 2884.4529805207503, 2884.4529805207503, 739.4856437545802, 739.4856437545802, 739.4856437545802, 667.7954474137113, 420.42622399561435, 291.16361383490323, 109.12175450443296, 21.331475644559866, 21.331475644559866, 21.331475644559866, 13.6530392854369, 13.6530392854369, 3.284792955957913, 3.284792955957913], 
[6151.582395829886, 1622.80805221654, 1622.80805221654, 1622.80805221654, 1622.80805221654, 689.5455135017797, 689.5455135017797, 689.5455135017797, 689.5455135017797, 42.495015337243444, 42.495015337243444, 42.495015337243444, 19.31157850405741, 19.31157850405741, 19.31157850405741, 5.711190732340378, 5.711190732340378, 5.711190732340378, 5.711190732340378, 5.711190732340378], 
[50141.88500293818, 50141.88500293818, 44087.13506221448, 6032.295505441571, 4983.144787746738, 4974.646808166892, 2771.2541866868287, 396.20423207976404, 396.20423207976404, 396.20423207976404, 396.20423207976404, 326.64288192772693, 315.67487103891716, 64.20858034398373, 64.20858034398373, 26.859281885289064, 23.756224714104242, 1.63582527247777, 1.63582527247777, 1.0938017037750638], 
[75965.3297331494, 75965.3297331494, 13124.582341736792, 9634.36584957223, 1142.0104335395745, 1142.0104335395745, 352.1638823851878, 352.1638823851878, 352.1638823851878, 352.1638823851878, 352.1638823851878, 352.1638823851878, 352.1638823851878, 199.25440694961213, 94.16314497213484, 94.16314497213484, 94.16314497213484, 7.8081207181019145, 3.103134442447767, 3.103134442447767], 
[2757645.305702978, 2141668.4966280535, 494021.33107224776, 76.16513729913399, 76.16513729913399, 76.16513729913399, 76.16513729913399, 76.16513729913399, 76.16513729913399, 76.16513729913399, 76.16513729913399, 28.502081154215755, 28.502081154215755, 28.502081154215755, 12.33391685594885, 12.33391685594885, 12.33391685594885, 0.5012976637911044, 0.5012976637911044, 0.5012976637911044], 
[3517403.749236013, 47.20059461141571, 47.20059461141571, 47.20059461141571, 36.16363623491155, 36.16363623491155, 36.16363623491155, 36.16363623491155, 36.16363623491155, 36.16363623491155, 24.87391290034826, 24.87391290034826, 6.81602974619768, 6.81602974619768, 6.81602974619768, 6.81602974619768, 6.81602974619768, 2.5555228954087537, 2.5555228954087537, 2.5555228954087537], 
[12919.347909344695, 12919.347909344695, 3834.7183214482043, 3834.7183214482043, 3834.7183214482043, 3834.7183214482043, 850.3363824722718, 850.3363824722718, 133.3738431027361, 133.3738431027361, 133.3738431027361, 36.77057214098346, 36.77057214098346, 36.77057214098346, 32.2888901787017, 19.702643856786253, 19.702643856786253, 8.33685323851758, 8.33685323851758, 1.3738049734690367], 
[241397.74651793067, 47669.29949055847, 47669.29949055847, 5840.724680304269, 5840.724680304269, 1055.27000336759, 1055.27000336759, 856.0592995049761, 366.22898029020007, 358.2914208501259, 358.2914208501259, 92.97310593275967, 92.97310593275967, 48.96511189337376, 25.203449249644855, 25.203449249644855, 25.203449249644855, 5.287036079381711, 5.287036079381711, 5.287036079381711], 
[43608.04832852517, 43608.04832852517, 43608.04832852517, 19749.9251033201, 13470.305392588234, 4833.351231086797, 2072.5777673053108, 2072.5777673053108, 2072.5777673053108, 1255.3352606658823, 942.3904761501883, 576.6480800729486, 54.03071518718854, 24.61583040400323, 24.61583040400323, 24.61583040400323, 24.61583040400323, 15.43776710233551, 15.43776710233551, 15.43776710233551], 
[501732.18942775007, 82706.69930229109, 82706.69930229109, 82706.69930229109, 252.96634915263476, 252.96634915263476, 210.22794458813314, 210.22794458813314, 210.22794458813314, 210.22794458813314, 210.22794458813314, 210.22794458813314, 93.18438720162935, 22.84764470912391, 22.84764470912391, 4.571171575558652, 4.571171575558652, 2.8455038323940656, 2.8455038323940656, 2.8455038323940656], 
[50912.69162182427, 50912.69162182427, 50912.69162182427, 7950.544140839016, 7950.544140839016, 1015.3325509976735, 1015.3325509976735, 485.8978906489211, 239.04448671551916, 239.04448671551916, 239.04448671551916, 239.04448671551916, 239.04448671551916, 29.041872355657283, 12.382858495525168, 2.8579333991294398, 2.8579333991294398, 2.8579333991294398, 2.8579333991294398, 1.2389850836992933], 
[2742768.733467512, 97758.08915063014, 97758.08915063014, 4587.042100933072, 4587.042100933072, 3507.9361915991476, 3507.9361915991476, 475.59679723936, 475.59679723936, 475.59679723936, 212.85797853918, 211.26209238368995, 211.26209238368995, 27.58048113711049, 27.58048113711049, 27.58048113711049, 1.6935768059390532, 1.6935768059390532, 1.6935768059390532, 0.1386802139577039], 
[472023.7971113478, 5943.904295396327, 5943.904295396327, 5943.904295396327, 5943.904295396327, 5943.904295396327, 3916.8635840136985, 1233.2322787841613, 1233.2322787841613, 1233.2322787841613, 359.0812166437816, 275.6678402426267, 0.8853581229217662, 0.8853581229217662, 0.8853581229217662, 0.8853581229217662, 0.8853581229217662, 0.8853581229217662, 0.8853581229217662, 0.8853581229217662], 
[343081.3574008324, 343081.3574008324, 11231.230285978292, 11231.230285978292, 11231.230285978292, 4677.911735571537, 219.60215814567437, 219.60215814567437, 61.41826868100822, 61.41826868100822, 61.41826868100822, 61.41826868100822, 13.644032328080387, 13.644032328080387, 13.644032328080387, 13.644032328080387, 8.359628426101137, 8.359628426101137, 1.669778704512559, 1.669778704512559], 
