[46.993577748697675, 7.598554781143465, 5.268907344839103, 3.1726862164009586, 1.9747935610586396, 0.23519649384773947, 0.23519649384773947, 0.09906840920539188, 0.09906840920539188, 0.03159274585150661, 0.0015129752466005596, 0.0015129752466005596, 0.0015129752466005596, 0.0015129752466005596, 0.0015129752466005596, 0.0015129752466005596, 0.0015129752466005596, 0.0015129752466005596, 0.0015129752466005596, 0.0010728866292886502], 
[9.194935056286479, 9.194935056286479, 9.194935056286479, 0.11838400720185206, 0.11838400720185206, 0.10316503539759404, 0.10316503539759404, 0.028277356057644913, 0.028277356057644913, 0.028277356057644913, 0.028277356057644913, 0.01213188786909471, 0.0022527805554748764, 0.0012062745623909236, 0.0012062745623909236, 0.0011826129699496605, 0.0011826129699496605, 0.0007305686757597555, 0.0007305686757597555, 0.0003230276364025359], 
[18.65911807007197, 18.65911807007197, 2.797463282973798, 1.9824496680706263, 1.5871303999077513, 0.6113903576912245, 0.07599635492992066, 0.07599635492992066, 0.07599635492992066, 0.07599635492992066, 0.07599635492992066, 0.013845195760132222, 0.013845195760132222, 0.013845195760132222, 0.013845195760132222, 0.003581791298642597, 0.0010467432181859395, 0.0010467432181859395, 0.0009668737280445369, 0.0009668737280445369], 
[32.866660415740775, 13.512059366970119, 11.894097867244207, 6.944802010610695, 0.3105366577852974, 0.3105366577852974, 0.008298205416275843, 0.008298205416275843, 0.008298205416275843, 0.008298205416275843, 0.008298205416275843, 0.008298205416275843, 0.008298205416275843, 0.004839530679134284, 0.0014417339838085365, 0.0014417339838085365, 0.0014417339838085365, 0.0007707617776476825, 0.0002706189137862563, 0.0002706189137862563], 
[11.383891964983366, 11.383891964983366, 0.8614457163623191, 0.7442474337310722, 0.7442474337310722, 0.06774465932903619, 0.06774465932903619, 0.06774465932903619, 0.03300436063781217, 0.026304828477142855, 0.026304828477142855, 0.008412429989225477, 0.008412429989225477, 0.005700900803326609, 0.004068109566303157, 0.0032989424774469258, 0.0032989424774469258, 0.0032989424774469258, 0.0010198182685590379, 0.0010198182685590379], 
[9.74060927789753, 9.74060927789753, 5.073876726475821, 2.2837478424515822, 1.1463377716705168, 0.26113836424147396, 0.20142536169471087, 0.08670210773051715, 0.0846772140911872, 0.0846772140911872, 0.03508362093489972, 0.03430946900889964, 0.004505553646658967, 0.004505553646658967, 0.004505553646658967, 0.00047053305483300075, 0.00047053305483300075, 0.00047053305483300075, 0.00047053305483300075, 0.00047053305483300075], 
[44.96119635064725, 4.158761208746105, 4.158761208746105, 4.158761208746105, 4.158761208746105, 0.9721646760224425, 0.30760123553399793, 0.30760123553399793, 0.11243679775510534, 0.04578684754416947, 0.035409257485294617, 0.035409257485294617, 0.004654615158462211, 0.004654615158462211, 0.004507848371785819, 0.0018146706412925562, 0.0001449165484723517, 0.00013580763864024745, 0.00013580763864024745, 0.00013580763864024745], 
[35.535595265539236, 1.5360021800487151, 1.5360021800487151, 1.5360021800487151, 0.6051189006080587, 0.6051189006080587, 0.07318353683788996, 0.07318353683788996, 0.04499409873427154, 0.021949752629172054, 0.021949752629172054, 0.015406491122263537, 0.015406491122263537, 0.01313553084308071, 0.010406583697548336, 0.005733203302229688, 0.005733203302229688, 0.0006269090163736645, 0.0006269090163736645, 0.0006269090163736645], 
[12.120564250983819, 12.120564250983819, 5.321313315802427, 5.321313315802427, 0.4081125602121249, 0.40549745254032526, 0.40549745254032526, 0.11119374123272892, 0.11119374123272892, 0.09789245522811012, 0.028664021615660448, 0.028664021615660448, 0.02460180726041573, 0.0015890804371066398, 0.0015890804371066398, 0.0015890804371066398, 0.0009527477201605511, 0.0009527477201605511, 0.0002609363256992062, 8.657261560753085e-05], 
[11.005016927912617, 11.005016927912617, 2.6276771028908654, 2.6276771028908654, 0.51277070786378, 0.51277070786378, 0.38874573341265195, 0.3581400019850714, 0.018285066911226715, 0.018285066911226715, 0.007040105813521031, 0.007040105813521031, 0.007040105813521031, 0.00304185495938113, 0.00304185495938113, 0.00304185495938113, 0.00304185495938113, 0.0011592286232767546, 0.0011592286232767546, 0.0005892248530128138], 
[110.71471782933693, 17.250994069332933, 17.250994069332933, 1.6201411325202661, 1.6201411325202661, 0.7106092962337438, 0.43947992065319524, 0.2212201355320742, 0.0048235994211491, 0.0048235994211491, 0.0048235994211491, 0.0048235994211491, 0.0017787845383075388, 0.0017787845383075388, 0.0017787845383075388, 0.0017787845383075388, 0.0017787845383075388, 0.0008247094911021088, 0.0008168029574970976, 0.0005634620668151708], 
[36.02323166593974, 16.97118464542867, 9.271398151532054, 0.44680197160292784, 0.34413620340643275, 0.34413620340643275, 0.34413620340643275, 0.21819806908213457, 0.11478219282225528, 0.11478219282225528, 0.00150360080851313, 0.00150360080851313, 0.00150360080851313, 0.00150360080851313, 0.00150360080851313, 0.00150360080851313, 0.0009348773334727189, 0.0009348773334727189, 0.0009348773334727189, 0.00011133983802698518], 
[7.32263201562454, 7.32263201562454, 7.32263201562454, 2.6164985745898695, 2.4506452636135916, 1.2660698666497519, 0.6385767122138436, 0.2545244926301089, 0.17379368178909474, 0.025345793179927998, 0.01064141057872373, 0.01064141057872373, 0.01064141057872373, 0.006941853446050657, 0.002886699874634848, 0.00038309180685501803, 0.00037640124173744484, 0.00037640124173744484, 0.00037640124173744484, 0.00037640124173744484], 
[1.8022574400825913, 1.8022574400825913, 1.8022574400825913, 1.8022574400825913, 0.3896481996277042, 0.3896481996277042, 0.21833802227802643, 0.15432982383468738, 0.004655399847001227, 0.004655399847001227, 0.004491892886418974, 0.004491892886418974, 0.004491892886418974, 0.004491892886418974, 0.0031612344903148935, 0.0023365728951319944, 0.0009999734138225137, 0.0009999734138225137, 0.0009999734138225137, 0.0009999734138225137], 
[28.601525566240408, 9.1451066821012, 6.968072363771536, 1.5678918957096062, 1.5678918957096062, 0.718172126969696, 0.4213134122061642, 0.4213134122061642, 0.1862608166392495, 0.06557115931055005, 0.06557115931055005, 0.028755505239716907, 0.022726852523083683, 0.01167807734792576, 0.01167807734792576, 0.003852894927138879, 0.0036221605651447467, 0.0036221605651447467, 0.0036221605651447467, 0.0015541263756662245], 
[47.9147152577929, 37.06060309316328, 21.72532975708609, 4.439129913928056, 0.1667811816340115, 0.1667811816340115, 0.1667811816340115, 0.1664447212768982, 0.07316167044852945, 0.07316167044852945, 0.06295814409125026, 0.0307697564987331, 0.01843054571213128, 0.01639266914852996, 0.007730574062581879, 0.004351157499304662, 0.0001647562315913866, 0.0001647562315913866, 0.0001647562315913866, 0.0001647562315913866], 
[21.97268738936911, 18.717920463241843, 10.90477130760097, 3.7364733957518412, 1.8183725717744808, 0.4967896614396138, 0.4263824604801919, 0.033577329570893585, 0.033577329570893585, 0.030609772529656794, 0.005847432958712418, 0.005847432958712418, 0.005847432958712418, 0.005847432958712418, 0.004819114989061697, 0.004819114989061697, 0.0013599207396038017, 0.0006810307973058626, 0.0006810307973058626, 0.0006810307973058626], 
[20.89071242197324, 20.89071242197324, 10.357831054403306, 10.357831054403306, 0.4040915757525771, 0.37018047072339627, 0.37018047072339627, 0.11508578948064009, 0.07488316076792997, 0.07488316076792997, 0.05708287448671414, 0.0017548172554895946, 0.0017548172554895946, 0.0017548172554895946, 0.0017548172554895946, 0.0005208224324701863, 0.00044449371460520966, 0.00044449371460520966, 0.00044449371460520966, 0.00014021170166977573], 
[3.9919785794244236, 3.9919785794244236, 3.9919785794244236, 3.098242279527815, 0.037686655303577135, 0.037686655303577135, 0.037686655303577135, 0.037686655303577135, 0.037686655303577135, 0.037686655303577135, 0.031237036374769295, 0.026393132589053923, 0.026393132589053923, 0.018934714576862913, 0.00019987839093588825, 0.00019987839093588825, 0.00019987839093588825, 0.0001988115972626888, 0.0001988115972626888, 0.0001988115972626888], 
[46.50740732203104, 16.75768871640741, 2.480356814957171, 2.480356814957171, 1.2565411151922405, 0.10930179853105851, 0.10930179853105851, 0.10930179853105851, 0.01501665385221087, 0.0035256085032087155, 0.00015968119899324035, 0.00015968119899324035, 0.00015968119899324035, 0.00015968119899324035, 0.00015968119899324035, 0.00015968119899324035, 0.00015968119899324035, 0.00015968119899324035, 0.00015968119899324035, 0.00015968119899324035], 
[14.39239445282637, 14.39239445282637, 14.39239445282637, 2.5778864602186347, 2.5778864602186347, 1.869893133737875, 0.33988149390709466, 0.33988149390709466, 0.16492254961555147, 0.14008040387260504, 0.03062182743131079, 0.03062182743131079, 0.02631507158599456, 0.01032047043520519, 0.0008510600385921731, 0.0008510600385921731, 0.0008510600385921731, 0.0008510600385921731, 0.0008510600385921731, 0.0008510600385921731], 
[27.053622352524158, 27.053622352524158, 12.663688064127655, 12.663688064127655, 1.7290966677647421, 0.6489912348783287, 0.14368131974262613, 0.14368131974262613, 0.14368131974262613, 0.1113568420098772, 0.07287231065852447, 0.02805237588007831, 0.011168870374898682, 0.00114538952161086, 0.00114538952161086, 0.00114538952161086, 0.00114538952161086, 0.00114538952161086, 0.0007202989322007865, 0.0007202989322007865], 
[51.402501670978204, 2.962296963383541, 2.962296963383541, 0.4387835803335705, 0.3231393606481327, 0.3231393606481327, 0.04587178658658233, 0.04587178658658233, 0.011522551000232476, 0.011522551000232476, 0.011522551000232476, 0.011522551000232476, 0.011522551000232476, 0.007562845091566034, 0.004061643809766123, 0.0004217809215161169, 0.0004217809215161169, 0.0004217809215161169, 0.0004217809215161169, 0.0004217809215161169], 
[10.15548424482445, 10.15548424482445, 10.15548424482445, 0.36795323325369705, 0.36795323325369705, 0.23813551768835356, 0.2075027959573672, 0.00717432567760859, 0.00717432567760859, 0.00717432567760859, 0.0002860159603985274, 0.0002860159603985274, 0.0002860159603985274, 0.0002860159603985274, 0.0002860159603985274, 0.00013317887051103824, 0.00013317887051103824, 0.00013317887051103824, 0.00013317887051103824, 0.00013317887051103824], 
[25.6188837642221, 18.568268679405115, 1.520781183081924, 1.520781183081924, 1.520781183081924, 1.520781183081924, 0.09790299980195839, 0.09790299980195839, 0.09790299980195839, 0.061994885666694165, 0.0003880835057729904, 0.0003880835057729904, 0.0003880835057729904, 0.0003880835057729904, 0.0003880835057729904, 0.0003880835057729904, 0.0003880835057729904, 9.132539838786297e-05, 9.132539838786297e-05, 9.132539838786297e-05], 
[3.0916162927021773, 3.0916162927021773, 3.0916162927021773, 2.8026547589836395, 0.9845706530389604, 0.24486743462937552, 0.24486743462937552, 0.13572334679615836, 0.09211568552915543, 0.05069219664802384, 0.018031652122292442, 0.013823625654430278, 0.013823625654430278, 0.013823625654430278, 0.013050928679288165, 0.002105510336744427, 0.002105510336744427, 0.0019386216188748543, 0.0010163890620347707, 0.001014480696519357], 
[32.13541749051696, 32.13541749051696, 3.9970277425112837, 3.9970277425112837, 0.5133310931536571, 0.07881144667599885, 0.07881144667599885, 0.07881144667599885, 0.05746175684983037, 0.05746175684983037, 0.01935205149400219, 0.006962904492717441, 0.0002810580715860913, 0.0002810580715860913, 0.0002810580715860913, 0.0002810580715860913, 0.0002810580715860913, 0.0002810580715860913, 0.0002810580715860913, 0.0002810580715860913], 
[27.329903580081247, 25.0527416537614, 7.2157534725135255, 0.20186895463653023, 0.20186895463653023, 0.20186895463653023, 0.12391055722595729, 0.09027958499022182, 0.017063375233187156, 0.017063375233187156, 0.009673882599459175, 0.009673882599459175, 0.00367955541762379, 0.00367955541762379, 0.0026699369116004383, 0.0006767995849945918, 0.0006767995849945918, 0.0006767995849945918, 0.0003181072434576841, 0.0003181072434576841], 
[43.61815033176199, 13.220458059207951, 5.567151521873933, 2.936151201811049, 1.7842407858719422, 0.5322751153959129, 0.5322751153959129, 0.2507712244851964, 0.14272625129053584, 0.11288286108118185, 0.05005251641483977, 0.05005251641483977, 0.013452428788770364, 0.0023660031799143783, 0.0023660031799143783, 0.0023660031799143783, 0.002122200593937277, 0.0005902692178319229, 0.0005902692178319229, 0.00030779338847278513], 
[41.03695895662807, 22.701285742539355, 0.38438160555642326, 0.38438160555642326, 0.10970263872007786, 0.10970263872007786, 0.10970263872007786, 0.0037429968391502616, 0.0037429968391502616, 0.0037429968391502616, 0.0037429968391502616, 0.0037429968391502616, 0.0037427049459932806, 0.0037427049459932806, 0.0037427049459932806, 0.0037427049459932806, 0.002799516787942353, 0.0005688687779261711, 0.0005688687779261711, 7.862801107334892e-05], 
