[0.7098648933219689, 0.7098648933219689, 0.341052999534178, 0.2396437019633567, 0.023519423581982495, 0.01814609211370838, 0.006068310548479713, 0.004756836207099917, 0.0007365332865147805, 0.0007365332865147805, 4.186430765969542e-05, 4.186430765969542e-05, 4.186430765969542e-05, 4.186430765969542e-05, 4.186430765969542e-05, 2.820330693969306e-06, 2.820330693969306e-06, 2.820330693969306e-06, 2.820330693969306e-06, 2.820330693969306e-06], 
[0.26150989631129307, 0.11982803077868888, 0.06199041678536338, 0.026718969578352833, 0.022124652970645316, 0.010515754192378591, 0.003485287572549795, 0.0012253857653979788, 0.0004949418459940384, 0.0002509451279993859, 0.0002509451279993859, 0.0002509451279993859, 0.0002509451279993859, 5.422608241098731e-05, 8.943865652183606e-06, 8.943865652183606e-06, 8.943865652183606e-06, 8.943865652183606e-06, 7.798677625028152e-06, 6.003211634912247e-06], 
[0.7215863819283262, 0.7215863819283262, 0.12374605343673392, 0.052228915599864215, 0.023530154381477496, 0.023530154381477496, 0.008504289401918988, 0.0011882252344097605, 0.0011882252344097605, 0.0001049334244476392, 0.0001049334244476392, 0.0001049334244476392, 0.0001049334244476392, 0.0001049334244476392, 2.4321804591110506e-05, 2.4321804591110506e-05, 2.4321804591110506e-05, 5.817632999799525e-06, 5.817632999799525e-06, 1.8626433749336208e-07], 
[1.296536803760996, 0.9791736121536717, 0.2116459609172688, 0.023921367629281327, 0.02370754068733098, 0.017777761432570885, 0.0018262494332217873, 0.0018262494332217873, 0.0018262494332217873, 3.7482127768755216e-05, 3.7482127768755216e-05, 3.7482127768755216e-05, 3.7482127768755216e-05, 3.7482127768755216e-05, 1.9544864270910754e-05, 1.9544864270910754e-05, 1.9544864270910754e-05, 1.9544864270910754e-05, 1.9544864270910754e-05, 3.653349118405147e-06], 
[0.20230955169337347, 0.20230955169337347, 0.20230955169337347, 0.012993483997320808, 0.012993483997320808, 0.012966193903213376, 0.0024818412710097618, 0.0024818412710097618, 0.0009852007428021753, 0.00010898320734729704, 0.00010898320734729704, 0.00010898320734729704, 0.00010898320734729704, 1.3566872944099373e-05, 8.080168785532469e-07, 8.080168785532469e-07, 8.080168785532469e-07, 8.080168785532469e-07, 8.080168785532469e-07, 8.080168785532469e-07], 
[2.2930045148187657, 2.2930045148187657, 0.1451189286430629, 0.10208478869867935, 0.008903122615422426, 0.0029381946164264237, 0.0029381946164264237, 0.0011821149103697132, 0.0011649379564293565, 0.0004731106268477167, 0.00035624445210405084, 6.803424283868202e-05, 6.803424283868202e-05, 6.803424283868202e-05, 6.803424283868202e-05, 1.6168100199342813e-05, 1.6168100199342813e-05, 1.6168100199342813e-05, 1.6125893788171596e-05, 1.6125893788171596e-05], 
[0.18545743409396004, 0.18545743409396004, 0.18545743409396004, 0.036873543147693914, 0.023707085664661717, 0.011621172841651017, 0.0008997943049825748, 0.0008997943049825748, 0.0004276549974277468, 0.0004276549974277468, 0.0004276549974277468, 0.0004276549974277468, 0.0004276549974277468, 5.1591879865407015e-05, 8.94514610145755e-06, 8.94514610145755e-06, 8.94514610145755e-06, 8.94514610145755e-06, 8.94514610145755e-06, 8.94514610145755e-06], 
[1.1212223659919358, 0.0095128142605468, 0.008910451892905732, 0.008910451892905732, 0.008910451892905732, 0.008910451892905732, 0.008910451892905732, 0.001622743602264258, 0.001622743602264258, 0.0013319905544018668, 0.0013319905544018668, 0.0001545211378056326, 0.0001545211378056326, 6.538896380390372e-05, 6.538896380390372e-05, 6.538896380390372e-05, 5.14749480725621e-05, 5.14749480725621e-05, 1.9921386685166568e-05, 1.9921386685166568e-05], 
[0.13850586485839558, 0.06069944524016072, 0.06069944524016072, 0.03722173337375991, 0.003786376588653433, 0.003786376588653433, 0.003786376588653433, 0.001076315378604556, 0.00036519595438977296, 0.00010798053278732522, 0.00010798053278732522, 0.00010798053278732522, 0.00010798053278732522, 3.551497961383912e-05, 3.551497961383912e-05, 3.551497961383912e-05, 6.20798135625528e-06, 5.464339837158802e-07, 5.464339837158802e-07, 5.464339837158802e-07], 
[0.027413705752868694, 0.027413705752868694, 0.025655241385958847, 0.024495630515391973, 0.0009063462840173877, 0.0009063462840173877, 0.0009063462840173877, 0.0009063462840173877, 0.0009063462840173877, 0.0004924877035635987, 0.0004924877035635987, 0.0004924877035635987, 0.00012581347004492465, 0.00012581347004492465, 0.00012581347004492465, 8.598127363863588e-05, 2.8533010405039924e-05, 2.8533010405039924e-05, 9.208890206875226e-06, 9.208890206875226e-06], 
[0.19741275005244222, 0.028829950291658902, 0.028829950291658902, 0.028829950291658902, 0.0006457742232842792, 0.0006457742232842792, 0.0006457742232842792, 0.0005067223956464505, 0.0005067223956464505, 0.0005067223956464505, 0.0003358982400712097, 3.334417766558698e-05, 2.4294683140383145e-06, 2.4294683140383145e-06, 2.4294683140383145e-06, 2.4294683140383145e-06, 2.4294683140383145e-06, 2.4294683140383145e-06, 2.4294683140383145e-06, 2.4294683140383145e-06], 
[0.17909039200526633, 0.17909039200526633, 0.005791797644579629, 0.005791797644579629, 0.005791797644579629, 0.005791797644579629, 0.005791797644579629, 0.0018296505146185083, 0.0018296505146185083, 0.00023350355151881847, 6.357637877976914e-05, 6.357637877976914e-05, 6.357637877976914e-05, 6.357637877976914e-05, 4.655643441934083e-05, 4.655643441934083e-05, 4.655643441934083e-05, 2.2426742585143297e-05, 2.2426742585143297e-05, 1.6159421456890943e-06], 
[0.1698695891997152, 0.1698695891997152, 0.11759985305981474, 0.11759985305981474, 0.011534543577957223, 0.0008725345820382625, 0.0008725345820382625, 0.0008725345820382625, 0.0004260310105869818, 0.0004260310105869818, 0.0004260310105869818, 6.113818435806493e-05, 6.113818435806493e-05, 4.805551656386815e-05, 4.805551656386815e-05, 3.844518543001606e-05, 3.844518543001606e-05, 3.3581323891820945e-05, 1.7589688986083115e-05, 1.0064980618318925e-05], 
[0.5646981192538538, 0.2399215069611066, 0.051496685881042906, 0.026971259427632666, 0.026971259427632666, 0.026971259427632666, 0.0018618859059297895, 0.0010652304562829562, 0.0006168295149354925, 0.00047750257148350227, 0.00047750257148350227, 0.00047750257148350227, 8.758721989083563e-05, 8.758721989083563e-05, 8.758721989083563e-05, 8.758721989083563e-05, 1.0653835920882086e-05, 1.0653835920882086e-05, 1.7512102838358477e-07, 1.7512102838358477e-07], 
[0.042729676981509965, 0.042729676981509965, 0.014611008214963323, 0.014611008214963323, 0.014611008214963323, 0.014611008214963323, 0.002642659934531002, 0.002147352552095709, 0.0007401793595680479, 0.0007401793595680479, 0.00030045961670479025, 0.00013026922957463667, 8.392603333258948e-05, 1.6213000524856778e-05, 1.6213000524856778e-05, 1.6213000524856778e-05, 1.5558149495892932e-05, 1.5558149495892932e-05, 1.5558149495892932e-05, 1.5558149495892932e-05], 
[1.099473348693935, 0.6183683554606813, 0.37286989951699934, 0.003945521587183725, 0.003945521587183725, 0.003945521587183725, 0.0036051190947676533, 0.0036051190947676533, 0.0036051190947676533, 0.00040922292410162497, 0.00040922292410162497, 0.00040922292410162497, 0.00040922292410162497, 0.00040922292410162497, 7.525482448817434e-05, 7.525482448817434e-05, 7.525482448817434e-05, 4.664653353309055e-07, 4.664653353309055e-07, 4.664653353309055e-07], 
[1.5959694991979911, 0.1703508117243102, 0.1703508117243102, 0.1703508117243102, 0.143317527579266, 0.018769806773611283, 0.0008500949976848403, 0.0008500949976848403, 0.0008500949976848403, 0.0007923109793375577, 0.0007923109793375577, 0.00023327376828406537, 0.00023327376828406537, 0.00023327376828406537, 0.00023327376828406537, 2.128360135799108e-05, 2.128360135799108e-05, 2.128360135799108e-05, 2.128360135799108e-05, 8.129546031593397e-06], 
[2.2286638876164733, 0.03422958559351749, 0.01683596795025001, 0.01683596795025001, 0.01683596795025001, 0.004668468112160533, 0.004668468112160533, 0.0024466712989728513, 0.0015919741403419372, 0.0012816124581836372, 0.000525339266424699, 0.00022190689991202666, 9.206518637578558e-05, 9.206518637578558e-05, 9.206518637578558e-05, 7.544999795437424e-05, 3.505260051319015e-05, 3.505260051319015e-05, 3.505260051319015e-05, 5.680586209538132e-06], 
[0.024256407656980603, 0.024256407656980603, 0.024256407656980603, 0.021836209912558826, 0.021836209912558826, 0.0018546485213261164, 0.0018546485213261164, 0.0018546485213261164, 0.0018546485213261164, 0.000978088704163801, 0.00012803313266732838, 0.00012803313266732838, 0.00012803313266732838, 0.00012803313266732838, 0.00012803313266732838, 6.3802850424471244e-06, 6.3802850424471244e-06, 6.3802850424471244e-06, 6.3802850424471244e-06, 6.3802850424471244e-06], 
[0.05425813382267723, 0.003775993993794991, 0.003775993993794991, 0.003775993993794991, 0.003775993993794991, 0.0005508466809207914, 0.00013883841431305773, 0.00013883841431305773, 0.00013883841431305773, 2.027701610922948e-05, 1.086144699020996e-05, 1.086144699020996e-05, 1.086144699020996e-05, 1.086144699020996e-05, 1.086144699020996e-05, 1.086144699020996e-05, 1.086144699020996e-05, 1.086144699020996e-05, 4.330617258996564e-06, 4.330617258996564e-06], 
[3.193258757409769, 0.037778367740883764, 0.037778367740883764, 0.01810092151913205, 0.01810092151913205, 0.0012405524798950172, 0.0012405524798950172, 0.00012322381509102971, 0.00012322381509102971, 0.00012322381509102971, 0.00012322381509102971, 0.00012322381509102971, 6.411302336582056e-05, 6.411302336582056e-05, 6.411302336582056e-05, 6.401397577325377e-05, 4.956048914102215e-05, 1.9712138171761258e-05, 1.9712138171761258e-05, 3.660219300875188e-06], 
[0.3948937495758402, 0.2496238420292595, 0.05839149538952263, 0.049985352996677876, 0.010660722271291898, 0.001498016508945605, 0.001498016508945605, 0.0014730523806308217, 8.341792924572779e-05, 8.341792924572779e-05, 8.341792924572779e-05, 2.4595306261138196e-05, 2.4595306261138196e-05, 2.4595306261138196e-05, 2.4595306261138196e-05, 2.4595306261138196e-05, 2.4595306261138196e-05, 8.482229678556813e-06, 8.482229678556813e-06, 8.482229678556813e-06], 
[0.33265396016470083, 0.33265396016470083, 0.008075520088109292, 0.008075520088109292, 0.008075520088109292, 0.008075520088109292, 0.008075520088109292, 0.001711909011912135, 0.001711909011912135, 0.0002517860903374397, 0.0002517860903374397, 0.00019977024118545393, 5.439429634041561e-05, 5.439429634041561e-05, 5.439429634041561e-05, 5.439429634041561e-05, 6.336871643723614e-06, 6.336871643723614e-06, 3.629074532033966e-06, 3.629074532033966e-06], 
[0.4291578352121791, 0.03817808622492033, 0.03817808622492033, 0.03817808622492033, 0.03817808622492033, 0.003744296621235807, 0.003744296621235807, 0.003744296621235807, 0.0014767071946558846, 0.00026990620507453856, 0.00026990620507453856, 0.00026990620507453856, 8.178250798141085e-05, 1.3872416651217678e-05, 1.3872416651217678e-05, 1.3872416651217678e-05, 1.3872416651217678e-05, 6.175775289776086e-06, 6.175775289776086e-06, 6.175775289776086e-06], 
[0.031207142115539658, 0.031207142115539658, 0.0157955899925455, 0.0157955899925455, 0.0157955899925455, 0.0018046643602611387, 0.0018046643602611387, 0.001184029508228276, 0.0010818766114435415, 5.99509406578281e-05, 5.99509406578281e-05, 5.99509406578281e-05, 5.99509406578281e-05, 4.5254085533362996e-05, 4.5254085533362996e-05, 4.47153610515485e-05, 4.47153610515485e-05, 1.4155049887089989e-05, 1.4155049887089989e-05, 7.6747373210685e-08], 
[0.06153685081651746, 0.06153685081651746, 0.06153685081651746, 0.053194853090434785, 0.013030828045035154, 0.013030828045035154, 0.0019723065902372463, 0.0019723065902372463, 0.001786939443542273, 0.001786939443542273, 0.001786939443542273, 7.13286432059408e-05, 7.13286432059408e-05, 2.490798311194948e-05, 2.490798311194948e-05, 2.408124539620554e-05, 2.408124539620554e-05, 2.408124539620554e-05, 2.9159855793228506e-07, 2.9159855793228506e-07], 
[0.3776535205936906, 0.24297315946828477, 0.10232967616888093, 0.03152592452425647, 0.03152592452425647, 0.008823938868495744, 0.006077618463308985, 0.0003853023034836737, 0.0003853023034836737, 6.148822765558185e-05, 6.148822765558185e-05, 6.148822765558185e-05, 6.148822765558185e-05, 6.148822765558185e-05, 6.148822765558185e-05, 6.148822765558185e-05, 4.559700127496565e-05, 4.559700127496565e-05, 1.2939023194135675e-05, 6.814297688565524e-06], 
[1.2086587613066244, 0.12597278268598494, 0.1062755373983219, 0.0007057003053360187, 0.0007057003053360187, 0.0007057003053360187, 0.0007057003053360187, 0.0007057003053360187, 0.0007057003053360187, 0.00040448507819135573, 0.00040448507819135573, 0.00040448507819135573, 0.00040448507819135573, 0.00011214789836543676, 8.610986140788203e-05, 8.610986140788203e-05, 5.906749146822562e-06, 5.906749146822562e-06, 5.906749146822562e-06, 4.786701891238326e-06], 
[0.34638918856511014, 0.34638918856511014, 0.34638918856511014, 0.16080504333269954, 0.16080504333269954, 0.008075996102100356, 0.003055508018463944, 0.003055508018463944, 0.002950418095026724, 0.001592468548776261, 0.0007525469320824818, 1.9972617854941913e-05, 1.9972617854941913e-05, 1.9972617854941913e-05, 1.9972617854941913e-05, 1.9972617854941913e-05, 1.9972617854941913e-05, 1.9972617854941913e-05, 1.9972617854941913e-05, 1.9972617854941913e-05], 
[0.08402624010505225, 0.08402624010505225, 0.052336648835271636, 0.052336648835271636, 0.04139649610851879, 0.002539591360728526, 0.002430783400443793, 0.001306813765331382, 0.00046651695264761833, 0.00046651695264761833, 0.00017594860004218685, 0.0001545910805629385, 0.0001545910805629385, 7.254580874475896e-05, 7.254580874475896e-05, 4.0865107511270444e-05, 7.908048142157685e-07, 7.908048142157685e-07, 7.908048142157685e-07, 7.908048142157685e-07], 
