[20.125436255575774, 17.706577752470196, 7.874151624720758, 7.874151624720758, 7.874151624720758, 7.874151624720758, 0.6423492114827809, 0.6423492114827809, 0.6423492114827809, 0.6423492114827809, 0.6423492114827809, 0.3443702531015269, 0.3443702531015269, 0.3443702531015269, 0.29533401818873983, 0.10065121096325669, 0.10065121096325669, 0.10065121096325669, 0.10065121096325669, 0.10065121096325669], 
[19.817255372120428, 17.135258584724223, 17.135258584724223, 17.135258584724223, 15.35897183188239, 11.723791798326657, 9.855384917701683, 6.421639498156475, 3.0483735716781943, 3.0483735716781943, 2.9986035085876743, 0.7143243868766902, 0.7143243868766902, 0.7143243868766902, 0.7143243868766902, 0.22386414076660088, 0.22386414076660088, 0.22386414076660088, 0.22386414076660088, 0.22386414076660088], 
[12.927259326021415, 12.927259326021415, 12.927259326021415, 12.927259326021415, 10.147823722578842, 9.009101838852494, 2.5763917182910774, 2.5763917182910774, 2.5763917182910774, 2.5763917182910774, 0.4705011664502514, 0.4705011664502514, 0.4705011664502514, 0.4705011664502514, 0.44996620547810906, 0.40962690477856256, 0.23502115812424762, 0.06562596491483319, 0.06562596491483319, 0.06562596491483319], 
[13.176757959157374, 13.176757959157374, 13.176757959157374, 9.240230160961309, 9.240230160961309, 5.814737316957986, 4.739237695956515, 4.277172273138332, 2.732047253628842, 2.1857385613362226, 2.0616465585073307, 0.7836371102023385, 0.7836371102023385, 0.7172852158344227, 0.11798876831329608, 0.11798876831329608, 0.11798876831329608, 0.11798876831329608, 0.09264824304326424, 0.09264824304326424], 
[18.810117970376286, 18.810117970376286, 10.505021497214559, 10.505021497214559, 10.505021497214559, 10.505021497214559, 10.281604885036773, 5.279406112265809, 4.286525341121667, 3.489570585355697, 3.4143206621951485, 1.5419741714243393, 0.8808352262155026, 0.8808352262155026, 0.8808352262155026, 0.8808352262155026, 0.8808352262155026, 0.10654192462452983, 0.10654192462452983, 0.10357539741690402], 
[20.073423147441105, 10.687148442464373, 10.687148442464373, 6.43609020295097, 6.43609020295097, 4.185787318978209, 4.185787318978209, 4.185787318978209, 4.055613683387435, 2.2531476674987765, 2.2531476674987765, 2.2531476674987765, 1.7746734955836807, 1.7746734955836807, 1.223471488078978, 0.22774626496578065, 0.22774626496578065, 0.22774626496578065, 0.20117629251377878, 0.20117629251377878], 
[20.081860865116372, 20.03165867123713, 15.571241752367497, 11.556808066088452, 11.556808066088452, 10.093071171568553, 10.093071171568553, 4.153420464627098, 4.153420464627098, 4.153420464627098, 4.153420464627098, 4.153420464627098, 3.3195465299761118, 1.963103280624857, 0.2346169354457288, 0.2346169354457288, 0.2346169354457288, 0.2346169354457288, 0.20626761915093894, 0.03873548113737968], 
[20.08459231569669, 19.096688649997457, 13.730789852751201, 12.108121608049562, 4.83311368181843, 4.83311368181843, 3.6389871212904588, 2.408792501512064, 2.408792501512064, 2.408792501512064, 1.903130065709135, 1.3890687915410922, 1.3890687915410922, 0.6608542691824439, 0.6608542691824439, 0.11694791052229903, 0.11694791052229903, 0.11694791052229903, 0.11694791052229903, 0.015815136397311136], 
[20.242099098926833, 18.013240241092063, 18.013240241092063, 14.495538100127137, 2.8832594740556416, 2.8832594740556416, 2.8832594740556416, 2.8832594740556416, 2.8832594740556416, 2.8832594740556416, 2.8832594740556416, 2.866847162680749, 2.866847162680749, 2.62910875856862, 0.8470504887778141, 0.8470504887778141, 0.8470504887778141, 0.07491265930000068, 0.07491265930000068, 0.07491265930000068], 
[18.14420792062717, 16.36653237801763, 15.457617565134154, 12.487825638907275, 7.511229977834223, 7.511229977834223, 4.644636455749787, 4.644636455749787, 3.6443270724160755, 2.582163974213291, 1.795327409394627, 0.5831125951750273, 0.5831125951750273, 0.5831125951750273, 0.5831125951750273, 0.4340294630840198, 0.4340294630840198, 0.4340294630840198, 0.2614979826621848, 0.19371518592406645], 
[20.051568958471414, 15.212964836132741, 15.212964836132741, 12.596022610360865, 8.859848316500056, 8.095479612831994, 5.369455565925188, 3.6649867957105258, 3.6649867957105258, 3.6649867957105258, 3.2512590874690623, 2.9744394062247395, 2.920963446457332, 2.920963446457332, 0.7106531346460585, 0.7106531346460585, 0.6000115902301921, 0.6000115902301921, 0.6000115902301921, 0.24234124115598732], 
[17.432557866583096, 16.204586308370985, 16.204586308370985, 9.299566528464004, 8.254372006421871, 6.310739255620469, 2.6710284311992005, 2.6710284311992005, 2.6710284311992005, 2.6678089624184302, 2.152151905359439, 2.152151905359439, 0.1009048500300409, 0.1009048500300409, 0.1009048500300409, 0.1009048500300409, 0.1009048500300409, 0.06055707325019455, 0.06055707325019455, 0.05498928282412763], 
[18.18139394692516, 12.913929357804017, 12.913929357804017, 12.913929357804017, 10.352324581939419, 10.352324581939419, 6.083628223977604, 3.5082803358404107, 3.5082803358404107, 3.0104632055987643, 2.838971179041902, 2.522373092858853, 0.976245214639345, 0.6242492944145326, 0.06340557964450255, 0.06340557964450255, 0.04729318595698473, 0.04729318595698473, 0.04729318595698473, 0.04729318595698473], 
[20.10614677228007, 19.93465345884776, 18.625789724350607, 17.114908343548443, 14.873551496845387, 9.09569771443843, 7.133973595909524, 5.101367071591046, 3.369650312557688, 0.9253071639018273, 0.9253071639018273, 0.1610237094548772, 0.1610237094548772, 0.1610237094548772, 0.1610237094548772, 0.1610237094548772, 0.1610237094548772, 0.1610237094548772, 0.1610237094548772, 0.08990680069986823], 
[16.88140880551277, 8.77747333429622, 8.77747333429622, 6.805537979532087, 3.063675335074773, 3.063675335074773, 3.063675335074773, 2.4375784598183756, 1.424149817459437, 1.424149817459437, 1.424149817459437, 1.424149817459437, 0.5199939954129462, 0.5199939954129462, 0.3715976564836758, 0.03642429938101799, 0.03642429938101799, 0.03642429938101799, 0.03642429938101799, 0.00830698382548789], 
[18.759970807089314, 16.072393971016922, 16.072393971016922, 16.072393971016922, 9.171480892343604, 8.54563488266904, 6.5228286150160795, 5.5968225769775, 4.932784406353216, 3.1732352845399703, 3.107186266976413, 0.042438330764184684, 0.042438330764184684, 0.042438330764184684, 0.042438330764184684, 0.042438330764184684, 0.042438330764184684, 0.042438330764184684, 0.042438330764184684, 0.042438330764184684], 
[18.448214981257465, 18.448214981257465, 16.41298217978159, 11.231202575588418, 11.231202575588418, 7.730653650135112, 3.694713384871978, 3.694713384871978, 3.1843977754182013, 3.076187336485983, 3.076187336485983, 2.3903640927449885, 0.1748745976859638, 0.1748745976859638, 0.1748745976859638, 0.05815111762736436, 0.05815111762736436, 0.05815111762736436, 0.05815111762736436, 0.05815111762736436], 
[17.06008582191827, 17.06008582191827, 17.06008582191827, 14.662914677941163, 14.042784981689168, 6.557331602813859, 6.557331602813859, 2.673608918781646, 2.673608918781646, 2.673608918781646, 2.673608918781646, 2.673608918781646, 0.7319262709935188, 0.7319262709935188, 0.23894017608284202, 0.23894017608284202, 0.23894017608284202, 0.23894017608284202, 0.15236834693165946, 0.15236834693165946], 
[19.2717602935579, 19.2717602935579, 13.887337651931265, 7.626961494994104, 7.626961494994104, 3.9253205967270084, 3.9253205967270084, 3.147711885442668, 3.147711885442668, 0.45328126630932175, 0.45328126630932175, 0.45328126630932175, 0.45328126630932175, 0.45328126630932175, 0.3065690560477421, 0.3065690560477421, 0.3065690560477421, 0.3065690560477421, 0.3065690560477421, 0.2703110044191064], 
[7.716015881103967, 7.716015881103967, 7.716015881103967, 7.716015881103967, 7.632136882610807, 7.632136882610807, 4.557970669505613, 3.58060694598057, 2.884174605606848, 2.884174605606848, 2.884174605606848, 1.078879535620274, 1.078879535620274, 0.40222422958098747, 0.03598067835500984, 0.03598067835500984, 0.03598067835500984, 0.03598067835500984, 0.03598067835500984, 0.03598067835500984], 
[16.75985321451193, 15.351955829176534, 15.351955829176534, 15.351955829176534, 14.345069026034944, 13.723408067777413, 7.630532646816826, 5.019572213431784, 5.019572213431784, 3.3306449690398274, 3.1602581416494644, 3.1572615747775075, 1.0612189877236666, 0.1860077704141503, 0.1860077704141503, 0.1860077704141503, 0.1860077704141503, 0.1860077704141503, 0.1860077704141503, 0.1860077704141503], 
[19.360371006288116, 19.360371006288116, 9.134330161358381, 7.768433981525945, 3.408414704777776, 3.408414704777776, 3.408414704777776, 2.8819127482429643, 2.8819127482429643, 2.8819127482429643, 2.6406374813948403, 2.6406374813948403, 2.094323913768182, 0.5879577490865451, 0.5879577490865451, 0.5879577490865451, 0.5276484590503081, 0.11165221784836277, 0.11165221784836277, 0.11165221784836277], 
[18.75739671999293, 14.25494705751418, 14.25494705751418, 14.25494705751418, 12.873602496025757, 12.873602496025757, 11.050513449048644, 4.4598031441645585, 2.4761553890244734, 2.4761553890244734, 2.4761553890244734, 2.031445374209948, 0.6908119613204491, 0.6908119613204491, 0.586203754321069, 0.586203754321069, 0.3780138212380848, 0.3780138212380848, 0.3780138212380848, 0.3780138212380848], 
[18.173650196836256, 16.114467165107676, 16.114467165107676, 16.114467165107676, 14.470518810890182, 14.470518810890182, 10.510532741249746, 4.961327570178732, 3.756684781933558, 2.3786804694297423, 2.3786804694297423, 1.3134218072130146, 0.15360541893250712, 0.15360541893250712, 0.12808776509634967, 0.12808776509634967, 0.12808776509634967, 0.12808776509634967, 0.12808776509634967, 0.07553132999954215], 
[19.581141700439133, 14.259757266554146, 14.259757266554146, 4.1417641717975595, 4.1417641717975595, 4.1417641717975595, 4.1417641717975595, 2.5400867602612394, 2.5400867602612394, 2.5400867602612394, 2.5400867602612394, 0.6637811365310675, 0.6637811365310675, 0.6614641662813341, 0.6614641662813341, 0.6200858695790501, 0.11459772779253896, 0.11459772779253896, 0.07638725131728208, 0.07638725131728208], 
[16.435326115996574, 16.435326115996574, 11.350700897250622, 11.350700897250622, 10.466202289850616, 3.0151436913429173, 3.0151436913429173, 3.0151436913429173, 3.0151436913429173, 2.9753681821263065, 2.6647437789299637, 1.4917354142158175, 0.35783726288220663, 0.2436309768362257, 0.2436309768362257, 0.2436309768362257, 0.2436309768362257, 0.147267704424344, 0.147267704424344, 0.11940008409450442], 
[19.838866752969697, 16.149050060020567, 16.048392945268425, 7.765849042841145, 7.765849042841145, 7.765849042841145, 7.315946038560323, 2.3427735733486763, 2.3427735733486763, 2.3427735733486763, 2.3427735733486763, 0.6115294409626806, 0.6115294409626806, 0.6115294409626806, 0.6115294409626806, 0.3986597278495765, 0.066864641520894, 0.066864641520894, 0.066864641520894, 0.066864641520894], 
[20.011477358614496, 18.278424222029198, 15.994524137104314, 15.994524137104314, 15.994524137104314, 8.865249163687842, 6.628513923418195, 6.628513923418195, 3.303405600488528, 3.303405600488528, 3.2477216085730483, 1.3935808945524926, 1.3935808945524926, 0.40671308122887595, 0.09065935384805712, 0.09065935384805712, 0.09065935384805712, 0.09065935384805712, 0.09065935384805712, 0.09065935384805712], 
[11.022756956026466, 11.022756956026466, 10.173551807234913, 4.521493035389954, 4.521493035389954, 4.521493035389954, 3.0197570784977827, 3.0197570784977827, 3.0197570784977827, 3.0197570784977827, 1.8550576973979034, 0.13497264362769812, 0.13497264362769812, 0.09918627246744194, 0.09918627246744194, 0.09918627246744194, 0.08574827776870109, 0.08574827776870109, 0.08574827776870109, 0.08574827776870109], 
[17.776531122145705, 17.776531122145705, 17.776531122145705, 10.817731237474685, 3.7645533628468755, 3.7645533628468755, 3.7645533628468755, 3.621558271714971, 3.621558271714971, 3.3175055298517577, 2.8638521337902247, 2.8638521337902247, 0.31600811256835826, 0.24771600163609975, 0.24771600163609975, 0.24771600163609975, 0.24771600163609975, 0.23127743377240506, 0.09135606430540477, 0.09135606430540477], 
