[83.48965950214426, 66.20212719881587, 5.775366243211249, 4.968300542740089, 4.415052602879439, 1.5104761261440527, 0.7588638894334533, 0.14596798692645546, 0.14596798692645546, 0.14596798692645546, 0.10136886551192839, 0.03765122708928336, 0.03765122708928336, 0.0007064942139769196, 3.9770424967295587e-05, 3.9770424967295587e-05, 3.9770424967295587e-05, 3.9770424967295587e-05, 3.9770424967295587e-05, 3.9770424967295587e-05], 
[145.12288645217967, 31.177236410944527, 12.47042945619143, 1.1274686473573965, 1.1274686473573965, 0.5329467685380723, 0.5329467685380723, 0.22157098659890473, 0.07189538720515912, 0.07189538720515912, 0.07189538720515912, 0.07189538720515912, 0.0001516908595480221, 0.0001516908595480221, 0.0001516908595480221, 0.0001516908595480221, 0.0001516908595480221, 0.0001516908595480221, 0.0001516908595480221, 6.977001601786395e-05], 
[283.71915555323807, 49.374811409269725, 1.9592172874467981, 1.9592172874467981, 0.2964079297571209, 0.25703732076586805, 0.25703732076586805, 0.08207513777666474, 0.07666634962028872, 0.07666634962028872, 0.030750035628881744, 0.030750035628881744, 0.030750035628881744, 0.0012726042575141692, 0.00042823572781279723, 0.00042823572781279723, 0.00042823572781279723, 7.686130743269635e-05, 2.7934227884922464e-05, 2.7934227884922464e-05], 
[57.3568810337287, 49.058551492324526, 0.8124989103670172, 0.8124989103670172, 0.8124989103670172, 0.8124989103670172, 0.0339199024136412, 0.0339199024136412, 0.0339199024136412, 0.031424521044979614, 0.017148259290524815, 0.017148259290524815, 0.007647211253575682, 0.007647211253575682, 0.007647211253575682, 0.0026121525412339847, 0.001112678968367349, 0.0005722719504131413, 0.00035272267866431255, 0.00035272267866431255], 
[22.34806220861012, 12.359042115455686, 6.7527503261640325, 6.11857477045226, 1.670977505351566, 1.670977505351566, 0.3785791900829827, 0.3785791900829827, 0.3785791900829827, 0.20773397945706995, 0.13312160176712204, 0.03614168692969745, 0.0210925903912563, 0.0023340301573951017, 0.0023340301573951017, 0.002110830638022554, 0.002110830638022554, 0.00010709480248997522, 0.00010709480248997522, 0.00010709480248997522], 
[63.04690320012292, 7.840630548687921, 7.590839645818154, 1.5006588444616178, 0.07510553663744059, 0.07510553663744059, 0.07510553663744059, 0.07510553663744059, 0.056439304276336706, 0.03331214384084213, 0.020772806445422985, 0.020772806445422985, 0.007692424948712228, 0.007692424948712228, 0.007329157342246555, 0.002461437724164403, 0.0015970899338313255, 1.2832599384780953e-05, 1.2832599384780953e-05, 1.2832599384780953e-05], 
[57.59861079675656, 57.59861079675656, 2.109360012601225, 2.109360012601225, 2.109360012601225, 0.33518446259744317, 0.11015886789559204, 0.11015886789559204, 0.07125843863437974, 0.060178460543168166, 0.02114487397879338, 0.00018220971005862823, 0.00018220971005862823, 0.00018220971005862823, 0.00018220971005862823, 0.00018220971005862823, 0.00018220971005862823, 0.00018220971005862823, 0.00018220971005862823, 0.00018220971005862823], 
[24.29449584530374, 2.39630073788373, 2.39630073788373, 2.39630073788373, 0.027018489220630534, 0.027018489220630534, 0.027018489220630534, 0.027018489220630534, 0.027018489220630534, 0.027018489220630534, 0.027018489220630534, 0.027018489220630534, 0.01055587289150456, 0.005742743105034758, 0.0021845981184518155, 0.0021845981184518155, 0.0011177885074116752, 0.0011177885074116752, 0.0005302419457269539, 0.00011427131832879098], 
[100.69431189952039, 14.933003784733486, 12.029348000039516, 1.8231248600292265, 0.23670647512382012, 0.23670647512382012, 0.23670647512382012, 0.23670647512382012, 0.145694254033863, 0.0302060250000336, 0.0302060250000336, 0.021756553844602664, 0.0028527682687089634, 0.0028527682687089634, 0.000569950942253466, 0.000569950942253466, 0.0003990740681008453, 7.74242634303155e-05, 7.74242634303155e-05, 7.74242634303155e-05], 
[187.28357603442373, 2.127086577146365, 2.127086577146365, 1.6807221708967401, 1.6807221708967401, 0.8134933171999732, 0.13088844407183703, 0.09659783045549497, 0.05028959068818686, 0.05028959068818686, 0.05028959068818686, 0.005506143717153967, 0.005506143717153967, 0.005506143717153967, 0.00285667559392371, 0.002328697514027244, 0.0010519463674275465, 0.00011042233939634713, 0.00011042233939634713, 0.00011042233939634713], 
[18.07562845957561, 15.232140440581142, 15.232140440581142, 0.8465508570895848, 0.7844204955235274, 0.7292036221816042, 0.7292036221816042, 0.14363782761344476, 0.0043113840264402525, 0.0043113840264402525, 0.0043113840264402525, 0.0043113840264402525, 0.0043113840264402525, 0.0043113840264402525, 0.0018387164012648213, 0.0018387164012648213, 0.0005400330725388017, 0.0005400330725388017, 0.00014409250107151134, 0.00014409250107151134], 
[57.090948431358456, 57.090948431358456, 2.6329807616359533, 2.6329807616359533, 2.507293567981839, 1.9805236727669457, 0.39976780631578795, 0.39976780631578795, 0.02793674380248807, 0.02793674380248807, 0.02793674380248807, 0.02793674380248807, 0.02793674380248807, 0.006869416646954742, 0.0063164174349610545, 0.0063164174349610545, 0.003560919453924631, 0.0008270294718798863, 0.0008270294718798863, 7.582169497594838e-05], 
[86.20725216313798, 45.357212970781625, 5.224353321827595, 5.224353321827595, 2.7372277294109812, 0.16554384863770766, 0.16554384863770766, 0.0863156557522031, 0.0863156557522031, 0.0863156557522031, 0.0863156557522031, 0.03870009671604254, 0.03870009671604254, 0.03526483846727038, 0.002734822002360629, 0.002734822002360629, 0.001166591703661014, 0.001166591703661014, 0.0007179312661071485, 0.00023857647672962057], 
[124.51267746811068, 22.100196622293343, 22.100196622293343, 0.8471337960009334, 0.7491485434087721, 0.7491485434087721, 0.41880114306417504, 0.20012619013421457, 0.20012619013421457, 0.20012619013421457, 0.13310309157030106, 0.004931893391957269, 0.004931893391957269, 0.004931893391957269, 0.004931893391957269, 0.00021730599242719519, 0.00021730599242719519, 0.00019337607873780175, 0.00019337607873780175, 0.00019337607873780175], 
[26.50983638708147, 26.50983638708147, 6.496848999293403, 6.496848999293403, 0.2893960825989773, 0.2893960825989773, 0.2893960825989773, 0.10288159749457389, 0.10288159749457389, 0.07533124239736684, 0.07533124239736684, 0.023284235636337948, 0.015281912023033481, 0.0006743568791049803, 0.0006743568791049803, 0.0006743568791049803, 0.0006743568791049803, 0.0005117792519701456, 0.00014161330496949992, 3.866511584245852e-05], 
[180.39728881112615, 20.22678108736715, 0.9325033300513654, 0.9325033300513654, 0.8585602914448799, 0.8585602914448799, 0.0518947902878517, 0.0518947902878517, 0.0518947902878517, 0.0518947902878517, 0.018323548949289947, 0.018323548949289947, 0.006685389191280176, 0.0013350043132341204, 0.0013350043132341204, 0.0013350043132341204, 0.0013350043132341204, 0.000672738910625067, 0.0004351434249259475, 0.0004351434249259475], 
[113.95226833386093, 11.415270745112807, 7.3675263709777346, 7.3675263709777346, 0.028858549808201853, 0.028858549808201853, 0.028858549808201853, 0.028858549808201853, 0.028858549808201853, 0.02670146756014425, 0.02670146756014425, 0.008171123475885084, 0.00014986859013716832, 0.00014986859013716832, 0.00014986859013716832, 0.00014986859013716832, 0.00014986859013716832, 0.00014986859013716832, 0.00014986859013716832, 3.416722869059146e-05], 
[169.67093633285774, 21.50085881714226, 3.907640203804274, 3.907640203804274, 3.907640203804274, 1.7974050822924283, 1.1748445742227587, 1.1748445742227587, 0.8333878422302603, 0.2083727558913595, 0.02831607016111589, 0.02831607016111589, 0.006505621112071737, 0.006505621112071737, 0.003774913089363865, 0.003774913089363865, 0.003774913089363865, 0.0016542867653632763, 0.0011150829084201812, 0.0011150829084201812], 
[17.487387773227802, 16.513219178726366, 8.066537823185676, 3.7654203555674783, 3.7654203555674783, 0.14584673028703782, 0.14584673028703782, 0.0525942195370647, 0.03983991850033148, 0.03983991850033148, 0.03983991850033148, 0.0033334992135690524, 0.0011004300824670012, 0.0011004300824670012, 0.0005216452547729215, 0.0005216452547729215, 0.0005216452547729215, 0.0005216452547729215, 0.0004762863045195297, 0.0001918512416520534], 
[15.394872681142042, 15.394872681142042, 9.585252390139786, 0.6763364883495752, 0.6763364883495752, 0.6763364883495752, 0.6582311410808741, 0.52684249847411, 0.1571948910080686, 0.031180549053383133, 0.02949439155349136, 0.02949439155349136, 0.016748423105944446, 0.016748423105944446, 0.012786483376035052, 0.005355797452004931, 0.005355797452004931, 0.0040144067001669165, 0.0021309460962947147, 0.0003525218752095922], 
[19.90741834957193, 19.90741834957193, 9.538412056959084, 1.4296309269144247, 1.4296309269144247, 1.4296309269144247, 1.4296309269144247, 0.43520529273657255, 0.05800998360628412, 0.05800998360628412, 0.023796665961571102, 0.023796665961571102, 0.013940171460742177, 0.003420678021329708, 0.003420678021329708, 0.001223559969394931, 0.001223559969394931, 4.242572296353852e-05, 4.242572296353852e-05, 4.242572296353852e-05], 
[93.78035366170957, 70.47666142232069, 17.713461391602713, 3.4257428517345225, 3.4257428517345225, 2.9193585529058295, 0.8442635537620832, 0.6324316578151026, 0.6324316578151026, 0.38430440394375986, 0.10581172931632778, 0.021915198652532986, 0.014448213686124875, 0.0003832495033308994, 0.0003832495033308994, 0.0003832495033308994, 0.0003832495033308994, 0.0003832495033308994, 0.0003832495033308994, 0.0003832495033308994], 
[34.886051682667144, 34.886051682667144, 16.99561560819552, 6.565566386321698, 3.3756946112896262, 2.049434689181192, 0.13906048989641165, 0.13906048989641165, 0.13906048989641165, 0.020629250964450306, 0.020629250964450306, 0.016267610059701745, 0.01384221837090223, 0.01384221837090223, 0.002858500495919616, 0.0013619824362826253, 0.0013619824362826253, 0.0013619824362826253, 0.0010496097937783637, 0.000522255269778881], 
[106.8726367612326, 14.398824818755815, 0.9059972510561858, 0.9059972510561858, 0.9059972510561858, 0.3223594193388705, 0.04666810123720241, 0.04666810123720241, 0.04666810123720241, 0.011049176434722929, 0.011049176434722929, 0.011049176434722929, 0.007183539443881276, 0.005279452189221371, 0.004694734573694744, 8.895845499300802e-05, 8.895845499300802e-05, 8.895845499300802e-05, 8.895845499300802e-05, 8.895845499300802e-05], 
[110.58019368807015, 14.996289782531653, 14.996289782531653, 5.211659830574129, 1.4785092813246992, 0.15263805615617165, 0.062018948238524295, 0.02250177093569826, 0.02250177093569826, 0.02250177093569826, 0.02250177093569826, 0.010034712555658938, 0.010034712555658938, 0.010034712555658938, 0.010034712555658938, 0.002109667013719202, 0.002109667013719202, 0.002109667013719202, 0.00011685001845008713, 0.00011685001845008713], 
[10.871251648583844, 10.871251648583844, 10.871251648583844, 0.130609937501788, 0.130609937501788, 0.130609937501788, 0.130609937501788, 0.130609937501788, 0.08444131952836037, 0.04795644557123202, 0.01382385948726962, 0.01382385948726962, 0.01382385948726962, 0.0024505673079922336, 0.0024505673079922336, 0.0024505673079922336, 0.001081770238828367, 0.00030931519183447816, 0.00030931519183447816, 0.00030931519183447816], 
[138.11364887978112, 15.726914765214298, 0.5979008456196705, 0.5979008456196705, 0.5979008456196705, 0.5979008456196705, 0.5979008456196705, 0.41343845471144763, 0.39459845525081244, 0.19816490497900058, 0.19816490497900058, 0.11338782780367912, 0.03822832806011428, 0.015161072520734679, 0.015161072520734679, 0.00021982060814781696, 0.00021982060814781696, 0.00021982060814781696, 0.00021982060814781696, 6.90095823855029e-05], 
[8.11120793108702, 8.11120793108702, 2.939190004247492, 0.9495000609308031, 0.9495000609308031, 0.9495000609308031, 0.07204111678650574, 0.07204111678650574, 0.07204111678650574, 0.004745706533299506, 0.004745706533299506, 0.004745706533299506, 0.0014147981533793794, 0.0014147981533793794, 0.0014147981533793794, 0.0014147981533793794, 0.0014147981533793794, 0.0006391169700263518, 0.00036093109226235107, 0.00030408403820903027], 
[32.74254758022471, 25.878154118266714, 10.332749236321305, 10.332749236321305, 10.332749236321305, 2.13859323273068, 1.7078499729413372, 0.9309786918810772, 0.06192482378938763, 0.06192482378938763, 0.028952699401741312, 0.028952699401741312, 0.00772689788793738, 0.00772689788793738, 0.0001418544584283481, 0.0001418544584283481, 0.0001418544584283481, 0.0001418544584283481, 0.0001418544584283481, 1.5427788610755494e-05], 
[18.152594298949424, 18.152594298949424, 16.72974009534341, 3.5132900923824204, 3.5132900923824204, 0.37291918257315826, 0.37291918257315826, 0.034049401446491885, 0.034049401446491885, 0.034049401446491885, 0.030013374525282323, 0.030013374525282323, 0.0005597426447279261, 0.0005597426447279261, 0.0005597426447279261, 0.0005597426447279261, 0.0005597426447279261, 0.0005597426447279261, 0.00013183701910235296, 0.00013183701910235296], 
