[70.06299112259478, 70.06299112259478, 56.77000750220782, 8.647916965706486, 8.647916965706486, 8.647916965706486, 2.5111795866739612, 2.5111795866739612, 2.5111795866739612, 1.230228336375717, 1.230228336375717, 1.230228336375717, 0.8331555064687564, 0.8331555064687564, 0.8331555064687564, 0.8331555064687564, 0.8331555064687564, 0.8331555064687564, 0.6644524804032699, 0.6383866994672189], 
[298.3087201756673, 172.99990503780782, 94.89709832749327, 94.89709832749327, 69.79994785287568, 33.42810333972818, 33.42810333972818, 33.42810333972818, 10.308566076311422, 10.308566076311422, 7.300573650462411, 7.300573650462411, 7.300573650462411, 7.300573650462411, 7.300573650462411, 7.0817487521526346, 3.5266808952396786, 3.5266808952396786, 0.8055035369695815, 0.8055035369695815], 
[178.81657203369866, 178.81657203369866, 178.81657203369866, 178.81657203369866, 120.30753005340432, 120.30753005340432, 66.8643994406782, 66.8643994406782, 21.95682831773479, 21.95682831773479, 21.95682831773479, 21.95682831773479, 13.807472771636412, 4.144663602190803, 4.144663602190803, 4.144663602190803, 4.144663602190803, 4.144663602190803, 4.144663602190803, 4.144663602190803], 
[164.17332067156167, 117.74498683905449, 117.74498683905449, 102.69669994274898, 80.51749399025937, 80.51749399025937, 53.49961351907018, 53.49961351907018, 35.40128074167933, 35.40128074167933, 35.40128074167933, 21.235643704825407, 21.235643704825407, 21.235643704825407, 21.235643704825407, 20.125143587120306, 17.271929061415904, 17.271929061415904, 17.271929061415904, 17.271929061415904], 
[269.47914177580014, 45.05455758265782, 45.05455758265782, 39.93715430032478, 39.93715430032478, 8.051476422573046, 8.051476422573046, 8.051476422573046, 0.4270737513433005, 0.4270737513433005, 0.4270737513433005, 0.4270737513433005, 0.4270737513433005, 0.4270737513433005, 0.043565200959392314, 0.043565200959392314, 0.043565200959392314, 0.043565200959392314, 0.043565200959392314, 0.043565200959392314], 
[135.28754658098546, 77.1229878268407, 77.1229878268407, 77.1229878268407, 77.1229878268407, 59.570676919306834, 59.570676919306834, 59.570676919306834, 59.570676919306834, 45.88135683607891, 24.746988058414445, 24.746988058414445, 24.746988058414445, 24.746988058414445, 19.957390366655773, 19.957390366655773, 19.957390366655773, 18.33728817469239, 17.266396600291273, 17.266396600291273], 
[92.01893985061315, 92.01893985061315, 48.24458805999575, 44.92705001242848, 44.92705001242848, 44.92705001242848, 37.943867808854066, 26.623149294281347, 26.623149294281347, 26.623149294281347, 17.47594139374837, 17.47594139374837, 17.35586010080533, 17.35586010080533, 17.35586010080533, 17.35586010080533, 17.35586010080533, 17.35586010080533, 17.35586010080533, 17.35586010080533], 
[163.8993045335178, 163.8993045335178, 77.64802110102471, 77.64802110102471, 72.6137931546599, 23.761441630606214, 23.761441630606214, 7.962980163048542, 1.4411519549539662, 1.4411519549539662, 1.4411519549539662, 1.4411519549539662, 1.4411519549539662, 1.4411519549539662, 1.4411519549539662, 1.4411519549539662, 1.4411519549539662, 1.4411519549539662, 1.4411519549539662, 1.4411519549539662], 
[187.16117097546737, 74.60400725669001, 74.60400725669001, 74.60400725669001, 74.60400725669001, 42.62918645297168, 42.62918645297168, 42.62918645297168, 42.62918645297168, 33.46747316361336, 33.46747316361336, 33.46747316361336, 33.46747316361336, 28.468898866069935, 21.534703670290355, 20.212836243827837, 20.212836243827837, 1.4530748822019177, 1.4530748822019177, 1.4530748822019177], 
[239.60668966648564, 116.35123486017335, 116.35123486017335, 116.35123486017335, 78.54146968518353, 71.33790331455702, 61.49365889377748, 61.49365889377748, 50.71814956375658, 50.71814956375658, 19.014425396511456, 19.014425396511456, 19.014425396511456, 19.014425396511456, 17.021427348847055, 17.021427348847055, 1.5450242965944199, 1.5450242965944199, 1.5450242965944199, 1.5450242965944199], 
[219.53166315245358, 219.53166315245358, 217.2312267101389, 217.2312267101389, 104.35723041095412, 18.779243031371834, 18.779243031371834, 9.097084847405768, 9.097084847405768, 9.097084847405768, 9.097084847405768, 4.428855261576928, 4.428855261576928, 4.428855261576928, 4.428855261576928, 2.6144357359942205, 1.3678732192893222, 1.3678732192893222, 1.2859039501622647, 1.2859039501622647], 
[33.71100011839849, 33.71100011839849, 33.71100011839849, 33.71100011839849, 33.71100011839849, 33.71100011839849, 33.71100011839849, 31.96660654249706, 25.46428704699406, 15.123439764374325, 1.6239581569120674, 1.5314054529757186, 1.5314054529757186, 1.5314054529757186, 0.17795647874470433, 0.17795647874470433, 0.17795647874470433, 0.17795647874470433, 0.17795647874470433, 0.17795647874470433], 
[54.41624091371159, 54.41624091371159, 9.007294285707758, 9.007294285707758, 9.007294285707758, 9.007294285707758, 4.937859900126568, 4.937859900126568, 4.937859900126568, 2.9795576968474506, 2.9795576968474506, 2.9795576968474506, 2.9795576968474506, 0.8373999689611082, 0.8373999689611082, 0.40450741666097656, 0.40450741666097656, 0.40450741666097656, 0.40450741666097656, 0.34701314114954585], 
[111.1837777236085, 111.1837777236085, 111.1837777236085, 75.68516683493613, 29.2255709473734, 7.913512917325875, 7.913512917325875, 7.913512917325875, 4.362858570975163, 4.362858570975163, 4.362858570975163, 4.362858570975163, 1.2612257603407215, 1.2612257603407215, 1.2612257603407215, 0.9758865175505207, 0.9758865175505207, 0.7658226177791221, 0.7658226177791221, 0.7658226177791221], 
[256.98475819899795, 93.46692392074863, 45.93963033952787, 45.93963033952787, 26.054425393779525, 26.054425393779525, 5.386336538945216, 5.386336538945216, 5.386336538945216, 5.386336538945216, 5.386336538945216, 5.386336538945216, 5.386336538945216, 5.386336538945216, 0.7947510735504011, 0.7947510735504011, 0.7947510735504011, 0.7947510735504011, 0.2141215101344187, 0.2141215101344187], 
[340.13670459727354, 111.25134431880531, 111.25134431880531, 54.789848973775975, 54.789848973775975, 54.789848973775975, 4.12464098618716, 4.12464098618716, 2.1911543139915466, 2.1911543139915466, 0.7085972917203662, 0.7085972917203662, 0.7085972917203662, 0.7085972917203662, 0.19886992605029263, 0.19886992605029263, 0.09560633833564225, 0.062332361038784256, 0.021086065753593175, 0.016935817649937235], 
[381.4482390087307, 56.76309300401397, 38.911922735349776, 29.31096769519229, 29.31096769519229, 29.31096769519229, 17.435535878008977, 17.435535878008977, 5.846697911658339, 5.846697911658339, 5.846697911658339, 5.846697911658339, 0.7352425756000684, 0.7352425756000684, 0.7352425756000684, 0.7352425756000684, 0.7352425756000684, 0.7352425756000684, 0.7352425756000684, 0.7352425756000684], 
[30.553717834680697, 30.553717834680697, 30.553717834680697, 21.171883944673937, 18.17917869958933, 18.17917869958933, 2.848566183079015, 2.848566183079015, 2.848566183079015, 2.848566183079015, 2.848566183079015, 2.848566183079015, 0.5490210899606609, 0.5490210899606609, 0.5490210899606609, 0.5490210899606609, 0.5490210899606609, 0.4423168600574172, 0.4423168600574172, 0.30456155502588445], 
[258.5858550739674, 57.44752738558702, 57.44752738558702, 57.44752738558702, 57.44752738558702, 53.104830687014896, 26.02218686233448, 26.02218686233448, 24.54795771063766, 24.54795771063766, 18.501964648402918, 18.501964648402918, 18.501964648402918, 17.0909116174264, 17.0909116174264, 17.0909116174264, 17.0909116174264, 17.0909116174264, 17.0909116174264, 17.0909116174264], 
[4.793325279570581, 4.793325279570581, 4.793325279570581, 4.793325279570581, 4.793325279570581, 4.793325279570581, 4.793325279570581, 1.9709672405135734, 1.9709672405135734, 1.9709672405135734, 1.9709672405135734, 1.9709672405135734, 1.9709672405135734, 1.9709672405135734, 0.47273015432176635, 0.47273015432176635, 0.47273015432176635, 0.47273015432176635, 0.25119221199770436, 0.0016202421568323189], 
[81.72182510764037, 81.72182510764037, 19.875406210580877, 19.875406210580877, 19.875406210580877, 19.875406210580877, 19.875406210580877, 19.875406210580877, 19.875406210580877, 19.875406210580877, 0.33560386687145183, 0.33560386687145183, 0.33560386687145183, 0.33560386687145183, 0.33560386687145183, 0.33560386687145183, 0.33560386687145183, 0.33560386687145183, 0.33560386687145183, 0.33560386687145183], 
[23.751468935876915, 23.751468935876915, 23.751468935876915, 10.832529465299444, 10.832529465299444, 10.832529465299444, 10.832529465299444, 3.319308364410972, 1.6729716732205588, 1.6729716732205588, 1.6729716732205588, 1.6729716732205588, 1.6729716732205588, 1.6729716732205588, 1.3290475260844232, 1.3290475260844232, 1.3290475260844232, 0.43884747455967954, 0.43884747455967954, 0.43884747455967954], 
[116.5632141042679, 116.5632141042679, 32.08149528910894, 2.8353065183238186, 2.8353065183238186, 2.8353065183238186, 2.8353065183238186, 2.8353065183238186, 2.8353065183238186, 2.8353065183238186, 1.3347238175242637, 0.7316243961950022, 0.7316243961950022, 0.7316243961950022, 0.7316243961950022, 0.7316243961950022, 0.6852577267619608, 0.6852577267619608, 0.6491638106359687, 0.6368431721659817], 
[60.39570622072097, 60.39570622072097, 53.64267098516541, 23.74362046412614, 23.74362046412614, 23.74362046412614, 23.74362046412614, 16.98067614140723, 16.98067614140723, 16.98067614140723, 16.98067614140723, 16.98067614140723, 16.98067614140723, 16.98067614140723, 16.98067614140723, 16.98067614140723, 16.98067614140723, 16.78493034873304, 16.78493034873304, 16.78493034873304], 
[145.87791498163892, 145.87791498163892, 61.83522515769505, 61.83522515769505, 61.83522515769505, 61.83522515769505, 61.83522515769505, 59.69601162395975, 59.69601162395975, 22.724409476255346, 22.724409476255346, 22.724409476255346, 22.724409476255346, 16.96029570811629, 16.96029570811629, 16.96029570811629, 16.96029570811629, 16.96029570811629, 16.96029570811629, 16.96029570811629], 
[173.03685475129907, 55.10238080094166, 28.22615864368845, 28.22615864368845, 28.22615864368845, 28.22615864368845, 27.592095039443393, 27.592095039443393, 27.592095039443393, 27.592095039443393, 27.592095039443393, 27.592095039443393, 22.965303611685954, 10.171719796282673, 10.171719796282673, 10.171719796282673, 6.827350740539828, 4.800588898011256, 4.800588898011256, 4.800588898011256], 
[169.44071688605925, 49.29366581649708, 49.29366581649708, 49.29366581649708, 41.49635683676763, 3.2864667485880545, 3.2864667485880545, 3.2864667485880545, 3.2864667485880545, 3.2864667485880545, 3.2864667485880545, 3.2864667485880545, 3.2864667485880545, 0.8681500474114046, 0.8681500474114046, 0.8681500474114046, 0.8681500474114046, 0.46934184757981257, 0.46934184757981257, 0.46934184757981257], 
[36.941230812102276, 36.941230812102276, 36.941230812102276, 36.941230812102276, 36.941230812102276, 36.941230812102276, 7.662439161326802, 7.662439161326802, 6.778940172243779, 5.365801401757608, 4.695835451241692, 3.4714713804849, 3.4714713804849, 3.4714713804849, 1.5603732998051782, 1.5603732998051782, 1.4299128000795918, 1.4299128000795918, 0.4535327664509623, 0.4535327664509623], 
[96.83531723606245, 96.83531723606245, 41.9459641915206, 21.952809891820607, 21.952809891820607, 21.952809891820607, 21.952809891820607, 2.6112059140820065, 2.6112059140820065, 2.6112059140820065, 2.6112059140820065, 1.9654035216879038, 0.5569876813634664, 0.5569876813634664, 0.5569876813634664, 0.5569876813634664, 0.5569876813634664, 0.5569876813634664, 0.35645001972704904, 0.35645001972704904], 
[361.54164364974736, 109.37738561932963, 84.6749978213976, 84.6749978213976, 84.6749978213976, 67.53387731065914, 67.53387731065914, 67.53387731065914, 48.26065190948157, 37.07115388621344, 23.492220616684335, 22.92317123900534, 22.92317123900534, 17.59434983120798, 17.59434983120798, 17.59434983120798, 17.59434983120798, 17.16474570622961, 17.16474570622961, 17.16474570622961], 
