[9.133813926973781, 4.244716621918291, 3.136305904811362, 3.136305904811362, 3.136305904811362, 1.7213636237608294, 1.7213636237608294, 1.7213636237608294, 1.7213636237608294, 1.7213636237608294, 1.3133813951657083, 0.4599111092555188, 0.17468094974406959, 0.17468094974406959, 0.17468094974406959, 0.17468094974406959, 0.17468094974406959, 0.1269258073626826, 0.1269258073626826, 0.1269258073626826], 
[13.320533978827857, 4.88750164048387, 4.842508866286428, 4.842508866286428, 4.842508866286428, 4.244941341848126, 3.9509370865198155, 3.9509370865198155, 2.5914640002435654, 1.3037367896039633, 1.3037367896039633, 1.3037367896039633, 1.245308080731759, 1.245308080731759, 1.245308080731759, 1.245308080731759, 1.245308080731759, 1.245308080731759, 1.245308080731759, 0.5085644282199987], 
[5.67496225718533, 5.67496225718533, 4.224066189625089, 3.45401763994537, 2.6831553652472726, 2.6831553652472726, 2.6831553652472726, 2.664021801276285, 2.664021801276285, 2.664021801276285, 2.664021801276285, 2.664021801276285, 2.664021801276285, 2.664021801276285, 2.664021801276285, 2.664021801276285, 2.664021801276285, 2.581288349877793, 2.261215362057286, 2.2143603269973804], 
[13.207765595071608, 11.35766473366792, 8.562111202237988, 2.5617660608428947, 2.5617660608428947, 2.5617660608428947, 2.5617660608428947, 2.5617660608428947, 2.5617660608428947, 2.5617660608428947, 2.5617660608428947, 2.4482359260927953, 2.4482359260927953, 2.2709139812620602, 2.2709139812620602, 2.2709139812620602, 2.2709139812620602, 2.2709139812620602, 2.2709139812620602, 2.2709139812620602], 
[8.197710521127723, 8.197710521127723, 2.5857758081537243, 2.5857758081537243, 2.5857758081537243, 2.5857758081537243, 2.5857758081537243, 2.5857758081537243, 2.059092557494646, 2.059092557494646, 2.059092557494646, 2.059092557494646, 2.059092557494646, 2.059092557494646, 2.059092557494646, 2.059092557494646, 2.059092557494646, 2.059092557494646, 2.059092557494646, 2.059092557494646], 
[6.884630482659433, 6.884630482659433, 6.884630482659433, 6.884630482659433, 4.6067817409792795, 3.686800647095524, 2.078574138360796, 2.078574138360796, 2.078574138360796, 2.078574138360796, 1.8876563225694099, 0.4885079652000613, 0.4885079652000613, 0.27141940110053353, 0.27141940110053353, 0.27141940110053353, 0.27141940110053353, 0.27141940110053353, 0.27141940110053353, 0.024518618237681845], 
[17.10727068881567, 3.5571708770557824, 3.5571708770557824, 3.5571708770557824, 3.1764719047548677, 3.1764719047548677, 3.1764719047548677, 3.1764719047548677, 3.146631995201254, 3.146631995201254, 3.146631995201254, 3.146631995201254, 3.146631995201254, 3.146631995201254, 2.2041686138424605, 2.2041686138424605, 2.2041686138424605, 2.2041686138424605, 2.2041686138424605, 2.2041686138424605], 
[10.459173037135646, 5.488035724484013, 3.4772912872716666, 3.4772912872716666, 3.4772912872716666, 3.0886323576034576, 3.0886323576034576, 3.0886323576034576, 3.0886323576034576, 3.0886323576034576, 2.7194321645311277, 2.7194321645311277, 2.7194321645311277, 2.3301876181572663, 2.3301876181572663, 2.3301876181572663, 2.3301876181572663, 2.2664860246768463, 2.2664860246768463, 2.2664860246768463], 
[4.35067740070882, 3.8367768153349173, 3.8367768153349173, 2.5734545010309757, 2.5734545010309757, 2.5734545010309757, 2.5734545010309757, 2.5734545010309757, 2.5734545010309757, 2.428842447320808, 2.0654422289983647, 2.0654422289983647, 2.0654422289983647, 2.0654422289983647, 2.0654422289983647, 2.0654422289983647, 2.0654422289983647, 2.0654422289983647, 2.0654422289983647, 2.0342232723744043], 
[11.808785830432726, 11.306175493590334, 6.850374676253113, 3.4434039659820908, 3.4434039659820908, 3.4434039659820908, 2.0507952595793206, 2.0507952595793206, 2.0507952595793206, 2.0507952595793206, 2.0507952595793206, 2.0507952595793206, 0.450552825897887, 0.450552825897887, 0.450552825897887, 0.450552825897887, 0.450552825897887, 0.450552825897887, 0.450552825897887, 0.450552825897887], 
[10.560148760775611, 7.140037401843218, 3.5094615021970026, 3.5094615021970026, 2.9307265108608376, 2.9307265108608376, 2.9307265108608376, 2.476468925624628, 2.476468925624628, 2.1207135060196713, 2.1207135060196713, 2.1207135060196713, 2.1207135060196713, 2.1207135060196713, 2.1207135060196713, 2.1207135060196713, 2.1207135060196713, 2.1207135060196713, 2.1207135060196713, 2.1207135060196713], 
[10.689908100960398, 3.8890292727349833, 3.8890292727349833, 3.8890292727349833, 3.8890292727349833, 3.8890292727349833, 3.8890292727349833, 2.2437068598181393, 2.2437068598181393, 2.2437068598181393, 2.2437068598181393, 2.2437068598181393, 2.2437068598181393, 2.2437068598181393, 2.2437068598181393, 2.2437068598181393, 2.2437068598181393, 2.2437068598181393, 2.2437068598181393, 2.2437068598181393], 
[8.406076513984402, 7.189041617126509, 7.189041617126509, 7.189041617126509, 4.046601984129859, 1.6601050671902613, 1.6601050671902613, 1.6601050671902613, 1.6601050671902613, 1.6601050671902613, 1.6601050671902613, 1.0542953268138573, 0.21410967945374973, 0.21410967945374973, 0.21410967945374973, 0.21410967945374973, 0.21410967945374973, 0.21410967945374973, 0.21410967945374973, 0.16515200529894103], 
[12.628836416850328, 7.789355068077504, 3.130366751349195, 3.130366751349195, 3.130366751349195, 3.130366751349195, 3.130366751349195, 2.78989377715238, 2.78989377715238, 2.78989377715238, 2.78989377715238, 2.78989377715238, 2.78989377715238, 2.640379670016871, 2.640379670016871, 2.640379670016871, 2.618693773833078, 2.618693773833078, 2.421597781521889, 2.421597781521889], 
[15.644712157491334, 3.1514205877885058, 3.1514205877885058, 3.1514205877885058, 3.1514205877885058, 2.214966698715322, 2.214966698715322, 2.214966698715322, 2.214966698715322, 2.214966698715322, 2.214966698715322, 2.1694790494377436, 2.1694790494377436, 2.1694790494377436, 2.1694790494377436, 2.1694790494377436, 2.1694790494377436, 2.1694790494377436, 2.1694790494377436, 2.1694790494377436], 
[8.117406038130142, 8.117406038130142, 4.210147987481436, 4.1291228353595795, 4.1291228353595795, 4.100709927458929, 4.100709927458929, 2.794163896838967, 2.794163896838967, 2.794163896838967, 2.794163896838967, 2.4917553055291175, 2.4917553055291175, 2.4917553055291175, 2.4917553055291175, 2.4917553055291175, 2.4917553055291175, 2.4917553055291175, 2.28255572271087, 2.28255572271087], 
[5.26817383662639, 4.145462713057463, 4.145462713057463, 3.4940615006032436, 3.4940615006032436, 3.4940615006032436, 3.2351062085409943, 2.360514114261056, 2.360514114261056, 2.360514114261056, 2.360514114261056, 2.360514114261056, 2.360514114261056, 2.360514114261056, 2.3002495573776574, 2.3002495573776574, 2.3002495573776574, 2.3002495573776574, 2.1782280396162217, 2.1782280396162217], 
[10.41399334032084, 5.517087280824856, 4.044488822413802, 4.044488822413802, 3.1605876862505293, 3.1605876862505293, 3.1605876862505293, 3.1605876862505293, 2.5720137784579804, 2.5720137784579804, 2.2896962563908874, 2.2896962563908874, 2.2896962563908874, 2.0979776799321237, 2.0979776799321237, 2.0979776799321237, 2.0979776799321237, 2.0979776799321237, 2.0979776799321237, 2.0979776799321237], 
[13.450676418279778, 7.939234568603925, 5.427956282669422, 3.0982722650923606, 3.022254082465819, 3.022254082465819, 3.022254082465819, 2.304054460528732, 2.304054460528732, 2.304054460528732, 1.8541857090432667, 1.8541857090432667, 1.8541857090432667, 1.5920099336239173, 1.0329813952653728, 0.23578598477991464, 0.23578598477991464, 0.02540748782944547, 0.02540748782944547, 0.02540748782944547], 
[9.689300702903369, 4.813932966610176, 3.400756177226033, 3.400756177226033, 3.400756177226033, 3.400756177226033, 3.0218213401733904, 2.579676725543107, 2.579676725543107, 2.579676725543107, 2.579676725543107, 2.579676725543107, 2.579676725543107, 2.579676725543107, 2.579676725543107, 2.579676725543107, 2.579676725543107, 2.402676766138257, 2.402676766138257, 2.402676766138257], 
[6.050758003604277, 6.050758003604277, 3.9982587118467885, 3.9982587118467885, 3.6201028846981584, 3.435011960197624, 3.435011960197624, 3.159442775229324, 2.425988668511395, 2.425988668511395, 2.425988668511395, 2.425988668511395, 2.425988668511395, 2.425988668511395, 2.425988668511395, 2.425988668511395, 2.3630823879488845, 2.327806637675724, 2.327806637675724, 2.327806637675724], 
[5.436248031076741, 5.436248031076741, 5.436248031076741, 5.14756391427986, 3.83536855328166, 3.0912291673839967, 3.0912291673839967, 3.0912291673839967, 3.0912291673839967, 3.0912291673839967, 2.6787547870139354, 2.6787547870139354, 2.6787547870139354, 2.6787547870139354, 2.6787547870139354, 2.4291244020751614, 2.4291244020751614, 2.4291244020751614, 2.4291244020751614, 2.4291244020751614], 
[3.8663901505615805, 3.8663901505615805, 3.8663901505615805, 3.8663901505615805, 3.8663901505615805, 2.4330471835275187, 2.4330471835275187, 2.4330471835275187, 2.4330471835275187, 2.4330471835275187, 2.4330471835275187, 2.4330471835275187, 2.4330471835275187, 2.4330471835275187, 2.4330471835275187, 2.4330471835275187, 2.3755984848809404, 2.3755984848809404, 2.3755984848809404, 2.3755984848809404], 
[4.20977704845308, 4.20977704845308, 4.20977704845308, 4.20977704845308, 4.20977704845308, 4.20977704845308, 3.4508409354238285, 3.4508409354238285, 2.2283832704135675, 2.2283832704135675, 2.2283832704135675, 2.2283832704135675, 2.2283832704135675, 2.2283832704135675, 2.2283832704135675, 2.1144060973109053, 2.1144060973109053, 2.1144060973109053, 2.1144060973109053, 2.1144060973109053], 
[9.794302680321648, 9.794302680321648, 5.895711822065521, 5.895711822065521, 2.7915595082752245, 2.7915595082752245, 2.7915595082752245, 2.433734605574966, 2.433734605574966, 2.433734605574966, 2.433734605574966, 2.1113591167373436, 2.1113591167373436, 2.1113591167373436, 2.1113591167373436, 2.1113591167373436, 2.1113591167373436, 2.1113591167373436, 2.1113591167373436, 2.1113591167373436], 
[12.097096089718455, 5.997796381342665, 0.5888779570937117, 0.5888779570937117, 0.5888779570937117, 0.5888779570937117, 0.012688613421245666, 0.012688613421245666, 0.012688613421245666, 0.012688613421245666, 0.012688613421245666, 0.012688613421245666, 0.012688613421245666, 0.012688613421245666, 0.012688613421245666, 0.012688613421245666, 0.012688613421245666, 0.012688613421245666, 0.012688613421245666, 0.012688613421245666], 
[7.298078622544626, 4.668329404007382, 4.668329404007382, 3.55255591144221, 3.55255591144221, 1.656513781389696, 1.656513781389696, 1.656513781389696, 1.656513781389696, 1.656513781389696, 0.5045535834193866, 0.5045535834193866, 0.5045535834193866, 0.5045535834193866, 0.42394709886287074, 0.42394709886287074, 0.010321974126810147, 0.010321974126810147, 0.010321974126810147, 0.010321974126810147], 
[5.205468749885792, 5.205468749885792, 4.223376573565142, 3.9523056608182414, 3.9523056608182414, 3.2186527315927513, 3.2186527315927513, 3.2186527315927513, 2.7297049887160094, 2.7297049887160094, 2.7297049887160094, 2.7297049887160094, 2.7297049887160094, 2.7297049887160094, 2.7297049887160094, 2.7297049887160094, 2.7297049887160094, 2.5272889144611796, 2.5272889144611796, 2.305890020684494], 
[4.738046859200001, 4.647564058392344, 3.948251542223058, 3.948251542223058, 3.948251542223058, 3.948251542223058, 3.876209540885512, 3.876209540885512, 3.8034647358182685, 2.9645855260185496, 2.9645855260185496, 2.501075227292038, 2.501075227292038, 2.501075227292038, 2.501075227292038, 2.501075227292038, 2.501075227292038, 2.501075227292038, 2.501075227292038, 2.501075227292038], 
[5.327538904775405, 5.327538904775405, 3.6960831957786757, 3.6960831957786757, 2.842888884483965, 2.842888884483965, 2.842888884483965, 2.6788887546352633, 2.6788887546352633, 2.6788887546352633, 2.6256456674831092, 2.6256456674831092, 2.235464977978461, 2.235464977978461, 2.235464977978461, 2.235464977978461, 2.235464977978461, 2.235464977978461, 2.235464977978461, 2.235464977978461], 
