[335.4255273311611, 250.61232626724274, 246.74172440067113, 121.62948580950784, 121.62948580950784, 99.84103794231294, 68.03938104588039, 17.483602260666085, 17.483602260666085, 17.483602260666085, 17.483602260666085, 17.483602260666085, 17.483602260666085, 17.483602260666085, 17.483602260666085, 12.033281079516438, 12.033281079516438, 12.033281079516438, 12.033281079516438, 12.033281079516438], 
[140.1972545370647, 97.08182800758316, 58.80767259087252, 58.80767259087252, 58.80767259087252, 58.80767259087252, 51.291409874198905, 51.291409874198905, 43.818510456173875, 43.55439130146723, 41.999067202314826, 41.999067202314826, 41.999067202314826, 28.13259324022957, 5.6194024560081886, 5.6194024560081886, 5.6194024560081886, 4.1289350351866965, 4.1289350351866965, 1.283258670360298], 
[122.2485570323745, 122.2485570323745, 122.2485570323745, 122.2485570323745, 122.2485570323745, 77.44601956956919, 77.44601956956919, 77.44601956956919, 77.44601956956919, 70.4433833374918, 70.4433833374918, 70.4433833374918, 70.4433833374918, 69.76359319345475, 65.33306796823959, 64.85352619284815, 64.85352619284815, 64.85352619284815, 64.85352619284815, 62.99998887053068], 
[155.73159869892805, 155.73159869892805, 15.869922968136546, 15.869922968136546, 15.869922968136546, 15.869922968136546, 10.07649274499335, 10.07649274499335, 10.07649274499335, 1.1851403519019372, 1.1851403519019372, 1.1851403519019372, 1.1851403519019372, 1.1851403519019372, 0.04955897181896419, 0.04955897181896419, 0.04955897181896419, 0.04955897181896419, 0.04955897181896419, 0.04955897181896419], 
[78.61427435576856, 78.61427435576856, 78.61427435576856, 78.61427435576856, 78.61427435576856, 78.61427435576856, 70.7376378717511, 70.7376378717511, 64.93351025878198, 64.93351025878198, 64.93351025878198, 64.93351025878198, 63.024284934746056, 63.024284934746056, 63.024284934746056, 63.024284934746056, 62.95901429694903, 62.744465043263645, 62.69581473232799, 62.68369483091226], 
[438.03002141577537, 248.5078101221522, 222.10782217938055, 34.29715580873952, 34.29715580873952, 34.29715580873952, 34.29715580873952, 34.29715580873952, 34.29715580873952, 3.212349193198567, 3.212349193198567, 3.212349193198567, 0.7877236476906627, 0.7877236476906627, 0.7877236476906627, 0.3330274823914765, 0.13269958335943993, 0.13269958335943993, 0.13269958335943993, 0.13269958335943993], 
[122.17905272636887, 122.17905272636887, 122.17905272636887, 122.17905272636887, 122.17905272636887, 107.03775091230935, 80.41566074457876, 80.41566074457876, 17.8219516501511, 17.8219516501511, 17.8219516501511, 17.8219516501511, 1.833778547329537, 1.833778547329537, 1.833778547329537, 1.833778547329537, 1.833778547329537, 1.833778547329537, 1.833778547329537, 1.833778547329537], 
[307.57562798942286, 244.757604613375, 129.1874929268592, 109.22534729984642, 109.22534729984642, 109.22534729984642, 32.7486407490116, 32.7486407490116, 32.7486407490116, 32.7486407490116, 32.7486407490116, 10.281253424476137, 10.281253424476137, 1.785357896798539, 1.785357896798539, 1.785357896798539, 1.785357896798539, 1.72801826022798, 0.38148874287766066, 0.38148874287766066], 
[313.11907811344884, 313.11907811344884, 27.607894215738224, 27.607894215738224, 21.28447358853341, 21.28447358853341, 21.28447358853341, 21.28447358853341, 13.037144612328737, 13.037144612328737, 4.808772387192745, 2.4304577194551333, 2.4304577194551333, 2.4304577194551333, 0.6786738963416212, 0.35864420053338253, 0.35864420053338253, 0.35864420053338253, 0.35864420053338253, 0.31986297038296774], 
[253.6978830467161, 187.33109727663773, 58.061013619362136, 58.061013619362136, 14.728745134892462, 14.728745134892462, 14.728745134892462, 14.728745134892462, 14.728745134892462, 5.66021960845374, 5.66021960845374, 5.66021960845374, 5.66021960845374, 5.66021960845374, 5.66021960845374, 0.3780865193097884, 0.3780865193097884, 0.3780865193097884, 0.3780865193097884, 0.056581472581586495], 
[155.25868642692203, 155.25868642692203, 73.65376854706003, 68.89539139224523, 54.74081270503091, 54.74081270503091, 24.88361805338527, 2.8741898485790704, 2.8741898485790704, 2.8741898485790704, 2.8741898485790704, 2.8741898485790704, 2.8741898485790704, 2.8741898485790704, 2.8741898485790704, 2.8741898485790704, 0.05684090662082768, 0.05684090662082768, 0.05684090662082768, 0.05684090662082768], 
[114.72535737448395, 112.6209204849446, 112.6209204849446, 112.6209204849446, 112.6209204849446, 82.3315139991106, 27.293125647258268, 27.293125647258268, 27.293125647258268, 21.338488513359696, 21.338488513359696, 17.318382783717, 17.247841598728208, 13.484971178735504, 12.07701537054382, 12.07701537054382, 5.32751487816424, 5.32751487816424, 5.32751487816424, 0.9324841593386236], 
[165.5805179643948, 158.356804413881, 30.998121798901487, 27.037569570404784, 27.037569570404784, 16.022363818995043, 16.022363818995043, 16.022363818995043, 16.022363818995043, 16.022363818995043, 6.87033748386084, 5.790460077022811, 5.790460077022811, 3.523502445226481, 2.0479235838008525, 0.5521359152174767, 0.5506441215740231, 0.5506441215740231, 0.5506441215740231, 0.08953128417251512], 
[162.7021038113819, 162.7021038113819, 162.7021038113819, 162.7021038113819, 118.346315129986, 118.346315129986, 118.346315129986, 118.346315129986, 110.27422462894052, 107.65775310334018, 107.65775310334018, 107.65775310334018, 107.0615202401305, 106.73141400988719, 104.6831913247354, 104.01268175190711, 104.01268175190711, 101.665230201629, 101.665230201629, 101.665230201629], 
[196.3350536680985, 86.9857513623252, 86.9857513623252, 12.850465348320556, 8.338910903405608, 8.338910903405608, 8.338910903405608, 8.338910903405608, 8.338910903405608, 1.3168237804805594, 1.3168237804805594, 1.3168237804805594, 1.0416567019686438, 0.8006079985195749, 0.8006079985195749, 0.3185868389554294, 0.3185868389554294, 0.2283150753197309, 0.2283150753197309, 0.2283150753197309], 
[103.95652225523543, 103.95652225523543, 103.95652225523543, 103.95652225523543, 103.95652225523543, 103.95652225523543, 103.95652225523543, 103.95652225523543, 103.95652225523543, 103.95652225523543, 103.95652225523543, 103.95652225523543, 102.85355211720041, 102.85355211720041, 102.85355211720041, 101.42945131913302, 101.08635194215657, 100.2595750008963, 100.2595750008963, 100.0411086250171], 
[272.97846590247417, 272.97846590247417, 64.89917582940122, 64.89917582940122, 64.89917582940122, 25.91928287463388, 25.91928287463388, 25.91928287463388, 17.072249612741334, 6.99103141021815, 6.99103141021815, 6.99103141021815, 6.99103141021815, 5.395134703892972, 5.395134703892972, 4.8944609754655595, 0.28206625827938986, 0.28206625827938986, 0.28206625827938986, 0.28206625827938986], 
[320.23570204837534, 308.2400342194916, 12.625571110104076, 12.625571110104076, 12.625571110104076, 12.625571110104076, 12.625571110104076, 12.625571110104076, 12.625571110104076, 12.473862022246163, 12.473862022246163, 12.473862022246163, 12.473862022246163, 12.473862022246163, 12.432623373767003, 12.091127500248554, 12.091127500248554, 10.403983138746074, 10.403983138746074, 3.0121607855767016], 
[246.3668154345023, 134.0137379441067, 134.0137379441067, 28.35205591699583, 26.799905099625704, 26.799905099625704, 26.799905099625704, 13.633434025412623, 13.633434025412623, 13.633434025412623, 7.074236522246709, 5.853368666672422, 1.882764941225562, 1.882764941225562, 0.8562386664822639, 0.023510625464214032, 0.023510625464214032, 0.023510625464214032, 0.023510625464214032, 0.023510625464214032], 
[377.122345258809, 206.04679760352408, 206.04679760352408, 206.04679760352408, 117.64298817209632, 117.64298817209632, 117.64298817209632, 117.64298817209632, 102.00310807379148, 102.00310807379148, 102.00310807379148, 102.00310807379148, 43.48442233493472, 43.48442233493472, 43.48442233493472, 43.48442233493472, 43.48442233493472, 14.200102699797297, 14.200102699797297, 14.200102699797297], 
[292.29418083373247, 234.30210872891107, 234.30210872891107, 70.12256570035416, 60.62367952178106, 51.718599724155816, 51.718599724155816, 51.718599724155816, 51.718599724155816, 51.718599724155816, 35.269373085543535, 15.53791873478286, 15.53791873478286, 5.107113002611888, 5.107113002611888, 5.107113002611888, 5.107113002611888, 5.107113002611888, 2.6252464540198774, 2.6252464540198774], 
[309.72561806604995, 89.78449479554442, 89.78449479554442, 89.78449479554442, 89.78449479554442, 74.04011678389438, 74.04011678389438, 74.04011678389438, 74.04011678389438, 71.56350071620143, 71.56350071620143, 64.27820134611599, 64.27820134611599, 64.27820134611599, 64.27820134611599, 64.27820134611599, 64.27820134611599, 64.27820134611599, 62.686168882826436, 62.686168882826436], 
[147.51206713541654, 147.51206713541654, 137.12405417892091, 121.68961552042722, 121.68961552042722, 73.73447713385015, 59.1268502036997, 59.1268502036997, 54.022367111201724, 54.022367111201724, 45.79603635166551, 41.29999281101029, 24.414299353326115, 17.542022211509003, 17.542022211509003, 5.185807837099251, 2.3691770512681574, 2.3691770512681574, 2.3691770512681574, 0.6538906600104689], 
[263.1078553391712, 134.7190482854591, 111.1492225993262, 111.1492225993262, 111.1492225993262, 76.03047444948497, 76.03047444948497, 76.03047444948497, 76.03047444948497, 76.03047444948497, 76.03047444948497, 46.118203186279906, 46.118203186279906, 46.118203186279906, 46.118203186279906, 46.118203186279906, 46.118203186279906, 30.065245123829182, 30.065245123829182, 19.00072257889713], 
[144.321889011748, 144.321889011748, 10.91875247350904, 10.91875247350904, 10.91875247350904, 10.91875247350904, 10.91875247350904, 10.91875247350904, 10.91875247350904, 2.403763886972048, 1.1832296857552973, 1.1832296857552973, 0.8659817425191421, 0.31973416149283934, 0.31973416149283934, 0.31973416149283934, 0.31973416149283934, 0.31973416149283934, 0.09043390421704495, 0.09043390421704495], 
[137.51617514174708, 137.51617514174708, 64.06041999447885, 51.15877610784842, 31.319332097153136, 17.080938243847235, 17.080938243847235, 17.080938243847235, 14.837438902806714, 12.401673229451392, 12.401673229451392, 12.401673229451392, 5.623819927915587, 5.623819927915587, 5.623819927915587, 2.1765583918546314, 1.0857252084371087, 1.0857252084371087, 0.10243604394429011, 0.10243604394429011], 
[179.79470215156672, 179.79470215156672, 92.34588093293674, 50.47686088804614, 50.47686088804614, 50.47686088804614, 50.47686088804614, 50.47686088804614, 50.47686088804614, 45.45186137818724, 3.5228214802931093, 3.5228214802931093, 3.5228214802931093, 0.7999139115759214, 0.7999139115759214, 0.7999139115759214, 0.7999139115759214, 0.7999139115759214, 0.758769993386424, 0.758769993386424], 
[420.8859660384395, 189.7639893955736, 160.44146320924006, 150.41850393837575, 111.52565127083592, 111.52565127083592, 50.05458102657096, 31.82629881433064, 31.82629881433064, 31.82629881433064, 14.888062381261243, 10.691768928504993, 10.691768928504993, 10.155650767657365, 0.42921705024021783, 0.42921705024021783, 0.42921705024021783, 0.42921705024021783, 0.2469350042681301, 0.2469350042681301], 
[167.96917099363716, 57.43743550796606, 57.43743550796606, 57.43743550796606, 57.43743550796606, 57.43743550796606, 57.43743550796606, 16.856484218256398, 16.856484218256398, 16.856484218256398, 12.023829298344316, 12.023829298344316, 12.023829298344316, 12.023829298344316, 12.023829298344316, 12.023829298344316, 12.023829298344316, 11.925113910569168, 11.925113910569168, 11.910204691237691], 
[227.84994902255525, 20.147432092182143, 20.147432092182143, 20.147432092182143, 20.147432092182143, 20.147432092182143, 20.147432092182143, 20.147432092182143, 15.668070649700097, 4.5778555933766985, 3.3402880124622456, 1.3219001187286326, 1.3219001187286326, 1.3219001187286326, 1.3219001187286326, 0.017436348335933376, 0.017436348335933376, 0.017436348335933376, 0.017436348335933376, 0.017436348335933376], 
