[445.19498396013165, 287.15000111183355, 287.15000111183355, 128.3732830169291, 128.3732830169291, 128.3732830169291, 23.586812979747, 23.586812979747, 3.154290244052672, 3.154290244052672, 3.154290244052672, 3.154290244052672, 3.154290244052672, 1.576705947017191, 1.576705947017191, 1.576705947017191, 1.411181179590561, 0.4912254717223578, 0.4912254717223578, 0.4912254717223578], 
[312.758399099977, 169.1571609494124, 169.1571609494124, 169.1571609494124, 45.71561803702716, 45.71561803702716, 32.48254781172016, 29.098547079075118, 22.262514919573075, 22.262514919573075, 13.095971311880325, 13.095971311880325, 13.095971311880325, 13.095971311880325, 13.095971311880325, 6.626487389073068, 6.626487389073068, 3.930283576324304, 0.8400866181029206, 0.8400866181029206], 
[176.54201099579325, 176.54201099579325, 176.54201099579325, 36.27370108904791, 36.27370108904791, 36.27370108904791, 36.27370108904791, 24.026013240785005, 21.446325838281755, 21.446325838281755, 11.006976516618817, 5.782431861114249, 5.782431861114249, 1.0023216889296833, 1.0023216889296833, 1.0023216889296833, 1.0023216889296833, 0.929387368500687, 0.929387368500687, 0.299442509327737], 
[342.35887853569625, 179.86086612443603, 84.72480518617286, 84.72480518617286, 84.72480518617286, 32.83673894648648, 12.335786203864402, 12.335786203864402, 12.335786203864402, 12.335786203864402, 2.4855874473629767, 2.4855874473629767, 1.6993580473333028, 1.6993580473333028, 0.788338773572047, 0.788338773572047, 0.0943915294296532, 0.04665380856301103, 0.008208588854076378, 0.008208588854076378], 
[353.40137119424276, 281.77610326534966, 72.8090819212135, 72.8090819212135, 27.07001419335304, 27.07001419335304, 20.265414940242167, 20.265414940242167, 20.265414940242167, 19.649484502640632, 19.649484502640632, 19.114636487221276, 4.382790137973689, 4.382790137973689, 4.382790137973689, 3.2361462622560726, 3.2361462622560726, 0.4507011068780929, 0.4507011068780929, 0.4507011068780929], 
[288.93704316038446, 155.07581154691363, 102.70610021034837, 33.56252528637288, 17.47803910155417, 17.434241912121156, 17.434241912121156, 17.434241912121156, 17.434241912121156, 17.434241912121156, 6.365024833391404, 0.9127370599345757, 0.9127370599345757, 0.9127370599345757, 0.2870588661461395, 0.05041498607159693, 0.05041498607159693, 0.05041498607159693, 0.05041498607159693, 0.05041498607159693], 
[295.92356467278313, 295.92356467278313, 131.52210267740256, 1.8071331622404982, 1.8071331622404982, 1.8071331622404982, 1.8071331622404982, 1.8071331622404982, 1.8071331622404982, 0.16675875808852497, 0.16675875808852497, 0.16675875808852497, 0.16675875808852497, 0.16675875808852497, 0.16675875808852497, 0.16675875808852497, 0.16675875808852497, 0.16675875808852497, 0.16675875808852497, 0.16675875808852497], 
[341.06111012278046, 237.1562188250209, 237.1562188250209, 201.56851772434783, 201.56851772434783, 142.71088309836964, 142.71088309836964, 132.39708286842236, 118.45072877904076, 105.09631726978536, 105.09631726978536, 105.09631726978536, 105.09631726978536, 105.09631726978536, 105.09631726978536, 101.33961466779988, 101.27906262727595, 101.24629362627026, 100.34012802062034, 100.34012802062034], 
[261.12012222216595, 261.12012222216595, 234.22305344017968, 175.3640388023932, 175.3640388023932, 40.629340815050895, 40.629340815050895, 40.629340815050895, 40.629340815050895, 40.629340815050895, 16.234283842024077, 16.234283842024077, 16.234283842024077, 16.234283842024077, 13.257767749149501, 3.642530166087874, 0.7125267508167518, 0.4405538907203031, 0.4405538907203031, 0.3160976331808518], 
[361.85902047015816, 264.6326603608128, 103.10106938313434, 103.10106938313434, 103.10106938313434, 18.128074821552765, 18.128074821552765, 18.128074821552765, 18.128074821552765, 18.128074821552765, 18.128074821552765, 18.128074821552765, 18.128074821552765, 18.128074821552765, 18.128074821552765, 4.924727450686433, 4.924727450686433, 4.924727450686433, 4.924727450686433, 3.6892313943915065], 
[358.33229051400656, 234.66902068751477, 212.39831184528055, 144.3448878600565, 131.531411533596, 131.531411533596, 131.531411533596, 113.86717842031182, 113.86717842031182, 7.440338025008385, 7.440338025008385, 7.440338025008385, 7.440338025008385, 7.440338025008385, 7.440338025008385, 7.440338025008385, 5.914403081534003, 5.914403081534003, 1.034205096801668, 1.034205096801668], 
[365.0355800473758, 250.73409955360324, 250.73409955360324, 82.44700145408173, 82.44700145408173, 82.44700145408173, 82.44700145408173, 18.652245962306736, 18.652245962306736, 18.652245962306736, 2.853304046283819, 2.853304046283819, 2.853304046283819, 2.853304046283819, 2.853304046283819, 2.853304046283819, 2.853304046283819, 2.203878052990836, 1.474400817708375, 1.474400817708375], 
[358.83725270871366, 139.48461635108694, 139.48461635108694, 139.48461635108694, 139.48461635108694, 47.48859581407471, 3.7508671468017774, 3.7508671468017774, 3.7508671468017774, 3.7508671468017774, 3.7508671468017774, 3.7508671468017774, 3.226497903450517, 3.226497903450517, 0.614791747316918, 0.614791747316918, 0.614791747316918, 0.497000552717468, 0.42255733517836114, 0.42255733517836114], 
[253.7192126797132, 242.99178054714088, 242.99178054714088, 87.91694010662565, 19.001872728733005, 19.001872728733005, 19.001872728733005, 19.001872728733005, 19.001872728733005, 19.001872728733005, 4.4622678659063535, 4.4622678659063535, 4.4622678659063535, 1.658369548589785, 1.658369548589785, 1.658369548589785, 0.6348165476082683, 0.6348165476082683, 0.6348165476082683, 0.3355459305034074], 
[308.1315266638979, 103.85830911853216, 103.85830911853216, 20.050366679805176, 20.050366679805176, 20.050366679805176, 20.050366679805176, 20.050366679805176, 4.401829518485643, 4.401829518485643, 4.401829518485643, 4.401829518485643, 4.401829518485643, 2.287137203618901, 2.287137203618901, 2.287137203618901, 0.5658207268277246, 0.49234734783954776, 0.49234734783954776, 0.3499608677082737], 
[474.7743644464263, 189.38121231316393, 135.7648748466447, 135.7648748466447, 131.80544844449474, 131.80544844449474, 131.80544844449474, 131.80544844449474, 54.12733539814835, 39.281731812517585, 39.281731812517585, 39.281731812517585, 38.86580998151169, 38.86580998151169, 26.199210150303895, 11.277087508719472, 11.227696932696613, 11.227696932696613, 5.001884719438824, 5.001884719438824], 
[117.11764397646891, 117.11764397646891, 117.11764397646891, 36.16397143186296, 36.16397143186296, 36.16397143186296, 36.16397143186296, 36.16397143186296, 0.20972919956714106, 0.20972919956714106, 0.20972919956714106, 0.20972919956714106, 0.20972919956714106, 0.20972919956714106, 0.20972919956714106, 0.20972919956714106, 0.20972919956714106, 0.20972919956714106, 0.20972919956714106, 0.18893910698687283], 
[208.60638749258257, 208.60638749258257, 135.29262610196878, 120.80127617357532, 120.80127617357532, 111.02517540291795, 109.26667563164729, 109.26667563164729, 109.26667563164729, 107.14518221384418, 107.14518221384418, 107.14518221384418, 103.33620417856216, 103.33620417856216, 100.66584674858943, 100.66584674858943, 100.66584674858943, 94.768614075568, 94.768614075568, 94.768614075568], 
[232.31081780730477, 232.31081780730477, 46.531802362465044, 46.531802362465044, 45.22806982239389, 42.54799173585885, 42.54799173585885, 26.248172616229038, 26.248172616229038, 0.8228569801095422, 0.8228569801095422, 0.8228569801095422, 0.8228569801095422, 0.46443186290394417, 0.46443186290394417, 0.46443186290394417, 0.46443186290394417, 0.1881770039861414, 0.18409054897504185, 0.18409054897504185], 
[147.27336725192998, 147.27336725192998, 93.3761446530845, 59.496909648881676, 17.65190846101787, 9.872356221655894, 9.872356221655894, 9.872356221655894, 8.298577199947172, 2.862185034331004, 0.43844934014780845, 0.31110155570085585, 0.31110155570085585, 0.31110155570085585, 0.18037329916569825, 0.18037329916569825, 0.18037329916569825, 0.18037329916569825, 0.1218912014564745, 0.1218912014564745], 
[252.5877023773035, 139.5474749552, 139.5474749552, 43.75902614022815, 43.75902614022815, 43.75902614022815, 42.90510746147864, 27.865732008795344, 27.865732008795344, 17.630989229981527, 17.630989229981527, 17.630989229981527, 17.630989229981527, 2.728615467819943, 2.728615467819943, 2.728615467819943, 2.728615467819943, 0.6238819510630736, 0.6238819510630736, 0.23031334737748718], 
[376.73270622903607, 67.70186204191388, 67.70186204191388, 48.366458007369545, 48.366458007369545, 48.366458007369545, 48.366458007369545, 47.96007533272112, 4.7461503521729975, 4.7461503521729975, 4.7461503521729975, 1.6912220508459517, 1.6912220508459517, 0.4809406205272317, 0.4809406205272317, 0.4809406205272317, 0.3323271766740793, 0.3323271766740793, 0.3323271766740793, 0.3323271766740793], 
[259.48442453933353, 259.48442453933353, 255.55014704642065, 108.45448033321838, 14.855771499022904, 14.609290227564902, 14.609290227564902, 14.609290227564902, 14.609290227564902, 14.609290227564902, 14.609290227564902, 7.983892750364101, 7.983892750364101, 5.335230585580831, 5.335230585580831, 0.33232989750988823, 0.33232989750988823, 0.33232989750988823, 0.33232989750988823, 0.12702732797394578], 
[444.4684944488493, 89.91893793071046, 44.5761019034978, 38.849751568716556, 38.849751568716556, 38.849751568716556, 20.20609953811049, 20.20609953811049, 19.56400816051087, 19.56400816051087, 19.56400816051087, 19.56400816051087, 8.650706990972822, 0.8385418460812466, 0.8385418460812466, 0.8385418460812466, 0.8385418460812466, 0.8385418460812466, 0.6870555532548664, 0.6870555532548664], 
[251.76564264803233, 237.88407092118584, 146.65918327235426, 73.04504003762231, 73.04504003762231, 73.04504003762231, 36.786603944482124, 19.418273376854284, 19.418273376854284, 19.418273376854284, 4.311327792907799, 4.311327792907799, 4.084631935634001, 4.084631935634001, 4.084631935634001, 4.084631935634001, 2.7875695536670952, 2.7875695536670952, 0.7090151434875973, 0.7090151434875973], 
[415.2202828594317, 88.6422208031122, 88.6422208031122, 13.968740969789776, 13.968740969789776, 13.968740969789776, 13.968740969789776, 13.968740969789776, 5.971225427145748, 2.605527504586449, 2.605527504586449, 2.388452728645207, 1.0167089608360658, 1.0167089608360658, 1.0167089608360658, 0.5169569706051476, 0.5169569706051476, 0.38749740579856623, 0.38749740579856623, 0.35208741530047755], 
[301.9687549545232, 288.9656205368766, 125.37418609617197, 46.98513753933298, 46.87251945074558, 11.056710424616618, 8.451267271600669, 4.556317127184945, 4.556317127184945, 3.756959503348981, 3.756959503348981, 2.9684532815118168, 2.9684532815118168, 2.9684532815118168, 2.3432737196892006, 0.7262047540737012, 0.7262047540737012, 0.26825755867645285, 0.26825755867645285, 0.26825755867645285], 
[303.2573599789153, 303.2573599789153, 294.31583974441025, 34.19013065660923, 34.19013065660923, 34.19013065660923, 30.02882504459179, 17.001639401925143, 17.001639401925143, 12.868298259751029, 12.868298259751029, 12.581963270747305, 4.413775647303252, 4.413775647303252, 4.413775647303252, 4.413775647303252, 3.590442480832313, 1.5650766249383852, 1.375042350769659, 1.1703826131820234], 
[101.8410571977911, 101.8410571977911, 86.46200934368801, 86.46200934368801, 84.14211155986204, 84.14211155986204, 72.80624328539972, 23.912354641850158, 23.912354641850158, 19.27149772680886, 19.27149772680886, 3.9127441312698026, 3.9127441312698026, 3.9127441312698026, 1.8390844437561662, 1.8390844437561662, 1.8390844437561662, 0.797237621529644, 0.28660943569203906, 0.28660943569203906], 
[407.1227970630785, 279.1200875895289, 268.6590843891873, 240.64832568731475, 115.38007275753233, 115.38007275753233, 115.38007275753233, 114.21374847780949, 100.8104246047071, 100.8104246047071, 100.8104246047071, 100.8104246047071, 100.8104246047071, 100.8104246047071, 100.8104246047071, 100.8104246047071, 91.50527098668175, 91.50527098668175, 73.1015871607874, 73.1015871607874], 
