[1.2793731603120864, 0.1918717175695494, 0.07792599086159623, 0.07792599086159623, 0.0376980034392424, 0.0376980034392424, 0.0376980034392424, 0.01590577537930892, 0.0009944862927472571, 0.0009944862927472571, 0.0009944862927472571, 0.0005108681562672992, 0.0005108681562672992, 0.0005108681562672992, 0.0004236424379374642, 0.0004236424379374642, 0.0004236424379374642, 0.0004236424379374642, 0.0004236424379374642, 0.0004236424379374642], 
[0.7146566848935709, 0.28665623588335587, 0.009131620769997482, 0.009131620769997482, 0.009131620769997482, 0.000965052518484597, 0.000965052518484597, 0.000965052518484597, 9.338337617716241e-05, 2.682984339569843e-05, 2.682984339569843e-05, 2.682984339569843e-05, 2.682984339569843e-05, 2.682984339569843e-05, 2.4021060816074682e-05, 2.4021060816074682e-05, 2.4021060816074682e-05, 2.4021060816074682e-05, 2.4021060816074682e-05, 2.943655010796373e-06], 
[0.4058069095386867, 0.4058069095386867, 0.30452520037934505, 0.03849711186560455, 0.009736836055142317, 0.009736836055142317, 0.006116139243163688, 0.006116139243163688, 0.006116139243163688, 0.006116139243163688, 0.006116139243163688, 0.006116139243163688, 0.006116139243163688, 0.0004179836287752469, 0.0004179836287752469, 0.0004179836287752469, 0.0004179836287752469, 0.0004179836287752469, 0.0004179836287752469, 0.0004179836287752469], 
[0.11553524822076677, 0.08596128146223644, 0.08596128146223644, 0.08596128146223644, 0.00869184131810438, 0.004149602902652993, 0.004149602902652993, 0.0029940134362683745, 0.0029940134362683745, 0.0029940134362683745, 0.0015984136919858993, 0.0015984136919858993, 0.001482515902919223, 0.00036731095376670773, 0.00036731095376670773, 0.00036731095376670773, 0.00010874125279430107, 0.00010874125279430107, 0.00010874125279430107, 2.59037727469723e-05], 
[1.320761774209561, 0.4174857723900791, 0.02454381851318194, 0.02454381851318194, 0.019947628670122772, 0.006654004504148702, 0.00441952849955295, 0.0022595109504677607, 0.0022595109504677607, 0.0022595109504677607, 0.0022595109504677607, 0.0022595109504677607, 0.0014936451487311746, 6.181311180778991e-05, 6.181311180778991e-05, 6.181311180778991e-05, 6.181311180778991e-05, 3.559742953758755e-05, 3.559742953758755e-05, 3.559742953758755e-05], 
[1.6131209370525152, 0.11416817347546421, 0.08951372987954709, 0.006144528991548369, 0.0014483702484802562, 0.0014483702484802562, 0.0014483702484802562, 0.001138938947449666, 0.001138938947449666, 0.001138938947449666, 0.001138938947449666, 0.0008435848962658585, 0.000450229988359818, 0.000450229988359818, 0.000450229988359818, 0.00016539073021510153, 0.00016539073021510153, 0.00016539073021510153, 0.00016539073021510153, 1.1217228397487004e-05], 
[0.6859200876165289, 0.6859200876165289, 0.5946019387573586, 0.11127374888966221, 0.028043394069179703, 0.028043394069179703, 0.028043394069179703, 0.028043394069179703, 0.011994959937223883, 0.0006245532144987659, 0.0006245532144987659, 0.0006245532144987659, 0.0006245532144987659, 0.0006245532144987659, 0.0006245532144987659, 0.0006245532144987659, 0.00011130111963662999, 0.00011130111963662999, 0.00011130111963662999, 0.00011130111963662999], 
[0.02735583207043492, 0.02735583207043492, 0.02680582764929238, 0.007710143772857072, 0.0025899020594159733, 0.0015299195627249238, 0.0015299195627249238, 0.0009835644473043929, 0.0009835644473043929, 0.0009835644473043929, 0.0007197161432577299, 0.0007197161432577299, 0.0005520143433540936, 0.0005520143433540936, 0.0005520143433540936, 0.0005520143433540936, 0.0005520143433540936, 0.0005520143433540936, 0.0004466775674064207, 0.0004466775674064207], 
[0.37192693379729824, 0.1466398390206941, 0.04510400367670975, 0.010898897681542011, 0.010898897681542011, 0.0029518779426883288, 0.0029518779426883288, 0.0029518779426883288, 0.000551226138628154, 0.000551226138628154, 0.000551226138628154, 0.00035552680628374257, 0.00035552680628374257, 0.00035552680628374257, 0.00022839881677243538, 0.00022839881677243538, 0.00022839881677243538, 0.00022839881677243538, 0.00022839881677243538, 0.00022839881677243538], 
[0.28533225564870063, 0.28533225564870063, 0.1027351169618743, 0.06847981570780273, 0.003298852718721463, 0.003298852718721463, 0.003298852718721463, 0.0008031183276746065, 0.0008031183276746065, 8.999072143916313e-05, 8.999072143916313e-05, 8.999072143916313e-05, 8.999072143916313e-05, 8.999072143916313e-05, 1.8782278001527815e-05, 1.8782278001527815e-05, 1.8782278001527815e-05, 1.8782278001527815e-05, 1.8782278001527815e-05, 1.8782278001527815e-05], 
[0.25578609516842316, 0.25578609516842316, 0.028111456857948466, 0.011128228135446904, 0.0007030233296886917, 0.0007030233296886917, 0.0002008526713762565, 0.00018441399362923954, 0.00018441399362923954, 0.00011319235610837138, 0.00011319235610837138, 0.00011319235610837138, 0.00011319235610837138, 0.00011319235610837138, 0.00011319235610837138, 6.777658632590957e-05, 1.3136022788312479e-05, 1.3136022788312479e-05, 1.9061035510933904e-06, 1.9061035510933904e-06], 
[0.5588366352499972, 0.0855820113480198, 0.005301047575358141, 0.005301047575358141, 0.005301047575358141, 0.005301047575358141, 0.005301047575358141, 0.002202710404068995, 0.002202710404068995, 0.00013518183073882284, 0.00013518183073882284, 0.00013518183073882284, 0.00013518183073882284, 0.00013518183073882284, 0.00013518183073882284, 0.00013518183073882284, 0.00013518183073882284, 0.00013518183073882284, 4.2834148387396626e-05, 4.2834148387396626e-05], 
[1.450376335948271, 0.04566276695046541, 0.04554843633075778, 0.04554843633075778, 0.03866398740113555, 0.0015634850471452214, 0.00027790384053725696, 0.00027790384053725696, 0.00027790384053725696, 0.00027790384053725696, 0.00027790384053725696, 0.00027790384053725696, 0.00027790384053725696, 0.00027790384053725696, 0.00027790384053725696, 0.00010521689542690285, 0.00010521689542690285, 0.00010521689542690285, 0.00010521689542690285, 3.4422884951002382e-06], 
[0.2024684815001012, 0.0040494405743931395, 0.0023358085104484582, 0.0023358085104484582, 0.0009886169118674853, 0.00047623724141424034, 0.00047623724141424034, 0.00047623724141424034, 0.00047623724141424034, 0.00047623724141424034, 0.0001433929582469638, 0.00012440717955077715, 0.00012440717955077715, 0.00012440717955077715, 0.00012440717955077715, 2.0100730468880022e-05, 2.0100730468880022e-05, 7.08182205698049e-06, 7.08182205698049e-06, 7.08182205698049e-06], 
[0.45844164784874686, 0.19687435206902432, 0.19687435206902432, 0.0024318461439398866, 0.0024318461439398866, 0.0024318461439398866, 0.0024318461439398866, 0.0006673498421955407, 0.0006673498421955407, 0.0006673498421955407, 0.0006673498421955407, 0.0006673498421955407, 0.0006003213165626642, 0.00028912701471978244, 0.00028912701471978244, 0.0002560132761021547, 0.00014565970497935204, 0.00014565970497935204, 0.0001251313316741126, 0.0001251313316741126], 
[0.07906994362380708, 0.027412783461986136, 0.027412783461986136, 0.027412783461986136, 0.004292637412616066, 0.004292637412616066, 0.004292637412616066, 0.004292637412616066, 0.002030313457276386, 0.0019538981351831615, 0.0019538981351831615, 0.001482242569559403, 0.00011601412520598388, 0.00011601412520598388, 0.00011601412520598388, 0.00011601412520598388, 0.00011601412520598388, 0.00011601412520598388, 0.00011601412520598388, 0.00011601412520598388], 
[0.7795413382999113, 0.12575521626035838, 0.02073754489659436, 0.010723730318315226, 0.010723730318315226, 0.010504604579379781, 0.003864921806626731, 0.003864921806626731, 0.003864921806626731, 0.003864921806626731, 0.003864921806626731, 0.0024920036659841272, 0.0024920036659841272, 0.0003523318628724258, 0.0003523318628724258, 0.0003523318628724258, 0.0003523318628724258, 0.0003523318628724258, 0.0003523318628724258, 0.0003523318628724258], 
[0.6025969684336989, 0.556002909497336, 0.5470732511164815, 0.09005349463492343, 0.09005349463492343, 0.01458568176990228, 0.01458568176990228, 0.01458568176990228, 0.004265395331776116, 0.004265395331776116, 0.004265395331776116, 0.0004449458652388911, 0.0004449458652388911, 0.0004449458652388911, 0.0004449458652388911, 0.0004449458652388911, 0.0004449458652388911, 0.0002503674548859806, 0.0002503674548859806, 0.0002503674548859806], 
[1.685394937574241, 0.09457075080069739, 0.09457075080069739, 0.026119616428624554, 0.002483698209248198, 0.002483698209248198, 0.002483698209248198, 0.002483698209248198, 0.002483698209248198, 0.002483698209248198, 0.002483698209248198, 0.0014823491597999463, 0.0006615881551935395, 0.00037850984153235396, 0.00037850984153235396, 0.00010000061207541102, 7.291765062966476e-05, 2.848870353445311e-05, 1.2746731002354776e-06, 1.2746731002354776e-06], 
[0.14413596418980867, 0.14413596418980867, 0.14413596418980867, 0.0385839056960378, 0.0005486499539757753, 0.0005486499539757753, 0.0005486499539757753, 8.536490786089412e-05, 8.536490786089412e-05, 8.536490786089412e-05, 8.536490786089412e-05, 8.536490786089412e-05, 8.536490786089412e-05, 8.536490786089412e-05, 8.536490786089412e-05, 8.536490786089412e-05, 8.490104287333327e-05, 2.187753216647016e-05, 2.187753216647016e-05, 2.187753216647016e-05], 
[0.05944765180549065, 0.05944765180549065, 0.03980560279974328, 0.0012636732479610834, 0.0012636732479610834, 0.0012636732479610834, 0.0012636732479610834, 0.0012636732479610834, 0.0012636732479610834, 0.0010843315949400805, 0.0010843315949400805, 0.0010843315949400805, 0.00013879613031873804, 0.00011368190166472948, 0.00011368190166472948, 5.8792494994540456e-05, 5.8792494994540456e-05, 5.8792494994540456e-05, 3.4488240310981366e-05, 3.4488240310981366e-05], 
[0.016649488270559627, 0.006363097896750874, 0.006363097896750874, 0.003031931795736144, 0.003031931795736144, 0.003031931795736144, 0.0005919530305092575, 0.0005919530305092575, 0.0005919530305092575, 0.000374970149701585, 0.000374970149701585, 0.000374970149701585, 0.000374970149701585, 0.000374970149701585, 0.00013280438548807965, 0.00013280438548807965, 0.00013280438548807965, 5.470954685665719e-05, 5.470954685665719e-05, 5.470954685665719e-05], 
[0.1771932588668154, 0.11844395003443023, 0.11224112237499255, 0.01968286789227224, 0.018355288800344635, 0.01808651649908172, 0.01482338114957958, 0.010067035089027095, 0.00490830375939956, 0.00490830375939956, 0.00490830375939956, 0.00490830375939956, 0.0009985889620515091, 0.0009985889620515091, 0.0009985889620515091, 0.0009985889620515091, 0.0009985889620515091, 0.0009985889620515091, 0.0009455520666889962, 0.0009455520666889962], 
[0.1412552260426701, 0.1412552260426701, 0.026025020897415492, 0.026025020897415492, 0.022655864622538813, 0.022655864622538813, 0.00530457883276198, 0.0035928652939708093, 0.003528617796118692, 0.0005481225108223351, 5.32989426342485e-05, 5.32989426342485e-05, 5.32989426342485e-05, 5.32989426342485e-05, 5.32989426342485e-05, 5.32989426342485e-05, 5.32989426342485e-05, 5.32989426342485e-05, 5.32989426342485e-05, 6.710052934559912e-06], 
[1.051764138880705, 0.049157977091319416, 0.037946783452819606, 0.030899280315690725, 0.00661109393178249, 0.0017975397269215188, 0.0017975397269215188, 0.0017975397269215188, 0.0017975397269215188, 0.0017975397269215188, 0.0017975397269215188, 0.0017975397269215188, 0.0007359776979293348, 0.0007359776979293348, 0.0007359776979293348, 0.0007359776979293348, 0.00043003182178897307, 0.00043003182178897307, 0.00043003182178897307, 0.00036721985460327656], 
[0.012846591320631394, 0.012846591320631394, 0.012846591320631394, 0.0077612732747040294, 0.0077612732747040294, 0.0077612732747040294, 0.0077612732747040294, 0.0011704783275920305, 0.0011704783275920305, 0.0011704783275920305, 0.0011704783275920305, 0.0011704783275920305, 0.0008234520562874405, 0.00048449149475396136, 0.00010408162158040615, 0.00010408162158040615, 0.00010023667067097784, 0.00010023667067097784, 0.00010023667067097784, 0.00010023667067097784], 
[0.618567257637689, 0.11718072470253926, 0.02760485588099628, 0.018759682887303033, 0.018759682887303033, 0.010551480816591338, 0.0015301519930694695, 0.0015301519930694695, 0.0015301519930694695, 0.0009589720982358296, 0.00035748085277844657, 0.00035748085277844657, 0.00035748085277844657, 0.00035748085277844657, 2.1234912904269384e-05, 2.1234912904269384e-05, 2.1234912904269384e-05, 2.1234912904269384e-05, 2.1234912904269384e-05, 2.1234912904269384e-05], 
[0.06986360693164356, 0.010057207151921575, 0.010057207151921575, 0.010057207151921575, 0.010057207151921575, 0.010057207151921575, 0.003070485678171652, 0.003070485678171652, 0.003070485678171652, 0.0015306642105896767, 0.0015306642105896767, 0.0015306642105896767, 0.0015306642105896767, 0.0009246962559820028, 0.0009246962559820028, 0.0009246962559820028, 0.0005488487753248973, 0.0005488487753248973, 0.00046615184505757626, 3.2575459005573e-05], 
[0.03905652255275429, 0.03905652255275429, 0.03905652255275429, 0.03905652255275429, 0.008303170071980693, 0.007020529959795355, 0.007020529959795355, 0.007020529959795355, 0.0040626641214811035, 0.00028776247129833825, 0.00028776247129833825, 0.00028776247129833825, 0.0001890379359972826, 0.0001890379359972826, 0.0001890379359972826, 0.0001890379359972826, 0.0001890379359972826, 0.0001890379359972826, 0.0001890379359972826, 0.00010249082936768681], 
[0.17610215868244683, 0.026013285516748395, 0.026013285516748395, 0.01799591121786675, 0.01251488583181478, 0.011212953499952405, 0.011212953499952405, 0.010223282018993562, 0.007249954241986229, 0.005628908178541826, 0.0025168489617475374, 0.0025168489617475374, 0.0009819526576941022, 0.00016560057461629586, 0.00016560057461629586, 0.00013360501106677442, 0.00013360501106677442, 0.00012080021066557126, 0.00012080021066557126, 8.210517450326592e-05], 
