[14.473796705783084, 7.817204280569803, 7.817204280569803, 5.757074644892607, 3.1380620778336543, 1.896989509976545, 1.896989509976545, 0.546168853462062, 0.546168853462062, 0.546168853462062, 0.546168853462062, 0.1805043707083766, 0.1805043707083766, 0.1805043707083766, 0.1805043707083766, 0.06917105436365727, 0.06917105436365727, 0.06917105436365727, 0.06917105436365727, 0.05198386339395642], 
[18.220374759683164, 18.220374759683164, 5.3562365403132945, 5.3562365403132945, 2.688015966545252, 2.688015966545252, 0.5959545211810816, 0.5959545211810816, 0.5959545211810816, 0.5959545211810816, 0.5959545211810816, 0.35985313820062537, 0.35985313820062537, 0.24899614470490133, 0.24899614470490133, 0.107461019355207, 0.107461019355207, 0.107461019355207, 0.107461019355207, 0.08417325750510428], 
[27.259094102682976, 21.584006112072068, 3.256129207828956, 1.0552997124438914, 1.0552997124438914, 0.5265701407933315, 0.5265701407933315, 0.5265701407933315, 0.5265701407933315, 0.5265701407933315, 0.276605831183256, 0.276605831183256, 0.276605831183256, 0.276605831183256, 0.276605831183256, 0.276605831183256, 0.276605831183256, 0.07137733173441109, 0.0460829979146669, 0.0460829979146669], 
[34.369903847299284, 6.333357133869358, 2.2035788813871604, 1.8627839218380506, 1.8627839218380506, 1.8627839218380506, 1.8627839218380506, 1.8627839218380506, 1.0645536471200283, 0.7573688192141749, 0.537703929980083, 0.537703929980083, 0.537703929980083, 0.17546034131240928, 0.17546034131240928, 0.17546034131240928, 0.17546034131240928, 0.1375496064231833, 0.1375496064231833, 0.1375496064231833], 
[26.951972278197815, 13.745011133697513, 13.745011133697513, 6.535638097831632, 4.527522033670987, 4.527522033670987, 1.928547048721555, 1.928547048721555, 0.9343334634087891, 0.9343334634087891, 0.7432289064463768, 0.7432289064463768, 0.7432289064463768, 0.35481153856386105, 0.20223359333633745, 0.20223359333633745, 0.20223359333633745, 0.20223359333633745, 0.14741215307336808, 0.14741215307336808], 
[37.28741601338513, 5.253392618216118, 2.361359904211825, 2.361359904211825, 2.361359904211825, 2.361359904211825, 2.361359904211825, 0.7700974536076859, 0.7700974536076859, 0.7700974536076859, 0.7700974536076859, 0.6076154544876922, 0.6076154544876922, 0.16489646748524897, 0.16489646748524897, 0.16489646748524897, 0.16489646748524897, 0.07673707950040233, 0.05972236600731234, 0.05972236600731234], 
[30.966418420673794, 16.998654512186658, 6.751045044452556, 5.55905770769354, 5.55905770769354, 1.7539869581203702, 1.7539869581203702, 1.7539869581203702, 1.1510660218274558, 1.1510660218274558, 0.866270810612584, 0.5376990523029579, 0.5376990523029579, 0.5376990523029579, 0.5309441045422829, 0.5309441045422829, 0.3634908425231277, 0.3634908425231277, 0.3634908425231277, 0.14199204742714072], 
[32.07549890845024, 6.83950368545391, 6.83950368545391, 4.924171123562217, 4.207157202064681, 4.207157202064681, 4.004501793607261, 2.78979373332833, 2.78979373332833, 0.7774204613703981, 0.6122829377906911, 0.6122829377906911, 0.6122829377906911, 0.6122829377906911, 0.5440872188892424, 0.3629177973305147, 0.061193559238403264, 0.061193559238403264, 0.061193559238403264, 0.061193559238403264], 
[31.164762185327977, 18.004945495865037, 10.374149894074565, 8.752213482656119, 8.365307635206046, 1.863087512588015, 1.863087512588015, 1.2877097362364993, 0.9375813387871462, 0.9375813387871462, 0.8062845234776495, 0.8062845234776495, 0.26214157045323083, 0.26214157045323083, 0.26214157045323083, 0.26214157045323083, 0.26214157045323083, 0.2485873305624699, 0.172754898713049, 0.13933138162214592], 
[8.459023590507176, 6.94294992145536, 5.58527847282025, 0.7962572639029485, 0.7962572639029485, 0.7962572639029485, 0.7456467128988015, 0.7456467128988015, 0.7456467128988015, 0.36655847820666904, 0.36655847820666904, 0.36655847820666904, 0.154276053181108, 0.154276053181108, 0.154276053181108, 0.154276053181108, 0.154276053181108, 0.154276053181108, 0.154276053181108, 0.05286533352456449], 
[8.50373753686578, 8.50373753686578, 3.330816968869239, 3.330816968869239, 1.9565773216164886, 1.9565773216164886, 1.9565773216164886, 0.6391419878817555, 0.3930563196727983, 0.3811797403189689, 0.3656221823057103, 0.3656221823057103, 0.3656221823057103, 0.3629894398895221, 0.3629894398895221, 0.24352945554423241, 0.24352945554423241, 0.09787400187328611, 0.09787400187328611, 0.09787400187328611], 
[33.381010534227514, 6.31746167788262, 3.600172805225759, 3.600172805225759, 0.24322899189431157, 0.24322899189431157, 0.24322899189431157, 0.24322899189431157, 0.24322899189431157, 0.24322899189431157, 0.24322899189431157, 0.24322899189431157, 0.24322899189431157, 0.09685817902463094, 0.08269149850684927, 0.08269149850684927, 0.08269149850684927, 0.08269149850684927, 0.06180335674295397, 0.06180335674295397], 
[25.338729139534177, 17.204007396743005, 10.987134486184594, 5.047141838114088, 4.798488370358191, 1.3897632637550248, 0.6897081864459222, 0.6897081864459222, 0.6897081864459222, 0.6897081864459222, 0.3940747901758954, 0.034156191320975894, 0.034156191320975894, 0.034156191320975894, 0.034156191320975894, 0.034156191320975894, 0.034156191320975894, 0.034156191320975894, 0.034156191320975894, 0.034156191320975894], 
[8.220964750398522, 7.667695038483416, 3.3410478698068236, 3.3410478698068236, 3.3410478698068236, 3.3410478698068236, 2.432585114083728, 2.392689215742017, 1.4710400014565557, 1.4710400014565557, 1.445956413165085, 1.445956413165085, 0.9523793012879973, 0.6062542906848101, 0.5139449941799483, 0.5139449941799483, 0.5139449941799483, 0.25375341283492314, 0.25375341283492314, 0.21925766444779632], 
[23.788124193599888, 8.406473246833848, 1.9033802830188344, 1.9033802830188344, 1.4202038405899342, 1.4202038405899342, 1.4202038405899342, 1.4202038405899342, 1.1937448060469837, 1.1937448060469837, 0.5258329015431435, 0.5022894176883798, 0.2824209596366039, 0.2824209596366039, 0.2824209596366039, 0.2824209596366039, 0.2824209596366039, 0.04294868515535783, 0.04294868515535783, 0.04294868515535783], 
[43.119430004941385, 17.885700758510357, 5.162051678029374, 4.789827225697039, 1.9144312484388573, 1.9144312484388573, 1.9144312484388573, 1.9144312484388573, 1.2894248995908497, 1.2894248995908497, 0.6662350007468735, 0.639220988413051, 0.5572882700600015, 0.5045232278043337, 0.2508628621885526, 0.2508628621885526, 0.2508628621885526, 0.2508628621885526, 0.07625223079522674, 0.07625223079522674], 
[3.574998323347328, 3.574998323347328, 3.574998323347328, 1.0030047961080728, 1.0030047961080728, 1.0030047961080728, 1.0030047961080728, 0.6588011541526247, 0.6588011541526247, 0.6588011541526247, 0.4636702458525637, 0.4636702458525637, 0.4636702458525637, 0.19062130419425535, 0.09839086365415466, 0.08042392926776876, 0.08042392926776876, 0.03387333414022404, 0.03387333414022404, 0.03387333414022404], 
[20.984230682426347, 17.790908911138462, 3.5196826916283745, 3.232371953720935, 2.0651152792559557, 2.0651152792559557, 2.0651152792559557, 1.4334327803971945, 1.1130397102003853, 0.7510453397514024, 0.7510453397514024, 0.3704057102702894, 0.3247469325240068, 0.24314324561056827, 0.24314324561056827, 0.24314324561056827, 0.24314324561056827, 0.06931269245986355, 0.06445862101936962, 0.04562377717852326], 
[14.578681005670735, 14.578681005670735, 14.133337044703914, 11.662891370942914, 7.113770423951217, 6.485128602712417, 1.8526412504894822, 1.8526412504894822, 1.8513093094209232, 0.7457764631086018, 0.7457764631086018, 0.7457764631086018, 0.29114098602396643, 0.25199479952122456, 0.25199479952122456, 0.25199479952122456, 0.25199479952122456, 0.15848925510177694, 0.15848925510177694, 0.10520436605203357], 
[10.78540676154595, 4.06533059826347, 4.06533059826347, 3.299014634225171, 3.299014634225171, 3.299014634225171, 1.38899870565412, 1.38899870565412, 1.38899870565412, 1.0443237904989497, 0.719890705364942, 0.6221471619510854, 0.4928117881297099, 0.4928117881297099, 0.390624544420001, 0.3657449915542474, 0.1805955870545319, 0.1805955870545319, 0.1805955870545319, 0.1805955870545319], 
[29.417031648371953, 15.510819545835119, 13.174444563162805, 0.8177369073304195, 0.8177369073304195, 0.8177369073304195, 0.8177369073304195, 0.8177369073304195, 0.8177369073304195, 0.8177369073304195, 0.5399305159155291, 0.33265837440895607, 0.33265837440895607, 0.2701716188212203, 0.2701716188212203, 0.10073859840792157, 0.10073859840792157, 0.10073859840792157, 0.10073859840792157, 0.09364031445581808], 
[7.328417761870562, 7.328417761870562, 7.328417761870562, 2.4474615318796893, 2.4474615318796893, 2.4474615318796893, 1.7970056669904666, 0.834486475701316, 0.834486475701316, 0.49010390398216036, 0.49010390398216036, 0.4269558339341443, 0.4269558339341443, 0.412647573252232, 0.412647573252232, 0.07489535216867198, 0.07489535216867198, 0.07489535216867198, 0.017521609540887207, 0.017521609540887207], 
[17.86211096015643, 12.409821625467917, 6.299575828605979, 6.299575828605979, 3.8509888930259857, 3.8509888930259857, 2.4186741158581304, 0.526612333261595, 0.526612333261595, 0.3043983088159906, 0.3043983088159906, 0.3043983088159906, 0.3043983088159906, 0.3043983088159906, 0.2511439642235756, 0.2511439642235756, 0.06695825356678126, 0.06695825356678126, 0.06695825356678126, 0.06695825356678126], 
[10.568429981220824, 5.422442976735563, 5.422442976735563, 1.3525411931026285, 1.3525411931026285, 1.3525411931026285, 1.3525411931026285, 1.3525411931026285, 0.7186826680239645, 0.2432584630731417, 0.2432584630731417, 0.2432584630731417, 0.2432584630731417, 0.2432584630731417, 0.2432584630731417, 0.2432584630731417, 0.059011911364009954, 0.059011911364009954, 0.059011911364009954, 0.0079266578854796], 
[17.381162647842302, 13.868019922606992, 6.362426460326711, 5.749720510856198, 5.749720510856198, 3.865337398056504, 1.2007077278197773, 1.071975099067259, 1.071975099067259, 1.071975099067259, 1.071975099067259, 0.809909964945734, 0.34058733690161885, 0.24940743970173282, 0.24940743970173282, 0.24940743970173282, 0.1928461026685678, 0.1928461026685678, 0.15497961250030967, 0.15497961250030967], 
[28.72863090019318, 6.757240935434076, 3.956410684034527, 1.873817204125313, 1.7954306000817282, 1.1675346221067762, 1.1675346221067762, 1.1675346221067762, 1.1675346221067762, 1.1675346221067762, 0.7435131670348072, 0.17492784621974058, 0.17492784621974058, 0.13369193414796932, 0.13369193414796932, 0.13369193414796932, 0.0444860785799882, 0.0444860785799882, 0.0444860785799882, 0.03957528692852869], 
[52.87152827072005, 4.565086855640135, 3.1740160187178654, 1.4141317079643891, 1.4141317079643891, 1.4141317079643891, 1.4141317079643891, 1.1948843238242437, 1.1948843238242437, 0.7428248999737026, 0.3747739183990013, 0.24327465398749262, 0.15836735315986478, 0.15836735315986478, 0.15836735315986478, 0.15836735315986478, 0.15281221864488786, 0.13841692083911375, 0.018586432599998808, 0.018586432599998808], 
[38.67139607143214, 19.017840704356722, 14.11589025788451, 3.425801487634249, 3.425801487634249, 2.5375378641988298, 2.5375378641988298, 2.5375378641988298, 1.402271838764079, 0.9456667016863733, 0.7540680218243259, 0.7540680218243259, 0.3650635332105636, 0.3650635332105636, 0.3650635332105636, 0.2490987234450387, 0.18019752796416996, 0.18019752796416996, 0.18019752796416996, 0.14117838392225232], 
[23.394682495507897, 16.98494988745944, 8.162475599173815, 8.162475599173815, 5.079837350364955, 4.471717961021095, 2.925761729738434, 1.409896068458668, 1.409896068458668, 0.8137179854365637, 0.532890375695921, 0.532890375695921, 0.36936413012310215, 0.36936413012310215, 0.3261184200201467, 0.0421179656051017, 0.0421179656051017, 0.0421179656051017, 0.03886438709451902, 0.032378268335571045], 
[19.479060802003804, 14.064076423130661, 10.205432808593, 3.3863460474021125, 1.6171149726068978, 1.6171149726068978, 1.6171149726068978, 1.6171149726068978, 1.6171149726068978, 0.5524874731097795, 0.5524874731097795, 0.3796184011812522, 0.2896261273575523, 0.2896261273575523, 0.2462761845093248, 0.2462761845093248, 0.2462761845093248, 0.1208901492101246, 0.07013663601799154, 0.07013663601799154], 
