[77287.20066059718, 72729.67455400195, 54865.57909546021, 42174.93533574653, 42174.93533574653, 34933.20994346538, 31088.421306626886, 31088.421306626886, 26861.897894586353, 22611.965709144082, 17132.728179492427, 17132.728179492427, 17050.36328255539, 17050.36328255539, 15236.732918237418, 14092.707743723238, 10424.23015284471, 9199.276105571686, 9199.276105571686, 7322.782492728453], 
[69310.58078807287, 64873.43748529412, 56999.22074661687, 45887.633681950865, 42217.27355769784, 39958.60081254045, 32313.74010356118, 26487.3355183902, 26487.3355183902, 26477.79102634008, 23957.153231054435, 18526.362632199503, 17367.197100811845, 16538.7819512559, 14732.840425260996, 13133.404888936957, 11322.846355532363, 11322.846355532363, 9329.533528275917, 8967.848411177982], 
[70894.62249681991, 56796.77643083249, 56796.77643083249, 49096.288586952396, 32969.64567388954, 32969.64567388954, 32969.64567388954, 27684.71833289826, 27684.71833289826, 25302.62116938416, 23337.54911505962, 20058.748143943285, 20058.748143943285, 17554.98033176412, 12688.007911297684, 12688.007911297684, 11854.268097604441, 11854.243162965693, 11097.233208463733, 9523.493840517001], 
[71853.31325690227, 68122.58770928613, 60854.14025472129, 50830.8092929386, 46854.79184521921, 41813.7177581857, 36703.28467167135, 25444.297521138193, 25444.297521138193, 25444.297521138193, 23011.500054360586, 19484.554431266413, 16367.877487939997, 12508.926385722472, 10781.51133349509, 10781.506997906456, 10622.285007174401, 8481.217429849601, 8481.217429849601, 8186.113006342311], 
[69120.63788118289, 65843.99425889022, 59694.711606059, 54362.45839090105, 51016.14544436957, 41870.271106497436, 41870.271106497436, 35266.80515720408, 31703.601500408968, 28635.458741825667, 23282.587111017576, 19218.717728072937, 17969.09153791009, 15251.195927398503, 15251.195927398503, 13666.742384253794, 12467.10034878583, 11005.907745944029, 9515.172224102462, 8574.693626589422], 
[75133.23560088353, 75133.23560088353, 62969.13666980725, 57242.417770260065, 53843.09896271389, 40872.15841253823, 38038.51953248694, 38038.51953248694, 35241.56843551199, 27389.789908833267, 23812.68078265186, 20252.839417553423, 20252.839417553423, 17956.430277540745, 14259.146787025831, 14259.146787025831, 10306.765074036077, 10306.765074036077, 10306.765074036077, 9110.359737035793], 
[72876.41942196184, 59792.18297971927, 59792.18297971927, 55790.681753832, 51320.24328884255, 46582.535757007674, 34713.411563586254, 31320.629198760093, 31320.629198760093, 28001.47682713728, 23537.352966214567, 23537.352966214567, 19695.678781871797, 19695.678781871797, 15882.933456138926, 15311.51536792327, 13906.182847644395, 13760.478707972461, 12181.131600749279, 11367.65738131571], 
[53741.74918381142, 53741.74918381142, 46552.296634998755, 45724.38934967515, 43085.14653199578, 40120.883191671186, 36704.74924449219, 35082.094452919235, 26460.760627388045, 20574.200382034036, 20574.200382034036, 17383.49287728548, 15627.866197943986, 15627.866197943986, 13936.018210256632, 12747.325340880136, 10878.41705006131, 10878.41705006131, 10024.033633271396, 8762.691398766381], 
[72843.34522435958, 65710.77821805819, 60374.07844447348, 53310.93799296202, 41391.032841338725, 39540.48323624212, 33213.25968063715, 30481.430427519368, 27252.157159727583, 27117.58886165129, 22023.431309364878, 22023.431309364878, 21647.586180348073, 17164.577596191757, 16528.1766018474, 14426.235664686805, 14426.235664686805, 13878.43295624598, 11940.64408924016, 11176.833508315322], 
[69123.43912233094, 69123.43912233094, 63354.1277819213, 55969.00750974447, 50528.75943931495, 36345.9129681414, 36345.9129681414, 32681.507678219925, 31154.080162866474, 28394.365140373615, 23215.83733899377, 22020.949200609364, 17422.360588302934, 14708.037691005284, 14233.358678331468, 9636.422988365175, 9636.422988365175, 9636.422988365175, 9422.117960680129, 9198.229026867468], 
[71162.40758112296, 54578.916946841324, 54578.916946841324, 53203.80271213779, 46634.17124631761, 46634.17124631761, 32987.78283196898, 28511.99565284904, 28511.99565284904, 27635.975980648513, 23751.084469260117, 22014.75105065852, 20093.323899515195, 18369.751415698578, 15873.292559650537, 10179.836062480392, 10179.836062480392, 10179.836062480392, 10179.836062480392, 10179.836062480392], 
[70899.01076306646, 41667.35987734405, 41667.35987734405, 41667.35987734405, 34536.986198215316, 34536.986198215316, 34536.986198215316, 34535.06649017589, 29927.07805647895, 28418.67812014578, 26830.29976047829, 20109.926160775052, 12360.064799407, 12360.064799407, 12360.064799407, 12216.551420778333, 12216.551420778333, 12129.113783308572, 9449.09643991437, 7438.759162785415], 
[70940.83330046831, 70940.83330046831, 63516.533060739195, 53762.935000263904, 50802.20781835023, 43008.75699090128, 42909.67539593023, 34405.54341590854, 29453.375359896385, 27392.332478036555, 17778.34594181892, 17778.34594181892, 17778.34594181892, 17741.538347967293, 14857.678846691479, 12808.172562048556, 10741.195530517612, 10741.195530517612, 10741.195530517612, 9599.579103882028], 
[71141.1560925417, 62730.19357638917, 60059.32558854691, 48744.264651989135, 46461.613076757574, 43512.37249523274, 36517.716228392026, 35129.47126462538, 28730.105663330713, 25529.96900080336, 24608.58095875136, 17904.565303324383, 17904.565303324383, 17904.565303324383, 13562.455751379513, 13224.644392905644, 12725.66137496305, 10185.641475100456, 9615.359170382262, 8358.659077158914], 
[61471.79847092414, 61471.79847092414, 61471.79847092414, 60908.752957607794, 49140.99274358801, 38911.88945980026, 38911.88945980026, 37348.500376695556, 31808.34088783276, 24012.334167175643, 23795.430662320257, 21068.67067070748, 20924.64881501828, 19560.08301983425, 16513.84780754522, 16513.84780754522, 14057.212674796241, 13025.227529507822, 11426.393634379894, 10132.154074380065], 
[65673.30707603048, 65673.30707603048, 61116.965896457485, 58981.83907557568, 52254.48897064517, 37796.78118420904, 37796.78118420904, 37769.368671920616, 30382.226866220502, 25801.894383319355, 20404.003371069262, 18533.380469739343, 17600.174778800018, 15587.672631024721, 12359.847770421953, 12359.847770421953, 10306.431605399646, 10306.431605399646, 10053.443575288517, 8202.377262544696], 
[75787.3913322369, 56967.92839780385, 56967.92839780385, 41505.89856998565, 41505.89856998565, 41389.98594145291, 37389.52428686451, 30515.886225813043, 30515.886225813043, 26976.427675281917, 23386.81479355362, 22017.92816451104, 18609.337325616296, 14877.079289378118, 13287.160220349073, 12808.17910487447, 12487.560541116532, 11212.071812061216, 9404.179772846126, 7994.272196357077], 
[69131.22875782548, 67803.4938348556, 66310.5542075685, 52031.802521869344, 42777.81192874905, 42777.81192874905, 29576.60445576912, 27899.9439415305, 26363.477265932757, 19660.619789049935, 19660.6151706896, 18970.20953151155, 16749.84960817965, 13942.026910003518, 13289.335772273604, 13124.839132531526, 11634.327721318648, 8617.749185777015, 8617.749185777015, 7842.471149922656], 
[77777.24414950199, 72175.22122860764, 53937.308306374594, 50148.07361248932, 50148.07361248932, 46661.03410336679, 34972.74241435493, 30801.468902518518, 25759.374791159735, 25744.603297359296, 21643.416906145063, 18934.99746327597, 18795.00926251602, 16964.803523947357, 14863.816510244407, 12561.509594784076, 12560.39505394675, 9961.15768190622, 9961.138254191634, 7054.151237675977], 
[73913.97970411263, 70642.3651118265, 69299.96494291372, 52863.445316722, 46052.881369937015, 40855.81887150653, 34708.48108260129, 29132.65939928391, 26359.40800988359, 23648.03895688689, 21842.120615339045, 19852.603595709126, 19391.15353203448, 13574.504391038014, 13574.504391038014, 11708.40340169049, 8901.22956383718, 8901.22956383718, 8550.791381897123, 7104.653197907934], 
[72109.85154857842, 67219.24875729106, 62148.34377780769, 53557.15361776243, 50116.39695662857, 42473.80884008927, 32147.40927745821, 32147.40927745821, 29709.573646246514, 26185.87450075179, 24099.554095090385, 22181.70520723321, 17789.506051561875, 17789.506051561875, 14964.66566206199, 13200.953206770926, 13200.953206770926, 11166.974603085613, 9409.20658827702, 9409.20658827702], 
[63132.274473757825, 60308.778086516904, 53877.10974596105, 47538.17754930571, 41663.45169940193, 32251.94986191805, 31253.353991950677, 31253.353991950677, 23060.853584988698, 17474.22266047677, 17474.22266047677, 17474.22266047677, 16784.062449165078, 15689.002642222793, 12353.084436548783, 12121.882049826841, 8439.626717374862, 5604.9577329715, 5604.9577329715, 5604.9577329715], 
[72184.71672996569, 64666.6795367581, 60506.11625654952, 50330.16286548661, 50330.16286548661, 44842.93297031458, 30224.046992462412, 30224.046992462412, 30060.849420897055, 25453.43907913538, 23001.510665130903, 20522.406478493052, 18869.488668260237, 14784.660756999347, 14783.992174668347, 14376.069819793121, 14126.891906486308, 12964.853099435752, 9848.911137049452, 9418.268978632768], 
[54877.96980942536, 54877.96980942536, 54877.96980942536, 52814.433163649606, 48100.57577395515, 35777.441723603544, 32558.169001349503, 31605.15523302204, 29970.11339529274, 25675.539258371122, 17046.648100702856, 17046.648100702856, 17046.648100702856, 17046.648100702856, 15623.231689070364, 14179.727188577808, 12843.369324769035, 12327.616809006395, 11321.348195798097, 9785.989738743752], 
[68578.36704522467, 68578.36704522467, 57968.04316947121, 52231.0973326035, 45202.66379872431, 42290.28158110331, 40284.26896714051, 33220.2463236833, 23706.461880524537, 23706.461880524537, 23706.44778249026, 21811.120595316657, 20118.169815010846, 16371.213816338288, 15926.243728438722, 13563.434285395404, 13563.434285395404, 11667.226307387285, 11535.71331288825, 9948.873044831871], 
[75663.48720331879, 66154.76989917521, 59565.14678634642, 55084.75034393863, 49768.426193184816, 44119.924281328094, 37080.89663636549, 32657.816411668926, 18503.845931772386, 18503.845931772386, 18503.845931772386, 18503.845931772386, 15378.366525758836, 15378.366525758836, 14412.195731935088, 14412.195731935088, 13487.844077044607, 10226.138279022849, 9233.405196019692, 7463.25020302159], 
[71032.90454575256, 58691.79229595966, 58291.81762537457, 50779.76795256403, 45684.91784771186, 43091.049641339174, 41488.47891380304, 35821.678677733114, 29357.460774573283, 29357.460774573283, 23802.446773863532, 23802.446773863532, 19823.210714420296, 12847.220864812854, 12794.22320882761, 12636.692898858197, 11718.889382369875, 11657.837695973585, 10895.861123154133, 10114.973178311164], 
[71726.19206255757, 57806.65164895658, 49988.304421683875, 49988.304421683875, 44730.582433185395, 43924.41995925353, 36754.67481228652, 29094.576196337435, 29094.576196337435, 27152.011057323543, 24571.38309007218, 22087.66213783595, 20824.704142310275, 15000.468796813875, 14687.13506767317, 12561.874202485309, 11385.195372363356, 9792.727537984094, 9489.781519911052, 9489.781519911052], 
[66653.92099026871, 52240.284911109375, 52240.284911109375, 52240.284911109375, 48942.427505653555, 37558.55316558183, 25877.302919442278, 25877.302919442278, 21113.19550631988, 21113.19550631988, 21113.19550631988, 19904.648860869638, 17746.37627672749, 14254.776179965345, 12453.788119050309, 12453.788119050309, 11035.031642668837, 11035.031642668837, 7324.6577592939675, 7324.6577592939675], 
[64525.95669391477, 60660.87680907729, 48322.615312170834, 44997.07135825213, 44997.07135825213, 34818.69995286581, 34098.6306951136, 30465.509366690407, 27001.169989239486, 24006.38453698927, 22455.479185988424, 19350.952612459387, 19350.952612459387, 17588.067241450226, 10798.390684760347, 10798.390684760347, 9838.73202457262, 9838.73202457262, 8428.459858688893, 8372.29435306373], 
