[8747.402049779566, 7494.53345946541, 7494.53345946541, 7494.53345946541, 7494.53345946541, 7494.53345946541, 7494.53345946541, 7494.53345946541, 7494.53345946541, 7494.53345946541, 7494.53345946541, 7494.491129981782, 7494.491129981782, 7494.491129981782, 7494.491129981782, 7483.259046279919, 7483.259046279919, 7483.259046279919, 7483.259046279919, 7483.259046279919], 
[9336.840490304909, 9008.336696579718, 9008.336696579718, 8976.424834061827, 8862.568332664996, 8862.568332664996, 8862.568332664996, 8862.568332664996, 8548.777113746728, 8548.777113746728, 8548.777113746728, 8548.777113746728, 8492.923374164648, 8492.918729567304, 8492.865893516046, 8492.865893516046, 8492.865893516046, 8356.5451841405, 8356.5451841405, 8356.5451841405], 
[8189.3097895892, 8189.3097895892, 8189.3097895892, 8189.3097895892, 8077.684068504121, 8077.684068504121, 8077.684068504121, 8077.684068504121, 8077.684068504121, 7619.605343413696, 7619.588662547951, 7619.588662547951, 7601.314802986337, 7601.314802986337, 7601.314802986337, 7601.314802986337, 7601.275143912808, 7601.252640108894, 7601.252640108894, 7601.252640108894], 
[8641.518004179117, 8641.518004179117, 8641.518004179117, 8641.518004179117, 8641.518004179117, 8641.518004179117, 8394.607034968998, 8394.607034968998, 8394.607034968998, 8394.607034968998, 8394.607034968998, 8394.607034968998, 8370.521179888212, 8370.521179888212, 7698.896382132641, 7698.896382132641, 7698.896382132641, 7698.896382132641, 7698.896382132641, 7698.896382132641], 
[9043.682382314455, 7276.248356577313, 7276.248356577313, 7276.248356577313, 7275.256952756794, 7275.256952756794, 7275.256952756794, 7275.256952756794, 7275.256952756794, 7275.256952756794, 7275.256952756794, 7275.256952756794, 7275.256952756794, 7275.256952756794, 7275.256952756794, 7275.256952756794, 7275.256952756794, 7275.256952756794, 7275.256952756794, 7275.256952756794], 
[9202.289547253327, 8850.958566850499, 8822.600240321517, 8822.600240321517, 8822.600240321517, 8822.600240321517, 8597.499520364046, 8597.499520364046, 8597.499520364046, 8597.499520364046, 8597.499520364046, 8597.499520364046, 8597.499520364046, 8597.499520364046, 8597.499520364046, 8153.84483743279, 8153.84483743279, 7776.423606244599, 7776.423606244599, 7776.423606244599], 
[8657.654514023074, 8498.070403548612, 8498.070403548612, 8498.070403548612, 8498.070403548612, 8498.070403548612, 8498.070403548612, 8498.05728746701, 7978.287294502353, 7978.287294502353, 7978.287294502353, 7978.287294502353, 7978.287294502353, 7978.287294502353, 7967.509328938672, 7967.509328938672, 7967.509328938672, 7967.509328938672, 7967.509328938672, 7967.473059543257], 
[9026.90500968401, 9026.90500968401, 8521.50868558493, 8521.50868558493, 8250.7885886787, 8250.7885886787, 7752.543653002284, 7746.698873691882, 7746.698873691882, 7746.698873691882, 7746.698873691882, 7726.8402348220825, 7725.775743488356, 7725.775743488356, 7725.775743488356, 7725.775743488356, 7725.775743488356, 7725.775743488356, 7725.775743488356, 7725.775743488356], 
[9283.807985641959, 8848.224315637955, 8400.511914552597, 8400.511914552597, 8400.511914552597, 8400.511914552597, 8400.511914552597, 8400.511914552597, 8400.511914552597, 8400.511914552597, 8400.511914552597, 8369.797172381841, 8369.797172381841, 8368.739878048249, 8368.724489184526, 8366.312656714828, 8351.355341382565, 8320.888861414263, 8320.888861414263, 8320.888861414263], 
[8509.813375669488, 8509.813375669488, 8509.813375669488, 8509.813375669488, 8506.89107331352, 8506.89107331352, 8506.89107331352, 8391.07332025134, 8390.954882833348, 8390.954882833348, 8390.954882833348, 7973.918606711767, 7969.096982724558, 7969.096982724558, 7969.096982724558, 7969.096982724558, 7969.096982724558, 7969.05446760039, 7969.05446760039, 7969.05446760039], 
[8624.412803468098, 8576.755874020904, 8576.755874020904, 8576.755874020904, 8576.755874020904, 8576.734926433252, 8576.715725777804, 8576.715725777804, 8576.715725777804, 8337.685616225188, 8173.173783723675, 8173.173783723675, 8173.173783723675, 7307.694650291928, 7307.694650291928, 7307.694650291928, 7307.694650291928, 7307.694650291928, 7307.694650291928, 7274.970186291016], 
[8250.37070568361, 8250.37070568361, 8250.37070568361, 8250.37070568361, 8250.37070568361, 8250.37070568361, 8250.37070568361, 8250.37070568361, 8250.37070568361, 8205.828945733945, 8205.828945733945, 8205.828945733945, 8177.13344756194, 7998.225775491106, 7998.225775491106, 7998.225775491106, 7998.225775491106, 7998.225775491106, 7998.225775491106, 7998.225775491106], 
[8821.385137249446, 8733.846256403776, 8537.713210180467, 8501.283681389581, 8501.283681389581, 8501.283681389581, 8501.283681389581, 8501.283681389581, 8501.283681389581, 8456.106783394, 8456.106783394, 8399.176747674775, 8399.176747674775, 8399.176747674775, 8399.176747674775, 8399.176747674775, 8387.944188921338, 8387.944188921338, 8387.944188921338, 8304.969446445197], 
[8783.746462517773, 6849.068273754137, 6849.068273754137, 6849.068273754137, 6849.068273754137, 6849.068273754137, 6849.068273754137, 6849.068273754137, 6849.068273754137, 6849.068273754137, 6849.068273754137, 6849.068273754137, 6849.068273754137, 6849.068273754137, 6849.068273754137, 6849.06825292889, 6846.572364157281, 6846.572364157281, 6846.572364157281, 6846.572364157281], 
[8663.749748781122, 8195.604185494642, 8195.604185494642, 8195.604185494642, 8195.433184173522, 8195.433184173522, 8195.433184173522, 8195.433184173522, 8195.433184173522, 8195.433184173522, 8195.433184173522, 8195.413538687611, 8195.413538687611, 8195.413538687611, 8195.413538687611, 8195.413538687611, 8195.413538687611, 8195.374442372868, 8195.374442372868, 8195.36178583176], 
[8465.20734577208, 8465.20734577208, 8465.20734577208, 8465.20734577208, 8412.18147936551, 8412.18147936551, 8411.36363309719, 8411.36363309719, 8410.30073069943, 8276.84422424288, 8276.84422424288, 8276.84422424288, 8276.84422424288, 8276.84422424288, 8276.84422424288, 8101.871681642637, 8101.871681642637, 8101.871681642637, 8101.871681642637, 8101.871681642637], 
[8062.484782663598, 8062.484782663598, 8062.484782663598, 8062.484782663598, 8062.484782663598, 8062.484782663598, 8062.484782663598, 8062.484782663598, 8062.484782663598, 8062.469638142862, 8062.469638142862, 8062.469638142862, 8062.168123775992, 8062.168123775992, 8062.168123775992, 8062.168123775992, 8062.168123775992, 7690.067307748127, 7690.067307748127, 7690.067307748127], 
[8545.819601603678, 8545.819601603678, 8545.819601603678, 8545.819601603678, 8545.819601603678, 8545.819601603678, 8537.285183155975, 8537.285183155975, 8537.285183155975, 8537.285183155975, 8537.285183155975, 8411.364170017972, 8411.364170017972, 8411.364170017972, 8411.364170017972, 8411.364170017972, 8411.364170017972, 8411.364170017972, 8411.364170017972, 8411.364170017972], 
[9003.081265296081, 9003.081265296081, 9003.081265296081, 9003.081265296081, 8664.486936531997, 8664.486936531997, 8664.486936531997, 8664.481093388069, 8664.481093388069, 8165.669475996744, 8165.669475996744, 8138.039737192456, 8138.039737192456, 8138.039737192456, 7446.435543617335, 7446.423929133525, 7446.418524987252, 7446.418524987252, 7446.418524987252, 7444.836021171273], 
[8621.928131604825, 8621.832475096293, 8058.427933517543, 8058.396284477377, 8058.396284477377, 8058.396284477377, 8058.396284477377, 7884.195826456499, 7785.902849427116, 7785.902849427116, 7785.902849427116, 7785.855841032505, 7785.855841032505, 7785.504138507331, 7745.320405342439, 7745.320405342439, 7745.320405342439, 7745.320405342439, 7745.320405342439, 7745.320405342439], 
[8972.675917371376, 8972.675917371376, 8949.024816432528, 8947.483727662553, 8505.570244284288, 8505.570244284288, 8496.29786106864, 8273.92529560881, 8273.92529560881, 8273.92529560881, 8273.92529560881, 8273.92529560881, 8273.92529560881, 8273.92529560881, 8230.52851972877, 8230.52851972877, 8230.52851972877, 8230.52851972877, 8230.52851972877, 8230.52851972877], 
[8688.136210881563, 8615.528005094086, 8615.528005094086, 8260.846893025493, 8260.846893025493, 8138.654773694043, 8138.654773694043, 8138.654773694043, 8058.097871831981, 7711.5082183124805, 7711.5082183124805, 7711.5082183124805, 7711.5082183124805, 7711.5082183124805, 7711.5082183124805, 7711.5082183124805, 7711.5082183124805, 7711.5082183124805, 7711.5082183124805, 7710.944427279532], 
[8826.798817115829, 8807.444094160881, 8807.444094160881, 8807.444094160881, 8807.444094160881, 8754.91834580402, 8754.91834580402, 8168.9102011481455, 8168.9102011481455, 8168.9102011481455, 8037.294064642487, 8037.294064642487, 8037.294064642487, 8025.944006702391, 8025.944006702391, 8025.944006702391, 8025.939427785061, 8025.939427785061, 8025.939427785061, 7650.552359202477], 
[8696.655287925963, 8420.95640494142, 8334.624389075849, 8333.404009760043, 8333.404009760043, 8333.404009760043, 8333.404009760043, 8333.404009760043, 8333.404009760043, 8333.404009760043, 7645.045234397581, 7645.045234397581, 7645.045234397581, 7645.045234397581, 7645.045234397581, 7645.045234397581, 7645.045234397581, 7645.045234397581, 7645.045234397581, 7645.045234397581], 
[8947.624197804427, 8947.624197804427, 8947.624197804427, 8530.794162521936, 8530.794162521936, 8530.794162521936, 8530.794162521936, 8464.178351360151, 8463.018933737552, 8449.502522067864, 8449.082022318797, 8261.89450625168, 8261.89450625168, 8261.89450625168, 8261.89450625168, 8261.89450625168, 8261.89450625168, 7637.445341805971, 7637.375399520523, 7637.375399520523], 
[8729.09468968171, 8729.09468968171, 8512.028761464568, 8512.028761464568, 8512.028761464568, 8512.028761464568, 8511.728931932934, 8504.64480076824, 8504.64480076824, 8504.64480076824, 8357.05103859614, 8357.05103859614, 8357.04255837515, 8357.04255837515, 8357.04255837515, 8357.04255837515, 8357.04255837515, 8357.04255837515, 8357.04255837515, 8357.04255837515], 
[9135.176034173901, 8554.187745602912, 8554.187745602912, 8546.513292016154, 8546.513292016154, 8546.513292016154, 8546.486600710317, 8546.486600710317, 8125.509550908843, 8080.170007840859, 8080.170007840859, 8080.170007840859, 8080.16539528572, 8080.16539528572, 8080.16539528572, 8080.16539528572, 8080.16539528572, 8080.16539528572, 8079.655990632339, 8079.655990632339], 
[9042.704644134732, 8974.393135808245, 8974.393135808245, 8944.440735575301, 8944.440735575301, 8944.440735575301, 8944.440735575301, 8352.95555918451, 8352.95555918451, 8316.90026414689, 8316.90026414689, 8314.966549099223, 8314.966549099223, 8314.966549099223, 8314.591826634945, 8227.960584794426, 8227.960584794426, 8227.960584794426, 8227.960584794426, 8227.960584794426], 
[9185.4613923496, 7632.745377923308, 7632.745377923308, 7632.745377923308, 7624.051991500395, 7623.990097583658, 7623.990097583658, 7623.990097583658, 7535.262377275081, 7535.262377275081, 7535.262377275081, 7535.262377275081, 7535.262377275081, 7535.262377275081, 7535.037525994805, 7535.037525994805, 7535.037525994805, 7535.037525994805, 7535.037525994805, 7535.037525994805], 
[8458.607701179355, 8458.607701179355, 8458.607701179355, 8458.607701179355, 8372.692493529525, 8372.692493529525, 8372.692493529525, 8372.692493529525, 8311.719026405492, 8290.933261102962, 8290.933261102962, 8273.107521228485, 8236.832568365282, 8236.832568365282, 7731.680646802655, 7731.680646802655, 7731.680646802655, 7731.680646802655, 7731.680646802655, 7731.680646802655], 
