[1898.3401548228007, 1701.976743794828, 1525.3473081630384, 1451.1751756077833, 1451.1751756077833, 1451.1751756077833, 1200.7751647125087, 1200.7751647125087, 1043.5152797179908, 1012.0761312736024, 983.9926389615495, 908.3610291697478, 862.9630789435284, 801.7359644025584, 714.0647835236969, 664.444914343718, 645.4601870480129, 645.4601870480129, 645.4601870480129, 576.0021362869126], 
[2014.4717908326834, 2014.4717908326834, 1964.2614302769953, 1791.9772569689148, 1791.9772569689148, 1424.94400420081, 1424.94400420081, 1206.6164333984736, 1159.9246798262636, 1159.9246798262636, 1060.6952971894593, 940.0405237904788, 938.9776874837767, 935.1658893303768, 789.2893352364881, 772.8538146265043, 736.0771267361511, 685.5665166891475, 607.7016177260689, 607.7016177260689], 
[2099.8838662699445, 1919.2379476255826, 1919.2379476255826, 1685.4867856227484, 1619.588375174698, 1365.2212184837688, 1336.9609666769145, 1336.4762056663133, 1177.0302091770927, 1136.762781633355, 1046.7845336978714, 970.4450124017459, 970.4450124017459, 685.189811027284, 685.189811027284, 638.6299611223315, 638.6299611223315, 638.6299611223315, 577.3433128550294, 577.3433128550294], 
[2066.7217814388077, 2066.7217814388077, 1975.1902995389646, 1726.446551161218, 1561.7310305728784, 1491.901489310383, 1491.901489310383, 1483.5355969441746, 1260.8522372674854, 1135.191574518711, 1100.3153886586085, 1014.298930920964, 874.4469874324303, 835.5520032106685, 835.5400437916543, 744.51933580115, 684.2649015915836, 684.2649015915836, 674.1757691486016, 606.7237004671083], 
[2179.872600148693, 2174.116831670109, 2012.4240775816334, 1761.0478267981837, 1761.0478267981837, 1457.3613607365398, 1457.359555134554, 1339.527263333152, 1184.200944131418, 1182.9013002837244, 1028.2850116383875, 950.3271663893693, 950.3271663893693, 868.8425034573801, 755.7729800587599, 755.7729800587599, 702.2296192195363, 637.8873349647721, 615.3064459710012, 613.6956730197169], 
[2175.156917514469, 2053.2088920027454, 2010.2351211348207, 1919.7423227178633, 1514.4557128335716, 1364.7463389948946, 1364.7463389948946, 1338.7026113181819, 1186.7347836693025, 1145.5309679287511, 1143.1568245967824, 1003.3370867484177, 864.6135975647414, 864.6135975647414, 780.0711968152988, 780.0711968152988, 750.895086973258, 703.5729014379644, 694.0455918256124, 627.8802222715403], 
[2269.874286950555, 1972.0094272167066, 1694.5266705124016, 1694.5266705124016, 1614.60911055394, 1460.775941865299, 1447.5673265016196, 1390.283145015374, 1288.6378914656912, 1125.9289947330144, 1048.224569316459, 1004.613091978064, 830.8041698121426, 830.8041698121426, 751.2106226508711, 751.2106226508711, 751.2106226508711, 715.1475430099626, 701.8528183548816, 666.0118754263326], 
[1832.657022909319, 1832.657022909319, 1740.3765299596666, 1362.5047925813878, 1362.5047925813878, 1362.4984127952534, 1235.532073491907, 1009.0068043028373, 993.7180358246649, 993.7180358246649, 993.7180358246649, 853.3801249090734, 853.3801249090734, 803.3695875859789, 716.8893176855872, 636.6145658079706, 636.6145658079706, 629.4165910475745, 542.5454668792847, 542.5454668792847], 
[2193.472250932717, 1977.0402229578267, 1892.817524659308, 1829.995917400893, 1501.0020406715246, 1501.0020406715246, 1217.2956223249003, 1217.2956223249003, 1141.9606383882897, 1061.6112841292845, 1061.6112841292845, 930.9367300420375, 697.4306300962443, 697.4306300962443, 697.4306300962443, 697.4306300962443, 683.0402872589375, 677.0399425758089, 624.6280953978644, 554.7566357990686], 
[2061.7246520355666, 1914.0494466312884, 1914.0494466312884, 1668.7575953276892, 1668.7575953276892, 1644.571958022154, 1292.2046714766736, 1292.2046714766736, 1037.0848724155026, 1037.0848724155026, 1037.0848724155026, 1025.2168608069246, 866.2321012151497, 844.1218081078745, 837.992402633668, 710.174525780103, 595.2893556663512, 595.2893556663512, 595.2893556663512, 569.9586575609866], 
[2224.4569831902563, 1775.5944423882784, 1775.5944423882784, 1645.9666843742193, 1544.1183423850784, 1208.8111948287367, 1208.8111948287367, 1172.6818715113395, 1064.4777750008227, 973.7623221245822, 906.4782609203975, 848.9841442500126, 848.9841442500126, 840.9367252414729, 727.4848006387235, 715.0414091801733, 647.5585316545432, 647.5585316545432, 578.2722901754128, 551.4870052465727], 
[1863.4077142567185, 1863.4077142567185, 1766.5254712979697, 1766.5254712979697, 1659.7754468799558, 1659.7754468799558, 1311.2272777812009, 1287.8226237917154, 1091.2484365314908, 897.73737298475, 897.73737298475, 870.0467979938961, 811.0837931690895, 737.6342124908044, 735.8514617368521, 699.4642603251341, 654.0919899320186, 625.609153424784, 589.2623714964261, 575.9606381875745], 
[2196.005781961884, 2190.9902137845024, 1879.0778086005778, 1814.37664728463, 1468.9622649721496, 1418.3847029149742, 1248.8792630409027, 1155.8607320079434, 1130.0226033003235, 1028.2179306102792, 836.9844668522643, 836.9844668522643, 836.9844668522643, 836.9844668522643, 766.947956926948, 700.3829270955292, 700.3829270955292, 648.5204153378259, 625.8088147904916, 591.9563254730949], 
[2089.511039454073, 2089.511039454073, 2060.4826801534464, 1786.667443471473, 1474.9574570795317, 1474.9574570795317, 1380.7456629176095, 1135.6360608359232, 1135.6360608359232, 1135.6360608359232, 965.1705270416817, 965.1705270416817, 869.9638971775232, 857.8958754293373, 857.0295789160823, 738.9903929877054, 738.9903929877054, 636.2646305828432, 636.2646305828432, 626.5111566669682], 
[2302.6704237855965, 2038.8143673924249, 1616.5680660567027, 1616.5680660567027, 1336.4209457529955, 1336.4209457529955, 1318.653292360208, 1257.0287659042135, 1257.0287659042135, 1023.3657804490728, 1023.3657804490728, 934.7667303081175, 916.1368086458309, 826.2119262661809, 826.2119262661809, 765.5409772050809, 742.4801357163692, 651.2399371058494, 651.2399371058494, 604.8546866572743], 
[2134.7368252689394, 1945.0703744716486, 1631.6489205746525, 1483.926542225853, 1483.926542225853, 1451.8599091376093, 1210.2730990584578, 1209.1688274500243, 1196.9463598946472, 1045.779817559386, 964.703352799108, 891.6740324060164, 783.9445963909511, 711.8667722259144, 670.2085159760708, 670.0705634926827, 639.42027333308, 587.5035114500421, 587.5035114500421, 568.7093684816386], 
[1761.5180863195992, 1761.5180863195992, 1761.5180863195992, 1538.2450507364779, 1530.5405030269737, 1233.3883069472677, 1233.3883069472677, 1201.4764807538766, 1071.2391900684538, 1012.3464772126911, 949.7749301376487, 934.4543934695218, 836.0506696945761, 660.6808148971255, 633.5948484535539, 579.7690977158403, 574.4901958767271, 574.4901958767271, 560.4216128974517, 517.850269077236], 
[2226.578338631429, 1541.8777003530568, 1541.8777003530568, 1493.831317580319, 1469.7529037542583, 1469.7529037542583, 1245.119119360681, 1245.119119360681, 1154.5802646671646, 1084.4446131618556, 968.3807773373335, 949.5224910669464, 848.9080525878774, 796.5041040342858, 724.4160743002199, 724.4160743002199, 712.3893210543679, 629.8157383900783, 557.8452496583402, 541.2849220968535], 
[1933.2829429684773, 1933.2829429684773, 1933.2542411874997, 1679.5503914694423, 1679.5503914694423, 1537.5577104927274, 1497.5012384328745, 1293.5768992281046, 1142.5798492496629, 1142.5798492496629, 1065.1846644751063, 921.4747084842002, 840.2067678153246, 679.1500246676609, 679.1500246676609, 679.1500246676609, 660.7304375754644, 643.7346244182202, 633.4819771238699, 606.5305873828609], 
[2150.6531807806928, 2067.2907477523786, 1957.8993992221428, 1810.5809594773168, 1722.6630081756443, 1577.572911054509, 1438.932323457721, 1349.934518672662, 1264.4393981829455, 1003.5837196836655, 1003.5837196836655, 1003.5837196836655, 947.9716794414835, 839.2108393442652, 725.1253486558865, 656.1277854325359, 656.1277854325359, 656.1277854325359, 603.7411465127635, 563.5376680246402], 
[1869.4438154463369, 1869.4438154463369, 1855.5720177924482, 1803.039177499699, 1605.0228581874508, 1358.0213435665773, 1358.0213435665773, 1348.5789594984594, 1217.8058442250708, 1077.421091342733, 867.8412349589611, 867.8412349589611, 832.2066643451703, 746.2392346896808, 746.2392346896808, 746.2392346896808, 645.1350042932038, 645.1350042932038, 543.9362628062017, 543.9362628062017], 
[2255.389387528663, 2224.6724749405885, 2031.9784861998808, 1686.3296763329024, 1464.3415140236662, 1464.3415140236662, 1430.3514256201213, 1233.069399724133, 1231.4216501147987, 1113.6671506214998, 1072.420006424207, 872.0919211808094, 872.0919211808094, 794.7479914930407, 773.776245829371, 749.1310013605328, 680.2219571181529, 680.2219571181529, 591.3386911209238, 511.07828425036485], 
[2140.8647438718035, 2000.3746627855066, 2000.3746627855066, 1768.8580995298294, 1736.9803401924398, 1492.5696192713344, 1394.8920709478703, 1373.4143569608136, 1342.1865572262368, 1227.586092736493, 1093.73773997942, 970.5494954116455, 937.3955330178413, 891.372127370652, 891.372127370652, 829.063050529911, 773.1779957104912, 605.8223790075967, 605.8223790075967, 605.8223790075967], 
[2227.4513231129436, 1999.0151324923247, 1965.5052910869965, 1739.1576874088141, 1555.8148930483012, 1470.6900162593365, 1177.5022479781144, 1177.5022479781144, 1009.6528069196783, 1009.6528069196783, 820.9408870852133, 820.935807840924, 812.523827735452, 749.5432778199587, 749.5432778199587, 687.3778477915462, 687.3778477915462, 640.0391591240859, 550.8267869414601, 550.8267869414601], 
[2000.1767126115742, 1941.6613608135644, 1941.6613608135644, 1910.176416453901, 1591.402239123024, 1591.402239123024, 1541.4513758116814, 1369.2233266280546, 1288.4744694341553, 1238.3522537586086, 1052.7577775566388, 1034.2876086204717, 907.9052315185702, 907.9052315185702, 805.6911791078275, 635.056556627199, 635.056556627199, 635.056556627199, 635.056556627199, 611.7862336591334], 
[2267.161017799504, 2155.1388737378684, 1805.9223789838443, 1567.743702573764, 1341.8642541333925, 1341.8642541333925, 1262.800831775107, 1206.687692596587, 1056.736306769128, 1034.3672254510218, 940.2048321303387, 940.2048321303387, 912.0921686917115, 757.6466691217701, 747.0958307456973, 675.4423213267451, 646.8375233948977, 564.2713362832518, 513.5191400311219, 513.5191400311219], 
[2274.07282230723, 2252.418932400732, 1860.6472420420992, 1634.6255501183487, 1618.1602827798974, 1618.1602827798974, 1450.2148233934963, 1356.0728878388359, 1306.393953951817, 1180.6691850482862, 1067.8737744811685, 1045.7262919473383, 1007.3409538237345, 854.5519198082891, 762.919346322894, 762.919346322894, 735.5872908817869, 602.719652839606, 602.7176887032609, 540.0677854255061], 
[2247.3259919077277, 2109.770994339001, 1956.6161472139825, 1730.259123784996, 1604.8450457194676, 1604.8450457194676, 1470.5198196096949, 1185.6393264455894, 1185.6393264455894, 1129.1032854257232, 898.3674589570877, 898.3674589570877, 698.4355688945648, 698.4355688945648, 698.4355688945648, 663.9479866956469, 663.9479866956469, 653.4038018020626, 608.5837632935513, 575.919482748542], 
[2154.7341742894087, 1915.2594192770648, 1892.0861435703487, 1881.4759556961983, 1638.8571693264705, 1456.925611899679, 1406.4595346095357, 1121.7310600260212, 1118.7128520736976, 1118.7128520736976, 910.1092920260244, 888.6640153918859, 877.9348710584322, 862.1783388377082, 766.9967235358047, 730.9330974673932, 729.1691825520238, 715.8955252431165, 640.8934329190485, 563.4428947152464], 
[1995.6862792441736, 1995.6862792441736, 1854.879732558637, 1651.195183000948, 1519.303475110983, 1364.0597510131943, 1235.5522870318914, 1235.5522870318914, 1188.0295856947978, 1090.2633773945704, 896.4585305147583, 896.4585305147583, 860.9241714279349, 860.9241714279349, 672.8041664833983, 672.8041664833983, 672.8041664833983, 640.7190247519748, 607.5733065308682, 588.4037542177309], 
