[428.2693246390988, 422.0952345466088, 371.1004892486318, 357.3998821728848, 357.3998821728848, 343.445858281232, 339.42970051346265, 339.42970051346265, 335.1101408836101, 334.71144144870743, 323.3767957874518, 316.5181301361478, 316.5181301361478, 316.5181301361478, 316.5181301361478, 315.68033530320827, 315.68033530320827, 315.68033530320827, 306.19347644432236, 306.19347644432236], 
[411.1299596939516, 409.1364586799034, 371.9467407856526, 364.79917929127976, 349.51877282599065, 343.583953195178, 341.0978162909613, 330.5865861256216, 328.9453511662005, 322.0726054635812, 322.0726054635812, 321.9930068797943, 321.9930068797943, 317.4608820326106, 317.4608820326106, 317.4608820326106, 316.10102163940223, 314.1624844144272, 311.90312594500523, 311.87388953780925], 
[393.7642516885695, 369.228627980225, 369.228627980225, 361.680750558733, 357.2064615271835, 355.39335066545397, 344.3560052781881, 336.6317209189652, 330.9406506251516, 314.70997772392343, 314.70997772392343, 314.70997772392343, 314.48695132458727, 314.48695132458727, 314.4804485257431, 314.4769724942905, 314.4720683957228, 314.4245532559628, 307.11962057060623, 307.11962057060623], 
[436.944509752721, 359.1529908676851, 359.1529908676851, 359.1529908676851, 359.1529908676851, 352.5132461985817, 352.5132461985817, 339.1744113124756, 338.6578425608119, 334.4994727782183, 323.22143947146486, 323.22143947146486, 318.10636503830847, 317.92070319870584, 316.231667459356, 315.1806694320407, 311.7614009727801, 311.7614009727801, 310.4718619169063, 308.2732198518705], 
[406.12244018767205, 406.12244018767205, 402.4695513097863, 372.6920230831567, 359.56865313176786, 353.0668169883294, 348.23893382794364, 342.3488695390708, 336.5992194357487, 336.59506526795803, 327.0698172131084, 321.73967687716237, 321.31540000259156, 316.8030451294639, 316.8030451294639, 315.9873518232148, 313.83550283373216, 313.83550283373216, 313.83550283373216, 312.39566134068167], 
[417.7085082156127, 413.93106743888234, 387.4690345569021, 369.0434977751047, 365.3834501008921, 361.1158820312088, 348.67894501982903, 341.36135549050323, 332.4855947533706, 332.4855947533706, 330.15840528164824, 328.9059290642538, 321.2397785498807, 321.2397785498807, 320.87772762418336, 320.8277006959741, 316.046269190625, 311.3574653487563, 311.3574653487563, 311.3574653487563], 
[426.8997028793027, 410.21901493567765, 384.031311067372, 364.1633968554738, 364.1633968554738, 358.101881533113, 342.6584071510915, 329.77002745517643, 320.27048674507785, 320.27048674507785, 320.27048674507785, 320.27048674507785, 319.87214645888196, 319.75790865826093, 313.11308392216023, 313.11308392216023, 313.11308392216023, 313.11308392216023, 313.11308392216023, 313.11308392216023], 
[389.2283637423982, 389.2283637423982, 383.14864695264396, 377.75685128557865, 354.40670759311854, 348.3456606707107, 348.3456606707107, 348.3456606707107, 335.12961477647167, 335.12961477647167, 326.75384942450404, 322.65217611825557, 316.9035334582916, 316.9035334582916, 310.01321977112497, 310.01321977112497, 310.01321977112497, 310.01321977112497, 310.01321977112497, 307.05211267108734], 
[393.20776066272214, 386.7811221991631, 375.94904981663393, 375.94904981663393, 372.53577902961507, 344.1038832084059, 344.1038832084059, 332.4923327519772, 332.4923327519772, 332.4923327519772, 331.6395823397066, 330.2171295113042, 324.16545165927846, 309.09562060405005, 308.59002468825594, 306.9452217275195, 306.9452217275195, 306.9452217275195, 306.9452217275195, 306.9452217275195], 
[408.16579510856945, 369.7640664657163, 369.7640664657163, 360.6751777765892, 360.6751777765892, 350.94434918802904, 326.6554178141899, 326.6554178141899, 326.6554178141899, 320.5554099785802, 320.1753016990999, 320.1234068327583, 318.72557344741796, 318.72557344741796, 318.72557344741796, 316.52040562455954, 315.991728265955, 308.4633709403845, 308.4633709403845, 302.2315300394325], 
[403.72952072124673, 390.9634399543717, 388.48005187299646, 361.2592802335183, 361.2592802335183, 351.15160116096655, 349.503997421561, 342.8617302668291, 332.808001177796, 331.17843950085324, 330.55353486792075, 330.55353486792075, 328.4887049705633, 315.75967591932334, 315.75967591932334, 315.75967591932334, 315.75967591932334, 313.32458913528285, 313.32458913528285, 313.32458913528285], 
[430.07042595900623, 375.79332670926686, 363.76002457166953, 363.4774243205366, 340.2019719612435, 340.2019719612435, 337.3080506927333, 324.5512763731825, 324.5512763731825, 324.5512763731825, 324.5512763731825, 324.5512763731825, 319.46303507089254, 319.25179978779465, 315.14080339536906, 307.28729994197045, 307.28729994197045, 307.28729994197045, 307.28729994197045, 304.4375956586336], 
[415.7362362315302, 380.1835915088128, 369.51782220596937, 357.0519670536548, 357.0519670536548, 352.00337790508775, 344.86213285616407, 336.1973629209151, 333.79499139238914, 330.4132789816459, 330.4132789816459, 313.32474135548097, 312.8594416436265, 305.8414967344496, 305.8414967344496, 305.8414967344496, 305.8414967344496, 305.8414967344496, 305.8414967344496, 305.83980305660884], 
[383.5266749995081, 383.5266749995081, 375.88995478102805, 360.8906247401336, 360.8906247401336, 345.98508399874737, 344.596736372885, 336.0418226086275, 332.5881305816107, 327.6915868399735, 327.6915868399735, 324.26561060504247, 315.91982124263126, 315.91982124263126, 314.0164792528088, 314.0164792528088, 313.2184133334132, 308.76199947662224, 308.74549501695924, 308.74549501695924], 
[376.61700993497993, 376.61700993497993, 376.61700993497993, 345.28349734415434, 345.28349734415434, 345.28349734415434, 345.28349734415434, 341.8479088863201, 341.8192317462665, 339.44858422181017, 328.13417819404253, 328.13417819404253, 327.7906086017227, 321.1368048979457, 320.4322113944073, 320.4322113944073, 320.4322113944073, 319.2697299661826, 317.6197216448299, 317.6197216448299], 
[375.72848586860266, 375.72848586860266, 375.72848586860266, 362.85616370231025, 356.0585356652586, 348.74623621350867, 348.74623621350867, 343.4583304605517, 328.1490676318806, 328.1443876378493, 319.5044934043518, 319.5044934043518, 319.5044934043518, 317.692245826153, 317.692245826153, 315.58836393181497, 313.0519492400425, 313.0519492400425, 313.0519492400425, 312.410789979538], 
[400.25070666548646, 393.40443100828594, 393.40443100828594, 368.14906503558893, 354.33356370834065, 354.33356370834065, 344.18774263002075, 337.81611803544666, 336.3700959341277, 311.6078976608185, 310.3236054752217, 310.3236054752217, 310.3236054752217, 310.31876915368747, 310.31876915368747, 310.31303779213016, 309.64858891027757, 309.64858891027757, 309.64858891027757, 309.64858891027757], 
[461.62502478435147, 362.8483817674927, 362.8483817674927, 362.8483817674927, 354.1929823944754, 354.1929823944754, 354.1929823944754, 340.89820247640216, 340.8981214340316, 340.89633250779445, 338.00670764834507, 328.1172315372694, 321.67281072486173, 316.94267792857033, 316.0257410693773, 316.0257410693773, 316.0219763845461, 305.541015185189, 305.541015185189, 305.36541176247005], 
[402.7158527212553, 374.43273018348, 374.43273018348, 371.1323101179478, 353.2021634769493, 347.3076052759226, 345.447412383832, 342.30002655144256, 333.3422063837893, 332.97822950741346, 307.92678624603224, 307.92678624603224, 307.92678624603224, 307.92678624603224, 307.01452284587117, 307.01452284587117, 307.01452284587117, 307.01452284587117, 307.01452284587117, 307.01452284587117], 
[399.1868310675196, 398.9244689331804, 360.24400120640684, 344.4559085579988, 344.4559085579988, 344.4559085579988, 336.1549844034657, 336.1549844034657, 333.20087882252244, 327.6642734936708, 324.3425556429648, 324.3425556429648, 321.39848940710283, 321.33226032334346, 320.97796293365656, 313.45646455656106, 310.4957251755794, 310.4957251755794, 310.4957251755794, 310.4957251755794], 
[411.73937768914874, 404.314884890155, 392.84315363371456, 379.2960616724222, 367.12985144895845, 344.96807548288865, 342.2525153150625, 338.3777222850079, 331.1380488821377, 331.1380488821377, 323.1923204885782, 323.1923204885782, 323.1923204885782, 322.4428685550293, 318.54018426188696, 317.0806318663516, 311.2910997344904, 310.8822096219009, 310.87247030220664, 310.7393323353284], 
[396.62895300523684, 375.6916379922617, 375.6916379922617, 361.6956312192193, 349.9402720181586, 343.7250276988735, 343.7250276988735, 320.2045355473726, 320.2045355473726, 320.2045355473726, 320.2045355473726, 320.2045355473726, 320.2045355473726, 320.2045355473726, 320.2045355473726, 320.10576853033166, 320.10576853033166, 300.44633874519155, 300.44633874519155, 300.44633874519155], 
[386.2657539438544, 386.2657539438544, 386.2657539438544, 363.40672677526163, 363.40672677526163, 362.6008030178417, 340.8212175424779, 340.8212175424779, 328.76047356734927, 328.76047356734927, 327.5024448912476, 326.69898283849585, 326.2917740244925, 324.1411224965231, 322.91476785602805, 322.14971976718795, 320.1468292885138, 315.97095027414275, 315.97095027414275, 315.97095027414275], 
[410.6373694840348, 396.6125325000287, 394.98898859267547, 367.7652318523499, 367.7652318523499, 350.98771521213814, 350.1160367916542, 339.8605475685493, 334.3921417437474, 334.3921417437474, 328.6819592283427, 323.96308647949644, 313.520999095958, 313.520999095958, 313.520999095958, 313.520999095958, 312.95174022165634, 312.70390454128056, 312.70390454128056, 306.4718201072556], 
[419.02389064338564, 399.8818996246032, 396.54137760257817, 377.4011312554133, 377.4011312554133, 337.2457810014008, 337.1853568858308, 336.9853099229943, 336.5905803476262, 336.1744660036265, 336.1744660036265, 326.18032250754175, 326.18032250754175, 318.1682191731886, 318.1682191731886, 316.5719616294994, 303.72693366911824, 303.72693366911824, 303.72693366911824, 303.1312055180254], 
[469.6735260790765, 418.2270770270332, 391.7427579371065, 382.96158567786455, 369.9060192444888, 353.02596882960034, 346.52633495542244, 343.2444222450443, 336.4868244152512, 325.76336699425065, 324.7586088998921, 322.8740523169493, 322.8740523169493, 322.85757699684416, 322.85757699684416, 317.4614813307506, 314.200328736603, 314.200328736603, 314.2001633978259, 306.31931346939155], 
[448.02685647883277, 389.73094476964985, 380.3430797505415, 377.09667326113, 353.407628024371, 347.76124020490806, 347.76124020490806, 344.9073373443466, 330.6154132889594, 330.57727263630284, 319.06932562823704, 319.06932562823704, 318.93409911427665, 318.93409911427665, 318.93409911427665, 310.4790016581955, 310.4790016581955, 310.4790016581955, 310.4790016581955, 310.4790016581955], 
[468.5447819318616, 427.2241447171606, 408.3232026495636, 396.4882685335591, 362.5192766194185, 341.47337678751944, 341.47337678751944, 339.4634367530553, 339.4634367530553, 329.35303033859446, 329.35303033859446, 326.41798856464885, 325.0125723841843, 321.7522849134591, 321.75189772076345, 321.75189772076345, 320.1202513163993, 313.59032976762796, 313.59032976762796, 309.1772317203599], 
[464.816604463392, 400.57071999347477, 370.11040055815863, 361.1144107353923, 339.0738388373215, 339.0567639379585, 339.0567639379585, 339.0567639379585, 333.9091510989604, 327.1173921561325, 327.1173921561325, 327.1173921561325, 315.02054890429775, 315.02054890429775, 315.02054890429775, 315.02054890429775, 315.02054890429775, 309.3269839541991, 308.70150498142687, 308.70150498142687], 
[484.384590400992, 451.83519811079566, 378.9778437188824, 377.1541862438138, 372.9873723467304, 353.24655537752426, 340.14863823556635, 338.4993299593028, 327.1304569620549, 327.1304569620549, 326.80950582410577, 326.62805328227375, 323.71877538685914, 308.562005282694, 308.562005282694, 308.562005282694, 308.562005282694, 308.562005282694, 308.562005282694, 302.9191962415422], 
