[1576.5417389093557, 1576.5417389093557, 1469.8622926872586, 1469.8622926872586, 1469.8622926872586, 1469.8622926872586, 1469.8622926872586, 1466.9956348443552, 1466.9956348443552, 1466.9956348443552, 1452.4228574623207, 1452.4228574623207, 1450.6744710013713, 1450.6646198273386, 1450.6646198273386, 1450.6646198273386, 1391.0122894010358, 1391.0122894010358, 1391.0122894010358, 1391.0122894010358], 
[1734.3830223517311, 1662.484774750276, 1520.4213912642495, 1520.4213912642495, 1520.4056631153246, 1520.4056631153246, 1520.4056631153246, 1520.4056631153246, 1477.8067121167383, 1451.4695962956112, 1451.4672310550934, 1429.3988963640265, 1429.3988963640265, 1385.4387529095509, 1385.4387529095509, 1372.9991436118958, 1367.865579289158, 1312.5053508370104, 1312.5053508370104, 1312.5053508370104], 
[1723.499166376789, 1683.3332254286754, 1678.953053971052, 1613.3147820854956, 1526.9067834032385, 1526.9067834032385, 1526.79591035289, 1454.8606312985298, 1454.8606312985298, 1448.035174424861, 1448.035174424861, 1448.035174424861, 1448.0318488639373, 1441.6388557394253, 1417.51225689604, 1417.51225689604, 1417.51225689604, 1417.51225689604, 1402.0158208892826, 1402.0158208892826], 
[1652.9986633694893, 1590.5125902842415, 1545.712825505896, 1545.712825505896, 1545.712825505896, 1480.996549924806, 1413.8121039478162, 1413.8121039478162, 1413.8121039478162, 1413.8121039478162, 1413.8121039478162, 1413.8121039478162, 1390.976617113016, 1390.976617113016, 1346.7690029539808, 1346.7690029539808, 1346.7690029539808, 1346.7690029539808, 1346.7690029539808, 1346.7690029539808], 
[1790.9224989610007, 1594.7691820389684, 1594.7691820389684, 1594.7691820389684, 1590.8003437910338, 1477.6074031496264, 1477.6074031496264, 1477.5998518877714, 1477.5829550504134, 1460.1122236235872, 1460.1122236235872, 1330.5234775139422, 1330.5234775139422, 1330.5234775139422, 1330.5234775139422, 1330.5234775139422, 1330.5234775139422, 1330.5234775139422, 1330.5234775139422, 1330.5234775139422], 
[1745.097175518232, 1545.8570744915196, 1533.4846134360255, 1494.0967752633094, 1491.3083213900352, 1491.3083213900352, 1491.3083213900352, 1399.1868473942036, 1399.1868473942036, 1399.1868473942036, 1399.1868473942036, 1399.1868473942036, 1399.1868473942036, 1399.1868473942036, 1399.1868473942036, 1399.1868473942036, 1399.1868473942036, 1354.285089525642, 1354.285089525642, 1325.5821815823701], 
[1689.8735209841934, 1559.8537535722303, 1559.8537535722303, 1559.8537535722303, 1559.8537535722303, 1559.8537535722303, 1402.2241285844102, 1402.2241285844102, 1402.2241285844102, 1335.931727474658, 1334.3266747699377, 1286.9568208643113, 1277.8165894940737, 1277.8165894940737, 1277.8165894940737, 1277.8165894940737, 1277.8165894940737, 1277.678838035469, 1273.4228410061423, 1273.4228410061423], 
[1656.736357449395, 1595.916202439531, 1595.916202439531, 1590.4877085001149, 1512.5071144594262, 1491.1303914081245, 1453.7484870102082, 1453.7484870102082, 1453.7484870102082, 1453.7484870102082, 1421.4613248373773, 1417.9796189851068, 1417.9796189851068, 1417.9796189851068, 1384.6605980954607, 1384.6605980954607, 1384.6605980954607, 1384.6605980954607, 1384.6605980954607, 1384.6605980954607], 
[1480.46793694784, 1474.635888927579, 1474.635888927579, 1474.635888927579, 1474.635888927579, 1474.635888927579, 1474.635888927579, 1474.635888927579, 1458.7741335730123, 1458.7741335730123, 1395.349978941101, 1395.349978941101, 1395.349978941101, 1394.7474591538764, 1382.3043062964941, 1382.3043062964941, 1380.7258294019998, 1380.5710601097107, 1380.5710601097107, 1380.5710601097107], 
[1729.336428618414, 1658.850598228262, 1658.850598228262, 1596.6414029098407, 1522.1287805573243, 1476.2692811544835, 1440.7541011554324, 1440.7541011554324, 1440.7541011554324, 1440.7541011554324, 1435.9823760923516, 1435.9823760923516, 1435.9823760923516, 1435.9823760923516, 1435.9823760923516, 1435.9823760923516, 1435.8816810301225, 1414.1084576544638, 1414.1084576544638, 1414.1084576544638], 
[1620.9277844795058, 1620.9277844795058, 1620.9277844795058, 1620.2293028459399, 1542.3190093542296, 1411.4913583246514, 1411.4913583246514, 1411.4327376347146, 1411.3965488160848, 1411.3965488160848, 1374.1485551846706, 1374.1485551846706, 1374.1485551846706, 1374.1485551846706, 1374.1485551846706, 1374.1485551846706, 1374.1485551846706, 1355.9760048630444, 1355.9760048630444, 1355.9760048630444], 
[1715.7960782718942, 1526.8678978575665, 1526.8678978575665, 1526.8678978575665, 1517.7819955214018, 1492.4164829940123, 1492.4164829940123, 1476.2543805817802, 1476.2543805817802, 1456.27780499778, 1455.5724536025673, 1455.5724536025673, 1392.5996544326838, 1387.1178111811637, 1387.1178111811637, 1387.1178111811637, 1387.1178111811637, 1387.1178111811637, 1387.1178111811637, 1387.1178111811637], 
[1647.6399139572861, 1647.6399139572861, 1561.3080845154448, 1561.3080845154448, 1561.3080845154448, 1508.6482947127624, 1508.6482947127624, 1508.6245198323247, 1464.7167924103744, 1367.5695873224, 1367.5695873224, 1367.5695873224, 1367.5695873224, 1363.8730460521183, 1363.8730460521183, 1363.8730460521183, 1363.8730460521183, 1363.8730460521183, 1363.8730460521183, 1363.8730460521183], 
[1646.8251880526432, 1633.7925251091349, 1580.2658154250817, 1476.5125355785517, 1476.5125355785517, 1476.5125355785517, 1476.5125355785517, 1476.5125355785517, 1466.0428975027962, 1466.0428975027962, 1466.0428975027962, 1445.1085189676216, 1445.1085189676216, 1445.1085189676216, 1402.3695577437297, 1402.3695577437297, 1402.327679510224, 1402.1579631354657, 1396.1953303407706, 1396.1953303407706], 
[1731.4329626756644, 1702.7570087950771, 1572.790758796813, 1572.6520480839526, 1561.4048577045305, 1550.6310921894747, 1506.0449935273114, 1435.1135324878007, 1435.1135324878007, 1435.0784349178955, 1435.0784349178955, 1435.0784349178955, 1435.0784349178955, 1435.0784349178955, 1435.0784349178955, 1428.8963753992819, 1428.8963753992819, 1369.8255302179255, 1369.8255302179255, 1358.27831224737], 
[1684.08481324577, 1591.832521701824, 1576.0540865965972, 1575.150428518354, 1480.7900276202101, 1480.7900276202101, 1479.638298823465, 1454.7595735937105, 1451.9310387650485, 1418.9241298866657, 1418.9241298866657, 1418.9241298866657, 1418.9241298866657, 1418.9241298866657, 1334.9235184507836, 1334.9235184507836, 1334.9235184507836, 1334.9235184507836, 1334.9235184507836, 1334.9235184507836], 
[1694.4104283450465, 1630.350341526374, 1608.9410497707377, 1586.6990416634808, 1561.0435438997497, 1472.5370058198848, 1472.5370058198848, 1472.5370058198848, 1406.1879754171227, 1406.1879754171227, 1406.1879754171227, 1403.5043888925509, 1403.5043888925509, 1391.1754101977388, 1391.1754101977388, 1391.1754101977388, 1391.1754101977388, 1391.1754101977388, 1391.1754101977388, 1391.127090034397], 
[1653.657429740247, 1653.657429740247, 1652.4427591984, 1556.8483842155515, 1440.9926640231758, 1440.9926640231758, 1440.7539432081526, 1419.7879317396062, 1419.7879317396062, 1419.7879317396062, 1419.7879317396062, 1314.0802349218532, 1314.0802349218532, 1314.0802349218532, 1267.6138812456352, 1258.2244387894493, 1258.2244387894493, 1258.2244387894493, 1258.2244387894493, 1258.2244387894493], 
[1706.926173739364, 1653.9670808083483, 1584.7217303194498, 1565.3036470059437, 1551.2812105857727, 1551.2812105857727, 1496.2756529208696, 1486.3260261197056, 1485.7656553064276, 1452.115625734983, 1416.7797897669154, 1416.7797897669154, 1416.7797897669154, 1416.7797897669154, 1411.2654502798418, 1411.2654502798418, 1394.4563314362122, 1394.4563314362122, 1392.808416225015, 1392.808416225015], 
[1684.0941725537564, 1643.6996534940265, 1558.3885654379899, 1558.3885654379899, 1538.7446885496586, 1506.4942559889917, 1483.9998536702833, 1438.5315762826267, 1438.5315762826267, 1438.5315762826267, 1430.5314946392734, 1430.5314946392734, 1430.5309867565684, 1420.1725796237029, 1420.1725796237029, 1420.1725796237029, 1420.1725796237029, 1420.1725796237029, 1420.1725796237029, 1420.1725796237029], 
[1579.1142952966666, 1579.1142952966666, 1579.1142952966666, 1579.1142952966666, 1478.5709667159833, 1478.5709667159833, 1433.4593565212579, 1415.7280478363084, 1409.5726063431223, 1409.5726063431223, 1409.5726063431223, 1375.0012838813861, 1294.708595325634, 1294.708595325634, 1294.708595325634, 1294.708595325634, 1294.708595325634, 1294.708595325634, 1294.708595325634, 1294.708595325634], 
[1653.296822699187, 1653.296822699187, 1623.7941312333414, 1535.8964804746518, 1517.862312713643, 1517.862312713643, 1517.3727584888209, 1471.466766799147, 1438.4112097754032, 1419.3824375659678, 1397.5470546950125, 1397.5470546950125, 1397.5470546950125, 1397.5470546950125, 1397.5470546950125, 1397.5470546950125, 1382.9471574332745, 1382.9373848205444, 1382.9351856125772, 1382.9351856125772], 
[1481.8515373703638, 1481.8515373703638, 1481.8515373703638, 1481.8515373703638, 1481.8515373703638, 1481.5083861415944, 1481.5083861415944, 1376.5326248899712, 1376.5326248899712, 1288.381194850084, 1288.381194850084, 1288.381194850084, 1288.381194850084, 1288.0158409618132, 1288.0158409618132, 1288.0158409618132, 1282.0099231506765, 1282.0099231506765, 1282.0099231506765, 1282.0099231506765], 
[1709.030861889668, 1709.030861889668, 1612.5397584801874, 1530.846664040624, 1530.846664040624, 1511.5867333111241, 1487.0851854931063, 1462.9590036780644, 1436.590675290706, 1428.840507991839, 1428.840507991839, 1409.299376164241, 1390.311652051583, 1390.311652051583, 1390.311652051583, 1390.311652051583, 1390.311652051583, 1342.3200921465368, 1342.3200921465368, 1342.3200921465368], 
[1732.8487866314897, 1636.7155159287524, 1537.9494052112639, 1537.9494052112639, 1501.0733327597582, 1490.0629450869912, 1459.7534412811553, 1459.7534412811553, 1452.9142763908878, 1452.9142763908878, 1452.9142763908878, 1452.9142763908878, 1452.9142763908878, 1442.9565814528282, 1442.9565814528282, 1362.6052849177279, 1362.6052849177279, 1362.6052849177279, 1362.473660221801, 1362.473660221801], 
[1683.5534201722114, 1607.230586718529, 1607.230586718529, 1607.1938507932234, 1516.2173850664774, 1516.2173850664774, 1502.4092401620237, 1468.8574700931042, 1468.8574700931042, 1468.8574700931042, 1468.8574700931042, 1457.8620803521446, 1410.7225074785379, 1405.2296767216046, 1398.508750612956, 1398.4714716701335, 1398.4714716701335, 1366.243382408746, 1366.243382408746, 1366.243382408746], 
[1658.0261228982731, 1658.0261228982731, 1559.9581826302851, 1517.3551753660252, 1489.1216183797235, 1462.3968138959676, 1462.3968138959676, 1462.3968138959676, 1462.3968138959676, 1403.0686699022147, 1403.0686699022147, 1403.0686699022147, 1403.0686699022147, 1403.0686699022147, 1369.3195221248006, 1369.3195221248006, 1347.9552609212597, 1347.9552609212597, 1347.9552609212597, 1347.9552609212597], 
[1660.475434580074, 1660.475434580074, 1621.9241226594297, 1575.6510083918317, 1493.1553744131227, 1493.1553744131227, 1456.1377414225133, 1456.1377414225133, 1456.1377414225133, 1455.4986655723746, 1428.478996562345, 1428.478996562345, 1388.0193888009114, 1388.0193888009114, 1371.2444707250243, 1342.717438606686, 1342.717438606686, 1342.717438606686, 1324.3459847877593, 1324.224981128474], 
[1718.9975078892169, 1639.0827188221472, 1578.6472378044894, 1578.6472378044894, 1503.2057465320786, 1401.0074734396587, 1346.8609759933722, 1346.8609759933722, 1346.8609759933722, 1346.8609759933722, 1346.7343925809678, 1346.7343925809678, 1346.7343925809678, 1346.7343925809678, 1346.7343925809678, 1346.7343925809678, 1346.7343925809678, 1346.6970260504147, 1343.4486016402432, 1343.422912533286], 
[1655.2331113016119, 1540.6305819762906, 1540.6305819762906, 1512.7714303682283, 1512.756337183967, 1512.756337183967, 1512.7274670210168, 1512.7274670210168, 1388.6068746397195, 1388.604171777868, 1388.604171777868, 1388.604171777868, 1388.604171777868, 1334.6313715885844, 1334.6313715885844, 1334.6313715885844, 1330.1944691090969, 1330.1944691090969, 1330.1944691090969, 1330.1944691090969], 
