[14442.438394520577, 14442.438393526862, 14442.438393526862, 14442.438393526862, 14442.438393526862, 14442.438393526862, 12375.142630367389, 12375.142630367389, 8488.913472026685, 8475.158304471839, 8402.519959704101, 7015.9980329586115, 7015.9980329586115, 5334.785165270458, 5141.070102665173, 4908.454048072344, 4855.84753640187, 4046.357985640296, 2618.9861921146135, 2618.985384777466], 
[18428.385721735856, 18428.385721735856, 13489.511788237956, 13358.412291969897, 13358.412291969897, 10032.302623293686, 10032.302623293686, 7771.881745377389, 6846.172347750592, 4857.248494084867, 4857.04896724124, 4857.04896724124, 3935.0062252754637, 3935.0062252754637, 3927.867512458662, 3927.867512458662, 3198.6726666997265, 3198.6726666997265, 3136.057884452375, 2082.5023990803293], 
[27341.11712135833, 23629.292459728287, 22038.69227357574, 22038.69227357574, 22038.69227357574, 18635.06139335561, 12913.777904242103, 12911.950940744919, 12856.448253491413, 9938.88990147084, 9938.88990147084, 9050.348186815732, 8467.237003393839, 7918.830461021654, 5038.026456706114, 4068.469450587978, 4068.469450587978, 4068.469450587978, 4068.469450587978, 3141.524309791201], 
[29320.155053825194, 24323.96387497491, 24323.96387497491, 24323.95066618408, 16430.252325851936, 12494.52675981164, 12494.52675981164, 12146.798127986907, 11842.262252953908, 9238.716202397349, 7193.858966780475, 7193.858966780475, 7193.798143457089, 6813.178628750396, 4582.021849600956, 4274.672236843862, 4274.672236843862, 4274.672236843862, 3641.2700637403204, 3264.1958496270904], 
[27897.219192762812, 25800.09605273821, 19998.064785900515, 15660.252458347208, 15660.252458347208, 9903.111360404138, 9903.111360404138, 9882.44670404774, 9882.44670404774, 9882.44670404774, 7584.018142121267, 4650.2622826665, 4650.2622826665, 4650.2622826665, 4286.361869064199, 4285.977321811859, 3080.384647936856, 3080.384647936856, 2928.1073781021905, 2499.2626053351582], 
[34691.871566436064, 34483.252347429894, 26497.760855533943, 16555.49733856274, 16555.274685431763, 15665.299420884527, 8680.02956726623, 8002.5718694578245, 6967.73298046801, 6608.93422927546, 6608.93422927546, 6608.93422927546, 6231.155386684406, 4297.923922376836, 4297.923922376836, 4297.923922376836, 3999.436416132917, 3999.436416132917, 3507.747011494964, 3264.0114925599464], 
[24279.791818956026, 20002.2133026678, 20002.2133026678, 20002.2133026678, 19963.559218774648, 10760.859515577777, 10760.859515577777, 9669.810001091726, 9101.740802875362, 8536.262320723727, 6354.081177060626, 6354.081177060626, 6043.842254460189, 5464.748537510528, 4964.3772560774905, 4964.3772560774905, 4964.3772560774905, 4929.1722032092075, 4646.6549827086155, 4238.51931531305], 
[16292.957368637473, 16219.437705965729, 16214.194503214334, 14987.70568476985, 14987.70568476985, 14987.70568476985, 11495.304044335684, 10484.048555926336, 7256.941514980436, 6594.786209338458, 6594.786209338458, 5812.0674663449945, 3006.409560933802, 3006.4093134843383, 3006.40928546734, 2667.0239109080053, 2667.0239109080053, 2667.0239109080053, 2665.619523496661, 2366.766645761557], 
[32505.09781095643, 25469.78228984799, 25434.14947759897, 14680.445484648124, 14578.56249398435, 10385.880987428354, 10385.880987428354, 7622.660553122734, 7512.763268484485, 7511.954128487605, 7394.100134294702, 5560.816580760094, 4129.828210945166, 3586.230402826908, 2766.811678838931, 2766.811678838931, 2009.052640393455, 2009.052640393455, 2009.052640393455, 2009.052640393455], 
[36614.17194818735, 31670.735782193693, 28436.774270260597, 23745.045903426788, 22996.08506674962, 17646.3861291375, 13575.85804968116, 13441.91230065274, 9621.402905973735, 9618.563022778995, 8729.608499003989, 6587.218805152237, 6587.218805152237, 5735.826952624455, 4639.631813815892, 4639.631813815892, 3101.732938134456, 3101.732938134456, 2933.334320633246, 2933.334318180505], 
[29025.165239591697, 29025.164811572715, 25698.82958973166, 24443.869291450912, 10959.51529217018, 10959.515231277657, 10817.39678987776, 9165.609629086845, 9165.609629086845, 8222.194257236944, 8222.194257236944, 7320.844106257514, 6269.005176916725, 5028.82710858242, 5028.82710858242, 4500.514982850443, 4500.514982850443, 4124.075868944538, 3971.227078852744, 3763.4885976485857], 
[26292.71463600996, 17926.977038897494, 17926.977038897494, 17181.573326109705, 16657.376955297674, 12310.609644405553, 12310.609644405553, 12310.609644405553, 12195.769756510146, 9099.172932100173, 7827.567502023696, 7128.078085823147, 2860.4255155099636, 2860.4255155099636, 2860.4255155099636, 2860.419307534491, 2311.447018675631, 2311.447018675631, 2310.674888948971, 2310.674888948971], 
