[9915.656204622655, 9047.02483945886, 9039.153206667548, 8563.48051053183, 5389.626061334707, 5389.626061334707, 4792.110634785861, 2381.3463003008123, 2381.3463003008123, 2381.3463003008123, 1307.1695474706655, 1307.1695474706655, 1307.1695474706655, 1281.2794799837857, 1281.2794799837857, 1027.5718123885385, 1027.5718123885385, 685.0569607821817, 564.0455629271452, 564.0455629271452], 
[11777.439914483579, 10792.08863901976, 9207.451959267431, 7728.99756537241, 7728.99756537241, 5068.129691756176, 3019.5936969077998, 3019.5936969077998, 2613.650997279085, 2223.015086514386, 1875.2383772187093, 1875.2383772187093, 1389.6298809436043, 1208.7156725271075, 1208.7156725271075, 1208.7156725271075, 1208.7156725271075, 1114.0349842484034, 1082.7520173097603, 806.5762673327739], 
[8210.845405527993, 8210.845405527993, 7947.581264772413, 6172.026829410283, 5851.9724150598295, 5851.9724150598295, 4037.4378098272705, 3818.809472222228, 2823.1646130154704, 2823.1646130154704, 2802.8534520784647, 2302.1610294224224, 1808.4118266139335, 1661.3294196215622, 1661.3294196215622, 1373.6095585796324, 1031.8457842187681, 1031.8457842187681, 851.6849736700822, 851.6849736700822], 
[12182.15904974284, 9940.378916185296, 8953.160476216573, 7594.381306486415, 5521.254809231021, 4787.643683189686, 4254.896858033538, 3925.04338212872, 3267.8091056075955, 2485.5381723854675, 1814.9455728464386, 1726.5953000994225, 1421.4139990698432, 1393.9364647443751, 800.2228796092642, 800.2228796092642, 800.2228796092642, 620.7328477809841, 610.498869907778, 610.498869907778], 
[12290.55454729589, 10079.22651076936, 7366.299405876061, 5982.571789709313, 5982.5691462746845, 4688.97525797036, 4688.97525797036, 3745.694726650963, 3138.024049335179, 2420.1262258681063, 2148.4810407329132, 2147.748472288047, 2147.748472288047, 1498.165786406394, 1378.2766030259243, 1307.6899800111555, 1095.7381451729402, 887.2559466284615, 735.4289402228185, 733.4788781235518], 
[14788.365134435466, 12294.09517643977, 8425.365934308827, 6808.887158354443, 6808.887158354443, 6534.302149235071, 5419.203048324116, 4843.450324977525, 3183.8309555020733, 2381.8612464839707, 1863.4899249480077, 1863.4899249480077, 1863.4899249480077, 1415.9075414396211, 1223.567783101366, 1223.567783101366, 1077.782732498535, 917.6499554405772, 917.6499554405772, 600.2038545742289], 
[10821.892091638327, 10821.892091638327, 8774.12838736207, 8712.508859182019, 5956.849198148355, 5418.858956582379, 4706.401942451663, 3784.406250643259, 2856.1828880155977, 2060.3017819210936, 2060.3017819210936, 2060.3017819210936, 1365.4769888957921, 1365.4769888957921, 1365.4769888957921, 1311.4320092014334, 821.0157304004748, 821.0157304004748, 821.0157304004748, 728.657024022599], 
[14142.07261321943, 12311.049548858091, 9511.70390761552, 8881.16646182536, 4986.463302708591, 4986.463302708591, 4881.513563536058, 4348.22998083833, 2890.767239968133, 2890.767239968133, 2814.993832994415, 1915.9426482487956, 1915.9426482487956, 1350.0193463204719, 1160.1271091010615, 1060.8904786224884, 956.6149362908071, 956.6149362908071, 956.6149362908071, 758.1516347011623], 
[13355.724567966314, 10398.61750236435, 7709.485866221275, 6986.601507649415, 5047.261278605268, 4371.2702839556905, 3746.6725217674666, 3746.6725217674666, 2793.6063017343913, 2329.5885207820174, 2329.5885207820174, 1402.935031707363, 1317.33351677574, 1317.33351677574, 1164.6017579794268, 851.3574540534476, 784.3335696602874, 770.7814892214922, 731.1483461748693, 604.6473425973246], 
[10409.529828056411, 10408.435664041503, 8939.801201439313, 8939.801201439313, 7386.648947730059, 4405.514312981131, 3110.0828873758164, 2964.165457804808, 2606.703303103336, 2606.703303103336, 2412.6984665120535, 1973.330455768418, 1973.330455768418, 1556.623947732271, 1400.7484443967176, 1400.7464625667196, 1088.6648230411931, 1088.6648230411931, 721.3283394036973, 721.3283394036973], 
