[230989.3034735761, 230989.3034735761, 223250.9238294562, 42331.95788744432, 37355.66829232804, 2684.769984435392, 2684.769984435392, 789.7863889509567, 570.6185147817441, 343.7108764590485, 343.7108764590485, 343.70929507218517, 343.70929507218517, 343.70929507218517, 343.70929507218517, 343.70929507218517, 343.70929507218517, 288.1125008245619, 288.1125008245619, 280.16134544426], 
[55595.8372795899, 55595.8372795899, 20014.252464643527, 20013.78162057751, 6097.230591468713, 2390.6238583833315, 2165.950814640155, 1195.9456485207431, 1195.9456485207431, 1195.9456485207431, 211.08479511232719, 211.08479511232719, 211.08479511232719, 211.08479511232719, 211.08479511232719, 211.08479511232719, 211.08479511232719, 204.61538484675768, 204.61538484675768, 204.61538484675768], 
[684489.5658358574, 111819.60904490083, 18981.42527073119, 18981.42527073119, 18981.42527073119, 18898.378047650865, 1121.591274898346, 1121.591274898346, 326.9428344348079, 326.92851667833884, 313.98529086740706, 253.52810316107542, 253.52810316107542, 253.52810316107542, 242.26843456394477, 242.26843456394477, 219.7674582163385, 154.76680946159217, 154.76680946159217, 154.76680946159217], 
[175228.87899822352, 175228.87899822352, 175228.87899822352, 112177.97688193615, 23329.523787318114, 12547.638656808496, 3227.7926900247303, 3192.1501992931285, 377.97603926816817, 377.97603926816817, 377.97603926816817, 377.97603926816817, 362.2752766632168, 278.7213727444856, 278.7213727444856, 278.7213727444856, 214.0570283115352, 214.0570283115352, 185.06898773738897, 184.6385847113212], 
[607605.9536289622, 439440.04630729824, 7233.759541765979, 7233.759541765979, 7232.57806431607, 7232.57806431607, 2572.838785526315, 2083.7432908804517, 478.5148218119759, 478.5148218119759, 478.5148218119759, 387.26143754479125, 296.72800094084846, 296.72800094084846, 226.22123395432402, 226.22045966829387, 226.22045966829387, 188.41739896817828, 188.41739896817828, 188.30764446045032], 
[876408.9464238676, 101606.41438171743, 15817.051426171527, 8961.786793114085, 8961.786793114085, 8686.521148193437, 2707.244566852699, 1120.6560228040184, 1120.6560228040184, 676.7848015043761, 354.8895618504886, 354.8895618504886, 295.2803874965364, 295.2803874965364, 289.5397986166669, 289.5397986166669, 229.4027355927044, 227.95831742626567, 227.95831742626567, 221.629069807623], 
[124090.1928791995, 124090.1928791995, 22099.289460689328, 12816.938001586463, 7083.426640093393, 7083.426640093393, 7083.426640093393, 2932.354177239188, 2369.516601016048, 1925.7924526211282, 620.5932272763345, 494.63799915894623, 361.2033237456285, 361.2033237456285, 297.19908926034014, 297.19908926034014, 297.19908926034014, 249.83213315103438, 249.83213315103438, 236.86886231082016], 
[1051866.0033821487, 169008.48971792174, 14903.292052017745, 9814.396176950766, 9814.396176950766, 4295.5794317249765, 4112.546527508925, 1288.9505790226485, 519.5577986570993, 519.5577986570993, 393.7026164591156, 301.52976036207474, 301.52976036207474, 260.5935118217557, 237.06116368422508, 237.06116368422508, 237.06116368422508, 237.06116368422508, 237.06116368422508, 237.0610481629868], 
[79638.7799406877, 21553.848470762772, 21553.848470762772, 3238.5317358055095, 3238.5317358055095, 3238.5317358055095, 3238.5317358055095, 823.802647502421, 823.802647502421, 698.4481188131447, 361.7524231492151, 274.8295879255398, 266.87400816132555, 220.0404957648147, 220.0404957648147, 220.0404957648147, 220.0404957648147, 191.33459134956263, 191.33459134956263, 191.06627448571604], 
[262304.4289468187, 16916.82228973558, 9395.702988852152, 9395.702988852152, 9395.702988852152, 7715.659473182586, 1755.6121474961037, 1755.6121474961037, 679.2320714053338, 536.5097712898045, 292.0051913177413, 292.0051913177413, 292.0051913177413, 292.0051913177413, 292.0051913177413, 291.7015772381027, 291.7015772381027, 283.91584032480654, 255.71129110879772, 208.7281551337328], 
